9.559465552347341105e-04
1.146479034817954887e-03
3.443723737736895541e-03
3.370848211139100634e-03
3.652130589798685111e-03
3.969772117372006963e-03
4.112332418376551078e-03
4.250923856747663467e-03
4.346174732489501737e-03
4.399099470523209002e-03
4.448655595790000812e-03
4.477525048380712192e-03
4.497829147981280938e-03
4.514094817100763532e-03
4.523532683511940870e-03
4.530956950025643269e-03
4.536016429522095328e-03
4.539251221781756378e-03
4.541614184734187390e-03
4.542858696745557395e-03
4.543936800744654766e-03
4.543696885409728888e-03
4.543453995419697439e-03
4.543414937874494172e-03
4.539438914552027665e-03
4.539859552964512109e-03
4.535335246166194781e-03
4.523735333856481605e-03
4.531176995268367327e-03
4.500308947859660291e-03
4.487630791236029218e-03
4.504854971045501796e-03
4.368691777200178414e-03
4.444845750514878763e-03
4.351523577048037328e-03
3.937148626741136109e-03
4.110140303642503476e-03
4.079090089014729241e-03
4.568704905971294333e-03
4.818562432570338248e-03
4.740156743333836901e-03
7.438109496422971346e-03
7.775126338373995749e-03
6.808995266808059998e-03
7.219353484993475470e-03
7.038854977511271351e-03
2.223290297932330878e-03
2.026737592975078571e-03
3.641237109025591474e-04
-1.969082328656122319e-03
-1.995870786376831123e-03
-4.855140831402959475e-03
-4.909843503771546720e-03
-6.152398080849237789e-03
-5.452730135165783330e-03
-7.291269324948643910e-03
-6.627543338503998765e-03
-8.054162213770522244e-03
-1.575751848478303824e-02
-1.565486770410393427e-02
-1.889878810696530784e-02
-2.152687342303563622e-02
-2.314010996297830372e-02
-2.656406159616145346e-02
-2.940585398482872814e-02
-2.854796303821317133e-02
-3.180888405872295960e-02
-3.254391628020741195e-02
-3.048514331104269087e-02
-3.312163551593735183e-02
-3.007528589376516279e-02
-2.930437910400165991e-02
-3.041346368903676683e-02
-2.403987555161445772e-02
-2.471321392297991595e-02
-3.251316766987123741e-02
-3.003221915082229451e-02
-3.306760924849848349e-02
-3.256343168756768020e-02
-3.001080861087839988e-02
-3.040886791151656623e-02
-2.268826612188240555e-02
-1.986149623506115042e-02
-1.679624112324531321e-02
-1.158848116097577555e-02
-9.031490736511865042e-03
-5.691884029638428349e-03
-2.071675797303353800e-03
-1.314141647118453014e-03
-2.447190897562644563e-03
-3.575241997890737326e-03
-5.751333587016844821e-03
-3.724361324801344058e-03
-4.193866501025787785e-03
-3.690526726198097712e-03
-5.673003307571783393e-04
-4.526256611284667076e-04
1.004892322817757836e-03
2.444479270818032332e-03
2.243625860232761719e-03
4.853232637237965379e-03
4.986785376809618753e-03
4.520903819311123013e-03
6.934681267256171885e-03
5.079957328764077122e-03
4.354876902164885911e-03
4.250507568881969900e-03
-4.670378296053366053e-03
-5.180769729400507007e-03
-2.830277864392871483e-03
-4.265587342463350584e-03
-3.446863480179921963e-03
-2.629377282897218688e-03
-2.718585944296892775e-03
-2.938740782934307679e-03
-1.095495796816706516e-03
-1.494908852345233109e-03
-4.792214608087894644e-03
-1.142495660345736221e-02
-1.698950577121200248e-02
-2.148980223970321443e-02
-2.541601477160181782e-02
-2.352513606202345786e-02
-2.395572836117767362e-02
-2.185863969672447935e-02
-1.788320159704212889e-02
-2.142683976479470287e-02
-1.823304838604143663e-02
-1.513344330300114664e-02
-1.544550227441874972e-02
-8.231299593693482478e-03
-7.156351596101861480e-03
-6.405652521533455705e-03
-3.545892740456369104e-03
-2.576375515901820935e-03
-2.353804306005682304e-03
-9.529315761421030618e-04
-2.664362457594513477e-03
-3.389313259852784390e-03
-2.974584938662358513e-03
-7.101379973126103681e-03
-7.301044786409366036e-03
-9.448966347859296538e-03
-1.207259153511076530e-02
-1.243776859790736086e-02
-1.486899417142816503e-02
-1.524925471901279750e-02
-1.548332288037401923e-02
-1.603200579285612992e-02
-1.351771454177208391e-02
-1.329317074666854295e-02
-1.120329563052041219e-02
-7.205247620872210108e-03
-6.476808221309813055e-03
-3.315797171125041323e-03
-6.054148647105882415e-03
-2.484306981027263259e-03
-1.112983352597464795e-03
1.648022915798625808e-03
2.983989763357615226e-03
6.548691379806560915e-03
7.220374346000600456e-03
5.777896907537577453e-03
7.912640826164746288e-03
7.373919272785182943e-03
3.238293666391337672e-03
3.226119793586735337e-03
2.482893102679458374e-04
-1.508759714231373188e-03
-4.998698078098652315e-04
-2.038073033302140614e-03
-3.635507328399527577e-04
5.273178103794885774e-03
3.650990353563572741e-03
7.634452850910087088e-03
7.399073275502638866e-03
-4.162978808280701389e-03
-4.163531578764804141e-03
-7.334391408738650565e-03
-1.015374662145022977e-02
-8.327713273647147085e-03
-1.017454032735959357e-02
-1.124844535008365752e-02
-1.140155997721060792e-02
-1.210262769825765604e-02
-1.152207762649284407e-02
-1.298315750831143846e-02
-1.294653223480124980e-02
-1.017050030413625857e-02
-9.750868180916524158e-03
-5.768404310696144573e-03
-8.991985093747575757e-04
1.395334656617392647e-03
3.636198028067677297e-03
5.415897534955032774e-03
4.761002344613823878e-03
6.349983053683415368e-03
5.287264779841782149e-03
4.018350538612994877e-03
2.927337444189722672e-03
-4.687138949310605367e-03
-8.119893049460728471e-03
-7.251699437432367577e-03
-9.193707027861633754e-03
-7.573870169360097035e-03
-8.830651784519893618e-03
-9.857856998273427374e-03
-1.044162028988511286e-02
-1.435130446211837010e-02
-1.645172652112848397e-02
-1.218450749894404474e-02
-7.300024149130986649e-03
-5.730183851932647496e-03
-4.056145878438385984e-03
-4.280873939308998781e-03
-2.798644340347423726e-03
-1.724521728262071434e-03
-2.087687180975399126e-03
-4.490228500894525372e-04
-1.626005719453123407e-03
-2.004329854306742542e-03
-4.515286161201028303e-04
-2.119359941095600233e-03
-3.279211480874536996e-03
-4.415809474583293377e-03
-5.700792205419257658e-03
-7.565234588752264497e-03
-8.776980696754192734e-03
-9.774804462081780609e-03
-1.180940079041062005e-02
-1.351557948507185053e-02
-1.355358184654508955e-02
-1.481027722512345476e-02
-1.686519818436019516e-02
-1.491915416045723301e-02
-1.819475168454104397e-02
-1.593578966708118078e-02
-1.157862654922678716e-02
-1.469722993234199096e-02
-4.447925953859736999e-03
-7.046323374499773376e-03
-1.256522683300372381e-02
-1.628288452699641967e-02
-2.020779001211461812e-02
-2.478760530645671145e-02
-2.768928568742628701e-02
-3.108288398210859796e-02
-3.542902475706346394e-02
-3.712596699337884776e-02
-4.164341609892380225e-02
-4.547946366027081494e-02
-4.644980343618239360e-02
-5.404064386828924538e-02
-5.387855182908405510e-02
-5.494093871096005638e-02
-5.508053024737216002e-02
-4.991518600831346131e-02
-5.052121617715364665e-02
-4.706993761696938450e-02
-4.380488886530314874e-02
-4.360467264960025263e-02
-3.695635060518260434e-02
-3.351792783141544635e-02
-2.667664721397011024e-02
-1.678261364643567760e-02
-1.257360810498302055e-02
-1.164560145944715588e-02
-7.348950561541785220e-03
-8.492499710596360107e-03
-6.692105660305462493e-03
-6.203052037553781831e-03
-1.008109502982510244e-02
-9.319435728657067888e-03
-9.539388357092273493e-03
-1.032026919121454070e-02
-6.078895682607875564e-03
-6.258390921751120703e-03
-5.453585768350366347e-03
-3.877699354058850457e-03
-3.626818085773544486e-03
-3.275606422864103893e-03
-3.394801497326084203e-03
-2.106679729807636823e-03
-2.638801388839264687e-03
-5.398176895985539424e-03
-1.464558061642108611e-02
-1.815762607549880475e-02
-2.336501079667163000e-02
-2.772315253586847203e-02
-2.739541787428780711e-02
-3.101316336950435404e-02
-3.046353857559943798e-02
-3.087788128100342824e-02
-3.169202897158353294e-02
-3.100331879867975274e-02
-3.136640666974609137e-02
-3.066053715978277194e-02
-3.074714321338554296e-02
-2.941637361258992583e-02
-2.888577419431209367e-02
-2.809147720091024689e-02
-2.444554264988352266e-02
-2.394134492403738115e-02
-1.864671132629884195e-02
-1.571183880891635631e-02
-1.782927180097030120e-02
-1.685004119686474289e-02
-1.806599202441025454e-02
-1.566514150721740398e-02
-1.467059791815371848e-02
-1.563264427649743715e-02
-1.417098810629083272e-02
-1.428933448410387233e-02
-1.481725327851850932e-02
-1.371002233586900154e-02
-1.445528533894471779e-02
-1.542200465327497362e-02
-1.276596738470375456e-02
-1.798368784278948918e-02
-1.891223337436453641e-02
-1.040930582298269132e-02
-1.875321143792052156e-02
-1.770472282201792508e-02
-1.589242154930328374e-02
-1.829156781970307788e-02
-1.670358326348622691e-02
-1.552836881714586906e-02
-1.678625398187698348e-02
-1.306397296805882936e-02
-1.115348500454522301e-02
-1.311549958505028000e-02
2.357911188813423091e-03
4.895572012575016060e-04
-4.105791886510796324e-03
-2.938467029234936682e-03
-1.222369179121148876e-02
-1.249827604620090335e-02
-1.391084414656400606e-02
-1.669104723410728269e-02
-1.703978700171323094e-02
-1.647844167133788798e-02
-1.592969223767315423e-02
-1.243254746824427187e-02
-1.274003858519522081e-02
-1.565031032170028161e-02
-1.452884452236772803e-02
-1.700302456006181837e-02
-1.594699887649360034e-02
-1.372680828655997894e-02
-1.264159983493759465e-02
-1.055440492488135713e-02
-9.153009835345645231e-03
-8.920019426485868708e-03
-7.716045686598052220e-03
-8.406251638083825362e-03
-7.932681467822323002e-03
-8.885788963641441315e-03
-8.940415841257364285e-03
-7.826586940603279252e-03
-8.818435277225257843e-03
-6.552297170754950439e-03
-4.363526622377007953e-03
-2.208706821190029122e-03
1.494871272724808279e-03
1.642988371759466701e-03
5.842672279570516186e-03
5.360684755847263359e-03
9.848818231947336840e-03
1.922141901153529009e-02
1.281173485886055903e-02
1.552074346036420339e-02
1.041802630839529752e-02
1.192237454785580533e-02
1.690358571707012772e-02
2.025029067438263025e-02
2.404200884301743377e-02
2.734518862043706575e-02
2.791751461925671279e-02
2.831907089804970926e-02
2.905027094734953866e-02
2.822384897723254071e-02
2.884466014690201946e-02
2.820358926134753849e-02
2.766608035435411117e-02
2.848377412755820001e-02
2.720993941303067806e-02
2.981352454863059331e-02
2.731460670684071265e-02
2.524817682410264788e-02
2.411539890174626763e-02
1.062173909365784867e-02
9.497606436748993325e-03
4.740648826811431037e-03
-1.453848822445265743e-03
-1.028065662125043694e-03
-9.328279522079442262e-03
-8.515880987409515240e-03
-9.596242017884878961e-03
-1.168157614184775657e-02
-9.021326903274432332e-03
-9.282158264671760625e-03
-8.254080098146075045e-03
-7.578143069402643213e-03
-7.495801928473102942e-03
-7.026566818448036489e-03
-6.777860700013828288e-03
-6.644883700191663196e-03
-6.352619066729372349e-03
-5.945180188348406745e-03
-5.955569334294558148e-03
-5.076653141536054126e-03
-4.483929520869200415e-03
-4.548475633176778110e-03
-1.137927882983375601e-03
-1.389922678587686726e-03
-4.241943441177917738e-03
-3.276248586764129306e-03
-6.839699882407639445e-03
-1.024394154622309400e-02
-1.019207301723409551e-02
-2.175359984593217694e-02
-2.151321134852313133e-02
-2.063769610053570180e-02
-2.456719960137478814e-02
-2.112494140213648508e-02
-2.134222629975880345e-02
-2.165677877984084274e-02
-1.310933181956538095e-02
-1.311884276213497180e-02
-1.025372695815668193e-02
-7.899449489625785456e-03
-6.980273981237367781e-03
-4.983292107224642636e-03
-3.969749386636736363e-03
-1.011746354426910129e-03
-3.758291007664969221e-04
2.245480683717990429e-03
2.188411303817556532e-03
1.597435193855898695e-03
2.299078127167462297e-03
2.131551760378183787e-03
2.196006035408443885e-03
2.509144603602420694e-03
2.758325553161927561e-03
2.774989052355735907e-03
3.721887239650545180e-03
3.713495420844107209e-03
3.617402732488960576e-03
3.838837879592940476e-03
3.799209489325150284e-03
3.092718939642137479e-03
3.098661838653914060e-03
2.903858948563934044e-03
2.746830210854786340e-03
2.733729200798516116e-03
2.648666788192524310e-03
2.618710781571006920e-03
2.601473260416980928e-03
2.574920354465440146e-03
2.566975845705629210e-03
2.557100943463696142e-03
2.549658753644691144e-03
2.543059599721282042e-03
2.539725584962690755e-03
2.533413392657688900e-03
2.521272504600250656e-03
2.526813074012207103e-03
2.496746735329194011e-03
2.484284793107388589e-03
2.498450828413608261e-03
2.368987391036265783e-03
2.439234809057281433e-03
2.341785639445391476e-03
1.937980470988231660e-03
1.985695134491883337e-03
