2.403183104346193069e-04
4.311609871710747415e-04
3.027870755346402393e-03
3.023532144049899395e-03
4.090451173529088824e-03
4.520768071986576951e-03
3.996501343233235630e-03
4.403210736044617032e-03
4.323920982030673120e-03
4.286275942779985137e-03
4.384970720155454554e-03
4.337771516912320921e-03
4.357887453526136309e-03
4.370408971712153555e-03
4.359848670183858431e-03
4.369835770919060225e-03
4.368851098587377829e-03
4.368173250211769207e-03
4.370430452659798334e-03
4.368800871371944158e-03
4.369018745112375132e-03
4.367758528412711387e-03
4.365528603156892083e-03
4.365005816273302350e-03
4.358059539867870091e-03
4.355611392136554683e-03
4.350197266681874592e-03
4.327293730280724199e-03
4.333545884992215207e-03
4.293191178278381662e-03
4.245838128797140530e-03
4.281801545778464099e-03
4.071835364275970710e-03
4.092872411914863333e-03
4.066345166743891987e-03
3.267787934641548046e-03
3.427188295582160593e-03
3.130563593734730053e-03
3.465198016143587398e-03
3.587385368621737094e-03
3.444568395710913972e-03
5.720892475919485236e-03
5.965228105000048957e-03
6.401349664838056758e-03
7.424389223430414783e-03
7.423476842150401531e-03
6.842221700914669948e-03
6.153854925577569718e-03
4.543562098659438379e-03
4.897733025692558792e-03
4.818458504985831219e-03
4.975891272076194555e-03
4.731675344456172209e-03
4.830631793638941185e-03
1.959637948714731091e-03
2.010892617573662149e-03
2.496098893501689283e-03
1.613066070239295522e-03
2.924997624687596717e-03
3.232525215606250283e-03
3.655025918752327369e-03
7.487586859379073180e-03
9.716587768917140516e-03
1.185222518563008517e-02
1.468119534309753407e-02
2.120220561988875665e-02
2.583250670202682717e-02
3.609125748198629968e-02
4.341229866937035275e-02
4.185156658564540000e-02
4.538093226561014382e-02
4.548738622509107543e-02
4.318348377948948852e-02
4.555596217011141646e-02
4.250173874601748114e-02
3.856795255221968227e-02
3.714005463869846091e-02
2.924112429483546535e-02
2.560843456706557095e-02
1.935352439544344577e-02
8.078835110829038144e-03
2.623913392383954608e-03
-7.273927140200975305e-03
-1.599271586829047534e-02
-1.362573595380414844e-02
-1.739129254102160863e-02
-1.101510138968750038e-02
-8.139617313419491781e-03
-1.037022620442392372e-02
-8.135635636839146090e-03
-5.347986944935982645e-03
-4.292350787619077929e-03
-6.221244203599704059e-04
3.103041498670956484e-03
4.345235519551238212e-03
4.386617499746300539e-03
4.671267902787500786e-03
2.674916778017760732e-03
5.324031030359337261e-05
-4.918577489919646016e-03
-9.005648431632486475e-03
-8.346539406298198252e-03
-9.178213492614831909e-03
-5.595496906292272282e-03
-7.457171915248370433e-03
-7.752529333995362808e-03
-7.436018948767567950e-03
-1.093340685687411822e-02
-1.040197319306439272e-02
-7.483446945069817044e-03
-7.407520680187060225e-03
-5.163100250960931184e-03
-2.283685321467869827e-03
-3.734510646962055889e-03
-9.449389443325575564e-04
-5.592115171920613095e-04
-8.289796067751152662e-04
-3.866884111174161576e-03
-9.315393230703771996e-03
-1.187616650134093801e-02
-7.854409951847704519e-03
-5.798873077485667583e-03
-4.371072737340783742e-04
2.845559549102986713e-03
5.600314713906715328e-03
6.069118450086352819e-03
5.281342149595496215e-03
4.727554875706261976e-03
1.276142043882983693e-03
-6.385838213312326588e-03
-7.797770584699706929e-03
-9.389075866577391641e-03
-1.147114243057420664e-02
-9.455741452144967446e-03
-8.828454757658848323e-03
-8.144125678263934923e-03
-6.483658838409386838e-03
-6.154505083839954295e-03
-4.881026435597839164e-03
-2.213812447968249199e-03
-2.869935178629084722e-03
1.738330030316463052e-03
5.386745979999361901e-04
-4.822418453935916824e-03
-2.092988344017958705e-03
9.901797991984748627e-04
1.417484585022509014e-02
2.105875547872832626e-02
3.263832413882853528e-02
3.780563383392207544e-02
3.693487462582828451e-02
4.004198305932465951e-02
3.942484935959694042e-02
4.035572620867577953e-02
4.540637223772518716e-02
4.595967537916311602e-02
4.837687674405394267e-02
5.050095480246730856e-02
4.980015055580584715e-02
5.171646758781553443e-02
5.076408071511863407e-02
5.024558731891250879e-02
5.129132606602458677e-02
4.742737693355787709e-02
4.318890745805076953e-02
3.986825217642064878e-02
2.795704382504089411e-02
2.227823441787468023e-02
1.615239733500578242e-02
9.248227080516199100e-03
5.026947574022990091e-03
1.106272645464128051e-03
-3.988164724705937068e-04
-2.851998881655057674e-03
-5.355655478992076002e-03
-7.048489302660207456e-03
-1.007002868692252924e-02
-1.216947207877855028e-02
-1.517166484476996369e-02
-1.750625420920240080e-02
-1.668953497648933276e-02
-1.540394175948258358e-02
-1.374260685723182121e-02
-1.636485692422443364e-02
-1.772857144333767759e-02
-1.488672441828588731e-02
-1.137661732248140649e-02
-1.024318763965516299e-02
-8.601828373808810893e-03
-1.341049114975201122e-02
-1.463757587148094459e-02
-1.151280223887236540e-02
-1.311352370605989477e-02
-8.976963471852417512e-03
-9.011765444101314457e-03
-1.220332188647630343e-02
-1.224702638527141313e-02
-1.726722448163511489e-02
-1.826175581665934536e-02
-2.162410174710764632e-02
-2.058957416816780198e-02
-2.043090995388287950e-02
-1.822318477060076020e-02
-1.289206953345603882e-02
-8.168791260807137938e-03
-6.102544554731588466e-03
-6.441752330646480923e-03
-1.765616760495256196e-03
-7.461897380527860411e-03
8.562510285435270645e-04
7.775959415536845857e-04
-5.956011303219536056e-04
-1.261630918168214169e-04
-7.282459051239253099e-03
-1.257217029480136097e-02
-1.925882128945793220e-02
-1.964823625234004764e-02
-1.898090777144223820e-02
-1.394436942923351665e-02
-5.956717929716036190e-03
-4.603267500920733141e-03
3.801321340198266126e-03
4.536420137660573254e-03
2.440803715814658485e-03
5.253997680120712187e-03
4.084305231864614194e-03
-3.976049430921183665e-04
-2.710129216034761618e-03
-4.041122194202611748e-03
-8.410122560840622985e-03
-7.886625435103569032e-03
-6.720867886213770931e-03
-7.699386064685818237e-03
-4.284330365368022552e-03
-2.421512250319775988e-03
-6.459506924331785867e-03
-4.143205568614915200e-03
-5.777587390054488535e-03
-1.806649364922308446e-02
-1.521152382602149883e-02
-1.829992665696164242e-02
-1.921775727170832448e-02
-1.349278412191622957e-02
-1.454355285972133011e-02
-1.106087516637718586e-02
-1.294856577724873108e-02
-1.386762704871985843e-02
-1.279895357537358391e-02
-1.515882631210108827e-02
-1.540704644091377140e-02
-1.518566214065060482e-02
-1.375614656704325818e-02
-1.074210048955858560e-02
-5.547066622630863336e-03
-4.004392941739232450e-03
2.792620928800308364e-03
1.954734304317588562e-03
2.581417379218883638e-03
3.891197174318744220e-03
-2.525731202163808507e-03
-3.836990829747155291e-03
-6.765508445925916790e-03
-8.938504575579599501e-03
-5.862350402512569829e-03
-6.074960394258695912e-03
-4.022084977619587269e-03
-2.646952407750329320e-03
-2.956727942867743656e-03
1.329732372353090554e-03
1.070520233296001783e-04
1.181324463480555213e-04
1.502429822957034988e-03
9.057796278165241395e-04
1.684991547368686884e-03
1.558082318830208892e-03
2.136772828519512436e-03
2.429389964675305030e-03
1.378888885839240058e-03
1.086048045093789211e-03
-7.728881242031316158e-05
-2.574159244615915974e-03
-9.761147278675335378e-04
-2.177566032828371235e-03
-9.608607648943863835e-03
-1.407885666065390555e-02
-1.722157466544912974e-02
-2.048515011823712206e-02
-2.136960075620157953e-02
-2.198943011209297457e-02
-2.336473385593120650e-02
-2.287007155235078887e-02
-2.331250117211396480e-02
-2.347443222709665045e-02
-2.110937070291076662e-02
-1.996805737871192032e-02
-1.669310378254417263e-02
-8.380032741225769063e-03
-6.910249129128165878e-03
-1.456213878354974079e-03
-5.464086682615545290e-06
3.250858459889064030e-03
8.472607694482162805e-03
9.446159584159830730e-03
8.424413456779900750e-03
8.638201554922141090e-03
4.500633428395481826e-03
1.501353914831032573e-04
-3.256822542311542390e-03
-1.038512833196179007e-02
-1.019168214070957819e-02
-7.321474520969797374e-03
-7.617892568646496450e-03
2.321188866185133781e-04
1.010006559564944652e-03
4.609008630390943814e-03
5.828450866698467979e-03
4.208594904344507663e-03
6.049823886321595290e-03
5.821120499823797742e-03
5.721245613270766438e-03
8.928993419561317632e-03
8.749003446049513286e-03
1.247748403986956127e-02
1.397597987384919041e-02
1.389571595920463531e-02
1.541150442537912550e-02
1.066701412868901327e-02
8.917408231835842122e-03
1.119019810842430442e-02
9.304609228979051141e-03
7.517496915994998849e-03
4.872942219271558274e-03
2.520517241509113385e-03
3.130631306679438936e-04
-6.015277051742465644e-03
-9.036213510272506078e-03
-1.432617590655260731e-02
-1.795872300731833279e-02
-1.791066030092062014e-02
-1.974983142690915974e-02
-1.819739527521940098e-02
-1.146586273198153989e-02
-1.048421777738223724e-02
-8.263585142823276150e-03
-6.194906458071509567e-03
-3.438359518638488266e-03
-3.149512361217863925e-03
-2.318084494315792495e-03
-3.292876882252996924e-03
-2.776937025246004661e-03
-3.941490975439336693e-03
-3.409791333741702801e-03
-2.881181120324925174e-04
-1.146631978561435611e-03
-3.527782570197894683e-03
-1.609536248477228980e-03
-2.480482712812773650e-03
-4.398935441981729729e-04
-9.894668238244379646e-04
-7.001606193350129806e-03
-1.074871369743427875e-02
-1.680286085712771882e-02
-1.800364647727675099e-02
-2.318927213209653199e-02
-2.460136091017931653e-02
-2.257985283103799284e-02
-2.455683825123597744e-02
-2.118111681176937378e-02
-1.995122973665335031e-02
-1.875807783235156415e-02
-5.462966238376001753e-03
-4.181306687293126143e-03
-4.773226173828038973e-03
-4.119297300980285896e-04
1.433886715643923997e-03
5.963348314709500907e-03
1.501183436881875499e-02
1.799785075481222935e-02
2.867710921154765016e-02
3.243779412690277891e-02
3.202302787600008055e-02
3.655685458357850470e-02
3.582511792528288164e-02
3.639623296459242041e-02
3.694660006001966590e-02
3.658316725147978121e-02
3.490937399710530159e-02
3.442698451027045858e-02
3.239792700425746241e-02
2.592749054575511219e-02
2.337997146723089573e-02
1.989131459365916718e-02
1.594334715079627138e-02
1.460438038869296858e-02
1.173836113812140938e-02
9.685754348622168872e-03
8.920786702491115619e-03
6.636016188578044463e-03
5.949466052454581953e-03
6.101411171740292287e-03
5.392910467784573121e-03
3.826788264083560379e-03
3.878650374456891689e-03
1.075159064183419224e-03
-3.724004039010840724e-04
-2.002142440812768390e-03
-7.743008490217687632e-03
-9.406479198994019755e-03
-1.272165062725774329e-02
-1.508462296208888664e-02
-1.656445601706640555e-02
-1.846702888434272397e-02
-1.917531610843036666e-02
-2.105609803168855335e-02
-2.052297755857919806e-02
-2.156472828889976351e-02
-1.366394351485113179e-02
-6.780891514554770148e-03
2.462838224780680316e-06
-2.934903004974271095e-04
3.063284592318820179e-03
2.675111990189463392e-03
3.503034433734925068e-03
4.185549560559590279e-03
4.701570389386880780e-03
5.257849571489402879e-03
5.508875519609413539e-03
7.968369741419841640e-03
8.418488293384325527e-03
9.019367738301998019e-03
1.014451465819191447e-02
1.045111372246146017e-02
1.117091976857383442e-02
1.255361895529856150e-02
1.262906139833779202e-02
1.446875224559802421e-02
1.436961068844219008e-02
1.427193948516855895e-02
1.477066896387843782e-02
1.462279288042643219e-02
1.475646428336573751e-02
1.485980473862411229e-02
1.484946191002266096e-02
1.494503567228164242e-02
1.498558610329869291e-02
1.505812976259508079e-02
1.513875009700764093e-02
1.523975814537839764e-02
1.541836932572240512e-02
1.553641264583701005e-02
1.587723844552322433e-02
1.622616690199183906e-02
1.651500139893940025e-02
1.759096593561219543e-02
1.800489483210011149e-02
1.924600574425082422e-02
2.195761235866279526e-02
2.176293831877031473e-02
2.704001036624063825e-02
2.651008880409432694e-02
2.444962228018317599e-02
2.544996244604134927e-02
2.277904371569102956e-02
1.960612517766479115e-02
1.922751814047967203e-02
1.197635854519665463e-02
1.162669820628868186e-02
1.160214573247050213e-02
9.119535366096264209e-03
8.206764054543661327e-03
7.812696992052801936e-03
4.325167189048780524e-03
4.605949285241277454e-03
4.115230947960194820e-03
3.328983979251388513e-03
3.534756950104401413e-03
3.167016904744405191e-03
3.067554403353837424e-03
3.398252908240465085e-03
3.318757516770898513e-03
3.338928907759511778e-03
3.402276661963875726e-03
3.373229631579684109e-03
3.397833091271109870e-03
3.403974488209173324e-03
3.400426367682094636e-03
3.409016133012850690e-03
3.408293103471192725e-03
3.409297941643533048e-03
3.411190858583869074e-03
3.410803287907359423e-03
3.411337940502661824e-03
3.411519763723218791e-03
3.411215390615785371e-03
3.410761160772980000e-03
3.410662781640387033e-03
3.409104010759656227e-03
3.407695504550806165e-03
3.407293824416573677e-03
3.400636618193995410e-03
3.400332895157174348e-03
3.394517734601001663e-03
3.374213251023538800e-03
3.385664292162692945e-03
3.340861706648480707e-03
3.309751485210787447e-03
3.347226558517569454e-03
3.128800797361691588e-03
3.215949520173510233e-03
3.125081039074516665e-03
2.352974797297148739e-03
2.398491237128234574e-03
