6.853229721315687480e-03
8.125811382487357903e-03
1.055478617941629782e-02
8.894946928928228538e-03
2.298563585901428410e-02
2.190059345145817585e-02
2.071020843880097204e-02
2.440779628733720161e-02
2.282887072034688047e-02
2.334980306160360300e-02
2.391644349391724295e-02
2.347675463521622929e-02
2.381607420175500117e-02
2.381017117098436012e-02
2.376408366674401598e-02
2.386115018396921250e-02
2.382661652499274210e-02
2.383601179047824953e-02
2.384582023192068773e-02
2.382017778393061627e-02
2.381641157444997284e-02
2.378727703047528105e-02
2.373721503421129253e-02
2.371157809865658689e-02
2.358960624847285942e-02
2.348808083623237647e-02
2.338649627740925843e-02
2.295564792536583520e-02
2.286543769401009826e-02
2.227939633802731093e-02
2.111593970243263660e-02
2.132461563743060645e-02
1.827771435063990646e-02
1.651129255572077528e-02
1.641263668899245465e-02
5.297582527865017654e-03
4.116998094891541858e-03
5.032422797711025428e-04
-4.076477794019629786e-03
-6.967664232027096470e-03
-8.016623125060800756e-03
-1.517507626221892281e-02
-1.655235660764307198e-02
-1.581071509228850619e-02
-1.839031301550972386e-02
-2.032985859003241108e-02
-9.829247148703748257e-03
-1.353325052994579746e-02
-1.819448885276323327e-02
-1.230163157312507728e-02
-3.193658736089771688e-02
-3.098303623749322500e-02
-3.563979798439246421e-02
-6.439779249745071488e-02
-5.638685363567486758e-02
-6.026441337996579772e-02
-6.436876623899551175e-02
-5.421363721540180952e-02
-1.105423721199858683e-01
-1.021231361594612114e-01
-1.277238762494606328e-01
-2.348372146242675984e-01
-2.430846766073594123e-01
-3.000337330047746498e-01
-3.248152050120826639e-01
-3.173614729804196677e-01
-3.179164390701587073e-01
-2.953244158581925793e-01
-2.685761347537880539e-01
-2.493083289366950506e-01
-2.314802725251073334e-01
-2.086792148428059102e-01
-1.937704930033204154e-01
-1.742590781499953057e-01
-1.574724123708608203e-01
-1.433692676412427203e-01
-1.290895878213070835e-01
-1.234989209208838118e-01
-1.251489597403509513e-01
-1.204838810146040967e-01
-1.212605557818425134e-01
-1.237002220065424873e-01
-8.953472832489366151e-02
-7.943014267668614681e-02
-4.819223808076427557e-02
-1.319070951831714800e-02
-5.505617297183938892e-03
1.665294213950098412e-02
1.962123189182638644e-02
3.840237597584357683e-03
1.213708244665595397e-02
6.617325593186585211e-03
-1.767659056334255907e-02
-1.725720321934828133e-02
-1.936736168077174414e-02
-2.530203669498521865e-02
-2.134853925618285242e-02
-1.886371144277609532e-02
-2.867215184919531812e-02
-1.408340213985482918e-02
-2.801950396067886401e-02
-2.250623109716964193e-02
-7.540966664139673453e-03
-4.115349155242713219e-02
-4.354290239802979801e-03
-2.299535975063999801e-02
1.519754465505402351e-02
9.502278403574088150e-02
7.321681498701441970e-02
8.904237362392740385e-02
5.406441525389945463e-02
6.227370442298393524e-03
-2.739903558004241207e-02
-6.455143584872148621e-02
-5.467631685807760461e-02
-4.899408849092169033e-02
-7.485201495402929450e-02
-5.635585150713069008e-02
-7.641027153739882172e-02
-8.923222761726930241e-02
-8.508948693148400688e-02
-9.707948056200450815e-02
-8.229096266067265075e-02
-8.916068496573456570e-02
-8.106099479205484959e-02
-6.530503971843251709e-02
-8.645629187092782053e-02
-5.580379546138920788e-02
-3.258609005200732017e-02
1.898576177482036193e-04
2.010793282910289595e-02
2.306258028053219736e-02
4.735117721428228760e-02
4.349191446656395371e-02
4.566187847868997951e-02
4.833619990840377217e-02
3.950010684779160786e-02
4.122968072512049609e-02
3.677814764091853067e-02
2.842372413226816261e-02
3.167814684139225179e-02
2.326159001999258957e-02
2.314987535490704504e-02
2.432821228400293065e-02
1.712217922979045182e-02
1.938976473019518587e-02
1.349820214825642010e-02
5.072895769994065045e-03
3.065840524487649290e-03
-2.867442020806101628e-03
-6.674468472821159203e-03
8.424543153216879771e-03
5.922934042711137069e-03
8.411674561319094565e-03
-3.074772128673475876e-03
-3.823815441781223522e-03
-8.518232482159453570e-03
-5.937173927896072061e-03
-8.597767909535293518e-03
-9.703576515881846137e-03
1.364287109891440704e-02
1.793208654227519683e-02
3.314490197068526572e-02
4.964510027205301657e-02
5.214014949259765386e-02
6.584948084691258363e-02
9.117783517536146021e-02
7.280070666316897088e-02
1.179928616920304651e-01
1.153167420432082008e-01
-7.713092580332527211e-04
1.858219406033108714e-02
2.901916296666799677e-03
-2.336370102826041545e-02
-1.818882996899444686e-03
-9.925219556424410769e-03
-1.384831138121750752e-02
-2.146371176555591023e-02
-4.046681618543360864e-02
-1.815463388962322913e-02
-1.431706073654518373e-02
2.179993496631640187e-03
9.807740670579605247e-02
1.037275755245524872e-01
1.540621768805902625e-01
1.845547894556234803e-01
1.682641073518091057e-01
1.777775358633514047e-01
1.247278248581262794e-01
1.081349527953859857e-01
9.911652339824264524e-02
2.904003040071587508e-02
3.519700829283308602e-02
1.489639931555475187e-02
1.433652845795907807e-02
5.564244380268926898e-02
5.352689071882597849e-02
5.937477440182738209e-02
7.280482801512289104e-02
5.294193814231561851e-02
5.853965615320080862e-02
5.410329357632534530e-02
3.138630784318436479e-02
3.835360694490550643e-02
1.713697290451456426e-02
-2.784279936347112440e-03
-3.212705782710066193e-03
-4.600340625558760332e-02
-5.835314671514067048e-02
-8.863732085844457098e-02
-1.026044366208537229e-01
-9.555295976624325616e-02
-1.070848756258574175e-01
-7.248901977221923476e-02
-4.178343505491826509e-02
4.181290451815095587e-03
7.048013025537185061e-02
1.083854300371403928e-01
1.749847200717588314e-01
1.994693917063981303e-01
2.302060630220461590e-01
2.471774269873788787e-01
1.827800597593937371e-01
1.883935042682585159e-01
1.170921074779514293e-01
5.780896224794392080e-02
9.505048273271672621e-02
5.127680727956819562e-02
2.481486015742706205e-02
4.847430338684540277e-03
6.189474429835761099e-03
1.142758249798184016e-02
1.044122473600492609e-02
9.734162133414077378e-02
1.122156970002640558e-01
1.057901624570080495e-01
1.609538647544539736e-01
1.422789110683877478e-01
1.141853820471838837e-01
1.056662251421689597e-01
2.688552755909851336e-02
1.608330212095229056e-02
-2.351466380468423059e-02
-2.680007104099787346e-02
-1.156513447230131733e-02
-2.540640897777486640e-02
-1.042380525374954001e-02
-1.466029888363622885e-02
-3.984967199695266943e-02
-3.731974674265799152e-02
-7.318493401946445098e-02
-9.658002166103038522e-02
-9.938766426379264107e-02
-1.148666936055316723e-01
-1.173705819858035515e-01
-1.072227617980958669e-01
-1.124340446012351696e-01
-9.339665499765997803e-02
-9.884639299338841834e-02
-1.017562347712968884e-01
-6.764308360148865717e-02
-6.602002605170764760e-02
-8.878300139213896047e-02
-5.554510235003622121e-02
-7.017391857629984298e-02
-5.821732731851129994e-02
-3.706961786795066188e-02
-5.193194439122441469e-02
-4.077791625023027139e-02
4.607831036404858027e-02
1.307174217618793481e-02
5.879439522917718000e-03
-1.815633374547738141e-02
-1.028369484801451572e-01
-1.519813154206997030e-01
-2.094530294022126093e-01
-2.643881068679646007e-01
-2.820385282358747747e-01
-3.337846017651344144e-01
-3.495724488502884864e-01
-3.657856464117297257e-01
-3.824176192260944074e-01
-3.828748724178669405e-01
-3.860996611059721029e-01
-3.871883674794334707e-01
-3.790452920935292735e-01
-3.667365468846353616e-01
-3.558755051640787315e-01
-3.275589060691864729e-01
-3.174752500301931679e-01
-2.929883571240669560e-01
-2.733591937355480672e-01
-2.656454448236372778e-01
-2.470119769818079347e-01
-2.450065312338651491e-01
-2.381379291593742342e-01
-1.899122618926605277e-01
-1.858036392404900372e-01
-1.770038739080614654e-01
-1.651449778510666044e-01
-1.876355084892493419e-01
-1.634236827754809163e-01
-1.701903251881674017e-01
-1.710628476024092237e-01
-1.466635633160982000e-01
-1.558175834161165951e-01
-1.346110685770235960e-01
-1.169247909911050737e-01
-1.133641849267884583e-01
-8.966445847000129032e-02
-8.500201132217530264e-02
-8.271084066499519161e-02
-6.461083130945162456e-02
-4.502117128472975932e-02
-2.244117110585209032e-02
-1.391897109749131757e-02
-7.214494400808114244e-03
-5.994790139033437382e-03
-1.319210151145796921e-02
-5.191707937163139892e-03
-1.005672698966440619e-02
-1.057479833765350569e-02
1.389545451781575708e-02
1.715355347130664843e-02
3.304749689178038824e-02
4.952635748705987856e-02
5.189424566256691657e-02
6.569276412427663137e-02
9.115245985845268906e-02
7.256697677430928861e-02
1.176421163648796731e-01
1.156108570889582271e-01
-1.913570420676263210e-03
1.860837641752192961e-02
3.055343674349772498e-03
-2.664463695140497149e-02
9.434607366235637105e-04
-1.189178603763327638e-02
-1.602570516346162738e-02
-9.080130806326887696e-03
-2.819782790978014875e-02
-2.429730464069705664e-02
-3.600299316425901314e-02
-4.561247315852867690e-02
-5.807553177469231692e-02
-4.664240898646974942e-02
-2.205881940594796656e-02
-1.790601100663881395e-02
5.458456987460180015e-03
7.154250712274596961e-03
-1.059196215117979949e-02
-4.329086124229690469e-02
-9.251052067360639175e-02
-1.097994545963347363e-01
-1.123145111303399529e-01
-9.649283862096792730e-02
-1.024777184952494757e-01
-1.157855557585035916e-01
-1.190357480528244638e-01
-1.425023026796269077e-01
-1.378988374452236598e-01
-1.391427424016496717e-01
-1.424992684532102039e-01
-1.227700124519550684e-01
-1.233635962039054818e-01
-1.111558312660623354e-01
-1.020299348320040933e-01
-1.103384434586247853e-01
-8.312553114749256233e-02
-9.489536657846510403e-02
-8.343391895429878857e-02
-6.152388990410948000e-02
-6.133767975427630026e-02
-2.915523081718930307e-02
-2.487107354311168805e-02
-1.576880076345249862e-02
2.222692379867901094e-03
-5.674728185263974017e-02
-6.257228254613306229e-02
-8.447424912393838858e-02
-9.050670168399513327e-02
-6.961436101027988765e-02
-6.053239813568125210e-02
-4.295478996965561985e-02
-3.201066926774947391e-02
-4.090494259672550204e-02
-2.377635060512649570e-02
-2.628370962196717800e-02
-2.464087655985456454e-02
-1.757055013810567348e-02
-1.969672789369695393e-02
-1.633842026865982289e-02
-9.732202728790922269e-03
-1.725150609042822025e-02
-8.150799571029912829e-03
-1.778137164051165134e-02
-5.728477273549833354e-02
-5.487915009913633957e-02
-6.546121771082027974e-02
-7.689254050120122863e-02
-5.579491337144099755e-02
-6.539977978239779055e-02
-5.214481786410066211e-02
-3.324022383167005851e-02
-4.080788613485841765e-02
3.218344706488495549e-02
2.981371714234128112e-02
-2.749004168126581438e-03
-1.213605369662225028e-02
-3.097606912190125489e-02
-5.807011527432230646e-02
-7.256984334802199510e-02
-8.275550663908727567e-02
-1.023308200328924139e-01
-1.102447370430029161e-01
-1.263111970298088638e-01
-1.395065996493851934e-01
-1.497935005314796619e-01
-1.557922349176706356e-01
-1.622118423032179735e-01
-1.594483334129810082e-01
-1.538796418974450464e-01
-1.534315989996621055e-01
-1.432230303027887397e-01
-1.462894623234562985e-01
-1.416817732628615212e-01
-1.384068229148608664e-01
-1.428948067228410224e-01
-1.355556004034986217e-01
-1.377022557800113567e-01
-1.338523097273225104e-01
-1.229532004915168536e-01
-1.188137292250959209e-01
-1.064892444838385216e-01
-9.170135991679405352e-02
-8.033078615899984232e-02
-5.448456492667386880e-02
-2.391927416985798610e-02
-2.479263586356300272e-02
-3.257377387259704354e-02
-1.625697673034315685e-02
-1.588596898061448576e-02
-2.084309714627676641e-02
-2.397252690820862731e-02
-2.657480065728179755e-02
-2.893497605307530224e-02
-5.692141317483348506e-02
-5.213236979038921026e-02
-5.293084099833000183e-02
-6.052229512322147148e-02
-2.900050116612738066e-02
-1.874564287506572807e-02
3.787379520029524223e-03
5.816319469450022955e-02
6.752934808827272539e-02
8.998751760065587524e-02
1.141212883109061910e-01
1.172385771870574911e-01
1.449375179292190507e-01
1.501654485954404539e-01
1.521045018595310605e-01
1.539662309404651874e-01
1.386135653901034992e-01
1.345114353769066573e-01
1.300938220314612481e-01
1.131500556553294567e-01
1.018565133308607512e-01
9.848811376097886539e-02
5.340219097913439378e-02
5.223093943232379188e-02
4.165204389585977496e-02
2.821769925677755295e-02
2.789390471709730923e-02
2.074593310183258515e-02
1.788993338401822369e-02
1.565371611385288006e-02
1.183893162211775534e-02
1.161114067775737349e-02
6.486092929030805136e-03
6.319975230026534524e-03
6.258484475757755162e-03
9.657762240520921179e-03
1.146902866913476239e-02
1.734381823612152554e-02
1.788597518424041646e-02
1.970079787172384841e-02
2.142935132479506857e-02
2.164585084398807854e-02
2.250773645200108281e-02
2.288019556822696102e-02
2.306066910270187370e-02
2.334723033916061632e-02
2.343712374755535857e-02
2.353315439236905102e-02
2.361528417106262961e-02
2.364691084939087376e-02
2.368377777573748080e-02
2.371359922973699519e-02
2.372086829764777360e-02
2.373750180155269687e-02
2.376638439817235771e-02
2.373459920638278445e-02
2.379710059233288572e-02
2.380858055814035618e-02
2.370758270610253890e-02
2.400979671610161542e-02
2.374100778428216499e-02
2.378564526966379933e-02
2.462140583703332705e-02
2.328831236519991049e-02
2.465518626768591418e-02
2.553560287871307205e-02
2.492876925131493754e-02
