1.275269207488195994e-03
1.541604409141051572e-03
4.539126059045313008e-03
4.355334472383899994e-03
5.152558259552740202e-03
5.757752684204927619e-03
6.170556310297744748e-03
6.550971128742135059e-03
6.789542059987695340e-03
6.979852842713507415e-03
7.130565620150572555e-03
7.230016305610724794e-03
7.312811596060759568e-03
7.372218532207091592e-03
7.414905745478826520e-03
7.449108018263675586e-03
7.472478608364976731e-03
7.490271167485442784e-03
7.503228311732957831e-03
7.511014281648450974e-03
7.517638537709565340e-03
7.519334852598833462e-03
7.518933686134868753e-03
7.519838934832034742e-03
7.508747041837229505e-03
7.505725819393123215e-03
7.495994481537446817e-03
7.461414187936128879e-03
7.470162825818828060e-03
7.409439085427787543e-03
7.354202027412036838e-03
7.390444854933295518e-03
7.138799094819046204e-03
7.193373459613631310e-03
7.113684552383583645e-03
6.390749680156755826e-03
6.767928994831291442e-03
6.611228620045464868e-03
7.286673700375175845e-03
7.826288602425681210e-03
7.547069031964510899e-03
1.119431107462006206e-02
1.160945214015871724e-02
1.031039696182009351e-02
1.100445219040798416e-02
1.053278525339226487e-02
3.963134781065255977e-03
6.893580475048960085e-04
-4.155605137224137151e-03
-1.656277575760187193e-02
-2.026318006536085778e-02
-2.510921189716530319e-02
-3.267319648522961500e-02
-3.588903585772010296e-02
-4.073536574909644020e-02
-4.374539144269574964e-02
-4.927753072203126805e-02
-4.983627369586524081e-02
-5.702831861874285702e-02
-6.094448133886717217e-02
-5.936301759961601365e-02
-7.756247565139201550e-02
-7.222210481560961681e-02
-7.522015195537669341e-02
-8.393224889056871696e-02
-6.314588221780952082e-02
-7.066038298848222043e-02
-7.700409475301432660e-02
-9.054328529809149706e-02
-9.539856059154899759e-02
-1.102020191650900371e-01
-1.167664408729958553e-01
-1.126446163412299500e-01
-1.216256301603484830e-01
-1.165912811451549624e-01
-1.080523771083874984e-01
-1.094398735392291822e-01
-9.367810553409965102e-02
-8.961207582640146052e-02
-7.978752343457522211e-02
-5.935527761733470214e-02
-5.368019839732617732e-02
-3.639821839303594014e-02
-2.892678989346323878e-02
-2.651869261552294854e-02
-2.246974468788726781e-02
-2.517515759874423831e-02
-2.574798638459141822e-02
-2.494488270098821694e-02
-2.464280468057586035e-02
-2.400636623731488423e-02
-2.237578543292937858e-02
-2.490642743302473247e-02
-3.329399756585993408e-02
-3.496504647666773963e-02
-3.888348133993847072e-02
-4.035945416486590165e-02
-3.766377178123928721e-02
-3.750900430975659394e-02
-3.374397041155716842e-02
-3.011157318639109959e-02
-2.761119179248419306e-02
-2.291079074015621789e-02
-1.979396816538607495e-02
-1.952240554732241271e-02
-1.481693910552486781e-02
-1.661663057566678536e-02
-2.028716059941777089e-02
-2.185627790944198734e-02
-2.567487066227361683e-02
-2.719583621308420407e-02
-3.380111319975731554e-02
-3.333909407323100427e-02
-3.778013025210069653e-02
-4.207586880653349515e-02
-4.382264930452955259e-02
-4.194380444097230154e-02
-3.928170732439774382e-02
-3.314307550903156097e-02
-2.711210833120368882e-02
-2.247550275238903439e-02
-1.530765088296210004e-02
-1.033444479669479686e-02
-5.476636402823874955e-03
-2.922069091541508543e-03
-1.221064222976801523e-03
-4.032274119568889266e-03
-6.997142725310044262e-03
-1.015506402524333010e-02
-1.969585164211616266e-02
-2.157640521532337013e-02
-2.592278923061890061e-02
-2.918030693907524079e-02
-3.337335494720689716e-02
-3.477408884118463744e-02
-3.468013746301633338e-02
-3.565878003640043925e-02
-3.613142356335651006e-02
-3.636512287438469632e-02
-3.486508805803618244e-02
-3.757339765348055582e-02
-3.433984679499749171e-02
-3.544457806258739796e-02
-4.454518464248011927e-02
-4.466667835988767654e-02
-5.027014879790932950e-02
-5.746581002605061911e-02
-6.030894019207647117e-02
-6.439629592474677144e-02
-6.120057435383238764e-02
-5.793570922354013969e-02
-5.604352157051778471e-02
-5.388478279807219773e-02
-5.470482001472166261e-02
-5.389278212151189101e-02
-5.789817929917785017e-02
-6.018616084878084665e-02
-6.134647636938848209e-02
-7.075406065554210033e-02
-7.114688468405255817e-02
-7.272055882562568352e-02
-7.486166997398928380e-02
-6.845121404158188705e-02
-6.599944005906077660e-02
-6.133807007282229135e-02
-5.096263682467468831e-02
-4.378758163179177765e-02
-2.664235867024692880e-02
-8.013465468890250409e-03
7.923940079663179675e-03
3.977044679838496327e-02
5.706772083340699159e-02
8.702752892318339761e-02
1.014535392865748148e-01
1.209060473745289799e-01
1.320025177017420670e-01
1.357455185104558260e-01
1.471065643446416160e-01
1.418597092134155913e-01
1.432026397749875390e-01
1.397756417698554909e-01
1.222588209043128232e-01
1.108121313550318315e-01
9.817580580522408673e-02
8.012565589066890370e-02
7.758268245967626930e-02
6.513865634769525070e-02
5.594238826490131183e-02
5.195213476095645461e-02
3.297094192240134641e-02
2.737513357101344774e-02
1.886503972460286047e-02
9.521639167236861656e-03
6.259671671145600538e-03
-8.346554653713995485e-05
2.928483987527081764e-03
6.232075509700281228e-03
3.407926827675854860e-03
9.410596344405802727e-03
7.575798819060355904e-03
3.987722874161734286e-03
9.334986514376780731e-03
5.642538714779150692e-03
1.071037811840105502e-03
5.832561553830484290e-04
-3.247271228069364968e-03
-1.338375346655152134e-02
-1.179683975519600983e-02
-1.608635519558782381e-02
-2.431685308708389850e-02
-2.462882530966723285e-02
-2.449119182897759733e-02
-2.558176423757246506e-02
-2.251175435194701160e-02
-2.013223186783877350e-02
-1.831801873964938182e-02
-1.409416906179356693e-02
-1.015669464306746990e-02
-6.794208462251653119e-03
1.517398714470969681e-03
2.874601315238542801e-03
8.343905437494457747e-03
9.489289553867489777e-03
6.826108734294079536e-03
8.413127815767773923e-03
7.302930029938712111e-03
1.294353105593214768e-03
-7.309542276420462944e-04
-3.331182067016979012e-03
-9.736349450180111983e-03
-1.014846827899741968e-02
-1.467710785725861479e-02
-1.598398178204551989e-02
-1.711260206366331874e-02
-1.686450266582015245e-02
-1.724832402760483746e-02
-2.016429525973819845e-02
-1.825450673214565681e-02
-2.479905329034506195e-02
-2.733525314169620371e-02
-2.375928346558377549e-02
-3.534147849035062378e-02
-3.411577696881813032e-02
-3.710261053935266090e-02
-4.037663534889787686e-02
-2.842965567935228782e-02
-2.990926001979222343e-02
-2.720563233768239289e-02
-2.079708229675937201e-02
-2.608738781488193284e-02
-1.661509135810951276e-02
-1.570415254355475576e-02
-1.236954516748025798e-02
-2.495625706843417578e-03
-2.862857431209878470e-03
6.317693817159310797e-03
5.418240135785581078e-03
6.779715107851128596e-03
8.640398003751575962e-03
2.094088981945348409e-03
1.625458157967913037e-03
-2.108206491985494500e-03
-6.047533505324148746e-03
-6.759570408514053649e-03
-1.158508317460038746e-02
-1.351856328948341547e-02
-1.354124211167265050e-02
-1.661823487261031296e-02
-1.603026219894496812e-02
-1.321598713013701944e-02
-1.237967709485207103e-02
-1.087749913482494342e-02
-9.079923011231647717e-03
-7.023947814477723983e-03
-5.655564771670228662e-03
-2.339205015455855362e-03
8.306709648131727552e-04
2.442008219504581031e-03
1.006225038650213413e-02
1.672377749492591492e-02
2.746654454708833196e-02
4.114434958084557670e-02
4.972694147026447686e-02
7.755919750630906051e-02
9.508062366310424118e-02
1.015885636563485794e-01
1.182377054906890296e-01
1.231327058198600222e-01
1.278563350227721607e-01
1.381488778803037776e-01
1.384621559019475479e-01
1.430235030660795825e-01
1.500294555533105700e-01
1.465881739589895982e-01
1.475005650795530032e-01
1.448855754754652392e-01
1.246516496812860308e-01
1.217121219686625733e-01
1.100549684042055054e-01
1.085880834463535394e-01
1.018616905570119968e-01
9.676931664063737060e-02
9.251709990411439988e-02
8.278359873111376666e-02
8.081722375333534603e-02
6.984110528283822561e-02
6.367936893306712365e-02
6.934003082237151505e-02
6.005767312372814470e-02
5.264313880689017178e-02
5.319063943111194265e-02
4.158878490155385604e-02
3.314144124533415642e-02
3.049272273705557965e-02
1.938749476228301960e-02
1.772086125453660455e-02
1.646683234028714291e-02
1.249990201516867731e-02
9.017104404092118886e-03
6.984616197744409304e-03
-4.885391788921487812e-04
-3.041984838412997629e-03
-4.580803909369181998e-03
-8.583564742997602803e-03
-1.154337199449884978e-02
-1.551832339610606341e-02
-2.060073208583035331e-02
-2.150162998297293696e-02
-3.222837550786165212e-02
-3.040243576574534409e-02
-3.457908246355855669e-02
-3.631866249996683338e-02
-2.461375554266363383e-02
-2.626320342433750496e-02
-2.395171841857999737e-02
-1.847164245724681672e-02
-2.241679889495184000e-02
-1.683287521609736978e-02
-1.763580115116994765e-02
-1.788060278685608614e-02
-1.486307392253283580e-02
-2.083784911206542148e-02
-1.874895929330386291e-02
-1.771662332094495890e-02
-1.864205700343069330e-02
-1.105432891209578820e-02
-1.054150835739470042e-02
-7.550006513214437692e-03
-4.992569160426598741e-03
-4.162620536803639422e-03
-2.813975219463439419e-03
2.323031230569575292e-04
2.747000241803864568e-03
6.122103648094720952e-04
-2.429398759687793723e-03
-3.554865802252902933e-03
-5.169635445072652893e-03
-3.403531658267854617e-04
6.010295130279793598e-03
1.435680464710022836e-02
3.060762398016904362e-02
4.194910124593519835e-02
6.295569548732296572e-02
7.952631568984144805e-02
8.637956111930711334e-02
9.710887617286236007e-02
1.032099352281925786e-01
9.881604065679280846e-02
1.031313754282228434e-01
9.728660605391474536e-02
7.582148883158444652e-02
7.039451993343134872e-02
5.541163862936323431e-02
4.513420377977941239e-02
3.839379631977215407e-02
2.823039467415392259e-02
1.657833663149168094e-02
1.135203773336959480e-02
1.086600911646537840e-03
-2.343869780466300689e-03
-9.511857007168261508e-04
-5.551128188466340416e-03
-4.384545324776180884e-03
-5.087928145548345320e-03
-6.055180359049654008e-03
-5.051271465034927639e-03
-5.133678876949066341e-03
-4.281481228267729547e-03
-3.557985710353661797e-03
-1.429298370495380539e-03
-5.612647335712609310e-04
-2.392817088914577298e-04
1.096890691006041771e-03
1.018275094586588905e-03
1.694192015757156177e-03
2.276264998539219691e-03
2.011257998992105854e-03
2.883033585687041957e-03
2.522590356665616214e-03
2.239346538184843177e-03
2.108636712460257127e-03
1.123802876523218941e-03
1.022611626448331453e-03
1.538381245423497132e-04
-5.913495176049897049e-04
-9.173935189682373790e-04
-2.516919587315268741e-03
-3.022537830892606074e-03
-4.075804902160626297e-03
-5.154134823467024056e-03
-5.502906500933057304e-03
-6.509622752636672234e-03
-7.071612520723319188e-03
-7.307536965595604235e-03
-8.156889008637781963e-03
-7.879681103679758714e-03
-8.792650877644135263e-03
-7.994625897880521664e-03
-8.470342736957139906e-03
-8.966394635340817210e-03
-1.273669010389544970e-02
-1.343472576208820310e-02
-1.387152217872526967e-02
-1.565593997959564138e-02
-1.514817079046076181e-02
-1.665584387352575524e-02
-1.682652063686613728e-02
-1.550863564077552791e-02
-1.523577071545065449e-02
-1.425445396835276976e-02
-1.342769818397256988e-02
-1.283776413568826769e-02
-1.219491548144713104e-02
-1.086141804340628146e-02
-1.059924159648170661e-02
-9.603181367195902721e-03
-9.541011315771142157e-03
-1.014671052641974783e-02
-9.752450552394606800e-03
-1.003218719249545678e-02
-1.012634529702812966e-02
-1.007622426631257957e-02
-1.026359213735182629e-02
-1.031760611756865793e-02
-1.039078116949301508e-02
-1.055574076310334883e-02
-1.068865283133713442e-02
-1.079402662719642671e-02
-1.111585374117168325e-02
-1.126938821899536869e-02
-1.150939557136196334e-02
-1.218348141215669020e-02
-1.212345067992228430e-02
-1.306681340354440453e-02
-1.395082603900239110e-02
-1.349972748502352958e-02
-1.662805302666807081e-02
-1.594161554002268902e-02
-1.587604504369516736e-02
-1.514898377987863864e-02
-1.061790725711253547e-02
-9.660736950450188668e-03
-7.246941050413833497e-03
-2.237845878754626382e-03
-1.770375080366937094e-03
2.638059147521886090e-03
3.034831717489076819e-03
2.546615314934129026e-03
4.238897403353829654e-03
4.320004855640206809e-03
4.553281802152051548e-03
5.978566161167857967e-03
5.807928086301720506e-03
6.011391512912000676e-03
6.401063551520388625e-03
6.082975132222136899e-03
6.215310221113437388e-03
6.259458648481612021e-03
5.291054886232037305e-03
5.317541910503996265e-03
5.041863393518950659e-03
4.787925598868977145e-03
4.771389717185488093e-03
4.620198370763843078e-03
4.563098773905070911e-03
4.528945991153502520e-03
4.472109931758149956e-03
4.455513803830388024e-03
4.432683640818392036e-03
4.414293053595868752e-03
4.406251775484469960e-03
4.395108582767776745e-03
4.388933965557943739e-03
4.383823436187585416e-03
4.378319545828538058e-03
4.375724235590384113e-03
4.370168656983411913e-03
4.366965370352218941e-03
4.364021238435256828e-03
4.352612780843613353e-03
4.354198152580450107e-03
4.339524587348412947e-03
4.319008178877864826e-03
4.333697537129541436e-03
4.264766617744653737e-03
4.266385509519468426e-03
4.271363238162324306e-03
4.052433933447912966e-03
4.239211716907751587e-03
3.966304318371595937e-03
3.543810709321724289e-03
3.694321907426625137e-03
