-2.778595202824593515e-03
-3.016772200446391286e-03
-6.822251636752696240e-03
-7.058916417745705364e-03
-8.077937293340175379e-03
-8.628611873012146521e-03
-8.533951866618261217e-03
-8.903816362008492788e-03
-8.951063943797884018e-03
-8.995983772731355396e-03
-9.098654698336067215e-03
-9.103471871988032260e-03
-9.137831020725475928e-03
-9.160750829229766939e-03
-9.165831054348417412e-03
-9.179550596628158199e-03
-9.184603664217397614e-03
-9.188522994453152820e-03
-9.193095579113640808e-03
-9.194836555974106665e-03
-9.197950610927672910e-03
-9.199642689452619190e-03
-9.201963054330158931e-03
-9.206899598102408905e-03
-9.206789603873010569e-03
-9.216737267214329676e-03
-9.224603023479294520e-03
-9.223031412699089771e-03
-9.265366406891153289e-03
-9.257717648159739798e-03
-9.285223026272321559e-03
-9.413473054659067529e-03
-9.296615591009424820e-03
-9.572502427024577251e-03
-9.725409539192951536e-03
-9.292910797895891431e-03
-1.017382665535871734e-02
-9.331922880162945438e-03
-1.125112751073094677e-02
-1.229916251522169407e-02
-1.192027770636516944e-02
-2.054968688830972542e-02
-2.073492219899445224e-02
-2.216042593999658500e-02
-2.372435547264956437e-02
-2.404280770958199323e-02
-2.118508771886901815e-02
-2.083495181522293516e-02
-1.971868324913804427e-02
-1.933884263749872934e-02
-1.518284254047710946e-02
-1.144072605320311208e-02
-7.393214278638910938e-03
1.076015811752051125e-02
2.458077535475240369e-02
3.238101097406427542e-02
5.066428917891769440e-02
5.603646789029678721e-02
4.017013190807091488e-02
4.899107419904769056e-02
4.193546598654778607e-02
1.220075215735744872e-02
1.063030400946828914e-02
-6.047959552221848431e-03
-1.462350504562675256e-02
-1.651802459815306448e-02
-2.601837209863325576e-02
-2.488210332221981944e-02
-3.014889368026454908e-02
-3.094757242550452356e-02
-3.382346923971014940e-02
-3.687545531856327441e-02
-3.837347599647938923e-02
-4.388373373271404337e-02
-4.385311309733344598e-02
-5.007357372881623969e-02
-5.230747835233469367e-02
-5.429594814687638271e-02
-6.513369861561987828e-02
-6.672526658696117940e-02
-6.940654822833247639e-02
-7.259844793500769278e-02
-7.425570409764829793e-02
-7.748817103382259208e-02
-5.291616856583111761e-02
-5.178265363772090873e-02
-4.387468929413435026e-02
-2.148368829438382019e-02
-2.079896197253813458e-02
-1.707798173161476432e-02
-1.235414011988949720e-02
-9.687679228971794038e-03
-2.385959281556267013e-03
-2.038800270148243086e-03
1.310836526025918602e-02
1.491656646584664341e-02
1.578477195238114569e-02
1.755240268290454014e-02
1.222815420914864087e-02
1.695139307386935371e-02
1.755819340358809669e-02
2.222128573849253136e-02
2.342908626675065456e-02
2.270476155784975289e-02
1.685208499896918843e-02
-9.932712409128260575e-03
-2.504145621139143921e-02
-2.257535654353425014e-02
-2.648651071305641036e-02
-1.241741775712594878e-02
-6.501655703189650887e-03
-4.803497776315263264e-03
2.753006631130713346e-03
-5.487328608175868691e-03
4.120074526042099249e-03
-2.857640793137766668e-03
3.356693488855633494e-03
2.853437164711099695e-03
2.073381314060486393e-03
1.197955907920204323e-02
1.317426080646682922e-02
3.012785959939868335e-02
3.327756629105151076e-02
4.143494097202697624e-02
5.041585777789761580e-02
5.149361369170130792e-02
6.330618303953057524e-02
6.409095276166704158e-02
5.813227874685637092e-02
6.190719248928758245e-02
6.406877323983371786e-02
6.856778598828577875e-02
6.684706330501051508e-02
6.834492285605509032e-02
6.519599246213531041e-02
6.504927975790188166e-02
6.887560199530888549e-02
6.726524163207529827e-02
7.172633006641515596e-02
7.608840689651523437e-02
7.435324971725509879e-02
8.131403415210469721e-02
7.633855362172375925e-02
6.198130738907457749e-02
5.947531799446613421e-02
3.598240541262710118e-02
2.387711481960861498e-02
2.305168779240275925e-02
7.276387398482731667e-03
7.540145424916717964e-03
7.714210919137252194e-04
3.549519760890696481e-03
-1.087980224569960915e-02
-9.883579283105519905e-03
-7.519208249614425799e-04
3.135796105487632674e-03
1.257505858426608870e-02
1.383932821195773231e-02
2.276026613003347132e-02
2.426018267580604473e-02
2.071254674355626699e-02
1.816675158987509156e-02
1.333284262505908188e-02
9.310555144747732770e-03
8.184802226365837235e-03
4.027790043991241048e-03
-2.131008985396090020e-03
1.564927818837463357e-03
-1.363651869301748393e-02
-1.591599164535959302e-02
3.609434982082416598e-03
-4.577190377680726181e-03
-6.370399524241474563e-03
-5.629795335869020034e-03
-1.605849179164774848e-02
-1.591978094878692199e-02
-1.647554643292713228e-02
-6.213691617704308195e-03
-2.921441616988636279e-03
6.337769020245782522e-03
2.732622752019424686e-02
3.400357121242938291e-02
5.255440155390484619e-02
6.244775684721618619e-02
7.356656085457582983e-02
8.038525965028406328e-02
9.659155793451533467e-02
9.732652168749593435e-02
9.960641929958644059e-02
1.048349548729142905e-01
1.018402223184878275e-01
1.082495233218471326e-01
1.053234017470050660e-01
1.021988473466109715e-01
1.029606515400685596e-01
1.017819347389169043e-01
1.036599764722741235e-01
1.074568431074989783e-01
1.116608772562192320e-01
1.114864712781734740e-01
1.151987367196239259e-01
1.170014405177459971e-01
1.168844112358023851e-01
1.209779710609483472e-01
1.207437374499988336e-01
1.216614960470149970e-01
1.252247088356260862e-01
1.217683321458073176e-01
1.240024585099721577e-01
1.199834830367905031e-01
1.277537847530888782e-01
1.311202882654372570e-01
1.307101228787201641e-01
1.418739736416150532e-01
1.399331791539116798e-01
1.416890478703663470e-01
1.142473893507282012e-01
9.367615320657525502e-02
7.313116283531605200e-02
3.936888786415600194e-02
-6.955223243110896826e-03
-3.932098245943886627e-02
-5.470043539073385364e-02
-7.674129065789725423e-02
-8.284199203035694237e-02
-7.750535025150674662e-02
-5.450703170557889832e-02
-5.436501192180697578e-02
-1.531113686845454042e-02
-1.011339139336674998e-02
-9.354815346105122692e-03
2.157927669440591265e-02
1.986861466152743672e-02
3.619346925781564278e-02
4.548588491813394113e-02
4.100102746659484848e-02
5.355577207877489782e-02
5.131347113729969184e-02
4.687278835871568766e-02
3.487301627146219968e-02
2.233404544004485848e-02
9.981816097398510390e-03
-2.607011823942004258e-02
-3.793782886728371689e-02
-5.392826096335099489e-02
-8.057264611150521949e-02
-8.406578407876837133e-02
-1.049120670139258998e-01
-1.372472629471302163e-01
-1.512593098566480110e-01
-1.757700876148595714e-01
-2.100415390052509379e-01
-2.285201453102350955e-01
-2.415999587675585480e-01
-2.572250902344328516e-01
-2.400815253238293978e-01
-2.365820010871092782e-01
-2.154428323288545277e-01
-1.637191034687714986e-01
-1.209405646798763084e-01
-8.196948495111401611e-02
-4.206415163955834480e-02
-3.344453964346019020e-02
-1.678979338301671634e-02
-8.897821970209381787e-03
2.355626104692071406e-03
4.233943533405094828e-03
1.138846237891338875e-02
-2.003907460270933777e-02
-2.925543987174885827e-02
-1.628564292009652970e-02
-1.720379108956791858e-02
-6.923354394505767950e-03
-1.820613353797216573e-03
-2.820852872301387801e-03
-5.747162838638626529e-03
1.796500775543275787e-03
-6.978091017385183205e-03
-9.251233506954260888e-03
-1.301062318467204916e-02
-2.733535507470047712e-02
-3.145841851489331042e-02
-3.507436537998041837e-02
-3.921244500035252906e-02
-4.422351394645158973e-02
-4.330815833855270608e-02
-4.026536811710373920e-02
-3.554435004796845099e-02
-1.827426931277810473e-02
-1.343636843577797162e-02
4.040587169703654773e-03
2.084836398223006287e-02
3.545945796378822262e-02
4.321756665910634482e-02
4.460668497200219462e-02
5.282965704312603261e-02
5.521742869267377840e-02
6.183191595699110560e-02
6.671815080551452004e-02
5.688328593536997463e-02
5.584434104090167661e-02
4.959972866141683367e-02
3.846598865298320180e-02
4.065218682256949850e-02
2.402763423995778191e-02
1.953726755377904745e-02
1.326340362085073714e-02
-1.545962970581911053e-02
-1.860910861600380620e-02
-3.199041932997836318e-02
-4.122364296771079129e-02
-2.167885050285004930e-02
-3.067821618163020167e-02
-1.854969265592119193e-02
-2.012804186938569467e-02
-1.852062920108386163e-02
1.542172463594584019e-03
4.842748518548443785e-03
1.160497242877080518e-02
1.558203002672836797e-02
2.271077836408780248e-02
2.434708148457858518e-02
2.136247121266500459e-02
1.796415471357508051e-02
1.356099027033338088e-02
9.397066985577851028e-03
8.071226946322965223e-03
4.164623539629018663e-03
-2.307557175159865356e-03
1.473259455031322501e-03
-1.358505183963065743e-02
-1.656353825280820063e-02
3.785297950750188614e-03
-5.115494549460291446e-03
-7.567512944760833998e-03
-4.713710792803927838e-03
-1.915121332775449048e-02
-1.654163236685352381e-02
-1.620358797684572430e-02
-2.006562919973806092e-02
-1.507899909062329104e-02
-1.415204240923729866e-02
-1.164281939833479960e-02
4.373371044217460452e-03
1.374168780793661240e-02
2.138844837535512286e-02
4.200845520491385682e-02
4.574832775836676357e-02
4.456732556965760372e-02
5.195120154995930273e-02
5.786361132738695318e-02
6.901514889197078728e-02
7.899646377447969159e-02
6.903405417882998996e-02
6.622036905111849947e-02
6.326343581225329915e-02
6.783395175292303292e-02
6.787924379662774177e-02
5.417484501673545949e-02
5.139007361665934304e-02
2.904650418790790528e-02
2.039796153756353106e-02
5.139199295957911501e-03
-2.923706763275129780e-02
-4.360224261313811606e-02
-7.658106712229016677e-02
-1.053411435409515456e-01
-1.184272846175635219e-01
-1.722710793536252338e-01
-1.952490427299206632e-01
-2.309637759239965005e-01
-2.708793831641429506e-01
-2.749129551166775709e-01
-2.784080926573788695e-01
-2.859571139894809821e-01
-2.576204225254755675e-01
-2.528130609380611626e-01
-2.215692477645034575e-01
-1.768451620149679160e-01
-1.508294131491859646e-01
-9.450204961205281584e-02
-4.253076121150440453e-02
-1.669931903908163789e-02
3.993984890567962159e-02
5.075288025643384660e-02
5.474841773595173766e-02
8.106201798386694635e-02
7.787164710215031815e-02
8.181106526486177366e-02
8.722588170690247222e-02
8.545546108150510467e-02
8.814942137525064170e-02
8.631399185492732995e-02
8.700360295999459703e-02
8.257497906104924179e-02
6.752650633272033742e-02
5.756824921475794943e-02
4.615825478007205829e-02
3.708224637967545700e-02
2.827832980679390387e-02
1.161030417088501458e-02
-4.297118004987048046e-04
1.142468627991800705e-02
3.104059615447744142e-02
3.685143376052126690e-02
6.791574878380561564e-02
7.165571652390870239e-02
6.417877469696350867e-02
5.309143688930673122e-02
3.137229809733349528e-02
2.294606106367144335e-02
1.599210774742450963e-02
2.903950132930363873e-02
5.686329334389524266e-03
1.716453916101009017e-02
-5.036544661697762992e-03
-2.837588111364509891e-02
-3.394465869482655995e-02
-7.979406991672582938e-02
-8.928459884450810902e-02
-1.023456932101901029e-01
-1.240331932071347398e-01
-1.308641583179018519e-01
-1.470335883013466904e-01
-1.585203679743642791e-01
-1.624303892017720796e-01
-1.770372729333478390e-01
-1.817483097051610652e-01
-1.896856077702195609e-01
-2.024273397012054387e-01
-2.048542322842371866e-01
-2.171426049775735112e-01
-2.191933492979509235e-01
-2.235646960733018718e-01
-2.274290513250706580e-01
-2.211988714835822489e-01
-1.860823916632794450e-01
-1.456240973080216994e-01
-8.859437897510807902e-02
-9.628437666948752582e-02
-3.965754587668014752e-02
-3.237290927914657224e-02
-4.012314847275408325e-02
-1.536830006574975947e-02
-2.136391566848910503e-02
-1.300732827194156678e-02
1.433287863010639270e-02
2.089171916328600928e-02
4.098306696328171683e-02
4.794663896648961726e-02
7.587695857988693837e-02
8.864819985539072744e-02
9.728427647796047961e-02
1.277131751062132170e-01
1.289922807388559356e-01
1.292933421536126282e-01
1.409611002489104536e-01
1.327111776134142218e-01
1.367405177573515762e-01
1.380570093705327517e-01
1.170617721400262906e-01
1.169075624794617130e-01
1.071409130618728306e-01
9.820031593682945759e-02
9.693517169172966019e-02
8.669378825485163365e-02
7.901227784171035995e-02
7.769233154516951012e-02
5.426884399595621744e-02
5.387594928206270589e-02
4.860404190306449185e-02
4.249539169558483320e-02
4.161495699829726586e-02
3.815760167615332710e-02
3.610923682760045633e-02
3.314976142570064815e-02
3.137768658111197984e-02
2.713355429329680421e-02
2.100813131070323331e-02
2.032806353486943385e-02
4.233827630116418148e-03
3.518954415433033379e-03
1.946131757324890332e-03
-2.507367521959845066e-03
-1.704545667707471363e-03
-3.130819064666295285e-03
-3.879550439322139270e-03
-3.832262664153146450e-03
-4.390637866825613210e-03
-4.478734147024729904e-03
-4.572273091659335466e-03
-4.725043627963112884e-03
-4.740753805173448208e-03
-4.796662194412032627e-03
-4.830559723101277535e-03
-4.840068055440138912e-03
-4.861046295224926914e-03
-4.866087537706115587e-03
-4.871627750666135057e-03
-4.877057002727220106e-03
-4.869845754625149077e-03
-4.878196990628860634e-03
-4.865799571535136571e-03
-4.847176119157763433e-03
-4.875728437840008353e-03
-4.788169758552247163e-03
-4.807033088414791600e-03
-4.834029156131145442e-03
-4.499275098834864400e-03
-4.850740603110251931e-03
-4.419325306807235856e-03
-3.647998044411127506e-03
-3.929472369955078551e-03
