8.189395732171109036e-04
1.189386545046534991e-03
1.004161405673657803e-02
1.015768878536428728e-02
1.079423727611139756e-02
1.211762247597784371e-02
1.089998432556632535e-02
1.146486423747455560e-02
1.143724968418903531e-02
1.123490491339483588e-02
1.141927773398273421e-02
1.133285701745077173e-02
1.133440235480352373e-02
1.136479018556848207e-02
1.133558104003121354e-02
1.134762914545159318e-02
1.134618708669863502e-02
1.133997169383699558e-02
1.134264622064804287e-02
1.133701878288612998e-02
1.133432574395241803e-02
1.132898350563638773e-02
1.131808363047925176e-02
1.131295500592003657e-02
1.128827359422420254e-02
1.126724389362058175e-02
1.124814705934465420e-02
1.115929667206082450e-02
1.114246488609220778e-02
1.102650762228725434e-02
1.078434789286189001e-02
1.084335680319082132e-02
1.020758738906116236e-02
9.877552648723100792e-03
9.926107909045684199e-03
7.210105475853513350e-03
7.128428457354835449e-03
6.274606218149882120e-03
5.673799577206715787e-03
5.273757701909473697e-03
5.157990224614696952e-03
4.701886751928324899e-03
3.887219292239683759e-03
4.222791762965443473e-03
1.516372132311100433e-03
1.510460162938409220e-03
4.150477878549192236e-03
4.873884256077103301e-03
7.251100777899883304e-03
9.639559086589186143e-03
8.911899752031791910e-03
1.266108784357190299e-02
1.034775204271970971e-02
-2.439765086949250740e-04
-5.105657467035237297e-03
-9.725343866450001165e-03
-1.620186706637255156e-02
-1.563691692139233466e-02
-2.498633323389029548e-02
-2.718012692789282397e-02
-2.993960012933891829e-02
-4.959442056692949657e-02
-5.158903981519295107e-02
-5.681667904992281082e-02
-6.084060240972583022e-02
-6.173879551418944012e-02
-6.243240676911687714e-02
-6.028903799726184620e-02
-5.669600039310614126e-02
-5.442208886671175139e-02
-5.581480076477703112e-02
-5.439710710553417178e-02
-5.416947961187933147e-02
-5.573153879389815962e-02
-5.391695045577285517e-02
-5.298036338519158256e-02
-5.138724586038842523e-02
-4.491723945259600698e-02
-4.507115337353965329e-02
-4.140869274047911247e-02
-4.837493845897974931e-02
-5.147175759404486878e-02
-4.938054589830424834e-02
-5.497013364583974021e-02
-3.386346746326507340e-02
-3.052458744194092716e-02
-2.551224538071960452e-02
1.785488023535354444e-03
3.041826588829998294e-03
2.153920366290005845e-03
1.340838746809063994e-02
9.202785493707572873e-03
6.969838364819936315e-03
6.158298800863405524e-03
-1.362221319643192041e-02
-1.555453400816328088e-02
-1.419873999129944199e-02
-1.974696337158501208e-02
-1.664677603447219101e-02
-1.695950116673265035e-02
-1.824841579791668458e-02
-1.688192000098941506e-02
-1.480610381572292772e-02
-1.369043905629606199e-02
-1.460272783634418078e-02
-2.656560639774063412e-02
-4.335730745590807289e-02
-4.521891757564056036e-02
-6.608004760363396513e-02
-7.915329925904238118e-02
-8.354635798865954477e-02
-1.002932970064990409e-01
-1.006697639565807684e-01
-1.020078821668663205e-01
-1.267745903269718033e-01
-1.325454845431610074e-01
-1.429157724623841830e-01
-1.609075666845109498e-01
-1.614444924121731517e-01
-1.678381825283777329e-01
-1.718260991974377427e-01
-1.569858684009297900e-01
-1.575769267878245061e-01
-1.507079375326334791e-01
-1.377904997225332107e-01
-1.423594346005204736e-01
-1.309614575120836566e-01
-1.288870635849633239e-01
-1.355048089558335833e-01
-1.037673968731884500e-01
-9.699208932059984190e-02
-9.064380107819933197e-02
-7.441049752280853857e-02
-7.823975011646591704e-02
-6.543935397261367581e-02
-6.418752441918974816e-02
-6.688763987522715337e-02
-5.940032999768773969e-02
-6.572303231962904613e-02
-6.397383959101958506e-02
-6.450534231772191152e-02
-7.246658637988959151e-02
-7.156220533169170561e-02
-7.287129889340596134e-02
-7.376705795713750513e-02
-7.116136338980975917e-02
-6.852929035894390897e-02
-6.140886001794080423e-02
-5.775451441046879769e-02
-4.266559243258520595e-02
-3.527192801586514354e-02
-2.616140832130857408e-02
-1.783029937655386879e-02
-1.233406067056476083e-02
-2.373888638700305531e-03
-1.044005394656801573e-03
-1.122019003381404456e-03
-1.926508803533305818e-03
-1.754130116198715159e-03
-2.319394030503978479e-03
-1.624020022619706433e-02
-1.946965834732450676e-02
-2.332016174308338546e-02
-3.044963144851655507e-02
-3.054241169910051901e-02
-3.500070573356914988e-02
-4.166918259147753961e-02
-3.712795146530773610e-02
-5.135904892217686701e-02
-5.012388008187301097e-02
-3.034277866091901130e-02
-3.019232391202626362e-02
-2.045018314485497896e-02
-1.420009616067576148e-02
-1.974577043243570546e-03
2.682790003359988070e-03
7.897571556247102997e-03
7.262431578290703266e-03
6.353559780845882687e-03
1.328452209365009852e-03
-1.788205208384125236e-02
-2.106814820901964369e-02
-1.390763367929950985e-02
-1.847832098431253026e-02
-1.062973874000674480e-02
-1.033735073198459656e-02
-1.253517560020185606e-02
-1.365815948412208922e-02
-2.845884725748248217e-02
-2.910569695165849194e-02
-4.174279831897281107e-02
-4.770673011530129209e-02
-5.597468195453461637e-02
-8.056426283413203882e-02
-8.350249443418293616e-02
-9.108575594933182584e-02
-9.615850221365714046e-02
-9.558276925436447191e-02
-9.863613184457523109e-02
-1.013724382888859243e-01
-1.018913044865284306e-01
-1.061727639673375606e-01
-1.068614471012734463e-01
-1.101894463784792999e-01
-1.134113227153665110e-01
-1.143434389831714387e-01
-1.199408243508635896e-01
-1.197555314380962382e-01
-1.215237873946678343e-01
-1.207291940206667580e-01
-1.113168465735874385e-01
-1.102906248504508524e-01
-1.016581524596105041e-01
-9.660997908075152907e-02
-9.235885744432315025e-02
-8.636179748011570123e-02
-9.466967633826871287e-02
-9.096062618221706364e-02
-9.404283350727926649e-02
-9.782876699175965807e-02
-9.451633676475595935e-02
-9.945296127427587229e-02
-8.949604654310609753e-02
-8.809551297717847784e-02
-8.567780215163084412e-02
-7.352053303660777139e-02
-5.729277690236193182e-02
-4.642395733334515884e-02
-1.266058694867819995e-02
-2.669283331359034121e-03
-5.714075010737483702e-03
-1.449507635938167456e-02
-1.992835719098779573e-02
-1.564920119840848209e-02
-1.715425446430723921e-02
-1.704734000547725864e-02
-1.366534344560311511e-02
-1.549510437928323069e-02
-1.337599184871550440e-02
-1.894224361335380274e-02
-2.513460881760993387e-02
-2.597768305295421881e-02
-4.456332806707123673e-02
-4.561604551044955158e-02
-4.316770618813772081e-02
-4.168272536432830744e-02
-3.342045214772418338e-02
-2.869937498323599581e-02
-1.836238721723724987e-02
-6.581880179109342831e-03
-1.256359032683380776e-02
-1.326350011381173533e-02
-1.027932332337859640e-02
-1.633028195191334533e-02
-1.809560328726258355e-02
-2.092038704952328687e-02
-2.839603902461319482e-02
-3.286587407344350453e-02
-4.870027977454013252e-02
-4.904600083794489335e-02
-4.684458307552733652e-02
-4.335969260594038643e-02
-4.923255639505651204e-02
-3.554106743462635137e-02
-3.588864811517160358e-02
-2.636855924121776079e-02
-2.200612548160993040e-02
-2.341224975044323489e-02
-3.179046248523276913e-02
-5.378014328042093201e-02
-5.669025168173860013e-02
-7.357163334052634063e-02
-8.479397399886304254e-02
-8.304827866336055020e-02
-9.437877805556332822e-02
-8.627031735660781187e-02
-8.603526786922338632e-02
-8.281954996395433921e-02
-7.643978187001851388e-02
-7.765071254599353878e-02
-7.720194154539142262e-02
-7.850204019871070971e-02
-8.213006512569485940e-02
-8.245551772300627191e-02
-8.408747025367474537e-02
-8.543850091528025492e-02
-8.591568098146051824e-02
-8.696818905895045693e-02
-9.055616031840992008e-02
-9.258194670466385334e-02
-9.425311019360824161e-02
-1.006766156747598839e-01
-1.021979429627671299e-01
-1.031141944712245795e-01
-1.082345348248865274e-01
-1.072345341711227890e-01
-1.016964315609910768e-01
-1.016600251587556347e-01
-1.020592341420973187e-01
-1.027662433224135752e-01
-1.063959919779607632e-01
-1.059061361060412571e-01
-1.088814241740809763e-01
-1.099117259953800163e-01
-1.095835548282973193e-01
-1.128690985325000312e-01
-1.099697947009070365e-01
-1.105067258145508435e-01
-1.076979318102986305e-01
-9.282065193006230897e-02
-8.952273598915523600e-02
-7.282492167691649587e-02
-6.113537827005965930e-02
-4.630841304674725850e-02
-2.836780293750069612e-02
-2.025909484976424341e-02
-1.469661612747073711e-03
-3.674439177180516291e-04
-2.091753727503817186e-03
-8.473360486927424039e-04
-1.977463691014189930e-03
-2.331788838012598553e-03
-1.587749027573871416e-02
-1.969637078439893593e-02
-2.323955230261480487e-02
-3.048811975639268562e-02
-3.066669916858930089e-02
-3.512861647489057271e-02
-4.184965727085231818e-02
-3.738078654890211738e-02
-5.185483346924334852e-02
-5.044910105203374157e-02
-3.126972303722422991e-02
-3.119005597220308665e-02
-2.133420334509763053e-02
-1.706004693467240083e-02
-3.383220625313950944e-03
-4.358790842278276395e-04
1.591261169119709403e-03
7.227654822286373563e-03
5.763156407311140726e-03
1.021225630928689239e-02
7.998499911401399723e-03
-5.954260699413679164e-03
-1.273267051964108859e-02
-2.153854421012977791e-02
-3.270463448319210764e-02
-3.860931066580475940e-02
-5.012615983353280180e-02
-5.454154229222601263e-02
-7.317183057661137691e-02
-7.488885539353262732e-02
-7.456462635704101671e-02
-7.914064018749336626e-02
-8.572823241417254492e-02
-8.080941523660191417e-02
-8.377408363217708764e-02
-8.201112449523652315e-02
-8.294486080522152360e-02
-9.292689859364317018e-02
-9.028182208628519889e-02
-9.430384249187420687e-02
-9.837271944109525490e-02
-8.992933582390311154e-02
-9.456069976400299781e-02
-7.825506078340210836e-02
-6.393627061830094160e-02
-5.571226143350364868e-02
-2.858099885447842534e-02
-2.100763236859900726e-02
-1.342872186159520427e-02
1.405545516599890268e-03
-1.567709966424121314e-03
3.013010265769781610e-03
3.394611787488619956e-03
-6.161373275215249398e-03
-8.447000987610369868e-03
-2.653636544661622243e-02
-3.884576344443924772e-02
-4.190024391853262864e-02
-4.159729177177411141e-02
-3.546498311976584855e-02
-2.512006658772686363e-02
-1.136373581054146882e-02
-3.713163541866032306e-03
-2.476399472695944241e-03
4.099350659985236470e-03
3.587851248742251163e-03
2.453984026809823658e-03
3.311934358317917323e-03
2.553076409839486610e-03
2.577894943468044420e-03
-9.565711341459041831e-05
2.282300676182524597e-03
-2.945998807492486091e-03
-1.003282934562232075e-02
-1.026043132355697676e-02
-6.543877301199189749e-03
-8.759227230251995927e-03
-5.019246450070014021e-03
-7.022650746979218787e-04
1.224760363413779840e-03
1.608015567716896462e-03
-1.233000708754728066e-02
-1.551077306483616448e-02
-8.293274884961430310e-03
-1.105644739610904190e-02
-1.483655560254128203e-02
-1.729597808329952704e-02
-3.279721434157754217e-02
-4.804863003095010549e-02
-6.227101156303114365e-02
-6.208113769976965346e-02
-6.143236040642539170e-02
-6.080886367875522336e-02
-5.633783748859010759e-02
-5.121141943502008353e-02
-4.777158597373578480e-02
-4.096911526503249634e-02
-3.804065893185402253e-02
-3.964346203607532759e-02
-3.597116195517315734e-02
-3.331617138226917324e-02
-3.227641810525035820e-02
-3.115000929845068364e-02
-3.175899966043373851e-02
-3.220889773398000894e-02
-3.278617957452599485e-02
-3.381492964087681047e-02
-3.502915625371909314e-02
-3.484722580324099706e-02
-3.866089625656428386e-02
-3.808009808016685205e-02
-4.072712260380288024e-02
-4.436682023389879048e-02
-4.507229172836057368e-02
-4.459011423306868255e-02
-4.047658626193189474e-02
-3.338528185469014087e-02
-3.141364001155923930e-02
-9.482419669376811536e-03
-2.602042929578528459e-03
-4.725812322507413378e-03
-1.537261534273800167e-03
3.553987217406721303e-03
2.157494878697524716e-03
-9.287737415982984940e-03
-9.262586848348514437e-03
-1.195715812809469529e-02
-1.431309688573609469e-02
-4.861846428134013014e-03
3.307934808444258699e-04
9.149573925925883963e-03
2.578741790508453507e-02
2.888755122879290912e-02
3.146084869256965399e-02
3.755830701671530880e-02
3.696786703088506681e-02
4.036389576663896445e-02
4.165452675659701842e-02
3.922716160939161006e-02
3.995634337065430419e-02
3.887529289547269479e-02
3.810962892796567608e-02
3.839428174230739843e-02
3.722867015739306923e-02
3.708046853951609684e-02
3.712744518309375047e-02
3.460751097206903049e-02
3.450739485569726678e-02
3.294364709820869069e-02
3.228261855159909877e-02
3.160414172207871852e-02
3.092195277679288951e-02
3.025833564626472655e-02
2.887404032598777509e-02
2.870373942131984255e-02
2.593692226053114294e-02
2.385723271503173426e-02
2.330206983961905648e-02
1.284738340183956030e-02
1.234506431308072735e-02
1.099281421547315500e-02
1.077848731734628446e-02
1.119096513765236237e-02
1.061218923097813870e-02
1.074188335113667944e-02
1.070077676030696534e-02
1.058039503785126664e-02
1.062854746165803679e-02
1.058202560374304352e-02
1.056860216405502116e-02
1.057366088495137295e-02
1.055725809125493408e-02
1.055725240071220782e-02
1.055477449901802423e-02
1.055084779930273199e-02
1.054888981572413807e-02
1.054862522446489530e-02
1.054516230045790537e-02
1.053957496999265858e-02
1.054634769522572006e-02
1.052624198681918928e-02
1.052716105328648302e-02
1.053957611248686026e-02
1.045602063574428003e-02
1.053649973359653373e-02
1.046020285813639705e-02
1.026823902828707599e-02
1.067002161202027649e-02
9.924395234938350810e-03
1.005461020670039320e-02
1.055505807545369622e-02
