1.137647259768009324e-02
1.118919667875927816e-02
2.038178844159480377e-02
2.024561563933307065e-02
2.403119896686080337e-02
2.505753659944305600e-02
2.617091128632787964e-02
2.584288750193783346e-02
2.597986422288203409e-02
2.603115072689870732e-02
2.581178539440290645e-02
2.588548366812207235e-02
2.582599268260566544e-02
2.578604513241430918e-02
2.580050097956725422e-02
2.577209897914671533e-02
2.576925064297821283e-02
2.576715501057036395e-02
2.575879502389299622e-02
2.575863996890969537e-02
2.575532339368467871e-02
2.575271117385487946e-02
2.575098869082546177e-02
2.574698680782125382e-02
2.574463215848344505e-02
2.573822838223495044e-02
2.573053089535427829e-02
2.572425448624759275e-02
2.570160033652992004e-02
2.568735350495097297e-02
2.565008950124418596e-02
2.559185176659447766e-02
2.551737857130182557e-02
2.528058766747232761e-02
2.524242039309545355e-02
2.424691585336342242e-02
2.384584854886164298e-02
2.425804868352771440e-02
2.317722479066772201e-02
2.325732360412350458e-02
2.303457958689858129e-02
2.173468811192926647e-02
2.320101263072287326e-02
1.939024444981816975e-02
2.123713223841432879e-02
2.057209465706644549e-02
1.258871569815359602e-02
1.513880206224210885e-02
3.249303367380229363e-03
2.814199318348898325e-03
5.368967232431635234e-03
3.048079418934021134e-03
1.035861437215885097e-02
6.448753419823563711e-03
7.341004585670254413e-03
6.834723410279451052e-03
5.664063408781701628e-03
4.150570585439943179e-03
3.283643332364820713e-03
3.573162986632994007e-03
-4.574100299852117309e-03
-8.217043912783944179e-03
-1.268470231380627866e-02
-2.447985241041157958e-02
-2.965628424676581762e-02
-3.340552443593738929e-02
-3.669851683532777270e-02
-3.503327065937939661e-02
-3.769995998696471645e-02
-3.609090405584767375e-02
-3.729614561632373093e-02
-3.943214259886759082e-02
-3.866319921541875454e-02
-4.544012762184446858e-02
-4.599352238658758335e-02
-5.183527136252025908e-02
-6.074558822815817605e-02
-6.056475674638302220e-02
-7.303275512088458488e-02
-7.389548146803102957e-02
-7.385273432413751171e-02
-8.163678568794031920e-02
-7.353254759973798516e-02
-7.561822411133468924e-02
-7.300953054850123358e-02
-5.919892772561561461e-02
-5.878255993711826305e-02
-3.865800251848922758e-02
-2.656189211379208007e-02
-2.037486174887176080e-02
2.066357978501134288e-03
6.214720816773783123e-03
1.289411047371120077e-02
1.847727901486425489e-02
2.025560737568874933e-02
1.707555138291857316e-02
1.779031420332983712e-02
1.965196728878340626e-02
1.742486369891067116e-02
1.948450056307048095e-02
2.579547612901803358e-02
2.373319787051364482e-02
3.414871757777190181e-02
3.355185425157951318e-02
2.405183136585867243e-02
2.447713815618659389e-02
2.171855550318873770e-02
1.922761215072323754e-02
2.284502442102120598e-02
1.824968719459519814e-02
2.139874665081288943e-02
1.816245837687133213e-02
2.513455686056394363e-03
-9.452416032659810563e-03
-2.857940478430644193e-02
-3.939125590048757342e-02
-5.014994979104789308e-02
-5.721615106584434368e-02
-5.795384760491188725e-02
-6.305002363001231680e-02
-5.888426349575999474e-02
-5.002748446817870120e-02
-4.716024919622967965e-02
-2.792443279319704180e-02
-1.765000276664617507e-02
-3.244783471758751637e-03
5.054197595299862213e-03
7.044715343634533160e-03
9.866448577164961542e-03
1.194763011480830250e-02
1.194509013584363691e-02
1.690019250091709044e-02
1.869788416267853526e-02
2.087855568377404783e-02
4.083172080506498880e-02
4.794015540026597827e-02
5.554551989429806075e-02
7.106721225139708831e-02
6.844491749314048079e-02
7.452181788043224508e-02
7.320575894964981289e-02
6.468292462995231529e-02
6.508715794476610528e-02
4.760224146486609353e-02
4.353042629651025786e-02
3.882291748516557284e-02
2.954646094094832628e-02
2.914013723862800276e-02
2.302107840289785087e-02
1.234663389621718302e-02
9.910209529787557259e-03
2.163019731563184996e-03
-4.120655515354769254e-03
-6.844538619071378199e-03
-1.375617753428993138e-02
-1.681820372836157623e-02
-1.961200218980544904e-02
-2.445042745901472234e-02
-2.543694588506964852e-02
-2.785995898863408149e-02
-3.087580864987237925e-02
-2.968710563334589145e-02
-3.221736321740716058e-02
-3.177993911252523229e-02
-2.836298860783070808e-02
-2.886092936156098993e-02
-1.978148422653431757e-02
-1.771460833218310021e-02
-1.381209238225753616e-02
-8.558982231986691711e-03
-7.220440258609009052e-03
-5.175264360645842783e-03
-2.851088124236395797e-03
-3.242152667320288319e-03
-5.231413635698792947e-03
-3.300694524296098574e-03
-1.153547906772151542e-02
-1.228634536694098167e-02
-1.481717011152643669e-02
-2.461216073545192257e-02
-2.023939772841002946e-02
-2.698212361690839264e-02
-2.966917073373126490e-02
-7.497180922891139368e-03
-6.285627825422831876e-03
4.419087228985116821e-03
1.402510435332540717e-02
8.920481709089546699e-03
1.879449984688234820e-02
8.877013154398111922e-03
-6.456659348240433895e-03
-1.051176353722222540e-02
-3.549576329097407085e-02
-2.947867550586643140e-02
-3.699748764981701521e-02
-3.897689071201995009e-02
-3.883028166017645638e-02
-3.307422047871789311e-02
-3.087996322107209451e-02
-2.843520190956601995e-02
-2.006401706262487834e-03
3.454168199481287040e-03
1.042973158946701451e-02
1.792581112915384717e-02
2.452617110085628105e-02
2.721931445714667955e-02
3.050104233646380725e-02
3.394380530427941467e-02
3.383632595197443721e-02
3.643689798161776905e-02
3.699755801820545087e-02
3.348245137182304099e-02
3.371700714275473187e-02
3.234191783891854355e-02
2.971257784441723102e-02
3.057909413360167250e-02
2.685568045953443117e-02
2.331238025718949600e-02
2.608484050266709348e-02
1.122771378464534030e-02
1.131386993401644822e-02
6.211539427763698024e-03
-3.290546263798593829e-02
-3.481404099501415883e-02
-6.221803922702194567e-02
-6.983705120185472459e-02
-6.427950054686597248e-02
-6.862870136254416165e-02
-7.160103474881941710e-02
-6.523683405893834775e-02
-7.110067304952075173e-02
-6.978934240935340261e-02
-6.299384371686568562e-02
-5.881649776963056991e-02
-5.331373136391901607e-02
-4.970219426628708081e-02
-4.688249686192726834e-02
-4.415843194294861301e-02
-4.203128781042398537e-02
-3.924435024375795555e-02
-3.793020796517971444e-02
-3.355102585800923826e-02
-3.184278150755560227e-02
-2.701734670508879402e-02
-1.504214762479436952e-02
-1.814257497035987737e-02
-1.310731858722488825e-02
-3.515078948812343403e-03
-8.959047762456744807e-03
-5.604948154323233234e-03
-9.142895737142837931e-03
-2.294746244879282762e-02
-2.744603174820924377e-02
-4.547635712520741585e-02
-5.624303103372260693e-02
-6.601092355748883200e-02
-8.117295950124396586e-02
-9.368604721397659485e-02
-1.037977402871094745e-01
-1.193252338332190382e-01
-1.240783866719607775e-01
-1.356032793927492153e-01
-1.432947996798314694e-01
-1.500475713974702974e-01
-1.630003036764116342e-01
-1.666015166437901929e-01
-1.798606108931874170e-01
-1.878723964371561139e-01
-1.889094829254643615e-01
-2.017206082192333771e-01
-2.001869922782158473e-01
-2.028385538646524100e-01
-2.099568575519815128e-01
-1.991781100310238140e-01
-2.037059053126996089e-01
-1.955835548953536729e-01
-1.769375458769093523e-01
-1.710768101388522033e-01
-1.419876383363424255e-01
-1.251988598737396041e-01
-1.114509583038083146e-01
-8.519436270926619703e-02
-7.793538353048867773e-02
-6.859998732556314704e-02
-5.545601955332121746e-02
-5.625903126775327889e-02
-4.712168345166362765e-02
-2.784395179823589278e-02
-2.541589783616397813e-02
-1.881074517559620102e-03
1.165455400408241769e-02
9.013672828489666111e-03
1.932526557869851044e-02
1.938731167063610303e-02
1.778589070835644853e-02
2.708429671808062350e-02
2.482451554309209746e-02
1.639668339118809451e-02
1.688238934366155172e-02
1.094065456843260932e-02
1.000136888984601118e-02
7.692404988654662386e-03
5.767559813206997628e-03
6.474187203190514064e-03
9.263012213406807138e-03
2.393375856997615250e-02
2.654670290507272698e-02
2.888295608309769322e-02
2.841828953466407973e-02
2.033400809703235501e-02
1.878201893195339395e-02
-1.395086719936686898e-03
-9.976634756816165142e-03
-1.818176336969390405e-02
-3.210932251448077313e-02
-3.885574996074057236e-02
-4.676691358743576693e-02
-6.113246087943409457e-02
-6.712271024501732797e-02
-7.428284932185080791e-02
-8.352139117470712415e-02
-8.412400350817757222e-02
-9.278633032287041116e-02
-9.118081004595887662e-02
-9.433064730945024678e-02
-9.498525449539646504e-02
-8.540539266968093235e-02
-8.580738203967984423e-02
-7.506484433356085118e-02
-6.689847972593300496e-02
-6.747194091631480983e-02
-5.653742086409884599e-02
-4.615917317877360482e-02
-4.360161948716639174e-02
-3.544246588051811614e-02
-3.507924730006999059e-02
-3.645013688107904409e-02
-3.706217720340542615e-02
-4.023383357764627466e-02
-4.169362610702619099e-02
-4.404139902542067442e-02
-4.350747462766214879e-02
-4.332795752109590975e-02
-3.884653724698722971e-02
-2.737017504335014992e-02
-2.117313518200131597e-02
-8.755141078734799201e-03
-1.155597439910247687e-02
1.035286036595668181e-03
-3.761138964879600071e-03
-1.339593260391450449e-02
-2.853272231570985751e-02
-4.330316025491162679e-02
-4.649503286347533848e-02
-6.063159808734055328e-02
-6.591652811947250334e-02
-6.851805703787092194e-02
-8.121193633984627458e-02
-8.153140055262003694e-02
-8.422105172491162195e-02
-9.275859008389567006e-02
-9.310792505405829367e-02
-9.761604410337477999e-02
-1.014377994389680793e-01
-1.015714643181166443e-01
-1.053872000761217342e-01
-1.045497355774727688e-01
-1.046471508354618329e-01
-1.035684066246588819e-01
-9.888512084477833752e-02
-9.738249126561017432e-02
-9.379414527891935527e-02
-8.897489131455105227e-02
-1.000218246643951592e-01
-9.861032154177641618e-02
-9.907920277104687035e-02
-9.628338835453086053e-02
-9.000608126231701700e-02
-6.518467161596966375e-02
-5.907777919968797142e-02
-2.753751195470457644e-02
-1.479306383893065104e-02
-6.951538534950673330e-03
5.997685727120831423e-03
1.309355342458751528e-02
1.722990707038051308e-02
2.326751675995177362e-02
2.630547306835193111e-02
2.396074753980897629e-02
3.027795828803120717e-02
2.882918146695656950e-02
3.078456724148894222e-02
3.283858913141478320e-02
3.194543090723192535e-02
2.984187827223951095e-02
3.181933729263039523e-02
2.568418206638719073e-02
1.130267155543081097e-02
5.190734045819268318e-03
-2.072132217853992278e-02
-2.952486263249096479e-02
-4.127356987903792879e-02
-4.665727580432948302e-02
-4.759414314859805595e-02
-5.194034005098395468e-02
-4.335639878166445277e-02
-3.923336630594952829e-02
-3.111182192400651844e-02
-1.663991797327318486e-02
-1.206716230179589490e-02
-4.284405795189589333e-03
1.331665449475870518e-02
1.716798406703779964e-02
2.397179857489380519e-02
4.250204238989870043e-02
4.858809875506555492e-02
6.166192722544928950e-02
6.900309029716578113e-02
7.676041389315643726e-02
6.611446253101077586e-02
4.142735642890914283e-02
1.489693431862477817e-02
-2.306603678545187438e-03
-3.405388545208844209e-02
-4.860600964048086142e-02
-5.984596326574905673e-02
-7.603566056358872227e-02
-7.843336219467812731e-02
-8.480172274221776940e-02
-8.929486303867573138e-02
-9.085375744924642505e-02
-9.370439084302391308e-02
-9.641875040041764100e-02
-9.880887986103403797e-02
-9.876989988191813008e-02
-1.033065545453782930e-01
-1.003377267699651493e-01
-9.889971199671696023e-02
-9.671247292572798804e-02
-9.033697623577242874e-02
-8.838221350996676440e-02
-8.196565806932448739e-02
-7.625317754767778344e-02
-7.323163409073936425e-02
-6.452146766302140068e-02
-6.109968460127775808e-02
-5.845328662520533208e-02
-5.373136526795982415e-02
-5.453296304587128274e-02
-5.283987189125245038e-02
-5.369700344682541010e-02
-5.619448504105307302e-02
-5.830639421763363778e-02
-6.523771923772393733e-02
-6.704280505409762614e-02
-7.608466824879650536e-02
-7.731077311813297492e-02
-8.201749032583101340e-02
-8.616576671577037827e-02
-8.580499731992431711e-02
-9.033625152499484556e-02
-8.843183188633048364e-02
-8.915221291952273031e-02
-8.860838481378650877e-02
-8.376398645446833657e-02
-8.272382118260659944e-02
-7.847461138372785472e-02
-7.611911040220850633e-02
-7.380181132957432111e-02
-7.088516301300883116e-02
-7.101769314542905054e-02
-6.770866763539408473e-02
-6.921887993353283142e-02
-6.890655064228534687e-02
-6.767234800096058600e-02
-7.280369104929097779e-02
-7.144763348658214608e-02
-6.653345876724089947e-02
-6.401501645569065979e-02
-5.085554395979278303e-02
-4.262794732226585920e-02
-2.113984123949149904e-02
-1.418762949852214218e-02
6.386447217328727020e-03
8.427543691843975351e-03
1.522329354157089809e-02
1.973228182846540474e-02
1.141471766111043333e-02
1.145994511897418904e-02
-1.016055600976536674e-02
-3.966210886998397522e-02
-5.067199887633366817e-02
-6.279348809818573185e-02
-6.702494517666418572e-02
-7.705894183362033134e-02
-7.843149275941505016e-02
-5.810559283927679147e-02
-5.520592395320746831e-02
-3.983668282079705358e-02
-3.095297769772637972e-02
-2.156947602194821123e-02
-1.167743541301142531e-02
-4.346552909955643008e-03
1.053733616279666808e-02
1.331147752051656426e-02
2.720783689263253299e-02
2.855443460483505363e-02
2.836258380296022633e-02
3.339314858176857526e-02
3.209432316020605080e-02
3.336036625242797676e-02
3.388153291857960714e-02
3.355982586488327757e-02
3.406534481379398099e-02
3.203664365631309074e-02
3.195202264928547614e-02
3.182125304010736955e-02
3.134180576768306331e-02
3.131659110280915481e-02
3.116743321769697636e-02
3.102351593760412432e-02
3.084321258270385918e-02
3.082308890750137462e-02
3.042162445911672855e-02
3.044818295755499088e-02
3.040476021096770454e-02
3.034791109020872069e-02
3.036529993789658169e-02
3.034680494819342461e-02
3.034228940107505310e-02
3.034472907045420581e-02
3.033903649257890453e-02
3.033963868653537579e-02
3.033907098753169107e-02
3.033787269799669006e-02
3.033831864920010293e-02
3.033802322997673426e-02
3.033807148373695098e-02
3.033874294686253470e-02
3.033894118409666274e-02
3.033998219150717962e-02
3.034184302748734602e-02
3.034237228080873330e-02
3.034712243868290665e-02
3.035064791531276451e-02
3.035312314839045192e-02
3.037108094771540784e-02
3.037151104843893376e-02
3.039185900217453162e-02
3.044290012724956002e-02
3.041920594877088255e-02
3.053412320437659186e-02
3.063946469472233342e-02
3.053062567168647948e-02
3.096258787930673134e-02
3.126182606246856455e-02
3.031337596369246268e-02
3.216516028733062971e-02
3.270702625481242132e-02
