1.335413032710796102e-02
9.704172132566567591e-03
-5.387642638232061770e-02
-5.854951557474059182e-02
-6.124874576270198517e-02
-7.511791895903324745e-02
-6.542559550648513467e-02
-6.986864744048996989e-02
-7.022235583223515598e-02
-6.829833439488311453e-02
-6.994397392236746669e-02
-6.928706050117529325e-02
-6.920843902150315696e-02
-6.954111899767534410e-02
-6.922814681437079731e-02
-6.925072321107181295e-02
-6.934618078176615907e-02
-6.893353409423065570e-02
-6.899108775193163456e-02
-6.897113998522788614e-02
-6.750664095672095910e-02
-6.731537943607632246e-02
-6.715008537487304752e-02
-6.661688137139268329e-02
-6.650734152514159447e-02
-6.704175269768321288e-02
-6.585357050328057016e-02
-6.696493862883033665e-02
-6.767324147604121543e-02
-6.449635190045907573e-02
-7.139809409391505157e-02
-6.880460905035892805e-02
-7.585035706356355045e-02
-6.781971266838397738e-02
-5.246295677767529031e-02
-5.436870427779660897e-02
-8.542292169522401266e-03
-2.896108141612418509e-03
1.680769018836400161e-02
3.836035186379509188e-02
4.095965935819080583e-02
6.969663444728661783e-02
7.306796074481988756e-02
7.754292522822345268e-02
8.658956600700881689e-02
8.922848618019371680e-02
8.935428683990308263e-02
9.667248074319961804e-02
9.760693971901737709e-02
8.738714811846018393e-02
8.757777016648313206e-02
6.147040992131865000e-02
4.325245814598410038e-02
4.291657074474072853e-02
-1.401516943910765915e-02
-2.456345426881255400e-02
-3.800634729426591307e-02
-1.705651622187937810e-01
-1.825842567808982353e-01
-2.486061575775122545e-01
-3.107711302189689051e-01
-3.070732197207949876e-01
-3.560817689521328933e-01
-3.314989551696735925e-01
-2.890380662646892529e-01
-2.912229910760149032e-01
-2.580190974716986552e-01
-2.793066390097581619e-01
-2.996553917258042432e-01
-3.090894736318029468e-01
-3.767217200958134504e-01
-3.847173338023406886e-01
-4.074869035949083562e-01
-4.517625333958606437e-01
-4.330536672651810748e-01
-4.758599671830465172e-01
-4.635349356305528135e-01
-4.397599039621565287e-01
-4.445320382437933926e-01
-3.669521474281131068e-01
-3.491796398552741154e-01
-2.964979994960834087e-01
-2.191909754020344714e-01
-1.935809795193060567e-01
-1.562584405287298916e-01
-1.387742361423847104e-01
-1.376848418952677788e-01
-1.334235151743398129e-01
-1.628669909221073797e-01
-1.785577899144925318e-01
-1.755295517915477499e-01
-1.964334756324227216e-01
-1.642931590021104726e-01
-1.554660495204711057e-01
-1.050094585232930200e-01
-7.643952262575277878e-02
-5.610851818751314002e-02
-1.955713706311514900e-03
6.815874074499377565e-03
-1.960168502490881783e-03
1.122528341974044462e-02
-2.979065570827072601e-03
-2.247084010424674205e-02
-6.176996837104240662e-03
-3.239653198540688728e-02
-4.587818229634433448e-02
-3.158686651547639584e-02
-6.186959480512573689e-02
-1.133084660450431186e-01
-2.334994646215144964e-01
-3.058986297257128006e-01
-3.198960202259130692e-01
-3.239562525402003290e-01
-3.172208694997766809e-01
-3.031778247618329147e-01
-2.798427037399450756e-01
-2.467922699287108945e-01
-1.996220000578891041e-01
-1.509288082503371931e-01
-1.209481375985775181e-01
-9.775310377299764597e-02
-6.578659318473853435e-02
-6.525258564997861443e-02
-3.660714493352380805e-02
-3.091062262080737991e-02
-1.241408022336808019e-02
3.774469726096859462e-02
8.081859356670609285e-02
6.470464243410802008e-02
6.141016247729401412e-02
2.715519548736763239e-02
-1.995006445378314300e-02
-2.973523420966440664e-02
-1.151501960142085057e-01
-1.576708710119479606e-01
-1.742145874510010184e-01
-2.537691733050250198e-01
-2.555553081510228419e-01
-2.620698678803036752e-01
-2.830069756731216080e-01
-2.709989678813016778e-01
-2.836113360034867026e-01
-2.809298076173737391e-01
-2.647942149239898013e-01
-2.740107816638295279e-01
-2.498047905673803637e-01
-2.434843556275576304e-01
-2.349508957407901444e-01
-2.003013507150102623e-01
-1.927648983293160923e-01
-1.745711890109376274e-01
-1.517077865744904108e-01
-1.547343620940170861e-01
-1.354939440461349343e-01
-1.243174864423456510e-01
-1.249962287931313532e-01
-9.190339083170559475e-02
-8.720205688802498689e-02
-5.547794595047556704e-02
-3.605207745045228840e-02
-2.833489436645723197e-02
-3.394750663754213943e-02
-3.840547848499641093e-02
-5.138706668661296301e-02
-5.734007847397703389e-02
-7.183597609991237976e-02
-7.641682946036043589e-02
-9.410079290954447007e-02
-9.436512260646984229e-02
-8.313252900684436897e-02
-8.331755798088660847e-02
-7.694167782862905425e-02
-6.535957151505071561e-02
-5.280051631059404921e-02
-4.670857359886714660e-02
-1.145369424130255297e-02
-1.240352711034931575e-02
-3.552158370710738200e-02
-2.772565459142724981e-02
-1.984774864068240482e-02
-2.743639035306295881e-02
-2.315215636502036128e-02
-2.588692629558506098e-02
-2.406122618651615128e-02
-2.276260758154768915e-02
-2.817684572338145094e-02
-2.640430785219186408e-02
-2.553016144092944140e-02
-1.322017632031430301e-02
-2.283804968878410876e-02
-3.154523035449150609e-02
-6.479732590013921600e-02
-1.541003180629268998e-01
-1.828232210339155173e-01
-2.911989816346099991e-01
-3.373686058136656785e-01
-3.565191638517282158e-01
-3.898200821281972983e-01
-3.739498819267129126e-01
-3.646650546465572407e-01
-3.634546639690889869e-01
-3.560337158882407871e-01
-3.538414025584518674e-01
-3.418149232335396248e-01
-3.274834489136228544e-01
-3.134624258839407984e-01
-2.904589143920845440e-01
-2.734863646230430989e-01
-2.467505591225067907e-01
-2.250296215317226234e-01
-2.103291673384678484e-01
-1.868156714690437648e-01
-1.727830636038305556e-01
-1.575791590038694845e-01
-1.386819494092376148e-01
-1.284308218703748006e-01
-1.130357983379600001e-01
-9.862114479210438989e-02
-9.136463485261420159e-02
-7.658858193906727119e-02
-6.998561459765974269e-02
-7.340171431332348506e-02
-6.542088481274094258e-02
-7.267688734365974901e-02
-7.426363547938828746e-02
-7.332221936024142794e-02
-8.511480928592618511e-02
-8.511771574186133282e-02
-1.008601385981855864e-01
-1.012457194900401591e-01
-8.506945370400031958e-02
-8.946778033720867440e-02
-5.215581734857929058e-02
-4.034481867692709528e-02
-3.662825780025454059e-02
5.081440905795794882e-02
5.504370351865134348e-02
3.645476111846388673e-02
4.403604602365057685e-02
1.603305435210955476e-02
-4.165213547148323143e-04
2.345816602395616162e-03
-1.148366472593768083e-02
-8.756981212602245324e-03
-3.513098335003978639e-02
-3.229933816897986865e-02
-3.597696312128067370e-02
-4.655292812411210984e-02
-4.511587574876115697e-02
-4.833558243063964394e-02
-4.628446528360838363e-02
-4.619693988187593275e-02
-4.659920810653866985e-02
-4.489737357029767451e-02
-4.530454909551162590e-02
-4.439363059167157621e-02
-4.207194469692095151e-02
-4.140847451928132000e-02
-4.132539142574696150e-02
-4.368087397764967156e-02
-4.003803518193579936e-02
-4.545276354493488907e-02
-4.950340923018201750e-02
-3.799532836424492771e-02
-6.893868849322888626e-02
-5.358675439620978059e-02
-5.582408826565386090e-02
-1.620290878867544360e-01
-1.604236551176132231e-01
-2.169986332888530767e-01
-2.320450046105191066e-01
-2.085860346405634669e-01
-2.367947819542708388e-01
-2.325831589138220301e-01
-2.279852661564149841e-01
-2.615058781477965777e-01
-2.447883000404093012e-01
-2.144893948930945982e-01
-1.548065353037298975e-01
-1.284979498467987147e-01
-8.749623937287689945e-02
-7.077371915013727643e-02
-5.789615734561850274e-02
-3.688021194146710868e-02
-4.091552801551011365e-02
-3.386384228037638694e-02
-6.240546887746107468e-02
-9.138049545549693786e-02
-1.106217852979775873e-01
-7.839504194924303004e-02
-8.481590866548049945e-02
-8.240551285227115663e-02
-9.182599336439639659e-02
-1.444070910303795474e-01
-1.567829021966605507e-01
-1.932935647061603812e-01
-2.248694001291721978e-01
-2.256646399929043700e-01
-2.543544090036740646e-01
-2.657539014719315640e-01
-2.800747534044439879e-01
-3.095580279653563083e-01
-3.233644188320745627e-01
-3.486288998621420721e-01
-3.772308201779869807e-01
-3.908399102782879053e-01
-4.131275933826204505e-01
-4.253573626661323881e-01
-4.342849139388424984e-01
-4.435381893565970013e-01
-4.397433641887024125e-01
-4.370633361637155656e-01
-4.103069867567435969e-01
-3.936537461669409321e-01
-3.607492537156696821e-01
-3.199951996369477247e-01
-2.889416827185505299e-01
-2.326995393749462793e-01
-1.736763736010710490e-01
-8.147944766431852726e-02
-3.331853737857405628e-02
-2.493835881441251387e-02
-2.838269897437004780e-02
-1.929380033346184131e-02
-2.947905020011774499e-02
-2.470295517732100030e-02
-3.147202393031722778e-02
-3.109561896660110666e-02
-1.845779525658082856e-02
-4.508781510201932685e-02
-3.226638936908902966e-02
-8.554479797337606606e-02
-1.817089574845257571e-01
-1.995342741159421562e-01
-2.426763664140655086e-01
-2.494196837036635750e-01
-2.523095341096044941e-01
-2.410421977953280670e-01
-2.172838912284063284e-01
-1.873255207725261218e-01
-1.201067579951665409e-01
-9.332711344287981936e-02
-6.219132851980391924e-02
-4.396055794524489357e-02
-3.512837558928867676e-02
-2.241727026199342998e-02
-1.760731764378765940e-02
-1.443692372866901309e-02
-1.738062731086099585e-02
-1.996887088163336668e-02
-5.844535435179479960e-02
-9.464730922582159645e-02
-1.295938157696535364e-01
-1.723414039941554010e-01
-1.981010051490186274e-01
-2.155555816886702558e-01
-2.493179474297078646e-01
-2.708558286770124113e-01
-3.008169233264502695e-01
-3.340178623447465633e-01
-3.270055480056280883e-01
-3.452117730246941907e-01
-3.373956339350154821e-01
-3.231498626799831908e-01
-2.910093139356305092e-01
-2.633592817884998771e-01
-2.192137670118755322e-01
-1.546740270007613272e-01
-1.071358704022989106e-01
-7.928293924529851433e-02
-3.754885468793418141e-02
-9.482046452466025635e-03
1.473966083897342710e-02
2.218018323082404306e-02
1.882074360254071960e-02
3.302564875916419451e-02
2.958485657858717435e-02
-7.004854289809291611e-04
-1.069250891495310100e-02
-6.395010463293702985e-02
-1.195637588031775861e-01
-1.667645645847683489e-01
-1.529251605953646231e-01
-1.419998060054968037e-01
-1.224638519831278693e-01
-9.333071171486784223e-02
-8.038059641923950283e-02
-5.349662286267516109e-02
-4.308856474886392507e-02
-3.516335993897266171e-02
-1.841487197859461439e-02
-1.764823578119751810e-02
-5.064072528163181784e-03
4.409460884708908267e-04
3.081260381072358293e-03
1.414115116667528579e-02
9.989128648320603696e-03
1.650734154557989899e-02
1.297293531221763510e-02
8.467241065105106769e-04
2.607607352602968375e-04
-2.300365945079306529e-02
-3.607218578985599278e-02
-4.298479444210692724e-02
-5.356504760848240787e-02
-3.015738721166177916e-02
-7.934113578954616469e-03
2.529482449058072409e-03
1.022158649889639941e-02
2.587815159457604666e-02
2.741703272996469723e-02
5.010673815995875247e-02
5.257406356904578693e-02
4.736240220403774293e-02
5.035038879977763587e-02
4.728443111165932244e-02
4.662969806443113124e-02
4.551717566100054596e-02
4.458670944656908247e-02
4.309282750040491911e-02
3.957681143230596527e-02
4.137933573605345056e-02
3.231711244860186599e-02
2.988180593868759033e-02
3.155489603052678838e-02
-1.025441211241578682e-03
2.780977957265769705e-03
-1.634862016404443202e-02
-1.717605498389570412e-02
-1.542578477622957335e-02
-2.177334077782441465e-02
2.861695382227013966e-03
-2.293187821760669844e-03
6.280648719168877014e-03
1.672493713032552863e-03
-1.028345049992356562e-02
-1.574738979492085536e-02
-4.433574243274391452e-02
-4.834891097244313485e-02
-8.396809536899756121e-02
-8.390229573099304561e-02
-7.147741444949072542e-02
-8.213093091205156404e-02
-7.184354082568865374e-02
-7.267915077301462246e-02
-7.037212059666132780e-02
-5.895752323052215471e-02
-6.644261018921272799e-02
-4.081373069274184251e-02
-3.428992241600248986e-02
-3.748836029573689860e-02
5.409439954780279058e-02
4.846709281717333923e-02
3.192592265497733867e-02
2.989896532528140902e-02
-2.210234102710275511e-02
-2.753708636581796154e-02
-8.455862553444869201e-02
-9.723838198545550759e-02
-8.570659487504925234e-02
-1.058154819960468174e-01
-1.014909258865958341e-01
-1.030525721005035034e-01
-1.067597774243000536e-01
-1.047050452042943558e-01
-1.053042781027825614e-01
-1.029758363699604662e-01
-1.034076781132436812e-01
-9.674184494701174031e-02
-9.333611505080513515e-02
-9.283236848591817914e-02
-6.708291367423620255e-02
-6.920827743815682886e-02
-6.503025539733139904e-02
-6.362405545980648336e-02
-6.996876845466708239e-02
-6.797215079832714946e-02
-8.856868433907294502e-02
-8.670669261364648273e-02
-8.787131229078541661e-02
-8.813756864805548374e-02
-8.441361182838229282e-02
-8.632482011126349497e-02
-6.590697615430997358e-02
-6.731305099371355516e-02
-6.361797661806858906e-02
-5.814951195101898673e-02
-6.680613985224576057e-02
-6.493213783965987029e-02
-6.615443604104702391e-02
-6.803788791772938382e-02
-6.745361068429704676e-02
-6.833010800202933555e-02
-6.855184286707068086e-02
-6.854148443755342379e-02
-6.883309593687665651e-02
-6.883423861207232930e-02
-6.889373315215409355e-02
-6.895674820611794043e-02
-6.895785579155101763e-02
-6.897604015078688533e-02
-6.897710656420201480e-02
-6.898279169677505596e-02
-6.893297214754498525e-02
-6.894144614532676796e-02
-6.890009205774830225e-02
-6.872331209143131558e-02
-6.885833929972991208e-02
-6.846386479671329184e-02
-6.822681373106137537e-02
-6.862399637748858860e-02
-6.670780260369531256e-02
-6.765899717211248943e-02
-6.698265163622606211e-02
-6.130264850016768630e-02
-6.849211959690196250e-02
-5.675088951152770789e-02
-5.001454135445226878e-02
-5.750386285445478057e-02
