-6.820468497588647906e-04
-7.061865497965927243e-04
-2.301931839045264644e-04
4.079579681740193466e-05
-8.802695695459401793e-04
-1.081191070225399724e-03
-2.066028593447457977e-03
-2.328284296956366090e-03
-2.616000398837494984e-03
-2.951337849721736607e-03
-3.050390269437488859e-03
-3.213654657669292106e-03
-3.317664173998769069e-03
-3.373246520067324592e-03
-3.442486384682588111e-03
-3.477120536231320409e-03
-3.505704130641118261e-03
-3.530050429712236568e-03
-3.542290385713148509e-03
-3.552136575847440053e-03
-3.557254882311595024e-03
-3.557955781898145854e-03
-3.552922786696595045e-03
-3.547712122335329975e-03
-3.533490248282167203e-03
-3.510871717169670048e-03
-3.495110254687158573e-03
-3.443024210620282324e-03
-3.400489832285075956e-03
-3.352629947141519927e-03
-3.202827582684175754e-03
-3.164340701174929611e-03
-2.960354354450814730e-03
-2.640931519065595201e-03
-2.670710119551115719e-03
-1.868388693082024838e-03
-1.900711148537859553e-03
-1.670977831280878690e-03
-1.387047620423069883e-03
-1.437610158265910766e-03
-1.171813281842733461e-03
-9.486608780857769827e-04
-7.934423033812489394e-04
-3.100249044432556443e-06
-6.086749906288000940e-05
7.561703161861285140e-04
1.912489032349839243e-03
1.556271839121297750e-03
2.459985236522783600e-03
2.108952348218834719e-03
3.659641773306271384e-03
3.208592484579108738e-03
1.410724185281921018e-03
1.791399945384774964e-03
6.021516864218727158e-03
1.401035158269982143e-02
2.002041021801107684e-02
2.739228111944740085e-02
3.385836024190980176e-02
4.249180516642692834e-02
5.013018683902205341e-02
5.832216246085390743e-02
7.067485615306690061e-02
7.220809955908596978e-02
7.975164283630060968e-02
8.174441343990006270e-02
8.387506986336780435e-02
8.787732518188244579e-02
8.860701698187592457e-02
9.043178732395970587e-02
9.255574802513635846e-02
9.340353954211640108e-02
9.547702390383076831e-02
9.553710826457983973e-02
9.417526007478051187e-02
9.523855173419748521e-02
9.113957331017653873e-02
8.909689743985475807e-02
8.755007344283990967e-02
7.769447348561861477e-02
7.579010997490026602e-02
6.654482535109859653e-02
5.552661631068116915e-02
4.861622771576397384e-02
3.611151262802719114e-02
2.734992307981241877e-02
1.898046987748358214e-02
1.294958508354294643e-02
8.155949525345883994e-03
6.157454951942638137e-03
5.797344486119496501e-03
3.446200401865850017e-03
3.572007692102156275e-03
2.432833360439502594e-03
-1.867593132748430812e-03
-2.940081466053714922e-03
-1.588954944390108819e-04
3.647814443197376459e-03
8.139623639123632834e-03
1.272288628215285239e-02
1.326701128064217312e-02
1.450773093211938508e-02
1.840205018291001318e-02
2.018485060897826436e-02
1.809872307477635237e-02
2.245806838562804109e-02
2.141447182457841686e-02
1.788865615843182252e-02
1.975596672126787509e-02
1.477326982767205449e-02
1.113812477421881157e-02
9.463449910033167392e-03
5.956931682365727669e-03
5.398359453862760018e-03
4.032630514936748345e-03
3.533502448992208427e-03
3.525970385018293522e-03
3.946174199536872478e-03
6.778426052933892235e-03
1.038145375086734108e-02
1.240667422607118556e-02
1.194431094973085090e-02
1.395595083588199899e-02
1.232286561089132593e-02
1.290492434467518934e-02
5.686733991682109933e-03
3.814914939392253200e-03
3.683192474244811887e-03
4.112300284470140309e-03
1.740506986890536260e-03
1.686267894795536685e-03
1.947906500505359063e-03
-1.282522762062260813e-04
-3.946140021597318117e-04
-2.144743474237174440e-03
-9.384186223241155686e-03
-1.120404246001875659e-02
-1.101114984074728735e-02
-1.457010120469886053e-02
-1.310670391703772086e-02
-8.359952337370538111e-03
-8.286932138008107004e-03
-7.007384246033412575e-03
-5.260712412911901573e-03
-4.138686731455780421e-03
-3.919828801319549111e-03
-4.120972211381236823e-03
-7.080579010062408411e-03
-7.595957499173497211e-03
-7.379244270417362195e-03
-8.364322227247712391e-03
-7.647714382046464678e-03
-7.159115386204982674e-03
-8.717098382624216546e-03
-6.530861683255560421e-03
-8.297763862546539068e-03
-8.113387640748608368e-03
-4.132545954001461651e-03
-7.366040891116996947e-03
-5.208608128436627641e-03
-6.464192586061886202e-03
-8.837932433975818555e-03
-8.209805329389630729e-03
-1.217098871476130807e-02
-1.167037859952880889e-02
-1.174305452755648217e-02
-1.189199676209291498e-02
-7.889990966705385383e-03
-7.450990596410156722e-03
-5.012932663146146828e-03
-3.939839638637994152e-04
8.087537345702187257e-04
6.293698659452355917e-03
1.418175470103807956e-02
1.871052743350001477e-02
2.734211752884999416e-02
2.969067911982443617e-02
3.553408554468398539e-02
3.603695276730383562e-02
3.197981748145784647e-02
3.402575366478852864e-02
2.613081496865121006e-02
2.489161576027321479e-02
2.684140484318881317e-02
2.199740325115836712e-02
2.470512778961811429e-02
2.265674121969811147e-02
1.962056377659957343e-02
1.996783156655613373e-02
1.638518788746443425e-02
1.635209535847668635e-02
1.568644020599356884e-02
1.503115499085108490e-02
1.543144671339159377e-02
1.538707962036925565e-02
1.770836782208998553e-02
1.906815154535992582e-02
2.001733936036376171e-02
2.176677725714691591e-02
2.245922616429709556e-02
2.400825586441988208e-02
2.458686911683181237e-02
2.569421685017249379e-02
2.618456079274196144e-02
2.735923419645377302e-02
2.817178980963227358e-02
2.852923620780391592e-02
2.934951385121713913e-02
2.974335112974501802e-02
2.962482368314971887e-02
3.038495557445523507e-02
2.986033120302215155e-02
2.937437994248499190e-02
2.932883789779716296e-02
2.602661575870793623e-02
2.578457377392973440e-02
2.330259272085194455e-02
1.958448725755178310e-02
1.819727252295710168e-02
1.511562342431518532e-02
1.365627580644908703e-02
1.229302400385838892e-02
1.081636124383922835e-02
8.723693104471574866e-03
7.744894827922883460e-03
5.869878346455843429e-03
4.471440051119044898e-03
4.570263322811217617e-03
2.750781177383686618e-03
1.667022408731982930e-03
2.402268476835741403e-03
-8.414908250559537009e-05
1.285155885482683986e-03
3.237439301301480235e-03
4.012855150032633086e-03
7.986894265337062676e-03
1.200936066004568842e-02
1.580541730775474399e-02
2.447766232388149180e-02
2.839802714358082361e-02
3.357161299372013463e-02
4.884253724234230432e-02
5.268288034094488481e-02
6.249552754918868275e-02
6.999025003077137541e-02
6.727019638230752330e-02
6.992995538895026286e-02
7.487844672198831764e-02
7.152381902967201721e-02
7.420960298221920826e-02
8.353639826122848111e-02
8.692830259954964500e-02
9.708870193338231536e-02
1.214510885598440171e-01
1.365036711193500507e-01
1.486188885313504959e-01
1.603911481097796410e-01
1.582303606263167628e-01
1.625289732681410027e-01
1.599182976492178054e-01
1.539759028219952197e-01
1.542876078548416074e-01
1.384778801216779709e-01
1.316647323173445183e-01
1.181816729720352732e-01
9.470157811182648711e-02
8.217238697654967450e-02
7.808027979563522680e-02
6.831639218236028321e-02
6.483579401527554686e-02
5.848628136476856365e-02
5.360216481718097642e-02
4.493846788556274396e-02
4.149713584981160053e-02
3.584078247816593898e-02
3.100998324181094071e-02
3.002993584323208204e-02
2.462459976993436675e-02
2.710650644300625911e-02
2.843367163980752010e-02
2.998891531290565418e-02
3.962163794092275065e-02
4.389039960292919623e-02
4.948488124364560509e-02
5.547607882856478434e-02
5.902769147990108434e-02
6.004885465506891451e-02
6.094492433217338356e-02
5.799338695923096643e-02
5.302095167073857945e-02
4.741244538618129278e-02
4.109944068631165431e-02
3.636278781073284949e-02
2.872111314221932957e-02
2.476047799764937232e-02
1.934212837565560048e-02
1.334770219727106182e-02
1.061126156219137882e-02
4.260087425618352269e-03
4.338470487952018288e-04
-2.448380275812612767e-03
-9.443535169014997607e-03
-9.576547642841515620e-03
-1.329042236678085361e-02
-1.369849425376731995e-02
-1.051005760556554883e-02
-1.217122911504399038e-02
-8.001370442060364713e-03
-6.492394346671024642e-03
-7.277356567569990588e-03
-3.611139545031062572e-03
-5.034221895386122199e-03
-6.140831430933671800e-03
-5.241843828101289300e-03
-6.086557365134110699e-03
-5.527010930947419583e-03
-4.005826705384436283e-03
-4.276832246819417711e-03
-2.029878519373854839e-03
-2.256983172207858383e-03
-2.028537814281151149e-03
-1.539929100054609557e-03
-1.578655525699423001e-03
-7.999962134678371322e-04
-1.419270798062960805e-03
-1.946144377744891011e-05
4.817642595119236461e-04
-1.516655985477331249e-04
-3.446970558999944145e-04
-7.991511769120952444e-03
-9.650820978982252094e-03
-1.340389184275861921e-02
-1.749101568500626910e-02
-1.826114420376942146e-02
-2.132426446016406907e-02
-2.158920865923056806e-02
-2.150363686496216745e-02
-2.159659095123015946e-02
-2.091852463671442161e-02
-2.018761901897800359e-02
-1.776547425617714532e-02
-1.765131959556845778e-02
-1.403407228897098069e-02
-1.410980934967662366e-02
-1.353508314976217125e-02
-1.218808243999158249e-02
-1.245311818290105454e-02
-1.114386070054719687e-02
-1.084188573716227989e-02
-1.069991245279372158e-02
-7.915226176561747026e-03
-7.703752309053776837e-03
-6.825151533849016863e-03
-6.016075668595256484e-03
-5.825728664844046639e-03
-5.380697807570240104e-03
-5.078270378471736769e-03
-4.882437194051490043e-03
-4.748620360776091565e-03
-4.295296948679733391e-03
-4.361936848845616478e-03
-4.239331527104190853e-03
-4.436900250094634804e-03
-4.753296319583503494e-03
-4.716459927774086826e-03
-5.304466649715917220e-03
-5.298163495232116431e-03
-5.379370119061102629e-03
-5.541805886422117473e-03
-5.529866080727194495e-03
-5.599826709106935085e-03
-5.635176389123424008e-03
-5.643012122994684084e-03
-5.673186640750374835e-03
-5.680994380918776530e-03
-5.690147037565827619e-03
-5.701063800129619816e-03
-5.703916682137942333e-03
-5.710708602327409407e-03
-5.715719298765329498e-03
-5.716843709022385173e-03
-5.726882423298797903e-03
-5.727566202873750692e-03
-5.731946104571656805e-03
-5.755141229153670941e-03
-5.738315447056914834e-03
-5.777285133263005724e-03
-5.806913338733476516e-03
-5.751326319883144460e-03
-5.936590770111153069e-03
-5.845145782338219756e-03
-5.852893246138678521e-03
-6.378211032172211893e-03
-5.660885223044986175e-03
-6.563835972450663032e-03
-6.895081639344975352e-03
