1.046156070063432655e-02
1.050963237616902787e-02
1.793614670604454231e-02
1.785390596007846442e-02
2.173012502098455728e-02
2.244505924685956388e-02
2.319856803311518001e-02
2.365824589671265341e-02
2.368940977738065098e-02
2.392304360244379424e-02
2.396217054047623460e-02
2.400637643469915455e-02
2.406758676216267170e-02
2.407509558310154396e-02
2.409949548928003518e-02
2.411340181727115312e-02
2.411825679259012659e-02
2.412729682455056965e-02
2.413042011178652066e-02
2.413301150355084967e-02
2.413615210977909653e-02
2.413606360805902254e-02
2.413782948661940403e-02
2.413900319182780974e-02
2.413537913983842403e-02
2.414152103544884784e-02
2.413592304407737726e-02
2.412999767359438885e-02
2.415197300664743973e-02
2.410977109242342167e-02
2.413639744073427240e-02
2.416567373000544708e-02
2.401999068894289380e-02
2.423552300922979588e-02
2.407630235579241718e-02
2.394555881517437812e-02
2.438681193125349922e-02
2.400798260931762476e-02
2.481772605355217487e-02
2.458956436251343372e-02
2.402761256277148247e-02
2.486892804040692281e-02
2.261631480901471480e-02
2.243419541071627402e-02
2.252095595730757571e-02
1.597370855976642384e-02
1.627350985955217794e-02
8.468142913391317125e-03
4.389276846737874375e-03
4.208669080296400557e-03
-6.923881433521760810e-03
-7.280655328746934649e-03
-1.332645024200742288e-02
-3.669762406377268665e-02
-3.617240163444310902e-02
-5.917065937791123748e-02
-6.447785930515015362e-02
-6.985377662730166137e-02
-8.141360844431258514e-02
-8.077041644177733459e-02
-8.449705421929454285e-02
-8.186109491027677987e-02
-7.763101308078480811e-02
-7.466607752979934065e-02
-6.516586063645583848e-02
-5.958719740740883730e-02
-3.269358949440227813e-02
-1.509568153691045155e-02
8.767664765809287612e-04
-8.868149494516688533e-03
-7.362944251894253458e-03
-1.086044698581783291e-02
-1.165371599335926836e-02
-1.165789501395036835e-02
-1.361895617220720486e-02
-1.412251296278291268e-02
-1.340020415768368271e-02
-1.745354037973769271e-02
-1.628546810351671342e-02
-1.733754946182404152e-02
-2.792767349332262936e-02
-2.520735330597283219e-02
-3.835587557184132884e-02
-4.323189314025734781e-02
-3.849637736331592425e-02
-5.992584605387900332e-02
-4.696060783020188784e-02
-3.082511526639222788e-02
-1.861785547813904484e-02
-3.246536919920835207e-02
-4.429384937528812322e-02
-6.770178680235604263e-02
-7.404486419863251512e-02
-8.999822639956435444e-02
-1.075763629876003852e-01
-1.050356918876299839e-01
-1.213580072010623789e-01
-1.137396302074745180e-01
-1.053592458302178569e-01
-1.084728189135249626e-01
-7.867373035349251031e-02
-7.670571302366312183e-02
-5.947472608511638476e-02
-4.757169118424438986e-02
-6.215169616549167525e-02
-4.960196080859365780e-02
-6.026083786389502955e-02
-6.008217809990754055e-02
-5.987416886232901220e-02
-7.000396833255467799e-02
-7.146639704796600712e-02
-7.759164643009240636e-02
-7.769324903388895309e-02
-6.721656852139613891e-02
-5.812805489706745349e-02
-4.025642126122225273e-02
-2.659481853314313304e-02
-1.165527328022077785e-02
1.117377584422524044e-02
2.506715280633272855e-02
4.571621896556718467e-02
5.986898566939356792e-02
6.705419366683054716e-02
8.465322939333666530e-02
8.485399703289840667e-02
9.409096237194411461e-02
1.003829776432705323e-01
8.616033433005255981e-02
8.927940962833434690e-02
5.952593045413876599e-02
2.965103260276228531e-02
1.409894980612870496e-02
-1.171104898578640904e-02
-1.642156679038649786e-02
7.178972482099306267e-03
1.116034390502135254e-04
1.098945882816739807e-02
1.446815123976616033e-02
1.417105306697117890e-03
6.102766209111705302e-03
1.335901831799868149e-03
-4.269992815712008588e-03
-3.927789152152863332e-03
-4.924361624265682046e-03
-5.613420819477491983e-03
-7.166187589619324796e-03
-3.571123262949846625e-03
-5.499069265269095411e-03
-4.915900543248756700e-03
8.435018719927817737e-03
1.008635214629198008e-02
2.265396439163744335e-02
3.316017066370940958e-02
3.533913682319068245e-02
5.202451045760868309e-02
5.875128834378182813e-02
5.993418595144159311e-02
8.205985611854665907e-02
7.857610749868523814e-02
9.413381334869423689e-02
1.153775933883848109e-01
1.248102106160128150e-01
1.423097698215932683e-01
1.376954805772692969e-01
1.438244627274727350e-01
1.315763726179310922e-01
1.136774747736804259e-01
9.572199884576679252e-02
4.208068124964640944e-02
3.736327367692069291e-03
-3.995606542338110689e-02
-8.976400962384327442e-02
-1.282157149914264493e-01
-1.479318874685259522e-01
-1.719878184294295898e-01
-1.771492012726188503e-01
-1.897107330582786522e-01
-1.926139133040863372e-01
-1.963066028693505882e-01
-1.973303187977834272e-01
-1.866884294153421942e-01
-1.786986478545111445e-01
-1.707202239817899037e-01
-1.597450840792391524e-01
-1.575595301302771534e-01
-1.562516908040132990e-01
-1.655948746136749750e-01
-1.547266439761502688e-01
-1.627897863596970973e-01
-1.596431709788987963e-01
-1.359368855581576940e-01
-1.417909938177053797e-01
-1.311767154002743407e-01
-1.292004014191051042e-01
-1.515561953724572641e-01
-1.548128197242306381e-01
-1.604893098429869547e-01
-1.737271274285928924e-01
-1.730411945424021047e-01
-1.754921939142887466e-01
-1.795758522260336998e-01
-1.730830818313101593e-01
-1.687618772734551242e-01
-1.628997284376696164e-01
-1.561085940706722353e-01
-1.500627346224066849e-01
-1.445768996800672335e-01
-1.362985971033983945e-01
-1.330208585255407139e-01
-1.247097204295979228e-01
-1.193009732484731772e-01
-1.154642962604896794e-01
-1.037868316500548116e-01
-1.040667939178079732e-01
-9.212013315040912254e-02
-8.108165411072240647e-02
-7.617477856297913408e-02
-3.439086911542867109e-02
-2.717366267040150982e-02
-1.326078877203687272e-02
4.327374183673585173e-03
2.313089672331388597e-02
2.047088352979477624e-02
3.982816947480410236e-02
3.561140431387634780e-02
3.412951426318609066e-02
4.098699343475079721e-02
2.367891046145080558e-02
2.126168394534361239e-02
1.433655611813762151e-02
-1.029727168624333319e-02
-3.601207861731100385e-02
-4.890395232267689962e-02
-8.332146072521115499e-02
-1.018396732883299488e-01
-1.007316250008558900e-01
-1.236440149282864026e-01
-1.146324881668012718e-01
-1.055006834051765707e-01
-1.068393528215278859e-01
-8.376599883028801319e-02
-7.944372659862086739e-02
-6.734207949301158902e-02
-5.056213299155230823e-02
-4.785026065835019243e-02
-2.617946179393420419e-02
-1.409991304140329957e-02
5.264296187168450783e-03
2.374476010101295512e-02
3.163370241533106086e-02
3.268702826568172654e-02
1.619680024060169560e-02
1.692447447827401599e-02
4.594643115534560035e-03
-7.190566734928735722e-03
8.666629112603125087e-03
1.051703692339914535e-03
-3.115834234936685067e-04
2.319640490056795040e-03
-8.968422650264458798e-03
-7.940435653772023525e-03
-1.047577962270055361e-02
-1.598656048137189756e-02
-1.498097739944680498e-02
-2.211215845289723342e-02
-2.084102107844329130e-02
-2.176801687359874310e-02
-1.725139699176475583e-02
-1.262505216678036155e-02
-5.487749762509741211e-03
5.141907424515314642e-03
1.044300006279601234e-02
1.086804080677514217e-02
1.826605281398225103e-02
2.005439110797709729e-02
2.401114319596194674e-02
3.106757426909500727e-02
3.320103984090041344e-02
3.879517181526750264e-02
4.019556480276459398e-02
3.966550377358742108e-02
4.158731955454936235e-02
4.820716832105206850e-02
4.872361737646679208e-02
5.537411562160431816e-02
5.969585121652704746e-02
6.241509184666207966e-02
6.974172757618436747e-02
7.870143357112256710e-02
7.128984475134680920e-02
9.033779546566281238e-02
8.838214309342030950e-02
8.127659498638117874e-02
7.963398123143067275e-02
7.526113404259472672e-02
4.821288156753963244e-02
5.593324669907855790e-02
5.434870065194817579e-02
5.801674145420873674e-02
7.342744080501625858e-02
7.813984139501599369e-02
8.973249837252476879e-02
9.919569573182465683e-02
1.059325044994717385e-01
1.148475649825417416e-01
1.171570941937112448e-01
1.204894558744694227e-01
9.485456829054292327e-02
8.072478653918409297e-02
5.176243431030614489e-02
2.862871308684579799e-02
1.786357394108080074e-02
-5.048258096983644118e-03
-1.337673610376590577e-02
-2.381101328990590724e-02
-2.915738561012553090e-02
-3.156546949031140137e-02
-7.420802914174406961e-03
1.718046029671732935e-02
4.482937594791098351e-02
4.467621271539107958e-02
5.369282969411225126e-02
5.095290713385773607e-02
4.891909777741276777e-02
5.081108641921389807e-02
4.772614125671156143e-02
5.048125196443734725e-02
4.961790263341480517e-02
5.277915850664668951e-02
5.306622906119191907e-02
5.318559756613770728e-02
5.541105346619627781e-02
5.301359900359634697e-02
5.477646370353027316e-02
5.542530210124244766e-02
4.701913209571539909e-02
5.653322081363886670e-02
2.947131415409932204e-02
1.423499167260386389e-02
-3.331302170672794001e-03
-7.065262223901373762e-02
-8.228637784285235124e-02
-1.242923554615052856e-01
-1.387628360332446020e-01
-1.407488734598872082e-01
-1.518810264569506741e-01
-1.545398840764970472e-01
-1.594313152254917543e-01
-1.499999758708651654e-01
-1.436313914545176984e-01
-1.270974096737504666e-01
-9.610403738678166552e-02
-8.172308667343147759e-02
-5.929914481862235548e-02
-4.874273912066880848e-02
-4.222497075823404555e-02
-3.168130419514837703e-02
-4.811980596441629149e-02
-4.621916921859442473e-02
-4.005883540588353608e-02
-4.343168253865251766e-02
-2.375521609014039082e-02
-1.283132694270450874e-02
2.510898438086021141e-03
3.688629224197442075e-02
4.967057464167679709e-02
6.541535089184676022e-02
6.405635644514033611e-02
6.760782326869041459e-02
6.093992401273361920e-02
4.939893293684355369e-02
4.356144438577973926e-02
1.812694589415748264e-02
8.006825484735564588e-03
-1.099068827697684096e-02
-3.199272224123431152e-02
-3.845539843011810260e-02
-6.049138700285205256e-02
-6.810948140159628350e-02
-3.948192605601052313e-02
-2.820412009890891844e-02
-1.411093941271686705e-02
-1.600435368606489134e-02
-2.269199878303623449e-02
-2.865493187908140643e-02
-2.438933894567484745e-02
-2.746124686619501321e-02
-2.503446969244341874e-02
-3.552873597049806265e-02
-3.545694251931205687e-02
-1.599077936232935065e-02
7.146547972233499493e-04
-3.033826028750478965e-02
-2.146396382436438835e-02
-3.199923557366669835e-02
-4.113964636354359994e-02
-3.961798629621330475e-02
-4.708127145181381645e-02
-4.863976329225955936e-02
-5.054765175296213608e-02
-5.430570338089103083e-02
-5.515608131447207602e-02
-5.906101306459612260e-02
-6.155445653908679648e-02
-6.434442774804971510e-02
-7.229478345392248428e-02
-7.359538371691599912e-02
-8.506569236803916689e-02
-9.794110889243817786e-02
-9.770202743633711606e-02
-1.332284012700937770e-01
-1.324384751052599674e-01
-1.311402519371446806e-01
-1.460165996278632861e-01
-1.306469486097360799e-01
-1.325497131661925454e-01
-1.311720192945440566e-01
-9.596157763571362687e-02
-9.484482842720205753e-02
-7.355782916006196881e-02
-6.181555220416348750e-02
-5.050643348759004808e-02
-3.045401065349326308e-02
-2.684725886703036302e-02
2.522646184211939022e-03
6.106665695649118007e-03
8.431431253002476256e-03
1.861460097926920937e-02
1.872791922090416908e-02
2.053356911092224860e-02
2.554564022939233639e-02
2.499807623220262967e-02
2.338394971273797390e-02
2.286789839004462269e-02
2.144636194946274860e-02
2.060732441219330704e-02
2.013650953565487497e-02
1.951317572358291647e-02
1.943402626021153295e-02
1.935266477220078454e-02
1.933535574523475437e-02
1.931545988319465293e-02
1.931321604054155733e-02
1.931446682962623118e-02
1.930896371809716697e-02
1.931090919683418547e-02
1.930999917644149813e-02
1.930910792526538411e-02
1.930963675431759952e-02
1.930908474947137451e-02
1.930905354128384377e-02
1.930903739829825314e-02
1.930885284460958501e-02
1.930883984779102613e-02
1.930863967383662436e-02
1.930861243471295938e-02
1.930834259516905904e-02
1.930792689635096870e-02
1.930807081253160112e-02
1.930665384812837310e-02
1.930642604261114531e-02
1.930619030459220301e-02
1.930099208699083413e-02
1.930424026772273663e-02
1.929719115998706699e-02
1.928595929753155677e-02
1.930214378684827481e-02
1.925569131358919120e-02
1.926309048482137756e-02
1.928143492475655960e-02
1.911214632098179669e-02
1.927345191884249562e-02
1.905892929063028943e-02
1.889490520668276816e-02
1.905298113520972544e-02
1.794796885255222837e-02
1.779507127013038592e-02
