1.034246384416927789e-01
1.113352180206042125e-01
2.115423249499285008e-01
2.210020202080414942e-01
2.235291578251465683e-01
2.397982576903850971e-01
2.285314712576002050e-01
2.338483057056967018e-01
2.346965143667862630e-01
2.321608688506461293e-01
2.344337362358573096e-01
2.335456704715134779e-01
2.330392822861659108e-01
2.336363854733559675e-01
2.326238549294214475e-01
2.316822945839773773e-01
2.323739725576754733e-01
2.288128041802083290e-01
2.282689674931951407e-01
2.281361696988446763e-01
2.147902549928250859e-01
2.133639883786992708e-01
2.053594797429915131e-01
2.011638884385040515e-01
1.969151832961318349e-01
1.929968669843745432e-01
1.882846693487927603e-01
1.798349368231233480e-01
1.776608327973416834e-01
1.591497247976489116e-01
1.459947700890897315e-01
1.276869034757345811e-01
5.009403975972936268e-02
2.547374074423731233e-02
-6.156895078467950616e-02
-8.270959652555978647e-02
-1.227810858617729012e-01
-1.259041681363308463e-01
-1.274672798406220608e-01
-1.273955209971102398e-01
-1.255504735534297422e-01
-1.275070667803619440e-01
-1.315868655274064214e-01
-1.395934757759949019e-01
-1.438463111498717861e-01
-1.466306244700525119e-01
-1.577065346564249793e-01
-1.597859133730065162e-01
-1.678425689693530676e-01
-1.932883020822120934e-01
-1.989466229531154096e-01
-2.152472668101288733e-01
-2.177862480643636689e-01
-2.346488844050305944e-01
-2.448629828575721035e-01
-2.322182427011466599e-01
-2.339896460877025908e-01
-1.707253413831762157e-01
-1.938085838948120365e-01
-4.194013464430711435e-01
-4.747286465943055256e-01
-4.988928843562708271e-01
-5.666189341112033429e-01
-4.913363859823480229e-01
-4.920556275516866918e-01
-4.261350933301020216e-01
-3.434286630204968493e-01
-3.166142757962749354e-01
-2.469536562773287924e-01
-2.290654336552891412e-01
-2.159936667466580418e-01
-2.034022781377320677e-01
-1.963020534703569797e-01
-1.871108447340318337e-01
-1.783249938467356965e-01
-1.708420741009450128e-01
-1.620831474232307390e-01
-1.527043110174118590e-01
-1.463435849886541851e-01
-1.321512655612958331e-01
-1.258980687625601558e-01
-1.138259094966408286e-01
-1.018522286601745430e-01
-9.371749596266210069e-02
-9.021626242858168943e-02
-8.930429142495829864e-02
-8.574461793270193866e-02
-9.175544499923049546e-02
-1.008806773694269771e-01
-1.101450772498941966e-01
-1.296853394055852982e-01
-1.380430582494183156e-01
-1.500285239145121574e-01
-1.615888762603512607e-01
-1.213567967242278473e-01
-1.266121957489053929e-01
-1.075921194347896348e-01
-5.942056864230422369e-02
-5.972037671117256391e-02
-5.284998692493747541e-02
-3.879311622409867960e-02
-7.547252879790845859e-02
-8.459740173099945804e-02
-7.423940845742754702e-02
-9.133382267507476893e-02
-8.085873714544022928e-02
-1.393680761873115070e-01
-1.585002481866503166e-01
-2.267256092318779837e-01
-2.950389917744382640e-01
-3.266324310785639340e-01
-3.411209922315068810e-01
-3.339767731995140210e-01
-3.413965833418027840e-01
-3.429852113709331851e-01
-3.333225183866638797e-01
-3.228177209585805230e-01
-2.791203670185788410e-01
-2.371052369707734864e-01
-1.405265096120575097e-01
-6.914570432141824152e-02
3.551556641355697180e-02
3.107813383028057430e-02
7.058139928625051240e-02
5.400419283748780080e-02
-3.846444562803314014e-03
-2.128365535043002035e-02
-4.532376163612880648e-02
-6.567496982744229495e-02
-6.780854418043633092e-02
-8.742220797062630333e-02
-8.057432428601014884e-02
-9.440256088612114516e-02
-1.033636921810345416e-01
-1.008605305511435096e-01
-1.235205548113161439e-01
-1.268478763032434287e-01
-1.328601449825960179e-01
-1.858417170417161479e-01
-1.708620107480608441e-01
-1.819130822965593364e-01
-1.513693424644756980e-01
-1.081839589752177228e-01
-8.491204689871666156e-02
-4.960259110504906810e-02
-2.167626892709325140e-02
3.781462428257749333e-03
3.210029075971472523e-02
3.042233958383126075e-02
4.109794101255875159e-02
3.452057958677154370e-02
3.291678674348000322e-02
2.938260673492238892e-02
1.418485198402997388e-02
5.752176276522927290e-03
-4.333924501809917687e-03
-1.744252785359338628e-02
-2.594341186462026383e-02
-3.683546906383731306e-02
-4.668730156127209180e-02
-5.283043663352492841e-02
-6.232483523202222292e-02
-6.773384927161489599e-02
-7.476659267422618160e-02
-8.144741473333856618e-02
-9.562433140393737652e-02
-1.112628758274232382e-01
-1.335471351910501037e-01
-1.287459391287410215e-01
-1.381304734563215952e-01
-1.308676810662954271e-01
-1.441122841911744445e-01
-1.567038659734827366e-01
-1.614691148389019171e-01
-1.887718945370678303e-01
-1.998389041314962700e-01
-2.171322396195457805e-01
-2.077582579126814044e-01
-1.781182228404244172e-01
-1.462851855264079015e-01
-7.505891167979474032e-02
1.667497477358508354e-02
6.013210291390236328e-02
1.768374703296966832e-01
2.243266065977722046e-01
1.674517770464116206e-01
1.977653113529592166e-01
1.577557400571803214e-01
3.809360090528063694e-03
-5.478224678556731231e-02
-1.117363816872918303e-01
-2.152519790878776595e-01
-2.111747360841905730e-01
-2.410540559530433280e-01
-2.420052023263613294e-01
-2.042031158967049509e-01
-1.750239820150626679e-01
-1.723851072480799274e-01
-1.835672202094061900e-01
-1.751118183104806436e-01
-1.732081351373349065e-01
-1.394278162588725167e-01
-1.041154395222889939e-01
-7.032959927136449296e-02
-4.907664441919964982e-02
-2.028719318324486570e-02
-5.775086610266289564e-04
-6.464627732423681300e-04
4.362799280438917418e-03
-1.078218782146831908e-02
-2.900850766498746028e-02
-4.593641365066554461e-02
-7.441457747765654884e-02
-7.410066557691888378e-02
-1.129823211980383879e-01
-1.208385712716505966e-01
-1.325642274911091323e-01
-1.691644017260361954e-01
-1.412953636984954908e-01
-1.236349539726044472e-01
-1.099703235491647224e-01
-9.060525715113661172e-02
-8.646870230521715162e-02
-9.029505816825765530e-02
-9.495761440556803323e-02
-1.098613075502727632e-01
-1.146928425129323387e-01
-1.188354479276934189e-01
-1.312518535115072549e-01
-1.325575927048181779e-01
-1.384286219319459665e-01
-1.629167298797367935e-01
-1.674458134883078653e-01
-1.617208072600170021e-01
-1.509098389872502444e-01
-1.230010641281064770e-01
-6.729201617323478379e-02
-5.280621720524564938e-02
3.580891346631760036e-02
3.731169972127123396e-02
3.829108070673527264e-02
4.200143365029888193e-02
2.553804665531884954e-02
2.352998342228701523e-02
-5.955893264690650946e-02
-9.234075941734877502e-02
-1.559121631024736609e-01
-2.069457084300601879e-01
-2.700467918067286921e-01
-3.064185966062791810e-01
-3.054814493448058110e-01
-3.020906579968017924e-01
-3.009790830280665852e-01
-2.918364418360446244e-01
-2.823994187614918272e-01
-2.505959062252870462e-01
-1.985207670353421328e-01
-1.388951604555830333e-01
-7.740401505305993801e-02
-5.786191713776142609e-02
5.118311617055189278e-02
6.023593438590902488e-02
-4.871865216842213159e-02
-5.736166474509174495e-02
-1.549337346958106765e-01
-1.992771488553486403e-01
-2.426222769880541363e-01
-2.875375389562325190e-01
-2.850754524364428888e-01
-3.183988722211827382e-01
-3.597972818988136590e-01
-4.363247262179173469e-01
-4.819809792816796001e-01
-4.928826997654920383e-01
-5.092525522069106803e-01
-4.716203487346804502e-01
-4.399390350423484364e-01
-3.756493558245831421e-01
-3.169995950957046893e-01
-2.378502494185787408e-01
-2.151161705674382307e-01
-1.747305248958288537e-01
-1.517497206553591882e-01
-1.428979249172641908e-01
-1.262099468565914262e-01
-1.278392413554048646e-01
-1.197448755229658934e-01
-1.161912494496303849e-01
-1.177282261901914234e-01
-1.113348789262274957e-01
-1.163143423284669631e-01
-1.169841759312350987e-01
-1.215435916372367697e-01
-1.293790949336900142e-01
-1.309397419820985675e-01
-1.388382810494754871e-01
-1.459674207002028268e-01
-1.484219927860717103e-01
-1.620989863731871206e-01
-1.687358739236812510e-01
-1.801886498663194947e-01
-2.053413606264021807e-01
-2.211545155878703039e-01
-2.389952419278399964e-01
-2.604761485038847857e-01
-2.698026185921740261e-01
-2.768763289110053871e-01
-2.834244675326124119e-01
-1.962833856099406304e-01
-1.656182376761532182e-01
-8.124609800109403035e-02
-7.229347299164273766e-02
-3.395717278798289496e-02
-3.304996379691194780e-02
-5.392180256045207148e-02
-3.803138927376141509e-02
-6.580469930876255147e-02
-7.381387715323414755e-02
-7.441265702689889294e-02
-1.452327289110778019e-01
-1.364395335183107572e-01
-1.605054846738368235e-01
-1.696218075740602294e-01
-1.414010968974468152e-01
-1.534117145721456132e-01
-6.729628109920138268e-02
-6.962588085401036353e-02
-4.045284400463083907e-02
8.766819710002054025e-03
-2.014278868280955370e-02
6.395729917101439232e-02
6.041140366126376143e-02
-1.506219127187950479e-01
-1.434787327152152459e-01
-1.858483306893158604e-01
-1.848154201760453808e-01
-1.488244889695773954e-01
-1.641958521897717016e-01
-8.417660960601873466e-02
-7.839086205169301658e-02
-9.077161748185623436e-02
-5.073036888988654430e-02
-9.872390025635370547e-02
-6.330535144926158209e-02
-9.670736475274363531e-02
-1.691595551988370749e-01
-1.598790960128166350e-01
-2.133677078157744100e-01
-2.025844754982817908e-01
-1.793966432014211521e-01
-1.630666701012366826e-01
-1.467231885997052621e-01
-1.254119744598232722e-01
-1.091681726187178070e-01
-9.096523415486837405e-02
-7.091401257013985049e-02
-5.400328273854691774e-02
-3.773820979744729048e-02
-1.944285406251216805e-02
-1.124616460542332379e-02
2.033301157207893079e-04
7.267164836889148695e-03
1.026381992013295462e-02
1.779695257368476072e-02
1.492851260891939549e-02
1.702015510003423299e-02
1.387271407167611076e-02
2.176754813977767062e-03
-4.156190087975844202e-03
-2.846141325677816261e-02
-4.252211555930770354e-02
-6.219763228453094317e-02
-8.391384209706592712e-02
-9.042747091454658714e-02
-6.636734624716361663e-02
-3.591149609161041478e-02
-6.732558236638982313e-03
1.925571361694037795e-02
1.444877934020547261e-01
1.601095109479895584e-01
1.701060809570471843e-01
2.018475744060130861e-01
1.947617173148428471e-01
2.096355616980105363e-01
2.077336280296206705e-01
2.144084577061829144e-01
2.217304872013659278e-01
2.057834206354296480e-01
2.430063358059861567e-01
2.003865075203622448e-01
1.726282463197282013e-01
1.199333364692569681e-01
-1.426107918470287672e-01
-1.597120051451042799e-01
-1.813488056627950706e-01
-2.190077695411538350e-01
-1.091115975157362361e-01
-9.619744377278073577e-02
-1.042338505129811882e-01
-5.627967349278811121e-02
-6.921559352245229557e-02
-5.493782468791886392e-02
-4.084257194459388340e-02
-4.334270486685929541e-02
-3.125441901037753767e-02
-2.241645080011103394e-02
-1.746860103810759374e-02
-6.078438057708596826e-03
1.366989796358041367e-02
1.646064891035093833e-02
4.459517214351750580e-02
5.904662466344479804e-02
7.319826533658586876e-02
1.126811236187166693e-01
1.149620071802322507e-01
1.220560260208077841e-01
1.330334183102866163e-01
1.332192813083343808e-01
1.397631490972057744e-01
1.413108801422056082e-01
1.459660100637784619e-01
1.478335033663573661e-01
1.467922943209160613e-01
1.475009757604038851e-01
1.487552338925876849e-01
1.539354285783039733e-01
1.552815513525926117e-01
1.640019875983947106e-01
1.763111291101911449e-01
1.780064728078963598e-01
2.085030162715997837e-01
2.087647981569767941e-01
2.121630315194244776e-01
2.201246755275894085e-01
2.190923927303129737e-01
2.222166214102374027e-01
2.237008560332821028e-01
2.237794946754161629e-01
2.250513519652762306e-01
2.252370596682529424e-01
2.254966187375338216e-01
2.258335519729232077e-01
2.258893418708596834e-01
2.259268428563190045e-01
2.260052664419556767e-01
2.260019830449465639e-01
2.256653024013167974e-01
2.259418969682262524e-01
2.253546251849920246e-01
2.247225699239993602e-01
2.256191769320238238e-01
2.224816986871356872e-01
2.234315217602536874e-01
2.232878283210057435e-01
2.138196578835568906e-01
2.239657467292009430e-01
2.081395721155049616e-01
1.932838861243109663e-01
2.036396959403288243e-01
