1.871993895756159099e-03
2.291801557921374025e-03
7.706873890160546338e-03
7.031702139371025922e-03
9.889618811579570234e-03
1.185998878698894810e-02
1.212705135278435362e-02
1.381324692572862348e-02
1.415191175515735818e-02
1.434967283988041603e-02
1.491678508402244016e-02
1.482209469314762530e-02
1.489036474543453843e-02
1.496769445977111715e-02
1.481747924710399150e-02
1.463123717912481574e-02
1.462687477281274413e-02
1.411484996230697592e-02
1.360834169686214908e-02
1.366790948288289578e-02
1.174818600174511868e-02
1.198999885422854378e-02
1.161876646506963817e-02
1.117829748459778401e-02
1.165548757517754011e-02
1.130024478761730393e-02
1.153828058428879762e-02
1.248597463993420843e-02
1.164710773518748237e-02
1.310943080569377389e-02
1.433391243306078935e-02
1.095646127058893735e-02
1.643109541833847817e-02
9.822210456882501939e-03
4.739111265291639195e-03
6.041763643201813333e-03
-1.249180060542668530e-02
-1.542288475175601289e-02
-1.944251464167870078e-02
-3.273675071717351004e-02
-3.185023514060029981e-02
-3.720817371033593307e-02
-3.951108737353519612e-02
-3.801983090513505470e-02
-3.817529338047502552e-02
-3.798193270350615214e-02
-3.433430382430795180e-02
-3.158190521779748183e-02
-3.205531604377047372e-02
-2.341049675246353878e-02
-2.226986579063306923e-02
-2.356821967810410895e-02
-1.734392215280924909e-02
-2.109813580880435385e-02
-2.238707332475175366e-02
-2.018068471684093812e-02
-1.923743647124551842e-02
-9.300168976531745374e-03
-6.295707377791115444e-03
-7.873655949236849083e-03
-6.525843335229760539e-03
-2.357123890392189263e-03
-9.150610330469273902e-04
3.137355913333000033e-03
1.470708209036161382e-02
1.678187353522529388e-02
2.145530425099887936e-02
2.537529638542465257e-02
2.830098544563812088e-02
3.269365338183050779e-02
3.435835483043474942e-02
3.719322770969339664e-02
3.917038400355447175e-02
4.024774963829478441e-02
4.346623093217139022e-02
4.455820494140182858e-02
4.668415820802506583e-02
5.041325239522000123e-02
5.160541488758079581e-02
5.452209020274322721e-02
5.588698396259680901e-02
5.618903993421861531e-02
5.681590135341882397e-02
5.366681277571683228e-02
5.129106016032886767e-02
4.447816902252564597e-02
3.982595116405397706e-02
3.285105196072613670e-02
2.062647537218518720e-02
1.540354564679776404e-02
2.481994738159438475e-03
-3.781568634246351961e-03
-8.541083632891422958e-03
-1.745425265993542918e-02
-8.705306556512850888e-03
-9.897741630855865641e-03
-9.570830039169040196e-03
4.573426626450364900e-03
7.260096181628209605e-04
-1.675955260901278252e-04
4.420680270354225734e-03
-8.414844807219556272e-03
-1.074071582555738251e-02
-1.199852214160730852e-02
-2.052834971436580738e-02
-2.352893829626747507e-02
-2.683589940710625135e-02
-3.501544827923953884e-02
-3.415505466904939641e-02
-2.742916780464350890e-02
-1.757305889488435663e-02
-1.673237583625608940e-02
-2.335420382516364447e-03
-4.368359183012325390e-03
-1.999216970587185550e-03
1.593157115347283367e-03
-5.154758972657789116e-03
6.675532952393407708e-03
6.438158216244866013e-03
1.217023424373972137e-02
1.648475405439477418e-02
1.548140306433343737e-02
1.759957511566344335e-02
1.656441133672509683e-02
1.806428119007492256e-02
1.661668611483728408e-02
1.957938177943018693e-02
1.664641338619470001e-02
2.163703734446426399e-02
3.081888261335948009e-02
3.472872875876778509e-02
5.073278543501370808e-02
5.377914407343713926e-02
6.218992261632737967e-02
6.602208610467022454e-02
6.082519628347970997e-02
5.522277663295634825e-02
5.164633283904880579e-02
4.070257526127812886e-02
3.609616399517742019e-02
3.386126173657162675e-02
2.665063908666518919e-02
2.555755135895802777e-02
2.148190754798430871e-02
1.773062163143286629e-02
1.578315755906758988e-02
1.199164893967051039e-02
9.221092796277082643e-03
5.735256542949548376e-03
1.373183597152876452e-03
-2.207384483477172095e-03
-5.871789169850268053e-03
-9.824969593751531685e-03
-1.196868420466239147e-02
-1.453138348281256091e-02
-1.509511925016843691e-02
-1.448706791507046836e-02
-1.341837505822912439e-02
-5.841874156244124781e-03
-1.049487632794157124e-03
2.244181893933873580e-03
9.378010259090019396e-03
9.233433988881715321e-03
8.848856304778303719e-03
1.000845219173118403e-02
6.782124626902540782e-03
7.245109046313018969e-03
2.527430652848609155e-03
4.687970307844517744e-04
-1.200636234798316656e-04
-4.098500169223418844e-03
-3.665853725846073517e-03
-5.886000100539257214e-03
-6.504238170226178499e-03
-6.008212342263894064e-03
-7.813912020946953488e-03
-4.686202720082232979e-03
-3.467368110231319484e-03
1.050329681396536220e-03
4.460207285241078908e-03
6.359294194601197714e-03
1.503573615285181894e-02
1.445450033423942467e-02
1.823538140008913039e-02
2.004054777704255413e-02
1.788304981226527743e-02
2.228906116766616111e-02
1.468404750764550244e-02
1.477703686421336267e-02
1.224237031396234812e-02
2.745017751534847578e-03
4.947647409683690080e-03
3.674037420417902104e-03
2.343537294981822960e-03
1.609538734174242869e-02
1.993451873155958551e-02
3.122295241274466310e-02
4.663312521655476467e-02
5.065478150506336902e-02
6.241880206013885463e-02
6.788116652439285525e-02
6.945277322365685235e-02
7.623577778243782743e-02
7.439477649337151999e-02
7.526820223688522604e-02
7.471843156215438042e-02
7.059964409359772985e-02
7.002713360475877613e-02
6.272699709232064380e-02
5.892032085905075239e-02
5.568219573796492211e-02
4.865934152737828866e-02
4.623437766701463808e-02
4.103875536130217189e-02
3.511310231142513588e-02
3.310627974215168967e-02
2.574966655513758612e-02
2.200116331365204944e-02
1.864343095422145088e-02
9.919312470301158702e-03
9.382877897188422051e-03
3.957933427282469240e-03
1.670143608539595252e-03
3.230888127483879258e-03
-1.124867494585327652e-03
4.055755840714032542e-03
3.718155627482460420e-03
7.687982209517069815e-03
9.160941923691200486e-03
1.038045909755057512e-02
8.208981868497326750e-03
9.950097649254285512e-03
7.244879006673275723e-03
7.987808847889231803e-03
7.693488508694370544e-03
2.903119847665923577e-03
4.685599453157791167e-03
1.315633179824634430e-03
6.880557962904083110e-04
8.328686099453723110e-03
2.849923707971036696e-03
8.090931729884221629e-03
1.296789510081959064e-02
5.197944285336651357e-03
8.435610187825388559e-03
1.302894509112377010e-02
-5.811556240371028477e-03
-3.168623130718481798e-03
8.105971454582167057e-03
1.045805879395024810e-03
6.170038363529500858e-03
9.130177154455788174e-03
6.729258182652572869e-03
9.798180896014545629e-03
9.504132005812260600e-03
9.282471489944455270e-03
7.836670788028623699e-03
7.620690575229468501e-03
6.525723809725528582e-03
5.986431822185443383e-03
5.813058596377535317e-03
5.073092496619326791e-03
5.234846760204954139e-03
5.081259549777743592e-03
4.484520123881307642e-03
5.250608383781914593e-03
4.239401349417430166e-03
3.155675441841671470e-03
4.105133341723219559e-03
-9.912021621387228591e-04
-5.404854129052054368e-03
-5.399624860286198619e-03
-1.624395300903273484e-02
-1.673976202775063343e-02
-2.361742845442894173e-02
-3.786220377711610463e-02
-3.828288830180914121e-02
-4.854752091070714537e-02
-5.402960597066470971e-02
-5.703266257237803866e-02
-6.308450809086478539e-02
-6.409251451055263116e-02
-6.435005057343466672e-02
-6.655371092055861748e-02
-6.401143357877582540e-02
-6.214736640000313034e-02
-5.966371754939287647e-02
-5.151289907076191804e-02
-4.214186300867706764e-02
-3.955099902825623404e-02
-3.341582857097836340e-02
-2.998018691144886672e-02
-3.005049691298820533e-02
-1.944782700896136377e-02
-1.396457338493561559e-02
-5.710585627132089975e-03
6.143724753934579411e-03
7.914619203790539473e-03
2.281143065598154399e-02
1.994751219121799340e-02
1.959988598254743322e-02
2.026783455213181442e-02
7.205615853300702082e-03
5.330512887876157069e-03
-8.964318539663783045e-03
-1.896920216486874117e-02
-2.255702819848036042e-02
-3.718847786687600604e-02
-4.122812032748441463e-02
-4.872032312395087328e-02
-5.901369829112945720e-02
-6.110107706573014025e-02
-6.594427642695088743e-02
-6.818733599942053414e-02
-6.347431646319605381e-02
-5.893277773351365129e-02
-4.794206651026390598e-02
-2.811453629289687242e-02
-1.682114805893873688e-02
-6.039620671726663760e-03
5.287749687320506507e-03
5.018797297479731141e-03
9.084585201682511893e-03
9.936237680166670055e-03
4.652978618447036092e-03
5.323178638688338786e-03
-2.777190672420587220e-03
-8.134743428020509495e-03
-6.731187717444517445e-03
-1.660886282008191758e-02
-1.581742045151868920e-02
-2.164616839365501172e-02
-2.997669740914295569e-02
-2.863299468874765802e-02
-4.065622295237268646e-02
-4.585055919176787842e-02
-4.777710123476821419e-02
-5.999784214632417068e-02
-6.226771007114709211e-02
-6.884467250771617031e-02
-7.370727768930927792e-02
-7.682076762097785061e-02
-8.214760820084987536e-02
-8.337597613203109881e-02
-8.570163625299553889e-02
-8.655193613707815037e-02
-8.720315454065225014e-02
-8.738743557657274730e-02
-8.590085822683896088e-02
-8.618451803108051479e-02
-8.166187867151368518e-02
-7.950671905845865806e-02
-7.203286917012592661e-02
-6.480611045956669036e-02
-5.869181847596639801e-02
-5.190460169945704250e-02
-4.945458029033204111e-02
-3.999434123711235328e-02
-3.395361536655749218e-02
-2.860448728188828144e-02
-1.850753823071516618e-02
-1.243158807443458733e-02
-9.535420215664917529e-03
-3.344995920339863694e-03
-7.766606005238669425e-03
-1.319969283364333563e-02
-1.308442778801967299e-02
-1.709484886990568150e-02
-1.372298020160474079e-02
-6.500216150118139774e-03
-6.491048810301440659e-03
2.773133198385012953e-03
4.116720654295008726e-03
7.233057779579668599e-04
-1.293487959686680016e-03
-8.508121496027868519e-03
-1.098412795900284220e-02
-1.599911731709209584e-02
-2.211635401378036353e-02
-2.293858230191593225e-02
-2.649536324332643286e-02
-3.026554010576351650e-02
-2.469296704449533766e-02
-3.332124075416696002e-02
-2.663293913682006700e-02
-2.200830964673284804e-02
-2.261323743242659584e-02
-1.079801012678450675e-02
-1.065833587887006322e-02
-8.348485578818376149e-03
-2.241056920313626907e-03
-3.782459364762643435e-03
9.937946051595133133e-04
2.282261676132154877e-03
2.537051593053438626e-03
6.385655234892898165e-03
4.832570491470322346e-03
7.116069633349340895e-03
6.863219597714828417e-03
4.773394587077028732e-03
6.091508683700108499e-03
2.240895832283890804e-03
1.727231277016841836e-03
-1.597819263216356152e-03
-6.474403050263696953e-03
-6.409244027335661217e-03
-1.318463823017954929e-02
-1.613945426094482924e-02
-1.972716377361851195e-02
-2.933567329751484917e-02
-3.070801065566777441e-02
-4.047101217684809932e-02
-4.338542709624081117e-02
-4.926830170014381838e-02
-5.282988944996983016e-02
-5.172761540050965084e-02
-5.527688935856427815e-02
-5.380985259370418133e-02
-5.432470910417090681e-02
-5.410397587947431836e-02
-5.159219181895721013e-02
-5.311638032298826584e-02
-4.768126371326639884e-02
-4.781144057711424200e-02
-4.626370191347476540e-02
-3.594801127764978010e-02
-4.149108960261516793e-02
-2.498831486648702901e-02
-2.563017119508907704e-02
-2.738651037259535320e-02
-7.925727144273017610e-03
-2.265099469335989796e-02
-1.457262380290320208e-02
1.653510404050973414e-04
-4.175352280016907461e-03
1.349386736905934005e-02
1.300681656026909591e-02
1.941251239321843333e-02
2.594683837024436973e-02
1.773690328919346609e-02
2.079876742752164928e-02
1.711709323409679046e-02
1.518934862579945054e-02
1.476384026974969510e-02
1.281585168848200021e-02
1.195870007565147733e-02
1.072029126851833068e-02
1.084446279830163923e-02
8.845726662679123317e-03
9.596897715932162579e-03
1.008921633963791309e-02
6.808187801944871886e-03
9.642263741069833846e-03
1.214193208979576916e-02
1.521322529066034684e-02
2.519287489115912965e-02
2.585238045597421791e-02
3.755275262131571590e-02
4.100948482430579606e-02
4.068278130978895263e-02
4.716071275439025906e-02
4.580062308847794583e-02
4.714958283393987787e-02
4.764560264031246495e-02
4.593685118122887295e-02
4.574127049343602869e-02
4.192520274429509947e-02
4.102561080402841731e-02
3.644576232494901175e-02
3.017894797179737632e-02
3.039657746089960422e-02
1.756762792079094582e-02
1.745919551010620061e-02
1.343022479726828193e-02
7.897956788345173243e-03
8.441303054189877239e-03
4.790086908357413416e-03
2.729558910378500434e-03
2.231417337610407375e-03
9.397482627374080175e-04
1.132445613492498709e-03
1.090564907865440841e-03
8.252320516123135604e-04
2.911732351485314587e-03
2.820694899481184306e-03
3.538649044044713671e-03
4.421951686429515145e-03
4.221347485664511505e-03
4.808610432205174048e-03
4.958614263589562580e-03
4.965141503986575736e-03
5.207076530914398101e-03
5.184692638357113990e-03
5.229961918587017200e-03
5.285227121135013459e-03
5.267362692944471160e-03
5.291450552957569116e-03
5.295892544959874930e-03
5.292027943901786956e-03
5.298764134413038070e-03
5.294965067189893841e-03
5.294293316381716227e-03
5.291905572252367414e-03
5.284328037475556974e-03
5.283576760357510359e-03
5.267147442335912491e-03
5.255219420910607793e-03
5.252858774852262221e-03
5.195982768833673840e-03
5.202137392067739292e-03
5.173028910514025809e-03
5.033482037396623705e-03
5.159138393852873671e-03
4.960466788919670224e-03
4.797059447710786198e-03
5.231011989930911370e-03
4.386384456639008840e-03
4.849479966971190908e-03
5.544768471044637589e-03
