-9.268981312670273058e-04
-9.770941588054147479e-04
-2.600124034528678192e-03
-2.747013421011922345e-03
-3.396587912780047683e-03
-3.683016107235534149e-03
-3.253210317152146862e-03
-3.513866510712728222e-03
-3.444687101898792451e-03
-3.403653809715381957e-03
-3.472379568693391688e-03
-3.437394379674987063e-03
-3.468711849144043464e-03
-3.482853246646798635e-03
-3.503492445472474858e-03
-3.572954914164324682e-03
-3.567920949203347031e-03
-3.725651571671096274e-03
-3.829277384851132154e-03
-3.837640823422120654e-03
-4.500421669907066560e-03
-4.508929537125008595e-03
-4.717443551751965281e-03
-4.847173009168394102e-03
-4.948207477683356018e-03
-5.107528795743713178e-03
-5.063455761671002003e-03
-5.548225718730806152e-03
-5.444511687319207593e-03
-5.681233420372501508e-03
-7.242934803211855885e-03
-6.775883419401917615e-03
-1.028104289817346161e-02
-9.792571659229401884e-03
-1.081250520350438872e-02
-1.209485494854975821e-02
-9.446392241726147415e-03
-1.030249400948553967e-02
-8.969644423506846487e-03
-9.128872026132862916e-03
-9.104924970693022840e-03
-1.099227318153674776e-02
-1.105689890555289212e-02
-1.087822384385038477e-02
-1.116275336206819062e-02
-1.120730596377765564e-02
-1.046686797957469169e-02
-1.044840671141970649e-02
-1.034627808723694552e-02
-7.160223832374247935e-03
-6.488448244516524174e-03
-6.273248714713738211e-03
-4.957221442777571922e-03
-4.530147756212388709e-03
-6.711081420134682070e-03
-5.351070764066461448e-03
-9.676004383640047016e-03
-1.286481305512376071e-02
-1.524110413994574954e-02
-2.532466523818092258e-02
-2.919166970984524156e-02
-2.642224046473835505e-02
-2.645583890640655286e-02
-2.335130510083579733e-02
-1.571616990837507860e-02
-1.392091575246146191e-02
-1.141367095084235353e-02
-1.117667050594926131e-02
-1.604186269372075840e-02
-1.652226078883773167e-02
-2.313541551074881769e-02
-2.573223730121714653e-02
-2.449522460402060037e-02
-2.822724174578528089e-02
-2.701865398049727029e-02
-2.751092520299770403e-02
-2.854961080258209757e-02
-2.692467985666773672e-02
-2.806606352771423910e-02
-2.939282679219318989e-02
-3.003486076538683727e-02
-3.091161617504928349e-02
-3.114131206316654576e-02
-3.044055275504224667e-02
-2.952063920763437974e-02
-2.931501488144848053e-02
-2.753071774800249297e-02
-2.767956675568493050e-02
-2.702833966166046445e-02
-2.662549672678008947e-02
-2.663212456934622302e-02
-2.590929637637370136e-02
-2.445084070393643838e-02
-2.330225036575637315e-02
-2.059823722166958040e-02
-1.892356294997426733e-02
-1.756732638171676700e-02
-1.400149888168501083e-02
-1.336988324533785848e-02
-1.316141482586815140e-02
-1.223226780281009597e-02
-1.148917881951080563e-02
-1.208129711502820870e-02
-1.196606878835266424e-02
-1.167139089657921042e-02
-1.237660937463496563e-02
-1.227931829689353146e-02
-1.125618333294316729e-02
-1.317018470724475553e-02
-1.909014669193492830e-02
-2.131656684321108983e-02
-2.260288049203623348e-02
-2.227617882646717659e-02
-2.237275741800015538e-02
-2.364405170304546833e-02
-2.284607309196222402e-02
-2.197681130702416885e-02
-2.204264780453943362e-02
-2.103901292178762469e-02
-1.983359222696538110e-02
-1.661434577459471387e-02
-1.494216102996768006e-02
-1.343969398856100991e-02
-9.232983243435214857e-03
-7.081071187977890612e-03
-6.674769765820137875e-03
-4.001768313622547368e-03
-3.858325838276365112e-03
-2.804809325683518470e-03
-2.371561013976244969e-03
6.511701299454794676e-04
1.095846629686636530e-03
1.879117669794862829e-03
2.586503414473254308e-03
3.206818394569882144e-03
2.114915405824909032e-03
3.485345420088185528e-03
2.911861586111587612e-03
-1.567598777871834562e-03
4.353791097949100955e-04
-4.991963855015157069e-03
-2.102938602591101363e-04
6.398516084162784306e-03
7.907787879456973715e-03
1.996842269362948674e-02
2.078371976291005715e-02
1.937083632099847325e-02
1.898805383984410872e-02
1.677585961122187927e-02
1.635715110546315590e-02
1.395225754850469742e-02
1.223890913505789810e-02
8.496850865497824687e-03
5.634329621558799208e-04
-3.105120573205694557e-03
-6.603975308588567669e-03
-7.001578257218516940e-03
-9.718213515090896870e-03
-9.419720340931981781e-03
-1.626668204361749696e-03
-1.765020883808214288e-03
9.168002715256075037e-04
3.869968183356300735e-03
-1.219455064314476853e-03
1.859851230575423621e-05
-5.428576974609020285e-03
-1.088735203773888612e-02
-1.415378420264635714e-02
-1.711646315915738362e-02
-1.908109051060518507e-02
-1.979832541297006296e-02
-2.124953720462847973e-02
-2.039948264727925453e-02
-2.012493584490100337e-02
-2.127790236346848579e-02
-1.987523476701254579e-02
-2.126611215379670128e-02
-1.855683885484993995e-02
-1.702405989939203071e-02
-1.502727285643625302e-02
-1.340755142401302280e-02
-1.489251766604955153e-02
-1.448234078033226735e-02
-1.290858350879474023e-02
-1.276610353792789060e-02
-1.143277637277764769e-02
-1.057239660946107142e-02
-1.087636131216932443e-02
-1.051899468706230835e-02
-1.066394991624165442e-02
-1.050513891063150143e-02
-5.199852536827008660e-03
-5.239526677490633465e-03
-3.813878166857821109e-03
-1.790142136363673817e-03
-4.802561820125696851e-03
-2.626677596421994696e-03
-4.853724854989148289e-03
-7.008727775858340434e-03
-7.040682477673237266e-03
-1.132971633622627261e-02
-1.054570128329864256e-02
-6.021415950931210959e-03
-7.699519103532293136e-03
-5.413801785593149764e-03
-7.285172098784894676e-03
-7.311922065424299004e-03
-6.564971437689956502e-03
-8.054644052100339360e-03
-7.787871550621175420e-03
-9.364319842243108011e-03
-1.399158004909028044e-02
-1.600680056503710896e-02
-1.769323442033357563e-02
-1.393802820685244824e-02
-1.857889586392481168e-02
-1.469395240978328861e-02
-1.512455557971242696e-02
-1.048170492498499105e-02
-5.537414868053426066e-03
-4.697332332626205469e-03
-4.297324499033632061e-03
-3.512566363587069692e-03
-6.079220757241658030e-03
-7.223940438426025394e-03
-6.875191896261709928e-03
-7.982097996323298666e-03
-8.273005743593766365e-03
-7.670129590087700414e-03
-8.560604335124262845e-03
-8.178720980737710228e-03
-5.837428414253947526e-03
-5.039101935506565266e-03
-4.195674703795735164e-03
-3.369797639670106711e-03
-3.527331305081176770e-03
-3.794768747370076429e-03
-3.985335764141742509e-03
-4.707405383995670774e-03
-4.991694825193161711e-03
-5.076385329097929562e-03
-5.422942250652719107e-03
-6.220666109630647138e-03
-7.161438462329153265e-03
-7.158876866680480636e-03
-8.240111705313010737e-03
-1.126645198508489758e-02
-1.179357382234210577e-02
-1.967695939590492771e-02
-2.050246032680136735e-02
-2.195178245514839768e-02
-2.195727260104368347e-02
-2.061011145553677537e-02
-2.292192779808895770e-02
-2.087121400498053239e-02
-1.955979871560133837e-02
-2.124689846869044427e-02
-1.934205830463003525e-02
-1.898271686746537401e-02
-1.977622206154605253e-02
-1.259983984875900215e-02
-1.182039123958144276e-02
-1.344312756665099612e-02
-1.149693826977702879e-02
-1.153179639634007748e-02
-1.159642180096766631e-02
-6.979646005503348585e-03
-4.404231808769610082e-03
-8.128386536592665731e-03
-7.549158679755797047e-03
-1.358017833703306296e-02
-1.929762232332706343e-02
-2.353720642092487630e-02
-1.987964802088705227e-02
-2.005616835872371662e-02
-1.894388809469849805e-02
-1.156148901883583859e-02
-9.113011350928562973e-03
-9.430603773599017386e-03
-6.411566026314108498e-03
-1.264578415125754141e-02
-1.609820006388245142e-02
-1.898949545089842830e-02
-2.161198963755457322e-02
-2.082938265821433071e-02
-2.448588800902044491e-02
-2.497942722033249727e-02
-2.837902593739114951e-02
-3.199179325952288683e-02
-3.358083350842312742e-02
-4.246669215488068500e-02
-4.484226457087838597e-02
-4.980800909015004052e-02
-5.406849059367037358e-02
-5.632115011771272189e-02
-5.981469754481514439e-02
-6.197632011819154130e-02
-6.476981501239761907e-02
-6.627168935198146649e-02
-6.931571857958768179e-02
-7.106271696229292389e-02
-7.111378383350216992e-02
-7.308327022068496215e-02
-6.172513336803513856e-02
-6.114338758745944263e-02
-5.555294561922800856e-02
-4.065629280813499308e-02
-3.569307979020149707e-02
-2.767619712902411391e-02
-1.593378805956924271e-02
-1.334124050454756072e-02
-1.269732284712734270e-02
-1.262238166465098205e-02
-1.347248622622901001e-02
-1.152283403687275748e-02
-1.198799431998378087e-02
-1.061084374439839190e-02
-9.854679579455755817e-03
-9.503767941183112120e-03
-5.635133586189387464e-03
-5.531547561399455942e-03
-4.428483722953148287e-03
-4.081483007877558314e-03
-3.973046579866145595e-03
-3.593324819545428653e-03
-6.702364409817069754e-03
-6.598041691588571803e-03
-8.990788700804048031e-03
-1.177361945212120758e-02
-1.079611152373049013e-02
-1.680353045272358833e-02
-1.713416837044521093e-02
-7.998435569261557951e-03
-9.816501668821661294e-03
-1.139689309911180379e-02
-1.059920316881268927e-02
-1.497331407950960522e-02
-1.498090998828475150e-02
-1.877183910466804009e-02
-1.998760797402652015e-02
-1.864330194129813073e-02
-2.125112124691433749e-02
-1.941073977718879573e-02
-2.296317873049851660e-02
-2.215055056446165599e-02
-2.008343316066922221e-02
-2.222220533790807487e-02
-1.857669283517169798e-02
-2.122236529103953620e-02
-2.596943504919194470e-02
-2.910510333619528017e-02
-3.306840036917641640e-02
-3.613935705865770065e-02
-4.046265131895609990e-02
-4.331677631392295141e-02
-4.734296173280796993e-02
-5.274154083143412636e-02
-5.401182128320512754e-02
-6.033597889047973700e-02
-5.928199944362894103e-02
-6.009926248980455854e-02
-6.159389957793853093e-02
-5.747956650051714439e-02
-5.995502720071080316e-02
-5.515872295376318679e-02
-5.234650044529622764e-02
-5.196079136516627145e-02
-3.983205010646891087e-02
-3.822949573200919854e-02
-3.600631943960418135e-02
-3.141279476563862971e-02
-3.145465125691710578e-02
-2.556368290721686143e-02
-2.341271838753427453e-02
-1.968524635957491845e-02
-1.688451196706096044e-02
-1.494891194003034225e-02
-1.324421274796194758e-02
-9.886545786860817878e-03
-9.380761564628834620e-03
-9.398431245654677649e-03
-8.512168519885421683e-03
-8.519674830130921986e-03
-8.245611109203354605e-03
-8.121931968843924127e-03
-7.932610806569234674e-03
-7.699249477092313595e-03
-7.943269786401375640e-03
-6.882428430576990191e-03
-7.377938971335858652e-03
-7.705073108694867126e-03
-7.696945751328918527e-03
-9.591800556402265560e-03
-8.905429020134386642e-03
-8.137065957654440740e-03
-8.639894674029298047e-03
-4.605888039096822824e-03
-4.326977813285540556e-03
-3.619469314696965694e-03
-2.481944631799426829e-03
-2.510522900904530938e-03
-2.002049441504177504e-03
-1.901540454470366896e-03
-1.722120017861825461e-03
-1.734148391052491413e-03
-1.879377223780289872e-03
-1.453762244945677393e-03
-2.503229996852109583e-03
-1.974080098144010299e-03
-2.135959847357167714e-03
-5.586841751554195122e-03
-4.453173658464460415e-03
-5.502477665564289855e-03
1.475558940527353343e-04
2.586943899089560542e-05
6.858192162075584224e-04
2.001620433579090561e-03
1.572838311532010055e-03
2.100921772652380830e-03
1.805546041221991202e-03
1.234501599507121508e-03
1.464348976100392002e-03
-8.711802708131263090e-04
-7.655805647687487746e-04
-1.115608899334907464e-03
-1.626665211043243440e-03
-1.549914602039173398e-03
-1.739750193540117503e-03
-1.706892437640295966e-03
-1.737396586063578085e-03
-1.586512792050131637e-03
-1.625045398289147631e-03
-1.608555117184661508e-03
-1.581153864049745237e-03
-1.593161882510431542e-03
-1.580517188778530384e-03
-1.578136618966092738e-03
-1.579045574221638396e-03
-1.574994229855928695e-03
-1.575393244306074305e-03
-1.574679203321296701e-03
-1.574039101811340342e-03
-1.574273034964520594e-03
-1.573938637276408063e-03
-1.574820566145926793e-03
-1.574522582758238441e-03
-1.575581431129119544e-03
-1.578232752338989660e-03
-1.575866719881936382e-03
-1.583994651613747579e-03
-1.585663838082986650e-03
-1.581210172470885441e-03
-1.616263186083089420e-03
-1.590855956991311243e-03
-1.619069988447482174e-03
-1.708925201528260036e-03
-1.561613634791433067e-03
-1.856569417316503807e-03
-1.926331420695759139e-03
