1.195887789117041538e-03
1.556373342950908775e-03
6.829818800148819251e-03
6.311068899695607484e-03
9.011205109180403863e-03
1.080309266171283929e-02
1.061905263968725838e-02
1.221144426916021507e-02
1.235654579611754691e-02
1.248288358708870248e-02
1.301350716601101798e-02
1.290733998545728380e-02
1.308867013488277525e-02
1.322143740267722918e-02
1.321597750955589949e-02
1.340862353426866549e-02
1.346803618552441621e-02
1.358161646312714028e-02
1.376275597445513442e-02
1.389043686793090156e-02
1.389483318204207118e-02
1.394747787035613938e-02
1.479183585769283139e-02
1.476356552002863753e-02
1.559978345935634191e-02
1.692017860441517169e-02
1.649507614440277187e-02
1.996821898112196431e-02
2.078791256134191606e-02
2.128084527545847857e-02
3.144488090302514915e-02
2.933276881331843902e-02
3.588316545341876940e-02
3.425377195157974786e-02
3.389852113780237458e-02
3.694189480355650201e-02
2.703953924297555420e-02
2.755922814474880828e-02
2.265930373538413770e-02
1.813461011581087370e-02
1.760163231868102501e-02
2.041461952636113367e-02
1.979863381746235079e-02
1.956670161768835764e-02
1.932244372678165387e-02
1.918615535062004676e-02
1.506329206290392755e-02
1.278638362508249110e-02
1.168389778947850725e-02
1.092267914183844358e-03
-5.352460138811516717e-05
-1.942450162929246129e-03
-3.680069450171691813e-03
-4.207601213422367502e-03
8.663884207716612742e-04
1.469329476999433779e-03
5.332863110902333510e-03
1.235656615455359500e-02
1.132936493586713181e-02
6.686305820223033616e-03
6.032022632997929845e-03
-9.530278482375011129e-03
-2.037485831477994086e-02
-3.093256652361288730e-02
-5.199561879317815549e-02
-5.673250727157147510e-02
-7.336647085616021524e-02
-7.610611933048767874e-02
-7.080351467735616910e-02
-7.480470551272470903e-02
-5.825531086383625712e-02
-5.377483011654628914e-02
-5.304308719988202331e-02
-3.927797958622786939e-02
-4.289680655538147258e-02
-3.612613135346309096e-02
-3.299830646512138393e-02
-3.964906363633133313e-02
-3.750741825452731659e-02
-4.152242341281559695e-02
-4.580830862421265276e-02
-4.713701464193847945e-02
-4.930272173046492540e-02
-5.169510387056944212e-02
-5.222687413980878907e-02
-4.956545024058485460e-02
-5.260443259588674231e-02
-4.366722758972678420e-02
-3.892907462932609919e-02
-3.128215820974432348e-02
-8.838373215413768483e-03
-6.524153233130513575e-03
1.472505001211453501e-02
2.525554880878013927e-02
2.155383325604933592e-02
3.357008965212568419e-02
3.106874006060852955e-02
2.433878251363418704e-02
2.564318580959926847e-02
1.976446429004484473e-02
1.826063296010419640e-02
1.522822622374672696e-02
1.317550715616793051e-02
1.472233624452115586e-02
1.021351369818665478e-02
1.469482278464685071e-02
1.169402455535433101e-02
9.671989590995678371e-03
1.584884847926991414e-02
1.091632600238663132e-02
2.987688587400544066e-03
6.249739884037035231e-03
7.564235167974815363e-04
2.672929851057602967e-03
7.919784446693610078e-03
8.661786982719672442e-03
2.062157162414908831e-02
2.859579439898876987e-02
3.869528648705684859e-02
4.787286678466495110e-02
3.932051504763369593e-02
3.765308464375289460e-02
3.316320565959275657e-02
1.603302661192876691e-02
9.988761738742399365e-03
4.389548919486339559e-03
-1.011153155359171933e-02
-1.329432299570834468e-02
-2.236475939581588843e-02
-2.738064951769259014e-02
-3.560257742964514915e-02
-3.899162950125319160e-02
-4.059630141120207369e-02
-4.195774268354295761e-02
-4.289697187945038653e-02
-3.990321044429353398e-02
-3.933920293338358243e-02
-4.120198352525092367e-02
-3.340511297043669697e-02
-4.435255180645184675e-02
-4.651634799697763889e-02
-5.736018279696045857e-02
-7.889127718890914798e-02
-8.648229334978763116e-02
-1.104458919296486819e-01
-1.203297590381701837e-01
-1.321373507285335258e-01
-1.446527634708518473e-01
-1.406854857988963647e-01
-1.482113678595486372e-01
-1.413517219523686697e-01
-1.477621988670212161e-01
-1.406928917700218384e-01
-1.379848321832674862e-01
-1.405914854527854640e-01
-1.197696546423619030e-01
-1.267712598393910817e-01
-1.137321225019354842e-01
-1.041996178645907267e-01
-1.140435996824461645e-01
-9.769671421920275711e-02
-1.029260158892559424e-01
-1.004339799279617418e-01
-8.393233216692150278e-02
-8.801559137136433231e-02
-6.874744475224402185e-02
-5.894088431170579206e-02
-5.160269422661289268e-02
-3.986086250176621576e-02
-3.976531955053058676e-02
-3.802520212441224540e-02
-3.239974727223385309e-02
-3.491211495112846869e-02
-3.096178701731825897e-02
-2.441250575174199258e-02
-2.622320269301363360e-02
-1.399015653968424359e-02
-1.057430155499607637e-02
-4.152615302161493001e-03
1.309142569424154995e-02
1.508788842156157106e-02
3.379660761834811511e-02
3.860141183977306573e-02
3.101256547498850574e-02
3.511079133555205373e-02
2.935865916440256670e-02
2.646161859337864755e-02
2.651355957042935210e-02
1.872893177860353656e-02
1.463503166531338051e-02
1.313469315232574167e-02
-4.559437813777367926e-03
-2.220111452116008566e-03
-8.844329929082401023e-03
-1.528876313937857154e-02
-5.232287709298040837e-03
-9.930048914890030401e-03
-7.083315954422780142e-03
-4.663030787834397846e-03
-1.009448704353607153e-02
-7.714598620704877716e-03
-1.064362070467589870e-02
-1.741311523472202638e-02
-9.709959432585860140e-03
-1.832329735598443518e-02
-1.165588329457914463e-02
-1.237197036794092028e-02
-1.971924136373478728e-02
-1.354369634623819353e-02
-2.581956701546974167e-02
-2.330928149903404786e-02
-2.206659225146462289e-02
-3.000770749577691063e-02
-1.562117107377880565e-02
-3.245978338835359828e-02
-2.129660992748346263e-02
-3.104718078840391568e-02
-3.899946316486720133e-02
-3.828477182880370838e-02
-4.601880568048145881e-02
-4.535764382109750553e-02
-4.149417144700714988e-02
-4.384800996481947460e-02
-3.884336793894991452e-02
-3.688127030293116698e-02
-3.849421554526227113e-02
-3.395138519176685993e-02
-3.431344111472853231e-02
-3.353968740095555900e-02
-3.020738563481259811e-02
-3.139979546734947280e-02
-2.801091069487223958e-02
-2.929135281800404264e-02
-2.526285709563266466e-02
-2.466987300812246292e-02
-2.050470719710930853e-02
-1.317870231273417583e-02
-1.194923861777524507e-02
-1.291236270535956344e-03
6.546625132047009321e-04
2.111376946533365020e-03
7.463078839376198481e-03
7.567153663053009273e-03
1.169696429246503029e-02
1.370680248544720904e-02
1.220381501919596233e-02
1.919000954258950550e-02
1.753437492829505034e-02
1.137416709314013202e-02
5.334640509238491521e-03
2.537329158478645631e-03
-5.219514050607574956e-04
-2.349263364005596804e-03
1.638911599227994972e-03
2.568999962338339854e-03
9.290743118096560921e-03
2.038057006398704893e-02
2.512531331995052422e-02
3.331335890131649491e-02
3.984753022364829339e-02
3.089673141581089286e-02
2.986930206141118552e-02
3.208101061010337068e-02
2.452921641907291825e-02
2.181006261288898421e-02
2.292294095656997183e-02
7.436017155197671182e-03
9.456155506607956049e-03
-1.219245827296616723e-03
-2.007010299750025886e-02
-1.723512221276067569e-02
-2.482401354498188495e-02
-2.483599073361610413e-02
-3.713026005869048823e-02
-4.379428356438470893e-02
-4.856606169640110410e-02
-6.569972624471247247e-02
-6.952617160653931649e-02
-7.686587065875877256e-02
-8.487703434169403816e-02
-7.391029777526317290e-02
-7.455588317994711611e-02
-6.514795545859934645e-02
-5.764308503535277989e-02
-5.684289645577209060e-02
-4.330583069998770324e-02
-4.094322925153004444e-02
-3.079496912608548770e-02
-1.883539967216540240e-02
-1.367882269262873235e-02
2.750987235066963167e-03
9.762830174844845318e-03
1.966651663723401749e-02
3.058655411784170358e-02
3.677434910614535424e-02
4.598039492631150055e-02
5.250385364580058278e-02
5.872933472973682067e-02
6.393092393521963845e-02
6.913021415912562473e-02
7.248840089585871505e-02
7.518937283030241447e-02
8.005722317076534311e-02
6.684801461132185152e-02
6.906797442477762006e-02
5.973931812007883535e-02
4.156299630311500320e-02
3.595183552111707453e-02
1.863473938769203558e-02
6.732112249039186140e-03
9.967882340028832305e-03
6.577216641116842653e-04
1.171197832755168852e-02
1.059715093439077098e-02
5.996367803526297426e-03
1.247226704951569752e-02
3.964417917323733061e-03
2.641697304969521133e-03
1.703496829621959545e-03
-1.052882699227206988e-02
-7.737343643918976992e-03
-1.328233008497029660e-02
-1.110813955029422984e-02
-6.954575596797823132e-03
-8.496216154976430138e-03
1.040669889102104409e-02
9.246432885416556655e-03
1.744891465744511164e-02
3.327518751412362336e-02
2.439523518056876256e-02
3.816086891564747507e-02
4.279427726991916203e-02
2.095118480444234377e-02
3.097389275955422100e-02
3.175309637996110573e-02
2.488472202429795402e-02
4.055494292834258691e-02
3.317796581707518205e-02
4.249900326790995164e-02
4.406661933120476632e-02
3.205577458169236310e-02
4.382845153009386208e-02
2.118149872636948886e-02
3.024899053702464341e-02
2.052615505014034405e-02
-4.918922766496231988e-03
7.995930633161134685e-03
-1.078323071912647840e-02
-1.764927617935018811e-03
1.465616981199862820e-02
2.178055024890487162e-02
4.063106887361031538e-02
5.345769932026388921e-02
7.042456540334204873e-02
8.745661100194918047e-02
1.007145093168188843e-01
1.206755534432449456e-01
1.270588850586404361e-01
1.413223849136555632e-01
1.422624983423428635e-01
1.441584398716660442e-01
1.483645153367983971e-01
1.399332646729382901e-01
1.435983195851838479e-01
1.340778489644867955e-01
1.271096355803534861e-01
1.247937181986431693e-01
1.030596040081931397e-01
9.712170236218949093e-02
7.999058860593363796e-02
6.846390043865903385e-02
6.554468792178375081e-02
5.244309542047201345e-02
4.987808237386651133e-02
4.636255643278374555e-02
4.066768335535309031e-02
4.141086882528330348e-02
3.896224121517136846e-02
3.261208532999551601e-02
3.257533745337045511e-02
3.035131673675811950e-02
2.944294846336412141e-02
2.861718513881624307e-02
2.786344802324441580e-02
2.732322285687233121e-02
2.616794239818846096e-02
2.589204681368233174e-02
2.422613870992170251e-02
2.202465669194534487e-02
2.235667842109578113e-02
1.624285565058830247e-02
1.405404846566213513e-02
1.451849040399857786e-02
8.410057184583100837e-03
4.538228997724399680e-03
3.031803653837276871e-03
-8.234196950630080780e-03
-1.000493033833245796e-02
-1.322611912188851463e-02
-1.755294206719554967e-02
-1.684300146143243720e-02
-1.864389570541781158e-02
-1.641867510495324117e-02
-1.615460372751524598e-02
-1.303415657837767375e-02
-5.398656741026060767e-03
-6.772233507589886688e-03
9.280517032666529484e-03
1.578522005512814075e-02
1.802703048026958396e-02
4.908616029897714533e-02
3.784121908755280067e-02
4.956019697454318307e-02
3.059451547484395503e-02
2.914293333091896865e-02
2.914136802237033905e-02
2.016111056792328771e-02
2.136712801114203780e-02
1.838908314035583164e-02
1.567190057605915079e-02
1.611138880383530467e-02
1.417989926300678577e-02
1.324522314756272807e-02
1.262436814982233202e-02
1.197109610339115379e-02
1.120707217764811865e-02
1.085988460539613447e-02
1.025006480882512463e-02
9.310400753797203402e-03
9.327127363928360698e-03
7.890128979778105595e-03
7.906541770257156238e-03
7.456140130460709933e-03
7.004643251418227884e-03
6.998128784553625352e-03
6.714660395314936067e-03
6.624041334482941128e-03
6.573831564119875411e-03
6.473650981239930519e-03
6.456878374505737282e-03
6.423138197784166760e-03
6.400288492073346984e-03
6.394480068567735820e-03
6.382826197577433011e-03
6.389715599562333613e-03
6.382372376620155073e-03
6.397783050099547543e-03
6.426007375218670443e-03
6.401403894766642677e-03
6.505280829108360530e-03
6.514559673131734875e-03
6.489469293782616603e-03
6.850053501409231020e-03
6.601627538015962179e-03
6.873560869460441057e-03
7.581195149093199366e-03
6.483012745230484764e-03
8.281075412689600096e-03
8.772060767396422376e-03
