1.594823179222124021e-02
1.621476243713724022e-02
1.002465882380320847e-02
8.545773057398366873e-03
1.741312816737684843e-02
1.503796002984161828e-02
1.488579953868992417e-02
1.642411352426898299e-02
1.539768113002365491e-02
1.582998120574973661e-02
1.593842575010010615e-02
1.573482914803619320e-02
1.591240932276559092e-02
1.586429943064535802e-02
1.585701062675004547e-02
1.589563908985821422e-02
1.587346670086708933e-02
1.588356999416519130e-02
1.588657012284939996e-02
1.588072122620218934e-02
1.588398682018883970e-02
1.588019457867676648e-02
1.587580766568433624e-02
1.587384691739770690e-02
1.586170190024270565e-02
1.585351812497034357e-02
1.584166154339024246e-02
1.580253795644319045e-02
1.579545324521591798e-02
1.573124437290953498e-02
1.563517381124204450e-02
1.564402073988453365e-02
1.533782366220986897e-02
1.522536840471739976e-02
1.512430297566382670e-02
1.397975374300938593e-02
1.344107366258269487e-02
1.349522790620810708e-02
1.225404871142377582e-02
1.157108502888438278e-02
1.178732786702097433e-02
8.009672611922934865e-03
7.643134721435726475e-03
6.581769285508931068e-03
5.247556949738868722e-03
4.600146580632292516e-03
7.684843226879167592e-03
9.548735203321143811e-03
1.482294625790855913e-02
1.714020925146222951e-02
2.649508558837866332e-02
3.540012280065180095e-02
4.152487675629352309e-02
6.063125456699363508e-02
7.516906250752572460e-02
6.638801894972110040e-02
7.386179865826066060e-02
7.798277227197636385e-02
5.016106124102434616e-02
6.263329167166015177e-02
5.246873122674298312e-02
-3.473475188015938409e-02
-4.461669773908058523e-02
-1.028771472064076847e-01
-1.349921521845184880e-01
-1.498438561800176927e-01
-1.813998048189440215e-01
-1.644883731798419124e-01
-1.736006876032364921e-01
-1.657199713737098901e-01
-1.716686820712172434e-01
-1.765004480816463051e-01
-1.761134887429687823e-01
-1.881595341292997547e-01
-1.873491901300850526e-01
-1.958914066494850947e-01
-2.014905057815086498e-01
-1.817212899683959826e-01
-1.835998223780699878e-01
-1.648298512060746290e-01
-1.518468822456734146e-01
-1.470487777106385119e-01
-1.179632787599876470e-01
-1.109843407233713219e-01
-6.709425835171098362e-02
-3.565698627696754081e-02
-2.188060504832175721e-02
2.195750990660886789e-02
2.194974557732616224e-02
1.586005611660045236e-02
2.564754232612414392e-02
2.187277582825181838e-02
2.581302418536006102e-02
2.433502882354119518e-02
3.807281078437355776e-02
4.021253297571100727e-02
1.512187534593354733e-02
1.357981200968178329e-02
2.005855958300587719e-03
-1.533446509162759985e-02
-6.544560750805076578e-03
-3.818178318951214595e-02
-4.716755056544469360e-02
-6.108871416654412800e-02
-1.663034316563239412e-01
-1.878426437624996781e-01
-2.616596554688049303e-01
-3.473573374719173823e-01
-3.509739943064715262e-01
-3.492431871330638482e-01
-3.329038016180405624e-01
-3.154920178720856394e-01
-2.852338363927169329e-01
-2.587165328033455558e-01
-2.519890737794964752e-01
-2.503233287730227130e-01
-2.341515978675996201e-01
-2.326229328697933807e-01
-2.248873151718795427e-01
-2.034610107829820658e-01
-2.013174984413481361e-01
-1.953577011779634443e-01
-1.849556721752505517e-01
-1.943603026940589895e-01
-1.985791940192611904e-01
-2.050017234034590408e-01
-2.381021654620998906e-01
-2.610917977003160972e-01
-2.778558598757582820e-01
-3.191823957367395104e-01
-3.329875340668060346e-01
-3.369374061143854404e-01
-3.603955760334255354e-01
-3.569210746805715484e-01
-3.683358921092521610e-01
-3.722213962470414805e-01
-3.684707293790639993e-01
-3.782407879607064261e-01
-3.718413569184402800e-01
-3.734927473222343086e-01
-3.746066748199228247e-01
-3.621225869657610508e-01
-3.613187995208620995e-01
-3.440290703073910494e-01
-3.295809111862632035e-01
-3.196385620174518327e-01
-2.921454212577830889e-01
-2.726160806050919594e-01
-2.551887935587905387e-01
-2.070508705533736504e-01
-1.839601537612816085e-01
-1.284609544207736820e-01
-6.653857869184502671e-02
-4.578028135486068850e-02
2.800621694119996910e-02
2.969096426282674325e-02
2.307454340647901309e-02
3.723236051230677246e-02
2.936514763458199229e-02
3.162815291330801915e-02
1.477287780078181088e-02
9.782228194642219460e-03
8.817611804708731446e-03
-5.878268343375553763e-04
1.048965066517556230e-03
-3.783173028760505180e-03
-1.182938589263416752e-02
-2.678773361238613419e-03
-2.478881792752977639e-02
-2.312248426197953052e-02
-2.353936690300703280e-02
-2.659210752615780160e-02
3.074777304865854675e-03
-3.076937608357095677e-03
8.354738800312041039e-03
1.351616097093476417e-02
1.075254689055156823e-02
2.981830565625971305e-02
3.625402339799815160e-02
3.694295927670217944e-02
7.283934861424595786e-02
6.478577947173877472e-02
3.028926955506633031e-02
1.405147707884359803e-02
-2.530529341910564556e-02
-3.878181790460924483e-02
-1.051265101222839254e-01
-1.205779059682779986e-01
-1.461850527718987214e-01
-1.753174249045356403e-01
-1.841450858091235043e-01
-2.238269639589670623e-01
-2.329876827131207306e-01
-2.530268836446294967e-01
-2.517708295488386150e-01
-2.477787571383920362e-01
-2.468556664135587719e-01
-2.393265081646392123e-01
-2.348947180270448687e-01
-2.343984514416393161e-01
-2.293757753214244188e-01
-2.270459082909757620e-01
-2.267380217785141538e-01
-2.231794305697259173e-01
-2.212316336122834293e-01
-2.242804798470457162e-01
-2.199107135924024126e-01
-2.263148717236804219e-01
-2.356649535912705151e-01
-2.437609922564810128e-01
-2.682926907269547745e-01
-2.804599366740372912e-01
-3.005322103886823859e-01
-3.193287919607213365e-01
-3.314757706186754471e-01
-3.477536331405680081e-01
-3.301356082491097577e-01
-3.317921733709199295e-01
-3.200603604209820707e-01
-3.022997121244651031e-01
-2.904190654160039298e-01
-2.655794041815682793e-01
-2.674218585316615604e-01
-2.476056410845604572e-01
-2.322819650401509728e-01
-2.197736339470108546e-01
-1.194212244443921545e-01
-1.119871490790227270e-01
-1.103756083331056646e-02
3.145076973260214209e-02
1.724174493263427865e-02
7.862691788854551944e-02
6.519349455262990478e-02
3.150123097480375667e-02
4.187491398522503322e-02
9.574792950231567415e-03
-4.746958990378209904e-03
-1.045504435387699209e-02
-6.323970580665647101e-02
-8.375444328064596267e-02
-1.198016375572635295e-01
-1.508404248307224083e-01
-2.041830300908626383e-01
-2.178396313083930391e-01
-2.303825018630362709e-01
-2.281442641301156260e-01
-2.211179145419236436e-01
-1.983544144702865664e-01
-1.889272937177273182e-01
-1.660245466160683581e-01
-1.474090130640096918e-01
-1.110424895626220265e-01
-9.954076254258620304e-02
-7.766100184376320548e-02
-7.869673922469451466e-02
-7.208547444361597389e-02
-6.962261870235617045e-02
-7.761001149702678736e-02
-3.107927148248843668e-02
-2.135205086545135036e-02
-5.380005033273512621e-03
-3.424178179644182286e-03
-3.616733145140556271e-02
-3.919576620362734409e-02
-5.835312898206602289e-02
-4.390154583705080382e-02
-9.976885143200509010e-02
-1.308666973917750054e-01
-2.211418311538777270e-01
-3.083568391238575290e-01
-3.144719399318722242e-01
-3.112637299841297667e-01
-2.919972525156734333e-01
-2.733591612111358482e-01
-2.337356873416511216e-01
-2.036763337720231548e-01
-1.845974225561747839e-01
-1.738781845078897770e-01
-1.576749075034169778e-01
-1.528220381170010966e-01
-1.433465489728394104e-01
-1.393829841655587487e-01
-1.428705322198392802e-01
-1.387720305082881522e-01
-1.435538157099849055e-01
-1.410802256935805299e-01
-1.441623946418219004e-01
-1.444211994662562282e-01
-1.321271283059110568e-01
-1.389737313312772171e-01
-1.166400406622312008e-01
-1.127271909081393880e-01
-9.747595061947818273e-02
-1.044028059446473200e-01
-1.338504852082677554e-01
-1.444812414442065984e-01
-1.562332410665216165e-01
-1.712736915869484955e-01
-1.635445394742933711e-01
-1.722369886876262690e-01
-1.750386444163752608e-01
-1.668567260651759310e-01
-1.758889783636050363e-01
-1.680262365346822107e-01
-1.680159133539419203e-01
-1.707579726778961360e-01
-1.609081558713531535e-01
-1.669206231005610774e-01
-1.589783985007297007e-01
-1.555904898005789627e-01
-1.567596785705319407e-01
-1.199081031054550495e-01
-1.132516210431213088e-01
-6.706676832999018678e-02
-2.965049277964071708e-02
-1.487962284918480788e-02
3.187455063462057286e-02
3.196875024508411683e-02
2.944863427355795191e-02
3.636700886578062702e-02
3.134680237238753053e-02
3.282381850368728399e-02
1.455899616238332493e-02
1.074797765303135873e-02
8.913506870743411262e-03
-4.670644816658717376e-04
1.249648049196339181e-03
-3.792298546604375414e-03
-1.187862098271036913e-02
-2.827122596659271091e-03
-2.478458015725196542e-02
-2.380954081148148327e-02
-2.372102913652196152e-02
-2.706188684048977180e-02
1.071473744482598486e-03
-2.577430959302069984e-03
5.060018462868606619e-03
1.033932811109550091e-02
1.160366438939564211e-02
1.511826146949461422e-02
2.565699666137617393e-02
2.996695591786641827e-02
3.759666971917034750e-02
6.096150234030462550e-02
7.471700279694316882e-02
6.854935211740077750e-02
7.015421611094808940e-02
5.245873851369921986e-02
4.164854852440891958e-02
3.577624994046967738e-02
-1.467622264520498584e-02
-3.454455439954753904e-02
-7.214402232177148655e-02
-1.222010496341949526e-01
-1.553279763974489969e-01
-1.610897118145753759e-01
-1.720842402686858785e-01
-1.713883314688215420e-01
-1.747737512400367732e-01
-1.746988211478962827e-01
-1.749451224333934962e-01
-1.731653020027220657e-01
-1.720946324125821603e-01
-1.718328145368993864e-01
-1.681475356877112637e-01
-1.739555326148550518e-01
-1.719198484018754636e-01
-1.706462024327000115e-01
-1.778384232295708300e-01
-1.659894657537997198e-01
-1.384112950470582359e-01
-1.330441077900579860e-01
-1.123374695134787965e-01
-1.103032630990739005e-01
-1.077250626494276886e-01
-9.188616711645085366e-02
-9.747801156597085681e-02
-8.841234611514436903e-02
-7.563882559947801565e-02
-4.744805691404183068e-02
-2.928361105833417188e-02
-5.172576189686074050e-03
-3.852321012828432024e-03
-3.794944511503610049e-03
-1.180558091717624075e-02
-1.165681430350107121e-02
-2.002330280422286515e-02
-1.951709722097851388e-02
-2.006572895699194198e-02
-2.303176070441733184e-02
-2.033791926046269946e-02
-2.406108205116609319e-02
-2.293369389766707067e-02
-1.882604108004437213e-02
-3.011833593696646577e-02
-1.487473493105890936e-02
5.360494074092077461e-03
5.543087197449313337e-03
3.439581728923532533e-02
3.239197528878814264e-02
4.299707662158260002e-02
4.630321300535940321e-02
3.147157161283629934e-02
6.013464809076029399e-02
5.110478399222886242e-02
1.287058148283064208e-03
3.076517263189361764e-03
-5.645820937904232756e-02
-8.227531605160245953e-02
-1.232422066797897037e-01
-1.790953187966850269e-01
-1.953964990395213597e-01
-1.915587079050750652e-01
-1.867666088744642794e-01
-1.720820807536575792e-01
-1.727992127783344323e-01
-1.592180226100481655e-01
-1.517558201108207827e-01
-1.497739194430376397e-01
-1.376342579620097595e-01
-1.260557315144836266e-01
-1.114988200521817852e-01
-8.775514234934149449e-02
-6.907998135380191695e-02
-5.432624778784090475e-02
-4.611555491988302696e-02
-3.817484598019894870e-02
-3.327417747734235515e-02
-3.061551627839852532e-02
-3.071156713602460342e-02
-3.059024901542971991e-02
-2.497257061377493662e-02
-2.507275946699308311e-02
-1.900130686559256196e-02
-1.518952294791651135e-02
-1.123026623009533084e-02
2.632800265615777013e-02
5.662418808870032377e-02
9.283889226228016212e-02
5.907662731696727842e-02
7.079500323289734942e-02
6.744516619966077486e-02
4.990618641516869625e-02
6.044290498632919062e-02
4.475990298507678822e-02
4.607204130922386981e-02
5.646775671079175274e-02
4.791227771237968613e-02
4.075590467370737713e-02
3.647775634321818311e-02
-5.125209262464553925e-03
-3.281002115777972156e-02
-4.860814570860080147e-02
-6.222856912668392471e-02
-6.145265987365679944e-02
-4.489348658399555658e-02
-4.752685456394518948e-02
-3.812029820789190893e-02
-2.836727885454778941e-02
-2.752379056071404748e-02
-1.167064468923295628e-02
-1.073912765550857559e-02
-1.384641030343109272e-02
-8.622523876662216771e-03
-9.923949939793104066e-03
-1.069139095827003651e-02
-8.026306001190959202e-03
-9.485132354496392595e-03
-1.292966672330918970e-02
-1.358378378520277117e-02
-1.327538058969469047e-02
-1.423578466714904567e-02
-1.357966633660449840e-02
-1.356104312659640182e-02
-1.313169292225487700e-02
-1.149626020722064462e-02
-1.163155134527158949e-02
-8.231415121978020305e-03
-5.659999701118446046e-03
-5.209641813393667623e-03
6.910953002172039519e-03
7.030017646883619971e-03
8.765103778195100157e-03
9.192585369062837228e-03
8.806205361828781455e-03
9.778539228362706504e-03
9.728191258956546059e-03
9.851539100916182831e-03
1.008949119164753716e-02
1.006011826077830157e-02
1.015157969633844956e-02
1.019306608918335924e-02
1.019867964561740371e-02
1.023142981156490577e-02
1.024015454562577331e-02
1.024957375415610182e-02
1.025790456609017472e-02
1.027163744062516842e-02
1.027269256761899341e-02
1.028325493111695993e-02
1.032029253355521391e-02
1.028842789974119577e-02
1.037212597234657592e-02
1.041572527812678790e-02
1.031592927763869821e-02
1.073376075401036994e-02
1.048788817820590566e-02
1.060388311082119395e-02
1.186893883184586898e-02
1.016252192707941919e-02
1.259935345039791058e-02
1.425693821793276757e-02
1.292952770202318059e-02
