-4.613208970290743477e-02
-4.775379367524071328e-02
-8.530850238232996763e-02
-8.898488953801637902e-02
-8.790293878322494314e-02
-9.533261273038431960e-02
-9.107367910849453740e-02
-9.303206268486327590e-02
-9.386858707588494055e-02
-9.284673138322739605e-02
-9.388466005340950771e-02
-9.368461170045486175e-02
-9.366424926424096742e-02
-9.394539840319038326e-02
-9.381825744865404659e-02
-9.390593285625631337e-02
-9.393894113353541686e-02
-9.390718087332720898e-02
-9.394172545174452049e-02
-9.391796583922654151e-02
-9.390875619493418980e-02
-9.388838920564900048e-02
-9.383589092336830362e-02
-9.381959624451217949e-02
-9.370456106439452315e-02
-9.362869639620997886e-02
-9.355421662516384684e-02
-9.320200308143895829e-02
-9.320353903159134257e-02
-9.274888987941140583e-02
-9.201380332558560526e-02
-9.233651864761306671e-02
-9.020135653582628255e-02
-8.981685377426949779e-02
-8.977836125315033500e-02
-8.235215307258883510e-02
-8.267373199696359531e-02
-7.766818306536198147e-02
-7.628097658750945809e-02
-7.570225274333206023e-02
-7.126795205427507995e-02
-7.505539297837358903e-02
-7.172913694885901803e-02
-6.379878090639075350e-02
-5.983363713257458527e-02
-4.960017017343352347e-02
-2.739928440514680791e-02
-9.460785798209109254e-03
3.275326450017999186e-02
5.358887634785580029e-02
1.097595881735462242e-01
1.523652162719028591e-01
1.562838955128166563e-01
1.940788799560594913e-01
1.885861796832178083e-01
1.689521310114884822e-01
1.869598957604715894e-01
1.445415826356705458e-01
1.402067566392712628e-01
1.331798139198051845e-01
2.105471189783870642e-02
5.846029323086029267e-03
-3.151260581048171555e-02
-8.041659493932912239e-02
-9.913856051979751116e-02
-1.566025208992658513e-01
-1.759931333274125931e-01
-1.930858722544641082e-01
-2.272234982006744730e-01
-2.288185883722601288e-01
-2.507307795662763183e-01
-2.651640392979106586e-01
-2.674826184376733473e-01
-2.882140440066513487e-01
-2.912695153624838551e-01
-2.995929940535188574e-01
-3.142635021687339436e-01
-3.120670360742931471e-01
-3.229774299345258837e-01
-3.233451669911633353e-01
-3.254041599860434952e-01
-3.337300728708740838e-01
-3.298081342765708524e-01
-3.364233976164728857e-01
-3.377409115142065987e-01
-3.326757257754827668e-01
-3.382351617737676119e-01
-3.105957415112240438e-01
-2.991215031678044478e-01
-2.787489935927491280e-01
-2.558793724900244038e-01
-2.509391974034750339e-01
-1.988538028367425881e-01
-1.784180803664887627e-01
-1.601646162394117223e-01
-9.128746503065915396e-02
-8.873432146324167213e-02
-4.864843790557739356e-02
-2.460117149575636111e-02
-1.625331032366121239e-02
4.410457659335533659e-02
5.522958074569492976e-02
7.390041631499434660e-02
9.293406715584118238e-02
9.351104322974054806e-02
1.089859015192749803e-01
9.334972043353263749e-02
9.663348828444681682e-02
1.055081298168234483e-01
7.521528212808500924e-02
1.013039053884135232e-01
5.222239912415842233e-02
-4.415836082875172069e-02
-7.680481081863364812e-02
-1.081677867113469554e-01
-1.454878842363739599e-01
-1.352380521642960742e-01
-1.501635886378926699e-01
-1.419236407591940030e-01
-1.246848240134397767e-01
-1.230106812973868341e-01
-9.183390421169859708e-02
-7.962652529353865527e-02
-6.570822151558107505e-02
-4.597471701786266796e-02
-5.722743676344401592e-02
-4.405667724986275791e-02
-5.818725641650185354e-02
-5.876650822949540387e-02
-4.478216198224172634e-02
-5.362153699212920954e-02
-3.781655667110064845e-02
-3.278606982518458141e-02
-3.328920224804313849e-02
1.248599261928909354e-02
1.839315877108863712e-02
2.108357034042124614e-02
6.633678387215408145e-02
3.668329403527080534e-02
7.331204491643460164e-02
6.071245774138296636e-02
-1.476419015906090676e-02
-2.892727737018510950e-02
-1.034035235258053548e-01
-1.265991629213081004e-01
-1.680100664381669329e-01
-1.712262890231590617e-01
-1.736187780787848411e-01
-1.763419508892721532e-01
-1.574529968070247643e-01
-1.539046532704143599e-01
-1.514558841729465866e-01
-1.391271041062730474e-01
-1.417256204819130894e-01
-1.348015882049503622e-01
-1.306901950616505270e-01
-1.324353123357731310e-01
-1.257114153117394884e-01
-1.272117106350846849e-01
-1.263418223439919941e-01
-1.230305501692686571e-01
-1.271270298452979730e-01
-1.248620975716698556e-01
-1.271446528224840777e-01
-1.329297570324436129e-01
-1.343512462007777353e-01
-1.364170238795663348e-01
-1.387425642970538109e-01
-1.389291999094086072e-01
-1.384908773710118446e-01
-1.392824076503047237e-01
-1.365064935218875675e-01
-1.336865246442070498e-01
-1.321023006922706355e-01
-1.217512265582052222e-01
-1.142013860077160520e-01
-1.096388308024391633e-01
-9.586241214639466823e-02
-9.292698020110273793e-02
-8.764594861316712948e-02
-7.544589423307138110e-02
-1.017271699108865390e-01
-8.818504880514976829e-02
-4.485887902604718258e-02
-2.648571539703297936e-02
6.113194158000755107e-02
1.154302445440978653e-01
1.060696314908781135e-01
1.460863288254385106e-01
1.066021537397315727e-01
8.204196521873857728e-02
7.801635654915091422e-02
3.640411381712326672e-02
4.045334370021124587e-02
2.645594937244662506e-02
9.696368386031290615e-03
4.550050581182171761e-03
-5.705619905819166518e-03
-2.191862307143473132e-02
-2.793806128691220941e-02
-2.955880311809734595e-02
-3.479641145582974826e-02
-3.451094749446254745e-02
-4.048640748883621659e-02
-5.267930401285970260e-02
-5.446737802706310555e-02
-6.120983346655854695e-02
-6.652459460933890512e-02
-6.989263548156447736e-02
-7.642549442417510830e-02
-7.933036473238225250e-02
-8.569427526040371279e-02
-8.841771257498047543e-02
-9.183761065407716750e-02
-9.672643856576811083e-02
-9.894461321111104601e-02
-1.068280923025380635e-01
-1.103550398816516287e-01
-1.171849720589874105e-01
-1.319528864801325641e-01
-1.321675415643317475e-01
-1.575564859572449183e-01
-1.753293456571927977e-01
-1.839289366865057007e-01
-2.394901577038209273e-01
-2.542677763263251345e-01
-2.736214140188823474e-01
-3.112868431560583127e-01
-3.196971773784483273e-01
-3.606566640415715397e-01
-3.964637796374467227e-01
-4.312304487374281070e-01
-5.191569411870690098e-01
-6.098800043072266641e-01
-6.507305848924223035e-01
-6.835438930997325135e-01
-7.060427327494334104e-01
-7.151912113262999249e-01
-7.260663244725801269e-01
-7.320994140809564676e-01
-7.202230361342186749e-01
-6.772568369598399585e-01
-6.227287446588927189e-01
-4.716253198264172553e-01
-3.669492296416668742e-01
-2.343203631190533542e-01
-1.499858239295686069e-01
-9.789450755825421235e-02
-6.528384060746325601e-02
-8.212267804625737744e-02
-9.923257522946468678e-02
-1.348927226405134128e-01
-1.694461566218908033e-01
-1.825094434923416886e-01
-1.985128909751580906e-01
-1.964087847046073476e-01
-1.821991193685928712e-01
-1.771996834787920860e-01
-1.528291182677665450e-01
-1.142196297199027100e-01
-9.582614257701921323e-02
-7.609020534787681866e-02
-5.249107701962146127e-02
-4.366037150619045404e-02
-1.933184235893053993e-02
-1.240601568725159358e-02
-1.791183969354445899e-03
4.905024280233438901e-03
1.147633348984072009e-02
2.011832825763205934e-02
2.399429293389787263e-02
3.215786275646182607e-02
3.779064189411068114e-02
4.202006314030140577e-02
5.144357353792533560e-02
5.370663804677625053e-02
6.166673858275006220e-02
6.901717478973032338e-02
5.363793621597116867e-02
5.905412830122957341e-02
4.302182046787302039e-02
2.159814228042043413e-02
1.201353097624403149e-02
-9.046020706093171881e-03
-1.942470559291496063e-02
-2.842112794647871574e-02
-3.951240944736423427e-02
-3.038004192887542448e-02
-3.816571647444952364e-02
-3.393584729739971412e-02
-2.037414132587501633e-02
-2.442098539705776436e-02
1.520400847736292499e-02
3.232726511700526745e-02
3.513916503496136018e-02
1.017983559636871510e-01
8.617713065295505570e-02
7.514314711965970617e-02
8.042936671480749311e-02
2.216545406335125937e-02
2.699364807050387907e-02
8.549148449554339405e-03
2.927975450938149343e-02
4.146600641472492077e-02
6.604037740392010303e-02
1.754290200902411390e-01
1.819941751305982902e-01
1.968135045837795249e-01
1.976606968153969968e-01
1.548485242627667680e-01
1.570829979288207168e-01
7.455474171328409227e-02
5.008577559755330449e-02
3.029877792607713061e-02
-5.370098636158681521e-03
-2.385789486458499142e-02
-4.399080685205739721e-02
-4.985439574818274766e-02
-5.969357580230599120e-02
-3.060762549856529610e-02
1.069031336674768941e-02
3.283468203457911433e-02
6.065241057168251765e-02
7.750469494002747151e-02
9.060322664204946419e-02
1.020065794896745787e-01
8.811374840955095433e-02
8.334542028438092498e-02
6.198817213057982584e-02
2.624560047468242965e-02
2.223114401691127923e-02
-3.242671056945064384e-02
-1.019047732198155309e-01
-1.330494547845255393e-01
-2.810089764553284630e-01
-3.023461322485765379e-01
-2.970565435200483440e-01
-3.307240534852360359e-01
-3.130519305548991604e-01
-3.178054568690066861e-01
-3.281516631664247452e-01
-3.015954340346800877e-01
-3.117178884252837512e-01
-2.914926251833226956e-01
-2.335943157331638598e-01
-2.062562168960718201e-01
-1.475507041457538027e-01
-6.597950187228834862e-02
1.004588677004972577e-02
-3.520997147221123502e-02
-4.524304787432560648e-02
-5.360717798895661690e-02
-6.445332590895051783e-02
-6.981697330123486089e-02
-7.243761572238487101e-02
-7.581850509094457957e-02
-6.634236776647994827e-02
-6.278827058064312405e-02
-5.391626534459490611e-02
-5.529511435078305476e-02
-4.997988027644830605e-02
-3.629349601364946498e-02
-3.757538915321494838e-02
-2.544890051330490552e-02
-1.876750700237456854e-02
-1.591732487197130425e-02
-4.656579468479841825e-03
-2.688772212994976554e-03
1.243049704455836089e-03
5.956200491703127035e-03
6.612167923936824142e-03
3.950963439822968021e-03
5.319235757939869136e-03
1.573478063988322656e-02
2.045532692331568717e-02
3.261808578087858207e-02
4.558020935536364476e-02
4.956455512295921545e-02
6.789160704889386777e-02
7.505379134103543071e-02
4.052440424318738688e-02
4.538411352228612777e-02
4.922831545597015912e-02
4.245486242877782868e-02
6.099809409263878823e-02
6.153586754381761698e-02
7.412594132803748681e-02
8.769863293262888937e-02
7.728390059973810899e-02
8.044549017460005114e-02
8.249015344274680805e-02
8.168669917022229610e-02
8.337643436732487812e-02
9.530936072336979037e-02
6.936822051769635233e-02
9.825197546732404585e-02
7.773256410234286040e-02
-4.146431640514524480e-02
-6.259249243633642490e-02
-1.005588939449029717e-01
-1.368545475804756051e-01
-1.226285374487528917e-01
-1.335098814334589601e-01
-1.260186853086748271e-01
-1.029120101766536344e-01
-9.506423233991641297e-02
-6.628663753873524633e-02
-5.181941589941601450e-02
-4.029146295267758277e-02
-3.799322207857105255e-02
-3.300754083979322295e-02
-3.322849662078842387e-02
-3.350775051306527363e-02
-1.947398488628593327e-02
-7.694164243952604509e-03
1.506984956108375386e-02
9.641843335661412495e-03
1.230437660046421883e-02
-1.434140076804237647e-03
-2.734289947674443250e-02
-5.467602413874297212e-02
-7.503377544013187239e-02
-8.355935879972113678e-02
-8.490868050558179891e-02
-8.392633931412930848e-02
-6.936899166542964679e-02
-4.849252161331489563e-02
-3.658312615021465375e-02
-3.639052371032180239e-02
-2.966632398909610155e-02
-3.460191809545219016e-02
-3.717730865562322157e-02
-4.523328222498398943e-02
-5.453136514550376707e-02
-6.619203251412443534e-02
-8.443265268208996477e-02
-9.464886971910878299e-02
-1.178445539513224144e-01
-1.259734585607479307e-01
-1.373110867660450041e-01
-1.515703813673631994e-01
-1.535612710850121077e-01
-1.663835538255595825e-01
-1.692814209049874341e-01
-1.703983925411361178e-01
-1.755057409998863616e-01
-1.634090952269348918e-01
-1.635109197859289376e-01
-1.545611124884989918e-01
-1.434225865832124414e-01
-1.391901437667792119e-01
-1.225792435018174531e-01
-1.143302306275599672e-01
-1.002545404424074749e-01
-9.825161168450843863e-02
-9.962037240631813062e-02
-9.805743785823313463e-02
-9.843765717341879107e-02
-9.797923141520013812e-02
-9.589643639234125827e-02
-9.646644730830651604e-02
-9.260277344734327287e-02
-9.140566889103936277e-02
-8.857383575054265934e-02
-8.140506726403548554e-02
-7.825315891376653787e-02
-7.114741561034171324e-02
-6.565701901834129772e-02
-6.151623934149932915e-02
-5.465912089542971503e-02
-5.097816263167624651e-02
-4.566873707210689082e-02
-4.011733870391596263e-02
-3.676342272352629142e-02
-3.072510423571877744e-02
-2.730755549583551225e-02
-2.451067221525314588e-02
-1.710454071973928000e-02
-1.440153215478929757e-02
-5.168428367064777096e-03
4.831686807166140317e-03
-7.627284802991420552e-03
1.797340595330905108e-02
2.212778169291429800e-02
2.191572477712004294e-02
1.087621599475135092e-01
1.075244786255693807e-01
7.079480859912154478e-02
6.069955175294978328e-02
2.087306759627248834e-02
-3.083790627451789973e-02
-5.161804151020746301e-02
-7.271020868154970396e-02
-1.064057522502513953e-01
-1.315876138683808871e-01
-1.470471803522916121e-01
-2.004673388789401656e-01
-2.079865238991531196e-01
-2.249320038017833534e-01
-2.437990171179578724e-01
-2.482315447594558022e-01
-2.615668192738843656e-01
-2.651143816099672534e-01
-2.734488065606148766e-01
-2.774889155377904260e-01
-2.732368502846507785e-01
-2.708032391085487545e-01
-2.606479791575062044e-01
-2.560112551567698680e-01
-2.442183432950772726e-01
-2.395173046891802271e-01
-2.232519458960412206e-01
-2.063652634759018112e-01
-2.026082404936989101e-01
-1.529153757496321264e-01
-1.495289794845361397e-01
-1.367695247123247027e-01
-1.200760770165231750e-01
-1.185187125487750376e-01
-1.083723077028168336e-01
-1.043079603107585351e-01
-1.000807857436638443e-01
-9.609919398774063870e-02
-9.560045775842544724e-02
-9.452282732821284950e-02
-9.395614061405711814e-02
-9.370993388737164365e-02
-9.327447555750738306e-02
-9.311611115999336719e-02
-9.295537487645848251e-02
-9.280540923080256299e-02
-9.274238859834749160e-02
-9.266333408135168925e-02
-9.261328999821012709e-02
-9.258193645962331519e-02
-9.254664672838922024e-02
-9.252806052176687501e-02
-9.251002604577662769e-02
-9.248905240921224957e-02
-9.248350468062020713e-02
-9.245970870211864256e-02
-9.244186354238527470e-02
-9.244343157410765677e-02
-9.237482196319923844e-02
-9.238725761463853492e-02
-9.234789898975179212e-02
-9.218172584810147008e-02
-9.233373674205026804e-02
-9.199021040095313462e-02
-9.184855051124135583e-02
-9.222149766637151302e-02
-9.077181247682941656e-02
-9.172968213300966567e-02
-9.121565987436974776e-02
-8.773269195752972371e-02
-9.316018707359668971e-02
-8.492164823172419774e-02
-8.313071027602338126e-02
-8.849061588243334331e-02
