4.069762336907274420e-04
4.238617599871738733e-04
-6.059721218742298698e-04
-8.491626444783315813e-04
-1.871887460302357946e-04
-1.681386609491355598e-04
1.019519184158824022e-03
1.137882225986883719e-03
1.461058947317795060e-03
1.826830046887896334e-03
1.859775481125190612e-03
2.048582935227881430e-03
2.089422602958409397e-03
2.089740559090396896e-03
2.120334940146465213e-03
1.961930585636499115e-03
1.946940850383559662e-03
1.736280718677914257e-03
1.353077936034635708e-03
1.414789550016858294e-03
5.145920274216590415e-04
5.909930378147073638e-04
2.970131326320779521e-04
1.541715068850930471e-04
1.440068775185836931e-04
6.874654932225654155e-05
2.422659767271481343e-04
9.165085256684517073e-05
5.194746215794893976e-04
7.141962129569564893e-04
4.261912694576415559e-04
1.800577062335823389e-03
1.498232685574351578e-03
4.743022970607195694e-03
1.018038317411781683e-02
1.046507131967399501e-02
2.109136224340267887e-02
2.341124830646616750e-02
2.487324391277863367e-02
3.074117701408119255e-02
3.112582062389161741e-02
3.187631128858152418e-02
3.349493718642810453e-02
3.356305631245637411e-02
3.552623763962824838e-02
3.570163157234186591e-02
3.734914567673421060e-02
3.958509457420143068e-02
3.860500417531186751e-02
4.425302659580943043e-02
4.378097674948051160e-02
3.851387356864088146e-02
3.839613405480613723e-02
3.323235533427897070e-02
2.295495877742927127e-02
1.847338911131781933e-02
1.151692376971450750e-02
6.143855702081239649e-03
1.751273666899395972e-03
-7.590559255953074035e-03
-1.341819774497172643e-02
-1.698428051295746907e-02
-2.060473146254446913e-02
-2.656884347699356441e-02
-2.866819234086292328e-02
-3.390382810991202783e-02
-4.053014237143338916e-02
-4.272132664437023469e-02
-5.178580131868083802e-02
-5.400690477365959613e-02
-5.523757705945706031e-02
-5.737398484936623994e-02
-5.538889310473513877e-02
-5.606298909505062072e-02
-5.680453367265043962e-02
-5.565638524038833690e-02
-5.691351305846546749e-02
-5.906261069091334193e-02
-6.003928877158268285e-02
-6.325071186494217457e-02
-6.480817492132857904e-02
-6.609655176909569330e-02
-6.755039761921197150e-02
-6.711866407921403266e-02
-6.589336680179287697e-02
-6.420428182688028840e-02
-6.237461757167542947e-02
-5.905395836322589048e-02
-5.434678366039732977e-02
-4.946086021787172299e-02
-4.278928974123600432e-02
-3.882343017244538341e-02
-2.959685354122793682e-02
-2.521114227514416675e-02
-2.162966141626349384e-02
-1.599334142490428656e-02
-1.418631953928425719e-02
-1.159865209829899664e-02
-1.040647955092935048e-02
-8.721905432592477747e-03
-7.936252611985217253e-03
-6.304346179328482354e-03
-3.067746538915711637e-03
-1.480971989489966939e-03
-3.728930567452019710e-04
8.040730321317355158e-04
2.577465309187905885e-03
4.362475382866904186e-03
5.910279005607445117e-03
3.324496959415115197e-03
-7.648784307617108487e-03
-1.128926242828827940e-02
-2.011236179813783581e-02
-2.118008503202185866e-02
-1.979112411191199378e-02
-1.905827235532450703e-02
-1.257223203794728857e-02
-1.322770971763070208e-02
-1.124545655978463794e-02
-8.329432113966455525e-03
-8.806895410656578535e-03
-7.605598467334132202e-03
-7.744810325855613735e-03
-7.111415323455542135e-03
-6.405037708913248994e-03
-6.430781334684711366e-03
-4.842515399431963560e-03
-3.729835323971022239e-03
-6.352978372614333062e-03
-5.433201188908425711e-03
-9.123867777509049246e-03
-1.481575908004901382e-02
-1.658785421509190519e-02
-2.671611016215143936e-02
-3.318850881306239370e-02
-3.455716245249116497e-02
-3.911337358270314257e-02
-3.919640027598562948e-02
-3.503632639997625309e-02
-3.510187937383982271e-02
-3.409039773949335689e-02
-2.937510277682266191e-02
-2.931382958106224651e-02
-2.709922416403896459e-02
-2.509214728431949024e-02
-2.506634955158543523e-02
-2.283368116740438353e-02
-2.248428241075857079e-02
-2.203668991488983916e-02
-2.065860385334866364e-02
-2.072980997010018256e-02
-1.866552024340376384e-02
-1.800469011361852806e-02
-1.593876420782004699e-02
-1.181097148515221178e-02
-1.128142881141802785e-02
-4.562728376151545077e-03
-2.583731549467681993e-03
-2.128503274677839840e-03
5.934230282903561282e-05
3.038279204746119539e-04
-2.745536132263067496e-03
-9.935202385419656008e-04
-8.437613777664289792e-04
5.126984400180942432e-04
2.761794632225602741e-03
2.657940522214238127e-03
1.043335734144983269e-02
1.147613295745684124e-02
1.366803821636895962e-02
1.705909718202780825e-02
1.758669831533689679e-02
1.812418804283175491e-02
2.097117906950619198e-02
1.887100683055183484e-02
1.840201748385124000e-02
1.652864672182283515e-02
8.470531115303082947e-03
8.117150877604815268e-03
3.370309735642861015e-03
1.158167092828712259e-03
-3.688447007856422515e-04
-1.397629167214083350e-03
-1.923474289746753387e-03
-3.027935520315887859e-03
-3.533982150688713426e-03
-4.619542744458805285e-03
-5.895615266045503219e-03
-6.828025159834721566e-03
-7.346087418845275580e-03
-5.959078336124216599e-03
-8.116586493855521001e-03
-9.288947897124902667e-03
-1.261796013340212887e-02
-1.988441517323362440e-02
-2.498825154658546391e-02
-3.621905427523364890e-02
-4.438292152079835462e-02
-4.555669701612224259e-02
-4.796029417354308322e-02
-4.896877424246083577e-02
-4.871720226060963221e-02
-4.852445893453120190e-02
-4.601447327603694348e-02
-4.382530907102128587e-02
-4.138296554657171222e-02
-3.761337526135964671e-02
-3.594910839640580447e-02
-3.068161234944884880e-02
-2.893825563778112606e-02
-2.724998688781679959e-02
-2.446922627783476925e-02
-2.394702174078143855e-02
-2.221413091518030514e-02
-2.100209053650920268e-02
-2.046369986743580907e-02
-1.912215882780024523e-02
-1.851526321797725833e-02
-1.782538234214993411e-02
-1.677308286581395691e-02
-1.632719312328828956e-02
-1.532419841998566672e-02
-1.455790934341340444e-02
-1.386372534209815398e-02
-1.293535160420876060e-02
-1.199527740469345967e-02
-1.105389769458669548e-02
-8.502393594795380066e-03
-6.132468541537867794e-03
-4.984421756263070560e-03
-9.336150862887376009e-04
-8.901932869793702328e-04
6.211651518691743744e-04
1.475102530712828989e-03
2.125059100791654425e-03
5.754167461694645325e-03
6.551639256346498442e-03
8.825355764150914425e-03
1.048071322665838391e-02
1.130711431073961638e-02
1.288665996844648096e-02
1.548803108546962203e-02
1.102082019590757550e-02
1.190879227248780280e-02
2.547038671681327911e-03
2.468336268088807024e-03
8.929545760312015273e-04
-2.763049690483975612e-03
1.223625669788466330e-03
-2.309548966605738727e-04
-1.319127705447510103e-03
-2.395093979318482259e-04
-1.422194868007218291e-03
-1.575758315367757753e-03
-1.578752124277811673e-03
-2.187505445478363578e-03
-2.989041018777671699e-03
-3.548761017022202327e-03
-4.592856309145517540e-03
-5.518883620479481632e-03
-6.360359426282082874e-03
-7.620201893792737796e-03
-9.266442270271811610e-03
-1.032446821374030481e-02
-1.324782924119871468e-02
-1.568632700853414552e-02
-1.785693366642545493e-02
-2.512236704520628972e-02
-2.747705239379564027e-02
-3.347022028536558030e-02
-3.752147300589418755e-02
-3.989013454237605449e-02
-4.366324041584239424e-02
-4.690889601111662699e-02
-5.004492550022635045e-02
-5.547597940164021579e-02
-6.185681056247795823e-02
-7.314933668758080709e-02
-7.878881786185580605e-02
-8.344676734730827050e-02
-8.568284823611926893e-02
-8.570803593053603897e-02
-8.800051422296086001e-02
-8.569618289236298481e-02
-8.577536468946855841e-02
-8.248848458248798921e-02
-7.206395956491255805e-02
-6.548245406335437280e-02
-5.114703768017001689e-02
-4.608846829683573010e-02
-4.287295288777445701e-02
-3.769959140664794206e-02
-3.946871943093346879e-02
-3.800603186022086244e-02
-4.188685376933316828e-02
-5.001063557958197736e-02
-5.795715446788422820e-02
-6.229153698515056681e-02
-7.577915867995070609e-02
-7.852578667037940496e-02
-8.188621807732787694e-02
-8.661687912171166237e-02
-8.634269272093868242e-02
-8.791274855932072751e-02
-8.597248418268742254e-02
-8.342496964885703914e-02
-8.321196935628320801e-02
-7.900709316348106248e-02
-7.717866111712669286e-02
-7.381651120788795817e-02
-6.881148798993626248e-02
-6.535133798394462956e-02
-6.072943637579066717e-02
-5.666432684621260790e-02
-5.117021727393883390e-02
-4.610514170040794918e-02
-3.870811950778555582e-02
-2.944931934541600987e-02
-2.136015447212871732e-02
-1.498006524329547999e-02
-1.049665002250182305e-02
-9.711516760174170038e-03
-8.210193146786377502e-03
-8.207164140718078982e-03
-9.269242643602720183e-03
-8.859995737907329708e-03
-1.173181126774222767e-02
-1.241831447981779114e-02
-1.584991635400837678e-02
-2.152126449150050524e-02
-2.228090145509158820e-02
-3.018253443425065671e-02
-3.288038084160170571e-02
-3.972589593664640345e-02
-5.221002455700111955e-02
-5.382101538835735999e-02
-6.524835961535002671e-02
-6.510892056030073705e-02
-7.003876452911830808e-02
-8.232883596844046969e-02
-8.751378165941001153e-02
-9.324878028176822320e-02
-9.605483355844539328e-02
-9.532097214542142871e-02
-9.804296356960320868e-02
-9.585865569291257549e-02
-9.531130995814536544e-02
-9.432515219571366294e-02
-8.913998325984585913e-02
-8.725340259710533120e-02
-7.433333278189067916e-02
-6.194808725977279246e-02
-5.317832319082757553e-02
-3.508007045140772162e-02
-2.850936641176343711e-02
-2.160659010280084960e-02
-1.375180414666914673e-02
-1.307723232752169666e-02
-7.577887011701769059e-03
-1.208995260173183380e-02
-1.796691390027532753e-02
-2.194458384848166702e-02
-2.732234247039947578e-02
-3.112915971136128584e-02
-2.695634245461977010e-02
-2.279987189284081103e-02
-1.745740591915490025e-02
-1.412449256573868224e-02
-1.243920006820925864e-02
-1.047567101436192027e-02
-9.743909744938619721e-03
-8.821933747730483985e-03
-8.550484180986412178e-03
-8.150503816715625599e-03
-5.821030290908623187e-03
-6.197552462702821639e-03
-1.358790193073928067e-03
2.247810829784724698e-03
6.188883777155179677e-03
7.357848449656654959e-03
4.320564588826635716e-03
3.476134057481631082e-03
-1.937842087542296496e-03
-6.908317333651044917e-03
-9.053964313033197736e-03
-1.337542926800799198e-02
-1.508084137387351829e-02
-1.611136079382184672e-02
-1.730549281674520837e-02
-1.663409886682601022e-02
-1.712820911178566594e-02
-1.733213767472914849e-02
-1.682604849939335276e-02
-1.722386141357940686e-02
-1.726742899789774494e-02
-1.663143422271968347e-02
-1.750024611580932449e-02
-1.723450196327687423e-02
-1.747816472363497922e-02
-1.984048384512572191e-02
-1.922366630689603326e-02
-2.123299518509844108e-02
-2.223877325076377073e-02
-1.944448663043182174e-02
-2.086583497420199315e-02
-1.773656930524031977e-02
-1.115467648002723029e-02
-7.466684795219367260e-03
9.051501853153520044e-03
1.726416935548623355e-02
2.531876562829627267e-02
3.194022862212757274e-02
3.672002325214662743e-02
4.405428322552835951e-02
4.720716519149908974e-02
5.244988819571826805e-02
5.632680931363763521e-02
6.053765562086625002e-02
6.344152586724290110e-02
6.745116808221278404e-02
7.180110144758600210e-02
7.211111329037396545e-02
8.024966274974110192e-02
8.062608923090260060e-02
8.228978266828994304e-02
9.832542645709883844e-02
9.435627356964476631e-02
9.946546880034910776e-02
9.321626806113396391e-02
8.715761738044061624e-02
8.362449158191015419e-02
5.531790159847145560e-02
5.194099436960931959e-02
3.108358455731237424e-02
2.188146005040350964e-02
1.971569736545175297e-02
1.021020403490285541e-02
6.939829321042894315e-03
3.789227780367758307e-03
2.554803286356858820e-03
2.102444089203784304e-03
1.812129465681445008e-03
1.479714038005699311e-03
1.363167055792250575e-03
1.153551043408951402e-03
1.143909899484061264e-03
1.030991643977029453e-03
8.903793426340189839e-04
1.215720365853826613e-03
6.894187701454234729e-04
1.077936879480010561e-03
1.675493857776140820e-03
8.674425055183618239e-04
1.438337624520895754e-03
-2.127205847667701182e-04
-1.334575263430358210e-03
-1.477795451917498712e-03
-6.184400116291304331e-03
-6.306916972572674390e-03
-7.338374974708496146e-03
-8.841190784620514900e-03
-8.694168933049703854e-03
-9.499484734854913778e-03
-9.502008416218283085e-03
-9.455761535637964565e-03
-9.474505125025461591e-03
-8.626829899874267904e-03
-8.680993760009246205e-03
-7.270348893312362712e-03
-6.034241365014029503e-03
-5.938765877291616452e-03
-1.436628582932146037e-03
-1.397126619880348928e-03
-2.914930304705018634e-04
1.167409753031265710e-03
8.145200949441191909e-04
1.797932916903669008e-03
1.990428898292347006e-03
2.433311198308676839e-03
3.124522216271941131e-03
3.232353372864503905e-03
4.024608704743666034e-03
4.288331079344299621e-03
4.542968991482746258e-03
4.813082844092124966e-03
4.894697134877567385e-03
4.996783508815899437e-03
5.755229601829402880e-03
5.757806624579862517e-03
5.988632196482627720e-03
6.201497145756041177e-03
6.226224540425570435e-03
6.358835896882414004e-03
6.412790324604774293e-03
6.447756872000998118e-03
6.500782634125987919e-03
6.518583295770781667e-03
6.541502616337714626e-03
6.559201791280973651e-03
6.568151336006695928e-03
6.577808400131174814e-03
6.582812007967342449e-03
6.587839311984840587e-03
6.586451766808365180e-03
6.589208620950497662e-03
6.588406951883079080e-03
6.574774982157193491e-03
6.586932040663717389e-03
6.560780012555302715e-03
6.544086835121065357e-03
6.575972058634665940e-03
6.460647343521862783e-03
6.521645899042656687e-03
6.500254637352262561e-03
6.210189492800721744e-03
6.613917706356916941e-03
6.049266326212495576e-03
5.796527742642069471e-03
6.138631607907701904e-03
