1.576843690266077277e-02
1.722228450382173870e-02
4.115893447911492947e-02
4.052584528386265345e-02
4.701378466204280543e-02
5.027477934422809602e-02
4.607048045185801327e-02
4.869447599202175736e-02
4.801229103313673502e-02
4.751709892412553371e-02
4.817282389804745241e-02
4.775305471300740623e-02
4.784108341597326924e-02
4.791066432574452721e-02
4.780237106034306710e-02
4.786190277134155097e-02
4.784561507189393631e-02
4.783195908669048146e-02
4.784679189125982945e-02
4.783605681064954929e-02
4.783668648067825047e-02
4.783734967716135600e-02
4.783276997458482671e-02
4.783131307341451782e-02
4.782853251219962298e-02
4.782145461123574193e-02
4.781558388034166246e-02
4.780724075096970394e-02
4.778522525111326275e-02
4.777513998844339776e-02
4.773897942636200903e-02
4.768121490331642814e-02
4.766716786024848690e-02
4.750831681109132093e-02
4.741836295964569487e-02
4.734560037112706815e-02
4.681893737547170725e-02
4.708815335536643831e-02
4.754560726220168759e-02
4.777627816154034895e-02
4.881978481362624078e-02
4.871280663231332408e-02
5.098090112322754136e-02
5.240375923146475129e-02
5.267769402527314876e-02
6.254937317579083167e-02
6.562116205952560344e-02
6.485978310120836532e-02
6.901730322178849242e-02
7.363633755634058087e-02
6.305793815622211251e-02
7.846772556442144220e-02
6.943157976043129453e-02
3.707139015042969221e-02
1.945664998428516673e-02
-2.476048114197728495e-02
-5.088666149124215082e-02
-8.176548881419942738e-02
-8.904144645579950557e-02
-8.426716706036456450e-02
-8.991307643908601210e-02
-7.065197323933351814e-02
-5.511880076662308003e-02
-3.540275562396663633e-02
-3.530407290207733528e-02
-1.914776334584536097e-02
7.419284739245588303e-03
4.227801345498724550e-02
5.750307196612895744e-02
3.659756515635992358e-02
-1.314669518074525201e-03
-1.178195585465582028e-02
-1.493001212095918483e-02
-2.766737342866706570e-02
-2.723119844736888659e-02
-2.588400896589901704e-02
-3.069721549595154017e-02
-2.034926790012903455e-02
-1.353452971343792333e-02
-1.623749664267800860e-02
2.401690953955764110e-02
2.539621301625859251e-02
1.031302350871880942e-02
2.608234793921455560e-02
2.552710497812541324e-03
-4.561692787660276416e-02
-1.033904554991579433e-01
-2.215864268156755024e-01
-3.282715970351444690e-01
-3.051764137783885000e-01
-3.340913376293161430e-01
-3.125147189020771044e-01
-2.920363342873865675e-01
-3.031319005214049289e-01
-2.663086011768544537e-01
-2.628427989769757112e-01
-2.635461971700212569e-01
-2.266623822194494542e-01
-2.273636450571392686e-01
-1.921339153074630712e-01
-1.187889608080469200e-01
-1.062373988689190585e-01
-7.456080093743304438e-02
-8.614207123795454557e-02
-1.380147269691534562e-01
-1.385904168868489772e-01
-1.781049656952826132e-01
-1.572744773517286421e-01
-1.416581936353107085e-01
-1.775266877064333171e-01
-1.699224111913533730e-01
-1.593648100755178654e-01
-1.713887346227739306e-01
-1.435172572661288226e-01
-1.342701983171107061e-01
-1.262447408964723627e-01
-8.415435161351030036e-02
-1.014374382026098503e-01
-9.642039640549997237e-02
-1.278759371741407247e-01
-1.553099007485083949e-01
-1.627968400527222970e-01
-1.806661064817133844e-01
-1.731109197548745260e-01
-1.709853228263709390e-01
-1.749553262737801596e-01
-1.624406768867703577e-01
-1.443742487845806610e-01
-1.276039817005739652e-01
-8.147314415240049235e-02
-2.421456745060575691e-02
2.030058476346743856e-02
4.787430801412911364e-03
2.065539165983193773e-02
6.015968978173603238e-02
5.338244644074908313e-02
7.674060221128597981e-02
7.721690076415503590e-02
6.384423209656840681e-02
6.744452098194603229e-02
6.186606921597451875e-02
5.117855260811152163e-02
5.203129157802925675e-02
5.147435768730492661e-02
4.745120551617171278e-02
4.757328513886553700e-02
4.516753552644609676e-02
4.036276681945433903e-02
4.060142041943005931e-02
3.360019262072690138e-02
3.309897637922319669e-02
3.570020852988377291e-02
3.392964793699413534e-02
3.434295705145579136e-02
4.269230692105412117e-02
4.722646650917067257e-02
5.212360667953549326e-02
5.920580924309731818e-02
4.680031547625249783e-02
6.088235008211969473e-02
7.781830290161385888e-02
8.837320180720287244e-02
1.307169357587959213e-01
1.277979423321292107e-01
1.408666491534052989e-01
1.514942684320403632e-01
1.258497562795562741e-01
1.328273397650356624e-01
1.304860193479547292e-01
1.272081494224393539e-01
1.225471624083800254e-01
1.091595702388117317e-01
9.759052504771073555e-02
7.134956476850019824e-02
4.794809050161596975e-02
2.323577696348919780e-02
7.252600420930123762e-03
-1.012945692912120728e-02
-3.142077171941987795e-02
-3.851184055483040936e-02
-4.975565446336442654e-02
-4.985568244884655553e-02
-4.697250192219805387e-02
-4.694585400766505129e-02
-4.422480356158493831e-02
-5.083435042162675471e-02
-5.442179247630475614e-02
-8.623422040186463911e-02
-9.590047339807439286e-02
-1.214311829914753726e-01
-1.528580657929532183e-01
-1.689673167380219554e-01
-1.655879459592595193e-01
-1.757309304165610153e-01
-1.777758042514811787e-01
-1.781072788707124543e-01
-1.999954632815887368e-01
-2.012761068694385036e-01
-2.149931246682222630e-01
-2.206082763162584837e-01
-2.279876302102564756e-01
-2.300792379980879931e-01
-2.250336459174635817e-01
-2.221623249503461017e-01
-2.200234720823479040e-01
-2.161557881213689303e-01
-2.133471804166374441e-01
-2.091685497860235055e-01
-2.071771716399409269e-01
-1.982644251489666387e-01
-1.946629620753499157e-01
-1.606908241024506412e-01
-1.406133203010710431e-01
-1.131908272943970700e-01
-9.652409500977325585e-02
-6.911861617497853938e-02
-5.256646299462271188e-02
-1.041242752202903125e-02
7.841481988245664961e-03
7.108002892815455664e-03
1.939990366212412595e-02
2.504874924360995722e-02
1.627369054857129987e-02
4.189114450023837671e-02
2.382886412560901446e-02
4.828854590420592757e-02
2.803473394224159643e-02
-5.075477289668434144e-02
-1.106393932592648205e-01
-1.378221133576330582e-01
-1.721341740282701371e-01
-1.919321244116493630e-01
-1.892110509325496681e-01
-1.938828514971504269e-01
-1.848542344001757320e-01
-1.795355983548769241e-01
-1.740034009637065338e-01
-1.671671157997941248e-01
-1.584441924533589452e-01
-1.625626635313298096e-01
-1.400489235331874305e-01
-1.347911759297164835e-01
-1.172479014606236103e-01
-6.384853152031633172e-02
-4.227828261935795418e-02
7.384457862507965743e-04
4.744328368999158746e-02
7.143077992741719839e-02
5.995327936980187483e-02
6.612196035001724481e-02
4.597947057216755784e-02
3.674412297642877523e-03
1.564033521663780318e-02
-2.916285541578755164e-03
1.054411897199939926e-02
4.783641687392469616e-02
3.132994448730795634e-02
4.906056542608770027e-02
4.588669831796285403e-02
3.902540489581209082e-02
4.538617762352802065e-02
4.386997469659485727e-02
4.308576272196729812e-02
4.591675643540422957e-02
3.797404103084739413e-02
4.011333748705209895e-02
3.630520021628267507e-02
2.797445101996465580e-02
1.793463104227735472e-02
-1.135226941195893388e-03
-3.141591895137189634e-03
-6.137013921452483950e-03
3.641044222316280801e-03
4.789293627441036649e-03
9.306382053461471557e-03
1.134446893365165243e-02
2.111632283762729725e-02
2.090561656991551248e-02
2.359316399639344725e-02
2.659191988507848131e-02
6.327919744430906233e-03
9.415417505468615458e-03
2.846799326453862064e-02
2.437413585623204523e-02
3.015108342371372249e-02
2.697841399757257980e-02
2.933187079915006851e-02
1.995243721466299913e-02
2.044116819131037641e-03
-9.712561799643257623e-03
-8.388122638802567033e-02
-9.041193272043181184e-02
-9.687312975683487482e-02
-1.243799300622586423e-01
-1.227355557305825073e-01
-1.187078990313581994e-01
-1.301513915716807634e-01
-1.131208358287861676e-01
-1.232530274407439841e-01
-1.435128392213897153e-01
-1.424592459240976716e-01
-1.607698787252884176e-01
-1.639447481090331726e-01
-1.630364529574213905e-01
-1.737753386379710108e-01
-1.638848140978428347e-01
-1.670657051934560933e-01
-1.455978153521113871e-01
-1.266607591397812538e-01
-1.012229544489366140e-01
-5.749338553593434653e-02
-4.941179672894489144e-02
-1.665144290710963981e-02
3.089015126982182224e-03
1.121800994453437186e-02
3.366301354542911017e-02
4.029781488773591380e-02
5.397951261748826224e-02
5.828384292335349326e-02
5.379281207111443613e-02
4.358423297798457580e-02
1.652774407775329385e-02
9.626338350894162593e-03
1.937553130540372454e-02
1.033097677704795589e-02
1.283163258767604058e-02
3.228617240238466912e-02
3.111288126200038168e-02
3.713288115228027125e-02
4.184699542841543302e-02
4.098753120318982673e-02
4.647835140868975673e-02
4.442519023294119046e-02
4.660361054150693322e-02
5.195238341657917869e-02
4.011265684789679792e-02
5.339675895147102253e-02
2.071990803063819553e-02
-2.606796179791795801e-02
-4.683262521135134193e-02
-1.593795000856751964e-01
-1.841573155623367486e-01
-2.016703108471963879e-01
-2.515665514349936238e-01
-2.604531112953102912e-01
-3.071378859839680175e-01
-2.837777692220704862e-01
-2.641150273634024215e-01
-2.384191294993269483e-01
-2.017436197174170831e-01
-1.757425530100137911e-01
-1.394804281763129816e-01
-1.118450432463135441e-01
-1.004161060607894479e-01
-8.309360289974676572e-02
-6.806555393555817346e-02
-6.736521829490151048e-02
-6.780791891739916533e-02
-7.244363896942099257e-02
-7.666136535565368226e-02
-7.813493948486741059e-02
-7.437678785034732010e-02
-7.233423450308522351e-02
-6.360443772021193154e-02
-4.345705041887004683e-02
-6.642981711600869088e-02
-5.878824584969882111e-02
-7.607508088163926485e-02
-8.166466909710158595e-02
-8.216324281911659144e-02
-1.015288169787686712e-01
-9.682370834135060889e-02
-1.083689546521034580e-01
-1.125400312357969640e-01
-1.024571436925987983e-01
-1.113648083168323200e-01
-9.874808350287851699e-02
-9.225350700699112838e-02
-9.034937735597652064e-02
-4.671383520517696092e-02
-2.501149777501761318e-02
-6.311901875845544498e-03
3.356027160590281666e-02
3.302624189923589193e-02
-1.730962808859115923e-02
-9.566804482876032495e-03
2.012543727365700280e-02
3.316532691223705170e-02
3.885653329128547356e-02
3.190509821945706342e-02
5.123602608898981947e-02
6.034309379128700856e-02
4.260782990490385308e-02
4.773110355403027000e-02
4.021699984457696719e-02
3.639485523660182520e-02
3.664988817543807231e-02
3.283693264364843240e-02
3.225556193758169488e-02
3.109198893369401542e-02
2.937750774424215811e-02
2.888989094834707588e-02
2.696425693180665856e-02
2.573635305065261752e-02
2.425475823612422560e-02
2.023877359505369192e-02
1.943611397389849449e-02
1.335350150048635921e-02
6.110000644450218864e-03
5.989998922975329695e-03
-1.540933120647031140e-02
-1.434480432842775120e-02
-6.458529210572822379e-03
-1.407588190929559731e-02
-3.984583295707096163e-04
4.554742949818506477e-03
5.359954163260706277e-03
4.300200188287786607e-02
4.431113573168327796e-02
5.494084557474643304e-02
6.703904320625522772e-02
6.898976671608221534e-02
8.026544944454971908e-02
8.320387713835182553e-02
9.097550644990788637e-02
9.285063687727786175e-02
8.940777798519296271e-02
9.030233576914688254e-02
9.011023217718081013e-02
8.455473721491743588e-02
8.299352867042061876e-02
8.199292888360265597e-02
6.138219183144305591e-02
6.000420322060185524e-02
5.637536331975016163e-02
4.851014427833467285e-02
4.894578623993169758e-02
4.610528873546540507e-02
4.584056038700537461e-02
4.571139166808282916e-02
4.499380774373547970e-02
4.504246112428485910e-02
4.484171037517323266e-02
4.469564439850486071e-02
4.469200189870297518e-02
4.460593995397402201e-02
4.458158457038002842e-02
4.456617083297678000e-02
4.454029341393279245e-02
4.453511975358338121e-02
4.452614959252917254e-02
4.451962567659451669e-02
4.451743076598383558e-02
4.451379847716912391e-02
4.451220786083750353e-02
4.451087930405735887e-02
4.450934646666526023e-02
4.450905530621446227e-02
4.450714057875006929e-02
4.450651514032489403e-02
4.450620330880586395e-02
4.450052061322197494e-02
4.450366879535973957e-02
4.449661568397068889e-02
4.448413700125570386e-02
4.450130109943259415e-02
4.445301022789532180e-02
4.445828893960745987e-02
4.448398081390536607e-02
4.428902382154464162e-02
4.448481410865667146e-02
4.428586403108970837e-02
4.386378072881258472e-02
4.482504788221676473e-02
4.295370769294316188e-02
4.348909300091784863e-02
4.477362451892370060e-02
