2.643113150021540736e-02
2.683134838692106949e-02
4.893825546284734374e-02
4.920927295376381627e-02
5.228854221803996144e-02
5.545342196057669731e-02
5.322833555594153748e-02
5.440422176031195489e-02
5.435741714285476783e-02
5.395487913303196464e-02
5.432484265319786898e-02
5.415157966463862715e-02
5.415470523455246515e-02
5.421565189437417553e-02
5.415706621748830885e-02
5.418123191800286453e-02
5.417833942815739739e-02
5.416587284964454602e-02
5.417123730995222070e-02
5.415995001490474942e-02
5.415454842299236710e-02
5.414383317134924961e-02
5.412197062008719528e-02
5.411168384989168550e-02
5.406217886879767509e-02
5.401999762101231117e-02
5.398169655606063766e-02
5.380347890321867527e-02
5.376967288573140935e-02
5.353724624372655644e-02
5.305075963661518706e-02
5.316711498595565188e-02
5.189755216780531089e-02
5.119104571261973852e-02
5.127159263792774313e-02
4.611960961532864112e-02
4.597792362734258453e-02
4.430116589986362458e-02
4.311280445991201582e-02
4.233217397001035748e-02
4.206300379934788114e-02
4.170874737403219151e-02
4.007697688232651073e-02
4.081524554545312711e-02
3.585269398454198758e-02
3.591834130912321260e-02
4.060195739820276345e-02
4.182361959892531844e-02
4.636117775523287965e-02
5.098750494954519541e-02
4.901023950134190260e-02
5.556147729683556802e-02
5.107710950118960619e-02
3.192490775906037248e-02
2.313636599793532714e-02
1.407317431451339182e-02
1.308279231490047483e-03
2.203319976285776204e-03
-1.640410193248248438e-02
-2.109147054146665382e-02
-2.646394167844638712e-02
-6.422961324394738103e-02
-6.807277073796236255e-02
-7.902642165513254491e-02
-8.685790972981727309e-02
-8.833289470905862639e-02
-8.922408369297946118e-02
-8.571409946051324058e-02
-7.981412527278462787e-02
-7.554112531695848787e-02
-7.760949796339929041e-02
-7.478660175746137950e-02
-7.421511402971528448e-02
-7.686681471057255077e-02
-7.291709014519920373e-02
-7.123279813923943937e-02
-6.808655588571910222e-02
-5.635258687878723360e-02
-5.748307181635217700e-02
-5.005437302242024544e-02
-6.243913276322247963e-02
-6.779476585405656841e-02
-6.350074819511240809e-02
-7.469120584671293250e-02
-3.355015909639708777e-02
-2.642602167812639277e-02
-1.666617471844224208e-02
3.474857313850147900e-02
3.704177269616598656e-02
3.575857787514806485e-02
5.763387884423070567e-02
4.892202342208387678e-02
4.332297709148658083e-02
4.230048044997373330e-02
7.027399514910943022e-03
3.485726950016301059e-03
5.535558249758869287e-03
-5.684237719803784256e-03
2.851294291125336063e-04
-5.245109748625920772e-04
-2.908871411712366829e-03
-1.721465673657371299e-04
3.575618077540417255e-03
4.933559604535388450e-03
3.052100154994926047e-03
-1.999938622234232605e-02
-5.307540601531438029e-02
-5.760315297251420580e-02
-9.811739275091412027e-02
-1.233295125552921201e-01
-1.309524835598283865e-01
-1.645248215581081030e-01
-1.671437216861690611e-01
-1.711776191484674359e-01
-2.186729458538690385e-01
-2.299452452673337310e-01
-2.502704086987481702e-01
-2.851970229224258246e-01
-2.859506162570907284e-01
-2.994252967707521362e-01
-3.076399433468396394e-01
-2.788138635501184459e-01
-2.802741521402400404e-01
-2.666837377233711170e-01
-2.411568882816685910e-01
-2.504025680836162171e-01
-2.275500681371327716e-01
-2.214506652892580252e-01
-2.328884109524825274e-01
-1.714785869450231592e-01
-1.598713217166939649e-01
-1.465582754144610089e-01
-1.139639452005663800e-01
-1.214314897652878505e-01
-9.765826534919121171e-02
-9.514109639270725005e-02
-9.995883446235029335e-02
-8.524319980470101976e-02
-9.755497518966772807e-02
-9.460400386609513212e-02
-9.514122690054635512e-02
-1.096419314180672039e-01
-1.074075247181731363e-01
-1.106389305493985648e-01
-1.122467752376531958e-01
-1.072782368650194440e-01
-1.023222094283258859e-01
-8.790594437319818044e-02
-8.075601280286447137e-02
-5.187440696808361812e-02
-3.721381048760415838e-02
-1.865569015685059409e-02
-1.865139763098616014e-03
8.879185380557333418e-03
2.697683823110489168e-02
2.957224883485624206e-02
2.993602030664010635e-02
2.832788152251005179e-02
2.805406796897969360e-02
2.696663633697224394e-02
1.255650573022397409e-03
-4.891025322747186849e-03
-1.265734137667789971e-02
-2.691944959270653470e-02
-2.710998386566170967e-02
-3.602940773840886124e-02
-4.931845763442817970e-02
-4.007583619537109787e-02
-6.702919316625392809e-02
-6.450977400882738910e-02
-2.677381327509456566e-02
-2.664347231872156441e-02
-6.993298284379638116e-03
5.444493052970201044e-03
2.792748458169458728e-02
3.679701064358982532e-02
4.677587863787117245e-02
4.400352573138334444e-02
4.166423056965887911e-02
3.317385887271226408e-02
-8.497078305100318413e-04
-6.821142684060195298e-03
6.206001246559168100e-03
-3.279652211107492252e-03
1.185057830356897775e-02
1.202853838285410266e-02
7.796913923210724816e-03
5.807692358279998267e-03
-2.308999233408856253e-02
-2.439665266529810958e-02
-4.968435650028962119e-02
-6.228757985956241694e-02
-7.838659394644835465e-02
-1.247412554868329998e-01
-1.303348333603638054e-01
-1.460211977531555849e-01
-1.563863938709922075e-01
-1.562659187137065142e-01
-1.626181899586674195e-01
-1.676950211319520323e-01
-1.688459881780062788e-01
-1.773433825262611674e-01
-1.787137340456021739e-01
-1.853603603304760372e-01
-1.916803597364757639e-01
-1.933963112803670226e-01
-2.036693485892564215e-01
-2.025786984755373055e-01
-2.053602890158500727e-01
-2.040240019382389136e-01
-1.869460329854119307e-01
-1.850243239093710690e-01
-1.681943173139217040e-01
-1.591463320022397654e-01
-1.514869843104297287e-01
-1.395227495561257580e-01
-1.540265079860262953e-01
-1.465832639102290502e-01
-1.526423003584396476e-01
-1.595860160702107511e-01
-1.528786287550284728e-01
-1.626877185924719416e-01
-1.439295847653171700e-01
-1.409218031577802177e-01
-1.363959223882032223e-01
-1.120750163357330381e-01
-7.948318232079187862e-02
-5.831983243983581561e-02
6.079258713372919475e-03
2.461329698842523034e-02
1.984683927393059849e-02
4.823044097638238062e-03
-5.465198102883425842e-03
2.669680239101893896e-03
-6.545568232740965045e-04
-3.538410343892188785e-04
6.113633553414820308e-03
2.172019897768043793e-03
6.463309905429595430e-03
-4.532780868846315349e-03
-1.707702055264365484e-02
-1.857600373288797319e-02
-5.398950819440370003e-02
-5.533382810143947644e-02
-5.086530129294716818e-02
-4.820583207828026129e-02
-3.132091795704131792e-02
-2.258645203631672732e-02
-4.936765740770909100e-03
1.725883709255922674e-02
7.695277577697850861e-03
7.537882096160557904e-03
1.253080058514044817e-02
3.925482800208765998e-04
-2.805536669962225421e-03
-8.743917898524777507e-03
-2.349521559522694050e-02
-3.125128411398828132e-02
-6.128323629584262605e-02
-6.288620905174473197e-02
-5.915260268285713052e-02
-5.248003123765044436e-02
-6.341964695854053480e-02
-3.682635281222032542e-02
-3.766149271022762451e-02
-1.961738129409380110e-02
-1.176345311746466830e-02
-1.515163427236258104e-02
-3.113457809363425269e-02
-7.386267452867016636e-02
-7.939222859281899747e-02
-1.120898108452137443e-01
-1.332458110510431615e-01
-1.298784609784698063e-01
-1.524772781495204732e-01
-1.374577836785500218e-01
-1.369059987420915836e-01
-1.311774582520390253e-01
-1.193058904210135690e-01
-1.218760762716765977e-01
-1.202271991698818654e-01
-1.223324261176872707e-01
-1.291857790951392027e-01
-1.298044854421571137e-01
-1.330752656774678577e-01
-1.358973266833139737e-01
-1.372689611734557724e-01
-1.394105521417873805e-01
-1.463028304682746639e-01
-1.505946335283150084e-01
-1.538042620292094376e-01
-1.656798586114530680e-01
-1.690799262984881701e-01
-1.707561713108170509e-01
-1.797906923071123930e-01
-1.780070889725322847e-01
-1.690003642753153956e-01
-1.695929651969916019e-01
-1.693070633356888455e-01
-1.706853525089025436e-01
-1.776631561874514043e-01
-1.765960116921804768e-01
-1.825874024682349883e-01
-1.846272004509882381e-01
-1.838915315168253017e-01
-1.903819701441019918e-01
-1.841068889939536657e-01
-1.845582369997550709e-01
-1.791605201071771458e-01
-1.509113680134365199e-01
-1.444972182108663072e-01
-1.111574597109342699e-01
-8.797904535484249444e-02
-5.851092216399794710e-02
-2.287030073777613151e-02
-7.142796584049981856e-03
2.808036466866882866e-02
3.042245281680922703e-02
2.797597861769334296e-02
3.047020766811251238e-02
2.760105802142072753e-02
2.694405453563640529e-02
1.982891863754744025e-03
-5.345698571009052831e-03
-1.249562867651694137e-02
-2.699665395288250447e-02
-2.735927377913011105e-02
-3.628596608098598464e-02
-4.968044701359337206e-02
-4.058296131268045170e-02
-6.802363093852577258e-02
-6.516209935787735386e-02
-2.863297620633787482e-02
-2.864525212805932308e-02
-8.762765413341699894e-03
-2.764476786542565756e-04
2.514968711363251702e-02
3.091126717250718484e-02
3.501782820389873208e-02
4.612919419484114852e-02
4.268838833056971815e-02
5.051235061702356172e-02
4.613928699724183236e-02
2.056152612082838560e-02
7.958853336702967698e-03
-9.227111795208475103e-03
-3.101440278403863257e-02
-4.303408611574869452e-02
-6.597686012766222630e-02
-7.448524972658296384e-02
-1.104071956266401561e-01
-1.143064439180248998e-01
-1.142791523192566161e-01
-1.231877106808636629e-01
-1.355736692377300656e-01
-1.261700625949553622e-01
-1.331827990398498918e-01
-1.305169080102345502e-01
-1.318425306963943444e-01
-1.508676178075404883e-01
-1.452554960153226438e-01
-1.532067115691198578e-01
-1.607483281952571119e-01
-1.438106895217987624e-01
-1.522192645063559224e-01
-1.208220190725534798e-01
-9.269057671862690473e-02
-7.686577027674827700e-02
-2.414940898327593705e-02
-8.943223987887256518e-03
6.136196456831847536e-03
3.497532796910376995e-02
2.899598770495032812e-02
3.824875307608799346e-02
3.881037899645427280e-02
2.004330445843834421e-02
1.619351818788287989e-02
-1.841670019931268554e-02
-4.138520660911733373e-02
-4.784324110950662068e-02
-4.814526557279871777e-02
-3.615786080330837121e-02
-1.608390184132777942e-02
1.009557247983341316e-02
2.496074019843339334e-02
2.758771503220035573e-02
4.069766861610869813e-02
3.987057166815196479e-02
3.793616282603978762e-02
3.965742738488740871e-02
3.813336744077028273e-02
3.818818026538358529e-02
3.277344029770292572e-02
3.702451870622387037e-02
2.728654956408435237e-02
1.388627602937816431e-02
1.325068415740526112e-02
2.003563641965096925e-02
1.583714075366359636e-02
2.310606475125894649e-02
3.041211981176780016e-02
3.327963534362886333e-02
3.453828212999181246e-02
9.459034130332765258e-03
3.476128489099580051e-03
1.663276312570857035e-02
1.039155282983129924e-02
2.898871875814742257e-03
-2.683866227840953165e-03
-3.256989198073068081e-02
-6.085429487710834057e-02
-8.821509134789015660e-02
-8.851862695067615194e-02
-8.699893196335423129e-02
-8.554094363950666413e-02
-7.752041974164725069e-02
-6.820767286293308307e-02
-6.186655400737298138e-02
-4.927040417766919561e-02
-4.308926652203430574e-02
-4.479983733968513626e-02
-3.728772289833182790e-02
-3.294870529539319776e-02
-3.132115138125449866e-02
-2.906417292647226966e-02
-2.991577829522783574e-02
-3.082092360541575232e-02
-3.154040030542415440e-02
-3.374012138641864500e-02
-3.610440860527566742e-02
-3.597803869207723965e-02
-4.321637460691105798e-02
-4.248109823060516876e-02
-4.745959632246470050e-02
-5.406063744232738472e-02
-5.478629807262519469e-02
-5.420880634128699693e-02
-4.624748048615692775e-02
-3.200570193105376632e-02
-2.805166281292771624e-02
1.267704721542026874e-02
2.582203809392214638e-02
2.238460564913433148e-02
2.872953951939852604e-02
3.747018758312272574e-02
3.494044354814650200e-02
1.276867231512062231e-02
1.352744190978339561e-02
9.027587020323080136e-03
4.428350638718089871e-03
2.409736311169580897e-02
3.376218230280512295e-02
5.097039551124753903e-02
8.369693397830987869e-02
8.993799411777649022e-02
9.557998714019932951e-02
1.077982079429998657e-01
1.066202343612446118e-01
1.132614130339663766e-01
1.158292112620808723e-01
1.106611732907769319e-01
1.122084688617827897e-01
1.100827089075805260e-01
1.085422688552199477e-01
1.091171101204899407e-01
1.067648671623992185e-01
1.063859958118207188e-01
1.064353369309723463e-01
1.005027690467288903e-01
1.003376228907954665e-01
9.728989572323172574e-02
9.594956850465417852e-02
9.459347922915160856e-02
9.322634212008812371e-02
9.189540867284948233e-02
8.911693409989319969e-02
8.877163878405387731e-02
8.323936475689165670e-02
7.895285272330053450e-02
7.791185034136530185e-02
5.788448662267987183e-02
5.705638785899157933e-02
5.420302672228872326e-02
5.307478487319683413e-02
5.383853397222052722e-02
5.269131460412550261e-02
5.293669086213098618e-02
5.285518408893528919e-02
5.261404647865965123e-02
5.271040737658149594e-02
5.261713810927035051e-02
5.259021515455867407e-02
5.260035922416933518e-02
5.256745985289987960e-02
5.256744838595246022e-02
5.256247828922148285e-02
5.255460227541743079e-02
5.255067502753739406e-02
5.255014433776365734e-02
5.254319843591136185e-02
5.253199183215208345e-02
5.254557705981890980e-02
5.250524164772248092e-02
5.250711969481035996e-02
5.253201127334547471e-02
5.236407994586740611e-02
5.252812464405964832e-02
5.237108901402576233e-02
5.198390587223496867e-02
5.289350782451104904e-02
5.111299630583327619e-02
5.163612241320689883e-02
5.280311867073179261e-02
