8.471942273284097926e-04
9.742920372174097930e-04
3.185695881101791027e-03
3.224292699777584099e-03
3.638682931854921206e-03
3.993189781169646617e-03
3.628784167252994356e-03
3.844173172391945111e-03
3.815685416052505465e-03
3.768948914595260033e-03
3.829906180986103383e-03
3.800568367684443484e-03
3.806763570516860651e-03
3.815729878703464934e-03
3.807450549628743543e-03
3.812635382308495607e-03
3.812267002164603392e-03
3.811175788141695983e-03
3.812657087626245781e-03
3.811958591142839380e-03
3.811949611345092411e-03
3.812090748757668030e-03
3.811540755010994243e-03
3.811250277082608127e-03
3.810943904131474345e-03
3.809520332103918851e-03
3.808951976250544037e-03
3.807369034772295404e-03
3.803124541658576240e-03
3.803347233856576790e-03
3.794605209482167230e-03
3.786383316556741260e-03
3.788125964536519924e-03
3.749304916289930827e-03
3.752145455385068329e-03
3.729686529743928697e-03
3.600784034355926626e-03
3.634071666284505002e-03
3.633686098463186510e-03
3.658420138673620665e-03
3.757851153035372989e-03
3.635907287518069103e-03
4.006121070809155922e-03
3.944400351049629286e-03
3.870608491786412583e-03
5.441264167159046497e-03
5.472640209905189554e-03
6.808305622516659487e-03
7.587159321518463333e-03
7.562761773638712430e-03
9.380073428943919503e-03
9.651287067890446450e-03
1.000472269758559581e-02
1.520022871603066150e-02
1.447579427710602926e-02
1.568343742739000679e-02
1.618858317281540032e-02
1.332570494292049414e-02
1.363980491376382345e-02
1.426502651354987286e-02
1.204471688461100989e-02
1.091033945666647874e-02
1.098086352351984943e-02
1.090674351073405747e-02
8.805922991847387957e-03
6.893424734143846835e-03
4.530656210396950823e-03
3.900629710469883087e-03
4.594445779870683609e-03
4.222020985841273139e-03
5.743365032628239795e-03
5.579983200417184749e-03
5.940366711962648434e-03
6.214572158914787384e-03
6.125682528944575121e-03
5.988313222073836199e-03
5.971316840024333897e-03
5.537079401750371124e-03
4.715685842426316048e-03
4.865681307521243885e-03
2.773755219123301245e-03
2.876217971236880340e-03
4.129722159747548256e-03
3.658295649533546516e-03
4.879314356694506444e-03
7.705094568471870277e-03
8.796504351473647190e-03
1.303327151019050868e-02
1.728642373055421302e-02
1.850541037616004053e-02
2.383594232678862279e-02
2.307304990192023814e-02
2.418219377542744214e-02
2.440782476717266725e-02
2.321146947568056632e-02
2.380818168966549950e-02
1.950061600867654052e-02
1.833840535135641131e-02
1.821727476864615572e-02
1.487140222283576257e-02
1.264075931274664076e-02
1.057985281817812144e-02
7.977673058107649998e-03
9.468008512676510599e-03
8.057311712240279936e-03
6.141378726497444956e-03
7.490307938133186454e-03
4.742011149048705639e-03
5.686556572008069112e-03
1.015290897945458209e-02
1.129201428457843673e-02
1.449463245244017769e-02
1.578853892756154273e-02
1.669497665283976862e-02
1.633047359309240318e-02
1.840186578319571650e-02
1.810806230637639069e-02
2.267778792616334874e-02
3.120500033690184680e-02
3.800900048902746547e-02
4.256307262817272258e-02
4.572442144659877306e-02
4.630078558553146068e-02
4.817182547486761196e-02
4.704989014573973671e-02
4.850119006236663227e-02
4.902282102849592899e-02
4.387041016318456166e-02
4.508797792428449747e-02
3.576055798558237797e-02
2.577151191055285229e-02
1.882425868233812694e-02
9.711841759964744483e-03
6.773419308997526492e-03
2.643406234495768777e-03
1.823261333739708461e-04
-5.776444189799210573e-04
-1.272034254568321296e-03
-1.223467580102434405e-03
-1.873465658473183904e-03
-2.037856247990736235e-03
-1.214789475589675254e-03
-1.097455480217253984e-03
-5.442157967778426175e-04
-3.921438289030363951e-04
-4.678214038290878237e-05
-3.408125447896922155e-04
4.865257880443978251e-05
1.203207462492821087e-04
-1.759729977241834354e-03
-2.534514114629020549e-03
-2.506073806842955450e-03
-3.455331787817932272e-03
-4.032803546908330858e-03
-4.642897337974752022e-04
1.366844007633983161e-03
4.766567319645166438e-03
1.450102534282054871e-02
1.718924211053778073e-02
1.981239274653804477e-02
2.419551592556904579e-02
2.524224808833216288e-02
2.745855775279409938e-02
2.841940954408126926e-02
2.876615824073186153e-02
2.880369940837183146e-02
2.847583755125292909e-02
2.579527868842846489e-02
1.974912631898838311e-02
1.387245873488542405e-02
1.704440462738158676e-02
1.979153524504067771e-02
2.787322503403093926e-02
2.738813211961258279e-02
2.807027805041252544e-02
2.776420350485519009e-02
2.639983636619619434e-02
2.734685169541160171e-02
2.589447941755141855e-02
2.590693390442159669e-02
2.836675169856831338e-02
2.941792959984888475e-02
3.272893378354364141e-02
3.591835332793698321e-02
3.706776560892095090e-02
3.837117973473026800e-02
3.908946156930164645e-02
3.534934003572655359e-02
3.590776913232682915e-02
3.439479352135237089e-02
2.991709850171150181e-02
2.998251174930485069e-02
2.891003938216889224e-02
2.764001379505602596e-02
2.961179002489032139e-02
2.837294523780131000e-02
2.881043713589252764e-02
2.931444130635301251e-02
2.808767867591424605e-02
2.911485853417260933e-02
2.823236642401796836e-02
2.794055486757342222e-02
2.958957923085081890e-02
2.944866309993952186e-02
2.957166043210470927e-02
3.074526936612824793e-02
2.914367761186151609e-02
2.921535335902853900e-02
2.897536343599909844e-02
2.397091523612065317e-02
2.244653344659368333e-02
1.609551090792213021e-02
1.018338287775025740e-02
6.807015474021970575e-03
5.543817664025925754e-03
2.673853256695122530e-03
2.562251903415068647e-03
4.639790604747172018e-03
4.025379894496563561e-03
4.281357806107758193e-03
4.295518643912399001e-03
4.681002528534335301e-03
3.912275108680605962e-03
3.902165565120137725e-03
3.586731508628304092e-03
4.716640081041426416e-03
5.135782911121984477e-03
7.779224793497293428e-03
6.627418734799670266e-03
7.386820826525406815e-03
8.211824108203948785e-03
9.387745933379881488e-03
9.549785210558540960e-03
8.135365077444400156e-03
7.065735954265522575e-03
7.098171168348148263e-03
6.387965723861911173e-03
6.036036548181562475e-03
8.479684397405016366e-03
8.210845681119812930e-03
8.753647741576487534e-03
9.821833366461632173e-03
9.198640515235089951e-03
8.932425046557985679e-03
9.054466592696333582e-03
7.887756073531022524e-03
8.981711769635034384e-03
8.881599672456547481e-03
9.214209180296703897e-03
9.667727681876079129e-03
8.899680874295655061e-03
5.092839660188296438e-03
3.940839857666936404e-03
3.685270581869733424e-03
2.469232373592530200e-03
3.796501456640140933e-03
3.401835897634072729e-03
-1.443194283403846309e-04
-3.708209665769161118e-04
2.430557751990321052e-04
-3.759319643521681371e-04
-3.676324271736394853e-05
7.217558572758540686e-04
-1.885465561421324483e-04
-6.440950105180846862e-04
-2.293019928641990435e-03
-1.777496856243671606e-03
2.063970885026526498e-03
2.292493317120895997e-03
3.366283722231205259e-03
4.815931481220122636e-03
5.326806026308841292e-03
5.881441769107576510e-03
6.663033084135148998e-03
7.026512204202765323e-03
7.069587638785942117e-03
8.699468441515745970e-03
7.936531875658597857e-03
8.461779891864567443e-03
8.620007211953564785e-03
2.673491086986383870e-03
2.741889974351598494e-03
4.477544113766814514e-03
3.403333639539802332e-03
3.520588191215623473e-03
3.601455270330732126e-03
3.319192135445069112e-03
1.700086005795958507e-03
1.308749802391944881e-03
1.716919787886907319e-03
-3.707670829482853214e-04
-4.161445820394558764e-04
-1.968560740183118929e-05
-8.527888349400956263e-04
2.559938802086995880e-04
2.999358887027752611e-03
4.024411010512493961e-03
6.921997423908757968e-03
7.082493846162587516e-03
1.039449479159081265e-02
1.001301949720737570e-02
8.065870919535604935e-03
8.929611915097442759e-03
7.109364010097786284e-03
7.865505659611806213e-03
8.263949060080034298e-03
8.598737745489647838e-03
1.047873880942155195e-02
8.524650690160997732e-03
9.893449399341020661e-03
9.724357415470872429e-03
4.828864838902564155e-03
4.876354748329345817e-03
6.242632957080304461e-03
5.419115927908265372e-03
6.384099224795772992e-03
5.598185103155370844e-03
4.305399066279779093e-03
3.114381649463599487e-03
2.063115544288206434e-03
2.098766901048132981e-03
8.614496750887386256e-04
6.795672422786289699e-04
1.177910847802521224e-03
5.836156517395739863e-04
7.764725945011958326e-04
2.812546131003443306e-03
2.958759509663652469e-03
3.282672189494385395e-03
3.770864092474805664e-03
3.735502777090934923e-03
3.930775224073602622e-03
3.857272312064920477e-03
3.846892637421178100e-03
3.742899170293029296e-03
3.042407525618855742e-03
1.918564836823335442e-03
3.568735685120266038e-03
4.488242038141972146e-03
5.044605226498529750e-03
9.955971326798106896e-03
8.893870228460748484e-03
1.126655196452691979e-02
1.071558812353179402e-02
4.862313514388989788e-03
3.827828184981534130e-03
2.507367503712255429e-03
3.584605502849350306e-04
3.688902887639669212e-04
-3.143031488111313210e-04
-8.441832212557296442e-04
-2.062509379416401206e-03
-2.786897945536087346e-03
-4.767217845564737828e-03
-5.007439906475827374e-03
-6.510411350440914804e-03
-6.422640832056522066e-03
-6.436294021588118835e-03
-6.533031354148696387e-03
-2.578316470804704018e-03
-5.693905790592714749e-04
3.480468442339189599e-03
1.009873740686814160e-02
1.343896698216605172e-02
2.007500967784326545e-02
2.282419129573491981e-02
2.579197166453408435e-02
2.670529009443194449e-02
2.607643876589672491e-02
2.654171614486065811e-02
2.505643175961206823e-02
2.467058863920381859e-02
2.320772621362670457e-02
2.253530607272507744e-02
2.277209823187550247e-02
2.189136061154844937e-02
2.191322427413079990e-02
2.088975150121315932e-02
2.070778806554637169e-02
1.808078460579346652e-02
1.574626856611523532e-02
1.060030483069380157e-02
6.168153860366849817e-03
3.345273968305744351e-03
1.437158141765903716e-03
8.333984037019036718e-04
4.120378931557956053e-04
-3.123869294862763150e-03
-1.397114017135788529e-03
-5.420777969106507603e-03
-5.398379571334981086e-03
-5.583011195700978563e-03
-4.914437674798492056e-03
-4.487088287774905655e-03
-4.762828628779695178e-03
-4.430340907490338577e-03
-4.452783769609343356e-03
-4.475378032899456938e-03
-4.372223348610435392e-03
-4.460165646840908403e-03
-4.451537273798128469e-03
-4.459202074751688998e-03
-4.658042483388366052e-03
-4.579022272592432434e-03
-4.846133066094530754e-03
-5.205652575116700639e-03
-4.897416425606331350e-03
-6.232926899065143259e-03
-6.132459761554881483e-03
-6.228873606331215493e-03
-1.087325635791038317e-02
-1.089444821417039078e-02
-1.180270596927079224e-02
-1.371542129509803302e-02
-1.231449561536487013e-02
-1.414454099764807585e-02
-1.424185000863946969e-02
-9.708092952528146399e-03
-9.427432928151157840e-03
-6.298223461213894696e-03
-4.814714011038472539e-03
-3.663128303238393467e-03
-6.730940542633372624e-04
-2.693583451276842762e-04
3.019324254007263019e-03
3.120895726093282554e-03
2.739452919514160419e-03
3.611035871980782571e-03
3.405976730518103703e-03
3.412032137330263653e-03
3.686958825660102083e-03
3.573136143248991422e-03
3.178662669511443748e-03
3.113499346182316361e-03
2.926630304093336393e-03
2.688262633835240226e-03
2.673517261929538643e-03
2.262558323400309587e-03
2.267082178705940362e-03
2.225678675841229366e-03
2.129522726867856715e-03
2.139876615357126123e-03
2.105744120437113946e-03
2.088376422114651687e-03
2.086829720317756945e-03
2.074095418297684009e-03
2.071402715352079187e-03
2.068670930487797373e-03
2.065138823800423493e-03
2.064446657540841817e-03
2.063042956971276268e-03
2.062166135500466575e-03
2.061799677496680729e-03
2.061236732089126878e-03
2.060938224852166406e-03
2.060682275585744207e-03
2.060307119906018645e-03
2.060032014050697073e-03
2.059634303325450552e-03
2.058887195053700752e-03
2.058430045669050988e-03
2.057047077212985787e-03
2.055236895629618428e-03
2.054163237489099909e-03
2.048753627943626730e-03
2.045766310633266583e-03
2.040578198823009195e-03
2.022726460675242609e-03
2.022711120031437868e-03
1.991345851453307000e-03
1.950685433066532250e-03
1.962548690827242790e-03
1.808737184750854737e-03
1.791119666389904934e-03
1.741662827521914866e-03
1.167943865100125062e-03
1.256998957259709273e-03
