-2.985085117695589771e-04
-5.036459898038863888e-05
7.795387961583732754e-03
7.876271171519485040e-03
7.960857154700094751e-03
9.149511318435849666e-03
7.793019038395253111e-03
8.201564059095911921e-03
8.134975275492740618e-03
7.866138564896017066e-03
8.011270107718907602e-03
7.906530011068606256e-03
7.884519461264231227e-03
7.904788501937855261e-03
7.867733574644179481e-03
7.873178412413825086e-03
7.869843041995313107e-03
7.862102713705489826e-03
7.864928815680419238e-03
7.863142995480168831e-03
7.863415627147801040e-03
7.865995364271327270e-03
7.869220687553043700e-03
7.872637229861850078e-03
7.881660625004860768e-03
7.892185665163690966e-03
7.902239846637038392e-03
7.934774101814437430e-03
7.954083481426500041e-03
7.996455841568324979e-03
8.093656730193118931e-03
8.112426988094528779e-03
8.315803805744989910e-03
8.516129528235950527e-03
8.551814895459832616e-03
9.377384651098965435e-03
9.267336330019144974e-03
9.374013367652001341e-03
9.082835617340348153e-03
9.124757632717412151e-03
8.868665019409423256e-03
7.154393461435690216e-03
6.863027790785780451e-03
3.245146442678683175e-03
5.855667346889355945e-04
-4.442738574290244487e-04
-1.052874007873245282e-02
-9.956066939697701124e-03
-1.562508461914729335e-02
-1.829812144127711607e-02
-1.972852281970118374e-02
-3.255283084512661240e-02
-3.425349149596936676e-02
-4.900098223684774129e-02
-4.916398481021350131e-02
-6.107996418469816696e-02
-7.380974760028695403e-02
-7.476855152342357091e-02
-1.262786379062468545e-01
-1.238352817711935311e-01
-1.262889937422492503e-01
-1.212171301310431826e-01
-1.152301022597895103e-01
-1.137689445946504369e-01
-1.105918360683757762e-01
-1.098592590461709706e-01
-1.083287445202833210e-01
-1.068757530103895820e-01
-1.055066380880194665e-01
-1.070411861767650019e-01
-1.052035699906904154e-01
-1.075499397742934182e-01
-1.070893122785460672e-01
-9.000224176771493001e-02
-8.636692054133537910e-02
-7.680568408393682878e-02
-7.351361663205577268e-02
-7.998144818026754754e-02
-7.895931283583915161e-02
-8.545046056618108010e-02
-9.247961106703432577e-02
-9.849310442460465498e-02
-1.078188030410578702e-01
-1.019450367673929853e-01
-1.040868521770349636e-01
-1.035245025061799218e-01
-9.566446988818516628e-02
-9.116371111648864656e-02
-8.022312437715226063e-02
-7.554598464113412848e-02
-6.922363612281945411e-02
-6.509065400084207420e-02
-6.955103933130592220e-02
-7.043449294658081505e-02
-7.345940068962868164e-02
-5.470184484504188316e-02
-5.321033428742674709e-02
-4.226815268010607890e-02
-2.927237735027279214e-02
-2.849842593518215131e-02
-1.616246503068910316e-03
-4.447826909624181526e-04
-2.048476324719214654e-03
9.942549312894290517e-03
3.643198317120246131e-03
8.117929964235060794e-04
-3.163921713463328496e-05
-2.784514471441814493e-02
-3.107462666503024717e-02
-3.263433887855140408e-02
-3.857131101616606550e-02
-3.638506205548213551e-02
-3.725753266270642045e-02
-4.496719763967110123e-02
-5.156807033435169968e-02
-5.220077311416634891e-02
-6.514089244993245820e-02
-6.058361548521928180e-02
-7.019077263189253679e-02
-9.396253923342157144e-02
-9.630011091732468276e-02
-1.051118937825701455e-01
-1.021258465430939788e-01
-9.577427640321302393e-02
-9.378495167855324666e-02
-8.485133168833158823e-02
-8.958626378548759095e-02
-8.607053923787191807e-02
-7.877763121634207000e-02
-7.929718404597599357e-02
-7.004439392434924638e-02
-6.839087873452680266e-02
-6.526275724830221669e-02
-6.377783762684650914e-02
-6.089217544358464795e-02
-6.107044799449417444e-02
-6.832782880559655492e-02
-7.248379451364846127e-02
-9.395840487655900131e-02
-9.965197384758182897e-02
-1.090671828763169204e-01
-1.190154854345054913e-01
-1.247067771561057997e-01
-1.330883462012608931e-01
-1.447206858230719873e-01
-1.490028991572712458e-01
-1.464426404775091006e-01
-1.500489030527296652e-01
-1.432778315594489815e-01
-1.386467113935157536e-01
-1.439809527061995387e-01
-1.396499092798042241e-01
-1.375520844289945255e-01
-1.370463968959019785e-01
-1.081060688370433093e-01
-1.088210495651264903e-01
-9.524246393586470461e-02
-7.375476554147353259e-02
-6.270133559705254322e-02
-5.197886044970568414e-02
-1.752303478741138940e-02
-1.335670273662001480e-02
-1.622627281555989384e-02
-2.074952534803457295e-03
-7.624208011065064169e-03
-1.366139261436121431e-02
-1.291915700329941512e-02
-2.919365462600052516e-02
-3.239537309433038192e-02
-2.325294952247675476e-02
-2.687596474980239597e-02
-2.376473920216263039e-02
-4.034505673991639271e-03
-7.415203026965385205e-03
-5.909693066706423088e-03
-1.710430611775051171e-03
-2.752837442248524946e-02
-2.269136879767064130e-02
-1.043246760482837050e-02
-1.523076094185344016e-02
1.517682800789725908e-02
6.097573786300517114e-03
3.423942668272970079e-03
-9.064740309729265840e-04
-7.584588650268712928e-02
-8.212031979730284592e-02
-9.772284892688919145e-02
-1.098444377381943698e-01
-9.201149034203801036e-02
-8.795753961428259826e-02
-8.727722204282015173e-02
-6.438489323935407682e-02
-6.000631434133455594e-02
-4.023364449127351389e-02
-7.163253269747872111e-03
-7.175926802739622176e-03
9.669925799420455185e-04
3.476790317863945236e-03
-1.724669344472492052e-03
-3.360229989911805038e-03
-2.514042182623386565e-02
-3.634571399899011457e-02
-3.729486407348383409e-02
-4.934342161031318036e-02
-4.663302924649814774e-02
-4.553529107560248812e-02
-5.387737876754548905e-02
-4.467146728855941884e-02
-5.007857791838493666e-02
-3.752708665653912978e-02
-3.815087801441311571e-02
-4.911922092222920783e-02
-6.265524461783360255e-02
-8.767287763685514823e-02
-1.137792924636586572e-01
-1.110911675547021082e-01
-1.245382951357571905e-01
-1.129392260775808898e-01
-9.879516409991798143e-02
-9.903876966386399028e-02
-8.265117539130950597e-02
-8.087523422439148180e-02
-8.041607035366027390e-02
-7.677902858853823120e-02
-8.488856495639737765e-02
-8.573552229938538605e-02
-8.937855052544270429e-02
-9.700798071667422751e-02
-9.795022268106783059e-02
-1.001407536540854792e-01
-8.401638396416917509e-02
-9.034839209211638356e-02
-8.269211482717832296e-02
-8.615904327034762389e-02
-7.868212395500186196e-02
-8.629321911763303266e-02
-8.813762620769280409e-02
-8.359103506170441344e-02
-9.196364766656249523e-02
-8.904501671550983655e-02
-9.363887348801486210e-02
-1.066821589244898588e-01
-1.109332862963666178e-01
-1.161633758855627196e-01
-1.236927961588629582e-01
-1.257023492918804275e-01
-1.306858310492954311e-01
-1.353260855909015348e-01
-1.366234332412013808e-01
-1.416073195489294390e-01
-1.447833968453560993e-01
-1.454516692710413894e-01
-1.518838525859075861e-01
-1.512313259879080607e-01
-1.511230035653231829e-01
-1.515468060612286116e-01
-1.456714714132286981e-01
-1.462806961148206131e-01
-1.436266202223635824e-01
-1.400142572903461113e-01
-1.418995641595549861e-01
-1.369829629827515882e-01
-1.356963014533480449e-01
-1.245585992198139647e-01
-1.108260586653376373e-01
-1.008649032323536004e-01
-9.313800257532876825e-02
-9.106945593358163615e-02
-8.747151829337561357e-02
-8.304598174304569924e-02
-8.035974227518986879e-02
-7.786003906129002061e-02
-7.619761743575929891e-02
-7.184441825818725647e-02
-6.803720421340471447e-02
-4.621379600561635603e-02
-4.339738630930942836e-02
-4.191950132155166514e-02
-3.996406486674783376e-02
-4.069637280038339300e-02
-4.660455603595463347e-02
-5.295200370702306952e-02
-5.454538207865369109e-02
-6.624847858750253227e-02
-6.054743202089483967e-02
-7.558117769488889581e-02
-9.319527738772040437e-02
-1.014735476311679346e-01
-1.166266499621412406e-01
-1.170293171773072183e-01
-1.192280449774956314e-01
-1.189817473129556186e-01
-1.200418848526616650e-01
-1.200449556097046011e-01
-1.201167629895872613e-01
-1.201300178347490533e-01
-1.190184682320954701e-01
-1.194413784382271915e-01
-1.170075828436309417e-01
-1.163123927047223782e-01
-1.145814213078566596e-01
-1.091204893551103589e-01
-1.071646488995753321e-01
-9.178416907852779416e-02
-8.640525106197986804e-02
-8.291678890859940920e-02
-7.663152866134274876e-02
-5.888250328458431021e-02
-3.170117089876583333e-02
-1.123582321382706958e-02
-8.798897686725769968e-03
-5.419366876590085355e-03
-7.349882003425855376e-03
-8.276773765269678645e-03
-9.589575943716052708e-03
-1.002712372932566820e-02
-1.117339364705245697e-02
-1.631545902852963442e-02
-1.160212512536434003e-02
-2.278982067629001240e-02
-3.530528142274911435e-02
-4.810588410933076126e-02
-6.462834194769587204e-02
-5.322580810559235376e-02
-6.132655035758562828e-02
-6.110438402711737549e-02
-5.569819774666547041e-02
-6.099677452624428092e-02
-5.298228787791830346e-02
-4.764525206886546793e-02
-5.470394357202735397e-02
-2.135191103663496015e-02
-2.718057914148711354e-02
-4.221858467408948212e-02
-3.698761396832696280e-02
-6.011497240742076642e-02
-6.194034086716873611e-02
-6.824040141292267436e-02
-7.636649538694485762e-02
-7.903762949327847176e-02
-7.687624437222495555e-02
-7.534139902449361881e-02
-5.035426465859435541e-02
-5.463585627333612804e-02
-7.094647861303429726e-02
-7.436033794269732156e-02
-8.657517914219081678e-02
-8.533875081534088303e-02
-9.916805631997591131e-02
-9.661615774521103983e-02
-1.242198927592310098e-01
-1.543521661983666138e-01
-1.721511240974742951e-01
-1.928122468344198870e-01
-2.034574616513689371e-01
-2.088448995328849589e-01
-2.064969734769374898e-01
-2.001439877757890673e-01
-1.924884723167625267e-01
-1.809200861539273508e-01
-1.734977394268751028e-01
-1.533980840685935654e-01
-1.451793299598915787e-01
-1.405487260810110717e-01
-1.283880570197132864e-01
-1.311097954220847017e-01
-1.238837798025674702e-01
-1.155311461834158532e-01
-9.618387349881939163e-02
-9.336399164343016366e-02
-8.739110943045186319e-02
-8.292977149929568748e-02
-7.571450579558054728e-02
-6.589695815804323675e-02
-5.218182827060900003e-02
-4.005173459714045370e-02
-2.958280458630399914e-02
-2.398802327663078840e-02
-2.226902506577053270e-02
-1.971408768376855039e-02
-1.883009405919449167e-02
-1.755930953288420762e-02
-1.930171131750826191e-02
-1.660842859830081314e-02
-2.014620618061343030e-02
-2.300797310112981733e-02
-2.314514798556290345e-02
-2.868118302207588177e-02
-1.273550126474061635e-02
-1.165659620963226638e-02
-3.080157409758601042e-02
-3.082606081641308879e-02
-3.281571617329931412e-02
-4.024218307556848284e-02
-3.883158626473385416e-02
-3.481358417765269275e-02
-3.427393434993153409e-02
-2.576288887447212086e-02
-2.516572482114050324e-02
-2.551558436273194258e-02
-2.423494561935201491e-02
-2.519191512605158459e-02
-2.482086660357105123e-02
-2.483784105856135307e-02
-2.506203737117129043e-02
-2.472395637503227786e-02
-2.528976938209031092e-02
-2.475289399627230227e-02
-2.493746350037558124e-02
-2.603119728464634366e-02
-2.354178395072541868e-02
-2.688643269630125107e-02
-2.562212509924149603e-02
-1.845555102180645307e-02
-1.670242480508965163e-02
-1.134112559792849369e-02
-7.498107325217709916e-03
-5.828421078355371966e-03
3.498694227639593049e-03
3.326367416252196986e-03
8.800616508929206758e-03
7.491405170682865870e-03
4.820759882456668484e-03
6.426382126123114137e-03
3.163309918073503504e-03
2.003250073014804528e-03
1.958759007127377702e-03
-5.732479368778322509e-03
-5.966553405287140961e-03
-8.544214271450301101e-03
-1.078986197661215701e-02
-1.156731891651717296e-02
-1.350185228784552688e-02
-1.430997722457068994e-02
-1.669138794161410810e-02
-1.765589909377135794e-02
-1.893078106354272039e-02
-1.879242042094407539e-02
-1.657395184241637967e-02
-1.666830639824352228e-02
-1.525399009406674250e-02
-1.496149393466819980e-02
-1.302270072082034255e-02
-1.173902760719137094e-02
-1.131159316088762093e-02
-3.698578482422454957e-03
-3.092972345219193332e-03
-1.544241735642272809e-03
1.853477948858852893e-03
1.688390238886094616e-03
4.826714065937086698e-03
4.881483448803542770e-03
5.135867569203414994e-03
5.909128934894903283e-03
5.830499581041828638e-03
6.084344260824469872e-03
6.229244577039818806e-03
6.236108298132642461e-03
6.335649654857700673e-03
6.356092902322561973e-03
6.374708604506887887e-03
6.402107989135761776e-03
6.399391996189057394e-03
6.411235684367779832e-03
6.408160635458315726e-03
6.390291481006350402e-03
6.408221854533395836e-03
6.347962705937696716e-03
6.334179315513292254e-03
6.356463570373732316e-03
6.101420789973173442e-03
6.267418320933655813e-03
6.023193261730348802e-03
5.290430106971449539e-03
5.413052887235127175e-03
