3.171167203558420550e-02
3.172890479119767210e-02
5.268854463299533358e-02
5.311720945170657349e-02
5.580669728401943530e-02
5.855799488667822600e-02
5.631535721830838170e-02
5.713367125175666805e-02
5.702181549004924077e-02
5.653586963926025138e-02
5.680153549158147713e-02
5.661038462897049345e-02
5.657026268875633285e-02
5.660726624348751124e-02
5.653961591099188055e-02
5.654955708039860474e-02
5.654346758251016514e-02
5.652933611971679151e-02
5.653449572351500890e-02
5.653123535802066779e-02
5.653173310089197601e-02
5.653644291459411497e-02
5.654233137298713546e-02
5.654856894442778642e-02
5.656504286707123713e-02
5.658425848494510330e-02
5.660261427389822603e-02
5.666200822036494139e-02
5.669726726867952565e-02
5.677457886073766780e-02
5.695181879732608837e-02
5.698612955492992488e-02
5.735319762792859266e-02
5.771034949755420723e-02
5.776498400128907140e-02
5.910767684317395215e-02
5.890949251511698459e-02
5.911872545695365938e-02
5.860287080582691349e-02
5.864432370563236324e-02
5.811794510021703331e-02
5.582734856466584072e-02
5.531228189722494498e-02
4.886978928557227791e-02
4.414590638631481212e-02
4.229793538684151893e-02
2.529192101844153148e-02
2.627525355186745293e-02
1.589476657524225775e-02
1.090417575100527045e-02
8.147872216076899876e-03
-1.396236568331001536e-02
-1.700011580934999295e-02
-4.364480524979148790e-02
-4.409670369131544337e-02
-6.618720654998368202e-02
-9.010158715235735971e-02
-9.202374220412483374e-02
-1.806792137539436627e-01
-1.754561275166659218e-01
-1.807705565573720086e-01
-1.736729199035466908e-01
-1.632567502465814002e-01
-1.608987710182725461e-01
-1.550881889532607083e-01
-1.530788165692892888e-01
-1.508227790002089341e-01
-1.482473612819542874e-01
-1.460297587560969168e-01
-1.489066145945431296e-01
-1.447139582978096417e-01
-1.470029872306538032e-01
-1.460569624272560485e-01
-1.172149261000860615e-01
-1.120598316219304919e-01
-9.605742288855190214e-02
-9.051123526133003638e-02
-1.004474552485697947e-01
-9.835857563214468746e-02
-1.109632137732130819e-01
-1.223417883859495014e-01
-1.312243915387427684e-01
-1.472410041090241872e-01
-1.385505957942965161e-01
-1.423477658636295162e-01
-1.403126978498541455e-01
-1.266620739399562656e-01
-1.198544521324010487e-01
-1.011575089039887521e-01
-9.251189838779158570e-02
-8.159013595205406866e-02
-7.409510525032633743e-02
-8.075803089727534578e-02
-8.115863421648006337e-02
-8.646830474027814017e-02
-5.391568709378280477e-02
-5.138601333170460944e-02
-3.145997603055550318e-02
-7.645298444311669078e-03
-6.392709088587727323e-03
3.900700851441903788e-02
4.106521271968146397e-02
3.839201718070888586e-02
5.952274553846709920e-02
4.782834001297407017e-02
4.103971651280231142e-02
3.995998681599166602e-02
-4.935863050118080228e-03
-1.016581946691704971e-02
-1.337041171953858715e-02
-2.473401436841743059e-02
-2.152114066032605535e-02
-2.336470729027503856e-02
-3.690148832063298856e-02
-4.816745192964337619e-02
-4.909496769675007755e-02
-7.266087976571021512e-02
-6.615532931106023196e-02
-8.340812136030981150e-02
-1.240102959243709890e-01
-1.269593270007310370e-01
-1.424336077128114941e-01
-1.375760659616601100e-01
-1.278970906698433663e-01
-1.253940675466338195e-01
-1.093343424706794687e-01
-1.161339428772212856e-01
-1.094493017236559673e-01
-9.702405738379556166e-02
-9.796323028303750846e-02
-8.209801008948425238e-02
-7.913215311771901184e-02
-7.328860633768022326e-02
-7.061678477266267184e-02
-6.666606841999038469e-02
-6.728546237527691098e-02
-7.963854663946828838e-02
-8.655845846590708159e-02
-1.243168535413921721e-01
-1.348464340381714532e-01
-1.520504243398790589e-01
-1.702512065283334208e-01
-1.815570015258363146e-01
-1.956768279608553929e-01
-2.144887089370000610e-01
-2.218048466219381953e-01
-2.181461970133287409e-01
-2.248306814652238916e-01
-2.146716913316500663e-01
-2.069533970263222888e-01
-2.157118280320443338e-01
-2.057548016562280313e-01
-2.009908799296083182e-01
-2.009496013439582562e-01
-1.518814292932594290e-01
-1.522371507944532687e-01
-1.270037766872016693e-01
-8.815143238471893905e-02
-6.776736810275361955e-02
-4.874543871900279685e-02
1.026010851383954599e-02
1.773008692110547915e-02
1.357618409486704633e-02
3.839162344872482785e-02
2.831423385506566179e-02
1.823739650437163767e-02
2.019583072407259497e-02
-7.045750489622112749e-03
-1.265861172333843793e-02
3.107695264480345339e-03
-3.206628719535145437e-03
2.111986123676906982e-03
3.526854776630796579e-02
2.855439268479238041e-02
2.961950013033603016e-02
3.795962323302940616e-02
-3.731173257503164579e-03
5.604679860117622522e-03
2.673008506838416010e-02
1.699664349270111133e-02
7.060879531537517240e-02
5.330745642394345285e-02
4.771117641785745794e-02
4.089638839772104933e-02
-9.074443428466485995e-02
-1.010256521312977440e-01
-1.288501343198300286e-01
-1.511954561068778180e-01
-1.202417192764250881e-01
-1.138074991529218899e-01
-1.124310205273046787e-01
-7.129086341576527930e-02
-6.278290674416259209e-02
-2.728203294648441635e-02
2.876049156941979865e-02
2.845129501219972532e-02
4.322972396274252227e-02
4.747088836691371744e-02
3.636308291256605540e-02
3.388864411134435983e-02
-9.488334255900462240e-04
-1.989793951904705524e-02
-2.173900396156127485e-02
-4.347246160212321631e-02
-3.909062949772290629e-02
-3.752967748611269611e-02
-5.185482131449159482e-02
-3.529645307093627615e-02
-4.463848669298344646e-02
-2.428632508457729058e-02
-2.744529785359916402e-02
-4.964939209163394401e-02
-7.131760071708587168e-02
-1.120195511046463421e-01
-1.561075835088523711e-01
-1.517826853151714450e-01
-1.754800060195785549e-01
-1.570326739908401159e-01
-1.340109740089100721e-01
-1.347312043624044053e-01
-1.054131559100339038e-01
-1.025473427292380030e-01
-1.013603690322934514e-01
-9.454888410045472757e-02
-1.085430665103049030e-01
-1.099615427660737416e-01
-1.162574258134423250e-01
-1.289604459501687284e-01
-1.304479918704159747e-01
-1.351869675102249091e-01
-1.076342254325181186e-01
-1.185483394007352115e-01
-1.047791617939936720e-01
-1.109405694459494746e-01
-9.795780972074008552e-02
-1.105425568145277926e-01
-1.138550562003778077e-01
-1.061297806814642114e-01
-1.212211389907692366e-01
-1.196821852486854298e-01
-1.280058390540817492e-01
-1.472085650494772135e-01
-1.538078678016631395e-01
-1.621141806949861208e-01
-1.747557009495122604e-01
-1.783714198761617575e-01
-1.872190689279897846e-01
-1.954466095380295587e-01
-1.979416628078051188e-01
-2.067953592998636181e-01
-2.118647827142654816e-01
-2.135689648967984966e-01
-2.236593955698788494e-01
-2.223637992559050203e-01
-2.250911183576061458e-01
-2.266492905242664391e-01
-2.178098705528975498e-01
-2.194720420553181728e-01
-2.145977520779284442e-01
-2.083950267303421311e-01
-2.108462039463041837e-01
-2.012811546624907466e-01
-1.979222652819168093e-01
-1.793378899966704132e-01
-1.560903595483546236e-01
-1.394416402185404136e-01
-1.243273128057561794e-01
-1.197806700350698556e-01
-1.129323727713968245e-01
-1.050388784486392946e-01
-1.003097019269085788e-01
-9.557138195550396453e-02
-9.207554672128012707e-02
-8.405166598528358846e-02
-7.747177931742962875e-02
-3.950227899059752246e-02
-3.459252402441500424e-02
-3.161659584431961156e-02
-2.822510605213137194e-02
-2.962858910714057104e-02
-3.990111104869231706e-02
-5.069098621648909786e-02
-5.337060641757734175e-02
-7.471693540577245551e-02
-6.614846728600085046e-02
-9.368466653477648676e-02
-1.236900108628311012e-01
-1.370664884875543721e-01
-1.629292784578432740e-01
-1.646460821114667239e-01
-1.692653835735624668e-01
-1.697198288685999590e-01
-1.712449909937553416e-01
-1.714001543873393263e-01
-1.715089453849453216e-01
-1.714270956598106799e-01
-1.694580580836841932e-01
-1.701469865958047112e-01
-1.656564411527920999e-01
-1.643948496188220865e-01
-1.609010072729853968e-01
-1.512870914923033494e-01
-1.480409102704996205e-01
-1.219680679090644343e-01
-1.122777868507095489e-01
-1.040929323078713248e-01
-9.146996979543013662e-02
-6.058381428060329033e-02
-1.365296957364694683e-02
2.223491121621645750e-02
2.735946596682450882e-02
3.351485832420895983e-02
3.052381513119554676e-02
2.904779067742116819e-02
2.666222092932540519e-02
2.586041193447472311e-02
2.383726374392760791e-02
1.441171826203262521e-02
2.222815864877872305e-02
1.974167470441785116e-03
-1.932622667734182689e-02
-4.106264392337706515e-02
-7.006411887795029048e-02
-5.082382677667951487e-02
-6.554447165755580840e-02
-6.516163099206345732e-02
-5.532152893932985177e-02
-6.496327891331318827e-02
-5.043764003968172899e-02
-4.037524624166197174e-02
-5.337510212495370082e-02
2.740627284739491354e-03
-8.014081379207194447e-03
-3.300461931901633311e-02
-2.304025354909867637e-02
-6.292813569757077508e-02
-6.631311737704420617e-02
-7.743197726336596698e-02
-9.191635338360289176e-02
-9.610208539425278695e-02
-9.223145168383826975e-02
-9.071770182151765727e-02
-4.840160101499356438e-02
-5.621487817015068111e-02
-8.329593180336880565e-02
-8.908148972707649604e-02
-1.105572939243166242e-01
-1.098444490663952611e-01
-1.366667822865289816e-01
-1.366678640879534223e-01
-1.827735056316450724e-01
-2.313624508914741973e-01
-2.612446695119051143e-01
-2.975764647816110386e-01
-3.156925854438720758e-01
-3.248023292884210655e-01
-3.218939953650765129e-01
-3.118429801924659239e-01
-2.985166538281670001e-01
-2.769033866018004164e-01
-2.641316668096904130e-01
-2.328176102797832880e-01
-2.188523143233656043e-01
-2.099148016672244821e-01
-1.888412557802808533e-01
-1.904422893600978828e-01
-1.769043745323489458e-01
-1.630875634033490396e-01
-1.309417285835276779e-01
-1.241336759904039938e-01
-1.121861320769205472e-01
-1.027267784278456803e-01
-8.972079926137495332e-02
-7.243735357594409396e-02
-4.878058094354758428e-02
-2.877495203898618875e-02
-1.155105463521669158e-02
-1.441310815158486401e-03
3.548346409046288993e-03
8.168314943538529729e-03
1.016020495904540986e-02
1.249612910550467956e-02
9.396041899936808175e-03
1.362591428100673116e-02
7.674056575116468618e-03
3.968897730665840208e-03
4.944021502769305187e-03
-5.551391814540801266e-03
1.943599757718657978e-02
2.093096612128985193e-02
-1.197068908504796136e-02
-1.156406143043911192e-02
-1.519764758373792594e-02
-2.787813112543227612e-02
-2.518645759536807666e-02
-1.792191459519003674e-02
-1.733060752842705693e-02
-2.327088878242416451e-03
-1.267108757935287312e-03
-1.941439511593302542e-03
4.927285600959859782e-04
-1.199579035062148594e-03
-5.210151600977190427e-04
-5.488197903155995084e-04
-9.574263819208613012e-04
-3.402280322934991288e-04
-1.372823449359733680e-03
-3.943878151892774670e-04
-7.209608415492291559e-04
-2.704461232479973224e-03
1.830494806785923443e-03
-3.725442245894836860e-03
-1.404725067970966643e-03
1.133069516461258572e-02
1.426343513217245146e-02
2.399229365723755392e-02
3.098383565340788112e-02
3.402038505375500760e-02
5.042536585525279891e-02
4.998503157759873888e-02
5.952951352656761508e-02
5.743504559597634174e-02
5.283453690085208876e-02
5.575831327287138206e-02
4.982582463844052040e-02
4.764684183708747106e-02
4.756646864972170763e-02
3.404242017877302795e-02
3.364849525707630518e-02
2.894542233914808305e-02
2.485606144800301537e-02
2.343834471652888815e-02
1.991453612637978862e-02
1.843688077364011302e-02
1.426820798631942347e-02
1.265880524760379204e-02
1.009543575670120846e-02
1.026735026686382592e-02
1.399902047509452192e-02
1.382131654768107253e-02
1.639767881697646798e-02
1.693223607053922358e-02
2.044605717908191608e-02
2.291482679779402107e-02
2.366299464049645765e-02
3.634995291437728704e-02
3.738991472465502675e-02
4.025181124556679452e-02
4.627528996566229735e-02
4.596780476944114374e-02
5.092943266664762964e-02
5.109776076081040674e-02
5.158557390779489743e-02
5.298033790709640728e-02
5.284163289261444713e-02
5.330524029655928780e-02
5.356950173617414795e-02
5.358215497135839639e-02
5.376387736038411302e-02
5.380119754737880400e-02
5.383518614282535586e-02
5.388520838021619574e-02
5.388025061979481029e-02
5.390187564581010865e-02
5.389624014579413869e-02
5.386370081523662173e-02
5.389639397369260648e-02
5.378564735796269314e-02
5.376528736217230098e-02
5.379715327956098581e-02
5.332486165455279509e-02
5.377486656072634486e-02
5.284976452797037622e-02
5.185365229404823723e-02
5.237399495217433254e-02
