2.965813736809721612e-03
3.591235389312973699e-03
1.111334196580348460e-02
9.996755840015168065e-03
1.445417139169389610e-02
1.719943344215968742e-02
1.796480381989697117e-02
2.011748648461859912e-02
2.060936586332537748e-02
2.092925367096252001e-02
2.155092230563866035e-02
2.149621127210379554e-02
2.163824459896851807e-02
2.173666947449527306e-02
2.168852641272915605e-02
2.173921785260612277e-02
2.173597047953275407e-02
2.172607807025123822e-02
2.173806460556939463e-02
2.172999914797937859e-02
2.173042813765894629e-02
2.172974669642399950e-02
2.172465844393679096e-02
2.172626206520640937e-02
2.171386166668977033e-02
2.170957814234708919e-02
2.170464643152847373e-02
2.164751692269368047e-02
2.165500991337946865e-02
2.157284320409354542e-02
2.136241984390802734e-02
2.144020292512253262e-02
2.086513194586320230e-02
2.041176534576866208e-02
2.060067444927809327e-02
1.809769232163829442e-02
1.899256026439729780e-02
1.838253603161408775e-02
1.918240085344251333e-02
2.045880894531365221e-02
2.004085050068901350e-02
2.537835971192033482e-02
2.561440351707347518e-02
2.625329271531044381e-02
2.622929942282366950e-02
2.659876067306975178e-02
2.303988082689293129e-02
2.006383776307545108e-02
1.671285798045740734e-02
2.965356070166263146e-03
-1.687810719749853992e-03
-6.061429989373503385e-03
-1.747884568574987335e-02
-1.808169752905898833e-02
-2.310749138904413802e-02
-2.549825844886934728e-02
-2.567626868582228300e-02
-2.676377254985766452e-02
-2.823337944188132956e-02
-2.832168475738148714e-02
-2.725051755642063020e-02
-3.342092995873872929e-02
-3.112078299330556935e-02
-3.141872762353176141e-02
-3.962435314992661384e-02
-3.304980856100432629e-02
-4.175886472939298322e-02
-5.289187450579546645e-02
-6.466694648294306347e-02
-6.743923396161971562e-02
-7.465339441729602898e-02
-7.481405164801463448e-02
-7.327716347356522109e-02
-7.278955617222314378e-02
-7.005078663953383245e-02
-6.387799042656544524e-02
-6.037972346021805437e-02
-5.503520621254225781e-02
-4.635738284134101328e-02
-4.292950040838441894e-02
-4.024854140795427332e-02
-3.559486679212369581e-02
-3.533056671337542892e-02
-3.680119749579170707e-02
-3.216805778841475699e-02
-3.929159477473255502e-02
-3.506228715515961186e-02
-3.079650250435476966e-02
-3.859136167764787989e-02
-3.189839505458984259e-02
-2.628173377151838547e-02
-2.363984230264307151e-02
-1.695490324933405374e-02
-1.261500450001218354e-02
-1.158547035705776752e-02
-6.118941209842534111e-03
-5.677534074433174607e-03
-8.694142218423911092e-03
-9.078245194730379802e-03
-1.677804358442505986e-02
-2.437964810966179383e-02
-2.667149113384949949e-02
-3.777897669547656406e-02
-3.540725683517682854e-02
-4.126256145421687560e-02
-4.184073471021065166e-02
-3.980858997931913112e-02
-3.999911478896187728e-02
-3.891971402611507647e-02
-3.535804999652428920e-02
-3.453607949396588633e-02
-3.097304001811273036e-02
-2.747182826315987605e-02
-2.400367807954199503e-02
-1.552625381918100456e-02
-8.968449135796854529e-03
-7.747202683988530653e-03
-4.573312927812176430e-03
-6.514190998087684981e-03
-7.324402175749551019e-03
-3.662307528858384123e-04
3.045351368065520731e-03
1.565319664720643544e-02
2.062379067678592193e-02
2.508972753911078643e-02
2.527479003610683464e-02
1.829026845692963490e-02
1.482961526025770513e-02
1.228300477620334480e-02
3.575481950999059595e-03
1.184296749086312774e-03
-2.842336952063361302e-03
-7.992117957446967166e-03
-8.319669628236030928e-03
-1.053175099372825364e-02
-1.240890296598731388e-02
-1.092909653056508071e-02
-1.310622422011995837e-02
-1.172115467034830563e-02
-8.845186960361090672e-03
-1.183633918366184395e-02
-4.512333723887980257e-03
-6.757512712259276918e-05
-2.911466370929083163e-03
7.085720896322959643e-03
7.930523752510156704e-03
6.578498374796809371e-03
2.090084966947385395e-02
2.408213919345246132e-02
3.611172346283478968e-02
4.566277897962477128e-02
5.015783432658069141e-02
5.965563620172912446e-02
6.136329293169508897e-02
6.744773000217829662e-02
6.839726944513926932e-02
6.806633772637719904e-02
7.220543178964035358e-02
6.464934436740928103e-02
6.667405794160410903e-02
6.188026847634657546e-02
5.592037366280617344e-02
5.818078824877337407e-02
4.788964119980575890e-02
4.587107138369343057e-02
4.047497289110582597e-02
2.852916333707091259e-02
2.504409828994802467e-02
1.354468127385890890e-02
7.912876841272571682e-03
1.122977940879113165e-03
-5.237225555716502196e-03
-6.425660689354206236e-03
-1.262792144589077077e-02
-1.048223167371718084e-02
-1.533744731123776010e-02
-1.757860212738527120e-02
-1.812414445389092660e-02
-2.671492058905039491e-02
-2.653394917860029192e-02
-3.330581436135635759e-02
-3.564552782631741357e-02
-3.248935523601554493e-02
-3.608293850151190335e-02
-2.913930724480916570e-02
-2.494380380675692219e-02
-1.720694696304019694e-02
-8.008469344888382441e-03
-3.810508987629877831e-03
3.133570530725989650e-03
8.992172809699248287e-03
8.302610729772876008e-03
9.381070861278137385e-03
8.830228408173868698e-03
4.270056235008296182e-03
-1.553956018901705505e-03
-9.304284335698216959e-03
-2.037310772377411844e-02
-3.058973083329876927e-02
-4.283458179667882365e-02
-4.500068945364352202e-02
-5.017495491578036898e-02
-5.149022535933672762e-02
-4.171587252392067874e-02
-3.709735001448094538e-02
-2.816443040888623114e-02
-2.133190797024870147e-02
-1.401945229044261609e-02
-1.313125720825160381e-02
3.223133857313674033e-03
2.782820632497590846e-03
6.877488748528295080e-03
1.483626259368945634e-02
7.027884975567646499e-03
1.148930998513946443e-02
9.380786222934032678e-03
5.057509275490507973e-03
1.265197403170573685e-02
1.215129432103036547e-02
1.874238510424400261e-02
2.163200091659269950e-02
1.930327193870492661e-02
2.179768758809023585e-02
1.873702291448949703e-02
1.851439627875071936e-02
1.768162893985932710e-02
1.285582988656039372e-02
9.777978601287398014e-03
8.389342343987539127e-03
1.998551940089671793e-03
2.278624334893585880e-03
3.868419570637445827e-03
1.387415586647628937e-04
6.703899191982305196e-03
6.529747240460262621e-03
7.348836681971300695e-03
1.559364360163051355e-02
1.377534409538629101e-02
2.201842750524380526e-02
1.978226778067714714e-02
2.086200587613110113e-02
2.554425408868789618e-02
1.658023024317571356e-02
2.068059194623191738e-02
1.600469727222402980e-02
7.543447492433285988e-03
1.062046288157903091e-02
-9.294687634551463502e-04
-1.767670767137254160e-03
2.194704288700162313e-03
-9.401223949532748871e-04
9.177297941021332964e-03
1.226979661765636651e-02
1.656348359791439545e-02
2.049940890161158769e-02
2.449428837764801997e-02
2.400665505073995565e-02
2.375970504927720633e-02
2.740048324250285439e-02
1.912539482977285502e-02
1.769360895213203250e-02
2.448895846138995913e-02
2.044924238992628512e-02
2.371030875824305800e-02
3.452114916593521793e-02
2.849393045759576054e-02
2.496321423747771204e-02
2.525590271840855508e-02
1.051036541776875430e-02
1.472353376584535634e-02
1.208405036497308196e-02
8.497290679997979157e-03
1.120835515606782330e-02
7.757878362851450445e-03
8.377447051957502208e-03
7.668452861954472288e-03
4.778853585425423857e-03
6.163120020650816357e-03
8.954016574050323090e-04
-5.093060191568188344e-03
-5.544240928909502895e-03
-2.007088026647399839e-02
-2.381970818737215792e-02
-2.257254114609916901e-02
-3.360180388053714967e-02
-3.490856016489975872e-02
-4.095542518244719987e-02
-4.400456015215588323e-02
-4.455245971432063995e-02
-4.876417558467489172e-02
-4.834484853275351768e-02
-4.928848669024417373e-02
-5.094206163518313901e-02
-4.801960193129610477e-02
-4.760417763916621053e-02
-4.481441065353005543e-02
-3.399945076734868510e-02
-3.141791032146469542e-02
-2.190519637196349997e-02
-1.319120225225103513e-02
-1.242829223100228205e-02
-4.035259281914289897e-03
-2.081042201390489316e-03
-4.810875163219479646e-03
1.045809290786879793e-03
-3.694644904002807040e-03
-5.675703342822416980e-03
-1.419633330046395168e-03
-1.032097627596020514e-02
-8.885450175919974367e-03
-3.401251337784600304e-03
-7.685552409590928891e-03
1.089884304343408453e-02
1.037274650846662163e-02
1.844199850388084441e-02
1.949161966647125488e-02
1.801608574725064443e-02
1.958844747069374975e-02
1.330895250750398565e-02
1.316830344502540641e-02
8.284063606685964851e-03
5.630391899627849861e-03
5.219411943170919159e-03
1.633311753803822234e-03
4.524492933756343697e-03
2.180143378533749322e-03
4.515946141301982117e-03
1.839776012941733837e-03
4.655131232340058178e-04
-2.104448315687348740e-03
-7.042300490732292945e-03
-6.769432291674854982e-03
-1.244000463571226338e-02
-1.472422966253490381e-02
-1.675703902117222852e-02
-2.297797836497730492e-02
-2.682879643877673220e-02
-2.975681058603536419e-02
-3.330910661587758309e-02
-3.667444761252402347e-02
-3.696338980374002520e-02
-3.335464669755558442e-02
-3.095260647101753804e-02
-2.807474596903456604e-02
-2.707300051285548362e-02
-1.790586662448915081e-02
-1.910751085129785629e-02
-2.008439674382161283e-02
-2.116763492971755756e-02
-2.577487875348846366e-02
-3.197212906233424384e-02
-3.370376046369433221e-02
-3.408681829352875475e-02
-2.978369118296866902e-02
-2.055715067863132794e-02
-1.986446401689351965e-02
-1.283564881099480241e-02
-9.006870567295967300e-03
-1.280295179778991217e-02
-1.408190393169432043e-02
-2.334519309859514613e-02
-3.122838843502285730e-02
-3.625625067692168912e-02
-4.424401538015206026e-02
-4.841003109178026315e-02
-5.135957885580395843e-02
-5.565018603776144407e-02
-5.388287836532069941e-02
-5.358871628725956487e-02
-5.377977781941391255e-02
-4.353276216127131143e-02
-4.188719062037388197e-02
-4.011340846774856528e-02
-3.472222053679334397e-02
-3.277305467728303806e-02
-2.873848113009386251e-02
-2.297587168946760988e-02
-2.119540335078553758e-02
-1.426736380652448427e-02
-1.075787210135990823e-02
-8.410263138182440604e-03
-2.408594374179585332e-03
3.988250088310745477e-04
4.263166803605016389e-03
1.184413567021593873e-02
1.438285681999797345e-02
2.284899864391089913e-02
3.226873029746299415e-02
3.549187111597423838e-02
5.309510555381866115e-02
5.704138125427446471e-02
6.267218382351294470e-02
7.237032812498558898e-02
7.152486400843749426e-02
7.670678720444305820e-02
7.882113850428563995e-02
7.576284330031955727e-02
7.810230425132524967e-02
7.415925816818712268e-02
6.928519162545396237e-02
6.776731290051309087e-02
6.015265339125563937e-02
5.743633499994994784e-02
5.172685013738915344e-02
4.477981396474414039e-02
4.216005510755551494e-02
3.248623544420806836e-02
2.893385261799518576e-02
2.347659037693003090e-02
1.681735804710241672e-02
1.514154024294887477e-02
8.561038502078757023e-03
5.867405092937174466e-03
2.708474739624795648e-03
-4.245823513077598768e-03
-6.669753927829783109e-03
-1.343164366265252145e-02
-1.117779290463081013e-02
-1.136588034739186535e-02
-1.313754455864137201e-02
-1.047131123316780849e-02
-1.157014520685525905e-02
-1.142158598220539313e-02
-1.039070249762414494e-02
-1.222708566256262668e-02
-1.208638015904175446e-02
-1.276880639848885363e-02
-1.677826983624658777e-02
-1.795565929644065556e-02
-2.059196004424660581e-02
-2.570904696704964104e-02
-2.692307539363465729e-02
-3.301516308893515106e-02
-3.940341392040241919e-02
-4.020880796233444743e-02
-5.246420127326498900e-02
-5.326343063185544346e-02
-5.701447307465958014e-02
-6.243130736310162354e-02
-6.230637176458064114e-02
-6.540405633379953176e-02
-6.669641634013585840e-02
-6.689601394924248046e-02
-6.808078815495771652e-02
-6.806679773043247672e-02
-6.787661255992825937e-02
-6.791517631714931447e-02
-6.705229908557183705e-02
-6.584189376674856597e-02
-6.514362407097827601e-02
-6.193732748129437971e-02
-5.961101153631971628e-02
-5.690444901694555191e-02
-4.841956982540088911e-02
-4.657042103826428830e-02
-3.629120286431944398e-02
-2.332929100535542991e-02
-2.350042751997459892e-02
2.171733143142535061e-03
2.798166963785425534e-03
8.070737733244242804e-03
1.802664932921721128e-02
1.544022219475018123e-02
1.684901518318760935e-02
1.942512505093944158e-02
1.377947214777779442e-02
1.571846982011229979e-02
1.594682596892647852e-02
1.414223746301168996e-02
1.499244231132276263e-02
1.467690238493162339e-02
1.350534423906438707e-02
1.403132562853530961e-02
1.345955227459471812e-02
1.346012109130063222e-02
1.342053965540766780e-02
1.334690473008829509e-02
1.334771873211841771e-02
1.324445724764422398e-02
1.316214758021589520e-02
1.307169870367440312e-02
1.295319314842504309e-02
1.290737401194662175e-02
1.282015329857225452e-02
1.276726117406355374e-02
1.273477902973463999e-02
1.269230644848525456e-02
1.267325456302309875e-02
1.265565538498261700e-02
1.264056973363261553e-02
1.263301153119308212e-02
1.262524479081686760e-02
1.261993988761800356e-02
1.261515869941832318e-02
1.261165047178269480e-02
1.260696667335870977e-02
1.260024774829627929e-02
1.259860195969138112e-02
1.258365157473791823e-02
1.257376694020692978e-02
1.257243188183368096e-02
1.251728812788358881e-02
1.252942698939584452e-02
1.250272036380254380e-02
1.234249520519519090e-02
1.252302215067008229e-02
1.226674818741741585e-02
1.202820500169578255e-02
1.278734594204086056e-02
1.133650473658192638e-02
1.212195250617627978e-02
1.316080510061969078e-02
