-5.083338436862487771e-03
-5.276364287221111879e-03
-9.599122698013020510e-03
-9.774767419751452524e-03
-1.108497183747368664e-02
-1.175276817750422684e-02
-1.170869452128917541e-02
-1.208664352007688368e-02
-1.213785330264270830e-02
-1.218341178133267207e-02
-1.228464912090563785e-02
-1.228947621593262651e-02
-1.232331271667875573e-02
-1.234587758813185041e-02
-1.235088377885600053e-02
-1.236439492217090118e-02
-1.236938388575545278e-02
-1.237325061603351817e-02
-1.237777958228548220e-02
-1.237953198788598226e-02
-1.238261621859530585e-02
-1.238439504428072956e-02
-1.238674071135309994e-02
-1.239169232892631776e-02
-1.239196590325722207e-02
-1.240172878981659656e-02
-1.241008390453385811e-02
-1.240941938949264439e-02
-1.245061627782792502e-02
-1.244631547855394593e-02
-1.247336964553654934e-02
-1.259854273904681063e-02
-1.249561101470855924e-02
-1.274672929380111022e-02
-1.289536064843615180e-02
-1.251168649790781323e-02
-1.334450195185711389e-02
-1.266165518031473272e-02
-1.451600904853683240e-02
-1.554966678426246245e-02
-1.556494432790258599e-02
-2.320553300699724694e-02
-2.377675996505145689e-02
-2.614256759488210735e-02
-2.548255245373983596e-02
-2.921453560285652840e-02
-2.484786784007689264e-02
-1.914416262856818637e-02
-1.777474102263591760e-02
-1.111232991450009089e-02
-2.769427994129046965e-03
-3.510359535910221804e-03
1.859341927257606233e-02
2.049406037355489679e-02
2.742039832900232746e-02
6.131705641666687634e-02
6.358646396310450866e-02
8.843920765590281008e-02
8.997757771922527958e-02
9.896886759520075183e-02
1.076307756702083451e-01
8.134290390141155069e-02
8.843734871872518943e-02
7.490013954855373468e-02
5.082304308723908925e-02
4.768754606456270667e-02
1.721770487431772620e-02
2.070814369500588361e-03
-1.064644589765204735e-02
-4.238911371661858996e-02
-4.327788164409727273e-02
-5.984404298101340947e-02
-6.087962372696729269e-02
-5.538711543217803013e-02
-6.090217010836192907e-02
-4.963302578594203790e-02
-5.126844937505570243e-02
-4.558498700577318097e-02
-4.131091045337111078e-02
-4.787044270873874047e-02
-4.525586224218149795e-02
-6.161076574082681445e-02
-6.884051360479467863e-02
-7.549205378278239786e-02
-7.925024000754417319e-02
-7.421226706361953862e-02
-7.437355165942662050e-02
-6.423005782597608626e-02
-3.304760518750440856e-02
-2.795677769948656452e-02
-2.505070008115276373e-02
-1.436167831092999281e-02
-8.027227380282504765e-03
-5.303924113820457191e-03
1.179174845069749095e-02
1.437432334638094091e-02
2.376960149256040003e-02
3.514605774226037954e-02
3.777030041273386068e-02
4.589784702701155128e-02
2.027276633275334680e-02
6.015035968132538720e-03
1.995656812680051458e-03
-3.119408646262757014e-03
-1.015913407915277483e-02
-8.652591811372059225e-03
-1.191603535347955656e-02
-2.062522598497025170e-02
-2.553549689303501874e-02
-3.042116131825528882e-02
-4.518579889808806843e-02
-4.484053595495597622e-02
-4.111868151332727372e-02
-4.359010664536695084e-02
-3.112239236485019392e-02
-2.978503854402919648e-02
-1.661539146885131907e-02
-6.033809016722555853e-03
-1.346916699222754652e-04
1.344929224814877915e-02
1.895883808558496142e-02
2.130899770865932880e-02
3.082087766968760051e-02
3.067464015544983311e-02
2.507374518348646358e-02
1.878665124624867566e-02
1.297829278485094530e-02
5.299436035232580125e-03
5.464188108040769938e-03
-5.890756293557692508e-03
-8.258487379422474461e-03
-1.461711569958186289e-02
-2.331073966280904769e-02
-2.042849152680175501e-02
-2.705948082826481124e-02
-3.090148591868433284e-02
-2.922608908647307199e-02
-4.015532948716562384e-02
-4.401727074412296187e-02
-4.794489808030276412e-02
-4.100233125701303882e-02
-3.887403077265488838e-02
-3.538836387191826582e-02
-3.569386985379293525e-02
-1.904938572543420777e-02
-9.382353449200806286e-03
-6.311312289516280219e-03
3.390162000093224076e-02
2.935387535457257072e-02
3.465476726270848989e-02
4.668551462393456808e-02
2.268877823925395318e-02
2.387759243150160138e-02
2.093577679962441151e-02
1.123057517203708035e-02
1.326496364165369139e-02
1.124900581372531919e-02
1.277847067511085448e-02
3.059019568764327276e-02
3.600040423193527628e-02
4.972022852373562257e-02
6.900911769190959388e-02
7.519348163474891267e-02
8.551463372134968099e-02
9.008677903023350197e-02
9.228829199552915363e-02
8.662984904542168907e-02
7.676309815943371806e-02
6.999546791457909867e-02
4.905764083940125642e-02
4.342640989490628017e-02
4.489380594887956710e-02
4.026106252539507491e-02
5.419788918359487451e-02
5.859758502840330813e-02
5.377469587690588554e-02
5.928531415288829792e-02
5.088280489210791208e-02
4.346095104528469727e-02
4.530331572793765138e-02
3.738674873926497999e-02
3.114402252492164125e-02
3.060978179121368395e-02
1.327979570064643892e-02
1.532217494029971226e-02
4.286638748084418797e-03
-1.982482839395591917e-04
3.250751330031777242e-02
2.862864391443294479e-02
5.985566056027375598e-02
6.285651058150180936e-02
6.267700689789755530e-02
7.950789380949638274e-02
6.627210350208694034e-02
7.483474589287393564e-02
7.247628078746841396e-02
6.508040614499709109e-02
7.408571515905376659e-02
6.627802566632201575e-02
6.940224651269294442e-02
7.111018923837296446e-02
6.749476333278221774e-02
7.397161218095898993e-02
7.322894666681910303e-02
7.717930321492447177e-02
8.328344038999398180e-02
8.286828625515474389e-02
8.952039415918705556e-02
9.335418615288468280e-02
9.249236050903673900e-02
1.019714937676747257e-01
9.956254155470567468e-02
9.992642946938175286e-02
1.066811975457206269e-01
7.723175761098785563e-02
7.717464187911082796e-02
5.863549841869888229e-02
2.267705999392354010e-02
1.749498965662915975e-02
6.198728185679104391e-04
-1.555360871715353449e-02
-1.592759027732909517e-03
-1.206527789039949124e-02
-1.315787631429470896e-02
-1.098482761478008357e-02
-2.928152774038803724e-02
-2.571236288149214219e-02
-2.562408724889703518e-02
-1.810494745823303456e-02
-1.255973850262495813e-02
-9.785493519427975601e-03
6.213346320891080868e-03
5.702141564724552691e-03
6.844295939303688021e-03
6.334675866250380136e-03
-3.571112174310782372e-03
-2.871551963762187208e-03
-1.758118246285395384e-02
-7.607189403391244331e-03
-2.113321984838714002e-02
-2.049462171692017706e-02
6.361104330778609602e-03
-9.327615875097049550e-03
1.562734525649055184e-02
2.126954751645482658e-02
-1.587355852438606524e-02
-5.288969941736880453e-03
-2.715186997589033244e-02
-5.008953394532341535e-02
-4.861256636109707874e-02
-9.030874517787709777e-02
-1.041037518980123533e-01
-1.205237958123202280e-01
-1.783689560725518763e-01
-2.137190873177224892e-01
-2.571568826350950077e-01
-2.851425832785831616e-01
-2.939417957843342144e-01
-3.072193590547913078e-01
-3.065832995838781438e-01
-3.072767522356179004e-01
-3.074782755179166216e-01
-2.911807433445621762e-01
-2.862163859424362577e-01
-2.661291828746577548e-01
-2.402587769340839841e-01
-2.225990134806868082e-01
-2.123611578986500381e-01
-2.003275258116625490e-01
-1.946232915746828329e-01
-1.846946823600608967e-01
-1.794676872277587987e-01
-1.678761386781902620e-01
-1.691517975757669545e-01
-1.462983246850813601e-01
-1.345668477126240603e-01
-1.216904847600888129e-01
-8.068386037591614157e-02
-7.143681102780559400e-02
-4.109624122468995278e-02
-2.029324244262452337e-02
-8.227117684681883175e-03
2.092668659504700115e-02
2.703849834322341258e-02
4.574814118925675521e-02
7.182959201867758492e-02
7.308628703850268693e-02
8.886585559275307633e-02
9.313420003168670913e-02
8.080542745473144606e-02
8.669928722905854979e-02
8.478210298986776916e-02
8.492534091808230656e-02
1.021233719106481863e-01
1.055863465256556971e-01
1.088427851729156931e-01
1.200640989685740345e-01
1.165909061495935817e-01
1.216840258745416209e-01
1.236159590876537567e-01
1.177247603711035623e-01
1.207160825931921228e-01
1.121324936991007770e-01
1.042406137485827194e-01
9.622374709471380461e-02
8.168216639538729285e-02
7.297338401211876657e-02
5.559507663487451429e-02
3.927062364441557402e-02
3.038508420871764010e-02
1.098685965760797141e-02
-3.722071006865674669e-03
-9.177446381941322881e-03
-2.027639615953914787e-02
-7.052175183198737367e-03
-1.350620337649668413e-02
-9.798200800031957314e-03
-8.076411286713838789e-03
-1.332419381216617613e-02
-1.382017538959749194e-02
-1.249584048337074038e-02
-1.345969152546763574e-02
-1.594992527649719341e-02
-8.977700953625669666e-03
-1.310365618685793883e-02
-1.261329610127705225e-02
1.509364055155587234e-02
2.372543069010374026e-02
3.117119011636979020e-02
6.302655831297949984e-02
6.370204905673253204e-02
8.010284647697027416e-02
9.616444577831653739e-02
9.747960328050959966e-02
1.254986847749470502e-01
1.282094137696173364e-01
1.267239931226029626e-01
1.347103262876785390e-01
1.340816958293522265e-01
1.301995549881866110e-01
1.322234880105615240e-01
1.304912709643094026e-01
1.117693603260878632e-01
1.101028886409978064e-01
1.005533498705148271e-01
9.189506863096001676e-02
9.000742959851938674e-02
8.008295101904354396e-02
7.226668885137409182e-02
7.086539915448913929e-02
4.852596168172446101e-02
4.797946082745189328e-02
4.287467443248246801e-02
3.632454033473837829e-02
3.562251159794709715e-02
3.198711969070098388e-02
2.838285912945347211e-02
2.724482356577024450e-02
2.225589675376246288e-02
1.665576533585988103e-02
1.597304907824293949e-02
8.902351446724411990e-04
1.045390310579037739e-03
-1.654304056665464743e-03
-5.478489145254245712e-03
-5.291924601653740651e-03
-6.541621802236644370e-03
-7.218359201457850115e-03
-7.307486176590193179e-03
-7.765136137012962347e-03
-7.883278787810732088e-03
-7.985689583936292357e-03
-8.115882516453877538e-03
-8.146137211465289199e-03
-8.196720920676768551e-03
-8.228860994065034448e-03
-8.242162110851158907e-03
-8.259982741806778245e-03
-8.267559015757888763e-03
-8.273848938004613532e-03
-8.276885411182328955e-03
-8.279058081891421325e-03
-8.280708963385868815e-03
-8.273055284036611584e-03
-8.279680443374780666e-03
-8.266654733703145130e-03
-8.247977440978153385e-03
-8.275506180373447263e-03
-8.189176556231496026e-03
-8.207479702762150719e-03
-8.232798311747217823e-03
-7.905629035857083750e-03
-8.249268790431765752e-03
-7.800603443234778445e-03
-7.128223766670460128e-03
-7.422654279514015983e-03
