-2.016593173482483271e-03
-2.125400278252921951e-03
-3.888016409098466689e-03
-4.013851512906160823e-03
-4.458169595590063920e-03
-4.689450646267453136e-03
-4.640618570868742902e-03
-4.806960226725502834e-03
-4.828099614571599099e-03
-4.848299815764568234e-03
-4.894534451720901000e-03
-4.896703954992324449e-03
-4.912176209310985080e-03
-4.922498858274786289e-03
-4.924788504261429743e-03
-4.930969360819941090e-03
-4.933251644119650454e-03
-4.935020529441785583e-03
-4.937092371234306012e-03
-4.937894034593843379e-03
-4.939304960361661986e-03
-4.940118709343689976e-03
-4.941191772262641148e-03
-4.943456954227733874e-03
-4.943582095142793134e-03
-4.948048533947497357e-03
-4.951870207440488975e-03
-4.951567862436349367e-03
-4.970428971106401715e-03
-4.968445971478079558e-03
-4.980998625543991108e-03
-5.038855386075881404e-03
-4.991658998142562038e-03
-5.114106054627336716e-03
-5.193076439289730055e-03
-5.004043773386877662e-03
-5.381074456719337276e-03
-5.042472422822514948e-03
-5.899987671355314857e-03
-6.336540518243297115e-03
-6.348175425445330179e-03
-1.013975262274991948e-02
-1.042766624725487840e-02
-1.150833208284721305e-02
-1.123168785471597222e-02
-1.320089966280602566e-02
-1.112659977649852264e-02
-8.349050607110901703e-03
-7.542394307103252558e-03
-4.490619178035492112e-03
-6.779375728251140409e-04
-1.041950136720882483e-03
9.731255981402028507e-03
1.047130439219391869e-02
1.367730578018267959e-02
3.000444604002076160e-02
3.112663062896998609e-02
4.247951903948102292e-02
4.318882951084288685e-02
4.771856826965157478e-02
5.179472149296395628e-02
3.930869155239469226e-02
4.299721974517280165e-02
3.686127526793745585e-02
2.546588125852926668e-02
2.384054730102732125e-02
9.221590354159014610e-03
2.110583029899438037e-03
-3.864346181351691750e-03
-1.966569994192131701e-02
-2.030365689391145159e-02
-2.847349739305569255e-02
-2.850386456380742117e-02
-2.529704028997503337e-02
-2.775209503817792703e-02
-2.229796560494575960e-02
-2.293901592421898269e-02
-1.965708882333155882e-02
-1.739325123171718210e-02
-2.021438806112440048e-02
-1.914501931868809598e-02
-2.776262572699440823e-02
-3.166483466009773623e-02
-3.497564027945367082e-02
-3.607635544835194330e-02
-3.386794936950321411e-02
-3.439022620612831871e-02
-2.958131516608216230e-02
-1.465525126365042202e-02
-1.208335491425936367e-02
-1.085235085682550830e-02
-5.965061188027340894e-03
-3.070151553449608321e-03
-1.843821463831207428e-03
6.623357175578607065e-03
7.908270632435928510e-03
1.231733982462643665e-02
1.792853694433092435e-02
1.962749841475584095e-02
2.362916977878544086e-02
1.070654802271533285e-02
3.332378235547505101e-03
1.485015625714551472e-03
-6.259159778019526875e-04
-3.856094780639885648e-03
-2.532106569773438613e-03
-4.025418055847275814e-03
-8.269267720164556745e-03
-1.057474234291597322e-02
-1.312242855070469560e-02
-2.090431790406248672e-02
-2.075513406093495647e-02
-1.838248006479964794e-02
-1.952054447319812730e-02
-1.371177239346976079e-02
-1.321809569749477289e-02
-6.826714347079301283e-03
-1.902841804475616499e-03
1.118018071681647083e-03
7.691329969879714089e-03
1.003452577904319701e-02
1.074459083449302334e-02
1.627516864213109093e-02
1.666710749315165191e-02
1.337018698272163936e-02
9.386051023516908329e-03
7.118891108532998148e-03
3.557439869804848286e-03
4.031208954531483903e-03
-1.641506516953386390e-03
-2.832349657180504091e-03
-6.426459966087415612e-03
-1.041803253624294656e-02
-8.623038137471865025e-03
-1.153292481052597962e-02
-1.330235439445093606e-02
-1.232765247443367435e-02
-1.772522848495500583e-02
-1.988805592412780029e-02
-2.173449815321225331e-02
-1.824574445548742679e-02
-1.722035894968586972e-02
-1.585963414578135666e-02
-1.607459764703192753e-02
-8.527416767998416067e-03
-4.148717768963991123e-03
-2.450463196614320258e-03
1.797156720094618063e-02
1.593417797333650590e-02
1.852520799204157229e-02
2.411907539893845195e-02
1.173855523266833199e-02
1.204200519714844833e-02
1.083612256838386266e-02
6.280144208779979940e-03
6.957814786494861958e-03
5.637033442593535233e-03
6.335685658881238386e-03
1.492392572644476306e-02
1.706414563884767199e-02
2.381763285827918214e-02
3.374852643417142889e-02
3.679114302356546740e-02
4.153557629512617810e-02
4.435906189442951481e-02
4.614117072879336118e-02
4.332439666406050910e-02
3.833120452898480107e-02
3.431444964420518606e-02
2.256346682356574068e-02
1.953514291237204784e-02
2.060462476095434661e-02
1.902514506912667686e-02
2.699321622327749068e-02
2.976486914589595786e-02
2.718512567293268969e-02
2.950747965286350596e-02
2.492122200356559208e-02
2.098680023159852845e-02
2.212821022332035759e-02
1.896257205886937511e-02
1.590446525392977609e-02
1.584646154139573299e-02
7.472014395246614864e-03
7.825374006919291053e-03
1.624365502085257278e-03
-8.241750530498426382e-04
1.515162883311489163e-02
1.367354452869310420e-02
2.996099229877645723e-02
3.152944191006439023e-02
3.099558063275739683e-02
3.886465330729103884e-02
3.235548231756239096e-02
3.610393453483771303e-02
3.455215158196821290e-02
3.116897637108215907e-02
3.561689438933082069e-02
3.198355008169535829e-02
3.345200139394381017e-02
3.417447878432052638e-02
3.223652462202896557e-02
3.534852063256516824e-02
3.496355671451276126e-02
3.738644091575228645e-02
4.018332860464946671e-02
4.013044186154396398e-02
4.320815274928505728e-02
4.494369344090733132e-02
4.473065390692244903e-02
4.896264834132169758e-02
4.847491828042627821e-02
4.907114818350848118e-02
5.261999608115824900e-02
3.731667376701013755e-02
3.821875255516331282e-02
2.879482130570616694e-02
1.029921862646993036e-02
7.483117995682425465e-03
1.202711101918247684e-04
-7.314983371372095131e-03
3.083302881830768459e-04
-3.977069321845727763e-03
-4.839625473738332594e-03
-3.939071094417641826e-03
-1.320797550445989947e-02
-1.168799549151786250e-02
-1.144009702967143695e-02
-7.798086424948547785e-03
-5.233105397355888692e-03
-3.746378975325190264e-03
4.401998646935388788e-03
4.272609711586278745e-03
4.640512740307840486e-03
4.289578925947714824e-03
-6.553027362096055077e-04
-3.711891382508990234e-04
-7.183928230368799572e-03
-2.772133557368578784e-03
-9.750013317977493377e-03
-9.456479394588613793e-03
3.359603290825766749e-03
-3.395994006678996167e-03
1.057131992707504610e-02
1.331089679849683204e-02
-6.352903728950295113e-03
-1.689126944877957122e-03
-1.102149908894239916e-02
-2.158202355084980900e-02
-2.153117664404788356e-02
-4.122202991803525229e-02
-4.706905519284387135e-02
-5.374951796406846755e-02
-8.124023864842151721e-02
-9.813306059331165787e-02
-1.191080335271227919e-01
-1.323179701167467581e-01
-1.362631410945275012e-01
-1.413460092845462146e-01
-1.410204721743152090e-01
-1.416225018312576300e-01
-1.416389980227089063e-01
-1.340025683406207424e-01
-1.318290535612152425e-01
-1.224081911746281726e-01
-1.102179695611346377e-01
-1.018666613622956629e-01
-9.777916214472343048e-02
-9.218125106056578033e-02
-8.971624647639522832e-02
-8.468416972619562111e-02
-8.248854065793041757e-02
-7.808804339701209962e-02
-7.903721905532681835e-02
-6.813397594672794544e-02
-6.301880006116461486e-02
-5.698297059948227022e-02
-3.625686513710069114e-02
-3.186765767022903956e-02
-1.801326986272826919e-02
-8.475543402668457918e-03
-2.545390323220109770e-03
1.089892173474052602e-02
1.314446609572764331e-02
2.228983506338236623e-02
3.523691846124663712e-02
3.605913270702685441e-02
4.377400106975597865e-02
4.542007626633462469e-02
3.832379611484158094e-02
4.039442783279387911e-02
3.908246917033785656e-02
3.928450391577874984e-02
4.924493373626498416e-02
5.133272259811906546e-02
5.266377751724357625e-02
5.809421798154042887e-02
5.636442939420402420e-02
5.870076096733788801e-02
5.973365169826396620e-02
5.693918506316945904e-02
5.869671440201808948e-02
5.478351042537957238e-02
5.031125497318789108e-02
4.627594540610262264e-02
3.957005430921157335e-02
3.530375524074333415e-02
2.616172140013954192e-02
1.858761899888884683e-02
1.517441248623917910e-02
5.733690243606406368e-03
-1.500766574643134892e-03
-3.864533464261551369e-03
-8.740016003614174689e-03
-2.245386789695139832e-03
-5.200326173299523944e-03
-3.353216635111678535e-03
-2.591535456668307615e-03
-5.416148610643985867e-03
-5.710452997730226972e-03
-5.044258174789009036e-03
-5.520865420975191139e-03
-6.697028551249803452e-03
-3.463802580629018590e-03
-6.290444384428121351e-03
-6.226937955824613999e-03
8.061866020956221998e-03
1.286896583177175868e-02
1.687453378791231237e-02
3.156459394578805394e-02
3.167198826058392758e-02
3.890847161391719489e-02
4.641386171801145655e-02
4.716771264566842897e-02
6.005996037824915673e-02
6.122890534448417743e-02
6.018722513590622075e-02
6.384749749450946421e-02
6.355696593364854041e-02
6.176968760288503030e-02
6.293964880434280151e-02
6.219955526377432542e-02
5.346075486573566293e-02
5.258431061755054758e-02
4.809512642582942921e-02
4.412847065385896994e-02
4.326270968398680111e-02
3.870895422197163233e-02
3.515276238984419571e-02
3.450830366678461769e-02
2.380387342573889523e-02
2.354321296613962750e-02
2.120961674538019565e-02
1.820044941538096622e-02
1.788086914822279924e-02
1.621768772637944070e-02
1.456671684751464739e-02
1.404537915946976745e-02
1.174471496963035155e-02
9.106037969105936977e-03
8.745549632385777455e-03
1.158292101094456376e-03
1.260892819106643843e-03
7.936571356163893149e-05
-1.687673257215277500e-03
-1.626276157546911781e-03
-2.176266322536604247e-03
-2.487250520684740861e-03
-2.528062495356064952e-03
-2.736758045280665661e-03
-2.790909199382485620e-03
-2.837743354887858459e-03
-2.897291536251268406e-03
-2.911135101690115121e-03
-2.934274774654836108e-03
-2.948977643950992118e-03
-2.955062483380367470e-03
-2.963214776010823347e-03
-2.966680652577315721e-03
-2.969558068861605834e-03
-2.970947146508616261e-03
-2.971941068950650390e-03
-2.972696286261302355e-03
-2.969194967131397189e-03
-2.972225974168501289e-03
-2.966266781620831381e-03
-2.957722175597519466e-03
-2.970329133408487234e-03
-2.930809875731612592e-03
-2.939244394342275558e-03
-2.951331246644634150e-03
-2.800471849947149677e-03
-2.961602480165436736e-03
-2.763308841390230836e-03
-2.406033975489007409e-03
-2.534605528639526789e-03
