-3.187799065884418855e-03
-3.030103918929449597e-03
-3.768723881639627921e-03
-3.745018216443264485e-03
-3.526146589220576812e-03
-3.502650017479961003e-03
-3.851326820233122276e-03
-3.622590785596117857e-03
-3.747822489700504151e-03
-3.787561827361287606e-03
-3.742260281807808717e-03
-3.795087057856256618e-03
-3.786805770923223121e-03
-3.787499736015332175e-03
-3.799564402898665885e-03
-3.794983318832233655e-03
-3.798132349455141544e-03
-3.798844575644494750e-03
-3.797299773522381638e-03
-3.796698674119439783e-03
-3.794040366562401786e-03
-3.791608419982884972e-03
-3.784522673081393805e-03
-3.778859562310857897e-03
-3.769119058852891772e-03
-3.745898526218496404e-03
-3.737661220280907425e-03
-3.692595427080776465e-03
-3.638117517262959635e-03
-3.622499467702806550e-03
-3.434182645997960453e-03
-3.379750436825620322e-03
-3.241891008210550512e-03
-2.679591823775758375e-03
-2.877787466123877484e-03
-1.958206568537540927e-03
-2.048317346505414225e-03
-1.639523280847631327e-03
-1.242013064377171490e-03
-1.139857988277943402e-03
-9.709995014727860986e-04
4.275762891291435874e-05
4.597427012957233335e-04
3.378199734880122165e-03
4.414877954983285370e-03
6.564596804071548726e-03
8.914568304845219698e-03
1.127158572302099440e-02
7.747893450969924219e-03
5.370662893648098235e-03
2.440478602413071949e-03
-1.542845902487375350e-03
-6.696365941601130529e-03
-7.914677422962455161e-03
-1.657758360013415061e-02
-1.671911571663013338e-02
-1.625135524213349586e-02
-2.081927461614644162e-02
-1.802387909484160292e-02
-2.100264857514117997e-02
-2.306394853114190902e-02
-1.490463507405432805e-02
-1.171341438333132166e-02
-8.685644577762498611e-03
5.790406178704408588e-03
1.174073599334677157e-02
3.472367178225737455e-02
7.789908079106563910e-02
1.097588371084478459e-01
1.087132078622453507e-01
1.250572639323713209e-01
1.217140449837593730e-01
1.217759335297571854e-01
1.283130152134191737e-01
1.225166997577639694e-01
1.217164986410067679e-01
1.228641045938185100e-01
1.099135070843321738e-01
1.055822279227189575e-01
9.520235121004980150e-02
6.284083608036240831e-02
4.920504802004881800e-02
3.168521528293902212e-02
5.564653368116435905e-03
7.699110122868108377e-03
-4.908110657556607505e-03
-9.995611053464028076e-03
-6.297640942211971821e-03
-2.815945390183513791e-03
-2.984529151140846021e-05
4.270591971183855355e-03
5.697579228728731626e-03
1.051507953402140358e-02
1.386511198487738392e-02
1.639393323697251395e-02
2.061739251161329167e-02
2.227453780231576641e-02
1.606388854478602024e-02
1.361897122267040350e-02
-8.615147736620827135e-04
-1.552562435635373474e-02
-1.465135182529994293e-02
-2.462350123920290651e-02
-2.614234765146920825e-02
-2.522319408114760339e-02
-2.578356005967226763e-02
-2.408555382820513902e-02
-5.631406361762019037e-03
-7.102638989672268276e-03
-1.113438934392279624e-02
-1.248549842674705548e-02
-1.938381417502870255e-02
-2.426492790393174406e-02
-2.423616177009472669e-02
-2.319674189750220439e-02
-2.154053275557311908e-02
-1.795427015559488554e-02
-2.249725174597305699e-02
-2.725210553915998965e-02
-3.021587761924905691e-02
-2.710523101027231471e-02
-2.232189178294857398e-02
-1.218974247582797071e-02
3.772450176513338777e-03
1.232815822468977772e-02
1.513682031974727428e-02
2.220875827637489724e-02
2.227773061981956279e-02
2.153737048669197157e-02
1.351991652175159320e-02
8.693940105362263013e-03
1.997750905603277224e-03
-1.334930488941218256e-03
-9.489535571285141052e-03
-1.072747387112006970e-02
-1.137831419339149081e-02
-1.189088795822615917e-02
-1.159621778672062162e-02
-8.076679255988823691e-03
-4.334986345437096336e-03
-2.876039871259425222e-03
1.244670470897986554e-02
2.085066265629494792e-02
2.211878051019336780e-02
3.605458141788556864e-02
6.115701091663729161e-02
6.299562672858848023e-02
9.531176409450997644e-02
9.269165978421919916e-02
1.177226451405413016e-01
1.506269169234974170e-01
1.513279639624261486e-01
1.808406053694959770e-01
1.885008927926427880e-01
1.795198604574851364e-01
1.962140297852786319e-01
1.826760358458141276e-01
1.813880943607428242e-01
1.939976250869663299e-01
1.772101506482232913e-01
1.769993788255632139e-01
1.732332847878039761e-01
1.408081585967800864e-01
1.382040019368407091e-01
1.306693562645568907e-01
1.111644535887448687e-01
1.174794421549310436e-01
9.371358722665605601e-02
6.898267401329453985e-02
5.317789121311317785e-02
-2.207401663735882990e-03
-2.579120975541577404e-02
-7.485985922822639693e-02
-9.611321247062896977e-02
-1.192027875663565772e-01
-1.326908996299149546e-01
-1.390868299096839344e-01
-1.560832202622754183e-01
-1.560209896011386654e-01
-1.635551781471299149e-01
-1.593679338941119406e-01
-1.342447345333665776e-01
-1.134503174528190689e-01
-1.112897439106732833e-01
-8.975605514006551600e-02
-9.116583002052622287e-02
-7.413273955347163269e-02
-5.878540413575927132e-02
-4.664307013336883162e-02
-1.639529784505353721e-02
-4.195704248512116021e-03
6.116532509356828462e-03
1.346037265417940679e-02
1.953782616713169509e-02
2.158042978651103852e-02
8.048758033332416295e-03
6.885358784981548790e-03
-2.386411668859257651e-03
-9.292614593923146163e-03
-8.786418109802155915e-03
-1.117689356672875098e-02
-4.727275348176151505e-04
5.439210161014017969e-03
8.064275783435119818e-03
1.062156538484733057e-02
1.920378176618485391e-03
-6.455247959658705478e-05
7.286200338198768958e-03
-4.747775931288929739e-03
1.503416301486142602e-02
2.327775803744006403e-02
2.093156087119531911e-02
2.409020627429669589e-02
1.291434072478042476e-02
-2.279599991844435784e-03
-1.347863379553142747e-02
-1.495779641142453396e-02
-1.773819299539639363e-02
-7.325892327485483690e-03
-5.712943973732840944e-04
1.804943368019415982e-03
5.264491707887346446e-03
4.705115563849717950e-03
5.929232752502277930e-03
5.900847978962176811e-03
7.003578407163735774e-03
8.088770808140997165e-03
8.743048522147805687e-03
7.564246056433897650e-03
-2.032579954988819322e-04
1.123713393814128802e-03
4.289730863904162028e-03
3.635799001415032910e-03
1.733689706663196772e-02
2.371427554949963323e-02
2.370170434411184371e-02
2.577714252289394631e-02
2.656583663597670078e-02
1.455568815166831051e-02
2.123173459372518224e-02
2.919164842747655822e-02
3.079769257227716120e-02
4.572169912996047747e-02
4.034629105854304482e-02
3.337163961655197075e-02
2.517223073215004575e-02
7.442132707919730389e-03
1.089210185648717280e-03
-1.097522515007931347e-02
-1.479608827017867348e-02
-2.035264422446656993e-02
-1.695940800640638110e-02
-1.314371137494047166e-02
-4.679790699793275922e-03
-1.018484324542461104e-03
1.192524726763636439e-02
1.346424581704956311e-02
1.424008806943152967e-02
1.675106845431513156e-02
1.568444351406234061e-02
1.416971211274956413e-02
5.384390142489581949e-03
-5.142492073629936810e-04
3.706662189905655762e-03
2.271990264113928851e-03
2.077841364209687559e-03
2.579790750693726573e-03
-2.155403692822620201e-03
-8.635493490392016219e-03
-2.070442273454362395e-02
-2.435032912348544798e-02
-2.521771988159938679e-02
-2.927826926050338882e-02
-3.144596530593029432e-02
-2.839325036632193294e-02
-3.346719722350116610e-02
-3.279340374376467360e-02
-2.153791852375756127e-02
-2.690820128845413522e-02
-1.929273563141181355e-02
-2.673306119223516075e-02
-3.935814904703307388e-02
-4.352321654178709087e-02
-8.359938992217771925e-02
-1.089594493305807155e-01
-1.265234220417670863e-01
-1.676753704935608491e-01
-1.751047668902706300e-01
-1.881232447682812670e-01
-2.057484629292970491e-01
-2.008631424370944663e-01
-2.098927744698214637e-01
-2.075909489897508065e-01
-1.923112337497805413e-01
-1.868070369588006319e-01
-1.643338133834260639e-01
-1.085681493983167573e-01
-8.786154932647553817e-02
-4.839765345181329392e-02
-1.974402152660561724e-02
-1.102527676522353957e-02
1.320862301323639208e-02
1.194185155083426000e-02
1.424304043943860031e-02
1.670006065195401776e-02
2.062967684160000106e-03
-3.480320684616088935e-03
-1.947320759746907354e-02
-3.357517742277613126e-02
-3.292786120285932927e-02
-3.301912360647758088e-02
-3.060816721984839159e-02
-1.625039783189958370e-02
-1.567213368801382428e-02
-9.175364054723504029e-04
1.876630998073676232e-03
-1.041979180615738246e-03
3.564990393981359775e-03
6.864996546122399852e-03
7.761222136622151005e-03
1.375560357535922720e-02
1.500814551498536736e-02
1.749964067989181679e-02
2.172925288425633233e-02
2.411636630185177640e-02
3.181957842801784453e-02
3.818329245478035289e-02
3.791662377486954005e-02
6.288433112030714089e-02
6.038178005236628093e-02
6.278001143740201406e-02
6.113701381621181041e-02
4.736871636595820639e-02
4.549789083669451145e-02
1.983301829273247455e-02
5.171652132733913811e-03
4.696323013482028505e-03
-8.903072915037934035e-03
-7.716701438260017976e-03
-7.036646915588334016e-03
-9.033133493140664202e-03
-7.777817906355229821e-03
-9.129282258472813313e-03
-2.430430592828457248e-03
6.489259424378973195e-04
-2.519154796769243043e-03
7.877212161929863805e-04
7.969452707653616394e-03
1.122674130780218667e-02
1.082189762935581619e-02
1.182170909451919771e-02
6.888273120867064933e-03
-3.371141274607190202e-04
-7.799467774996553075e-03
-1.722066059046957823e-02
-1.912753924464741240e-02
-2.190297784575732237e-02
-1.687323258948942098e-02
-1.851349440629558585e-02
-3.072618297991140321e-02
-3.621856479072995544e-02
-5.432175022339490178e-02
-7.582378558758676168e-02
-1.121939484537186199e-01
-1.303696483572180098e-01
-1.499244292866966088e-01
-1.671865552196465654e-01
-1.521313765616866542e-01
-1.583101109120830241e-01
-1.369197199581733415e-01
-9.291944917302338847e-02
-7.030915740366416866e-02
-2.713172380115335194e-02
1.501671817235368349e-03
3.797090722671384033e-02
5.745180192794753504e-02
8.574410587458372590e-02
9.742941294149340403e-02
1.026450448142183086e-01
1.048155758666392684e-01
1.016280779893535130e-01
9.900481669471856983e-02
9.446496421520782227e-02
8.978617339291342092e-02
8.240618091840552772e-02
7.773449041803151549e-02
6.849016946726294019e-02
5.827271565894296540e-02
5.289606126403192943e-02
3.665670813909779890e-02
3.207014344387212196e-02
2.387099658948899777e-02
1.511024290443369750e-02
1.347845921066671143e-02
6.581293782788132270e-03
4.125523282376866545e-03
2.465129842389383440e-03
-1.419968992899921754e-03
-1.121602644289826107e-03
-2.676210490831960626e-03
-3.932965666344206447e-03
1.935399795040034865e-03
1.079383813555331775e-03
6.624281536844119599e-03
1.175613601155000437e-02
1.343848369583374933e-02
2.230025187404642908e-02
2.553153668741069832e-02
2.092515627257960850e-02
2.398130930447846254e-02
1.927344273644914299e-02
1.396608608870228245e-02
1.184932836339099016e-02
4.410924264075478593e-03
-2.671617389479054305e-03
-7.875075280510318576e-03
5.595071621798041947e-03
7.011619595871698522e-03
1.304324155357768425e-02
7.747653976598740423e-03
5.999299498576223313e-03
4.897903862864986385e-03
5.182014712289095305e-03
4.169042215778583776e-03
4.702255552990182094e-03
4.270426810435485124e-03
4.035486303749584100e-03
6.206889000816302911e-03
6.421920738197486878e-03
8.393686359281924553e-03
1.012672146064962954e-02
1.050033567268457424e-02
1.350605436956206842e-02
1.587928115543015689e-02
1.606424901865250929e-02
2.492413056599394536e-02
2.498348574654660897e-02
2.719865266218949792e-02
2.970039320715096506e-02
2.978130787825756728e-02
3.106638527776543410e-02
3.163323787482909266e-02
3.194152020478929765e-02
3.250372919582004971e-02
3.275892225438730571e-02
3.319463688133982016e-02
3.355383708972993484e-02
3.406440893139574960e-02
3.486452311436549073e-02
3.536726259569905606e-02
3.705196688131755928e-02
3.849224476697303554e-02
4.000002647790331517e-02
4.528540333289475528e-02
4.671478198832312856e-02
5.393052455779522025e-02
6.602631848411434634e-02
6.449615541513338546e-02
9.336603441012095161e-02
9.108237687095706303e-02
8.561716815693092009e-02
9.358195319852574690e-02
7.984096797583065119e-02
7.026897856900740647e-02
6.879886060871756581e-02
3.561266161299188326e-02
3.385614958502550925e-02
2.960822315313407782e-02
1.898172274242736907e-02
1.397300224930607231e-02
1.128635446245970439e-02
1.994119473212908021e-03
2.824573994265431199e-03
1.161682818446449104e-03
-9.308804600922733399e-04
-9.758755644775830200e-04
-2.447700088305203563e-03
-2.681971701719696680e-03
-4.791993644508434069e-03
-5.044329925762484207e-03
-5.596629289556762782e-03
-6.211758893831721695e-03
-6.289274706176523587e-03
-6.564556477630828155e-03
-6.699704356591357039e-03
-6.756066285466856558e-03
-6.849663835867215479e-03
-6.881292648228489774e-03
-6.911156767291616425e-03
-6.937676036293870946e-03
-6.947758491625563235e-03
-6.959491192487779997e-03
-6.966249262990166849e-03
-6.969933852402949645e-03
-6.972833833716960382e-03
-6.973886693510844559e-03
-6.974068323609475956e-03
-6.971390625561304198e-03
-6.970453161076069735e-03
-6.964367640871099198e-03
-6.954446618971131706e-03
-6.952531056867865093e-03
-6.922727267047737269e-03
-6.907645410993915568e-03
-6.891449187248027859e-03
-6.785006345366432177e-03
-6.804465765041498027e-03
-6.653283887658282235e-03
-6.449462115720949740e-03
-6.531244861663720695e-03
-5.798468443312758229e-03
-5.867669319074887008e-03
