1.369293737540660041e-02
1.361590713990206390e-02
1.844255454395490185e-02
1.856252191770051130e-02
2.128283803000875427e-02
2.136467683097902082e-02
2.194714278200505034e-02
2.223784877341659222e-02
2.223904092558606424e-02
2.244103628658811883e-02
2.247004913077955968e-02
2.250930439026987626e-02
2.256368436664250854e-02
2.257042707354023348e-02
2.259249017103760054e-02
2.260516174873542991e-02
2.261017966186745082e-02
2.261891031468761179e-02
2.262263734829359288e-02
2.262713413703745097e-02
2.263120716806798008e-02
2.263497331263808476e-02
2.264220569835158348e-02
2.264581944998359658e-02
2.265824943938427039e-02
2.267322648761408224e-02
2.268022320343193732e-02
2.272844138313144177e-02
2.274709234227801496e-02
2.278864318562432226e-02
2.294251062394125906e-02
2.291710925139891358e-02
2.318492534615860731e-02
2.353123053639783260e-02
2.342160066677690181e-02
2.454207820722630398e-02
2.558964623679444925e-02
2.585394894285844916e-02
2.886955652381738638e-02
3.046149139311363566e-02
3.046331039682724506e-02
4.194084101959823924e-02
4.311006721648600465e-02
4.437305722635133398e-02
4.683151318577833538e-02
4.833355413612989288e-02
4.045346153069210443e-02
3.972499596262099586e-02
3.793278455624919665e-02
2.035455757588025549e-02
1.798363702465613154e-02
6.780016032910410329e-03
-2.449060093598802619e-03
-5.375105071482564473e-03
-9.890958984593897774e-03
-1.149807916005022614e-02
-1.020490491491818884e-02
-1.182359553841434187e-02
-1.373727242436185124e-02
-1.320939126511942556e-02
-1.669766312896788646e-02
-2.252661100505934377e-02
-2.647597416177270915e-02
-3.712838870423924853e-02
-2.999822106374160080e-02
-4.356197493895888617e-02
-2.477052422028002895e-02
1.388869835625348818e-02
3.635248720688101509e-02
2.563552793565064894e-02
3.019722597758314406e-02
1.266748418471017046e-02
8.007328514866449143e-03
-3.076807407024838726e-03
-1.518737366356479913e-02
-2.297216789520807600e-02
-3.176525704386553434e-02
-3.508146391706993411e-02
-4.004456799928897415e-02
-4.508851546986084730e-02
-5.481477021228169100e-02
-5.815249270224542161e-02
-6.839909170035610164e-02
-6.321568664482488109e-02
-5.592328544474717278e-02
-4.921096874632349683e-02
-3.715053268550949639e-02
-4.062512117860350019e-02
-4.266468988695806819e-02
-3.508517718777150879e-02
-5.563169059734977134e-02
-5.183197812306300500e-02
-6.052536440279414343e-02
-8.980296504251510104e-02
-9.219032881244010325e-02
-9.853864423443726983e-02
-1.049577662190674804e-01
-9.382365045055857111e-02
-9.285479352049959278e-02
-8.244519490861811073e-02
-7.298103712625006456e-02
-6.522384727999820664e-02
-4.918914444032991551e-02
-4.219659841393032934e-02
-3.578043964236871100e-02
-2.414021376472860400e-02
-2.536685061168902564e-02
-6.999542861595327292e-03
-8.738790598140215929e-03
-7.771331686780299543e-03
-7.746830079782951635e-03
-3.076668889110185587e-02
-3.261046688520552461e-02
-4.141133071583869008e-02
-5.742907692081768156e-02
-6.040480821123232757e-02
-7.336187433031540750e-02
-7.216147849222673272e-02
-6.603202980263393751e-02
-5.888980378554140721e-02
-4.470403288750378346e-02
-2.749682627015844968e-02
-7.719504401876913120e-03
1.696978311413240015e-02
2.987209181049154880e-02
3.229997120463165561e-02
3.342973041992448185e-02
2.961668362380773592e-02
2.605561942387231780e-02
1.056064578598927932e-02
1.033905962711972881e-02
1.121819287103221520e-02
6.988200981009790730e-03
2.130193131850305344e-02
2.557573528824858694e-02
2.118067946380838146e-02
2.807771825421034526e-02
2.810316988025570589e-02
2.103761980333951689e-02
2.998709355312281777e-02
1.919769855596173760e-02
4.152489261588969763e-03
-1.435168017526478653e-03
-4.103612849131799828e-02
-4.604200083724184489e-02
-6.977542217535649682e-02
-9.571072862256406466e-02
-8.861474479104561319e-02
-1.104326508803164103e-01
-1.000935385512799619e-01
-7.905070993671176049e-02
-9.382987801423778307e-02
-8.212075141476041229e-02
-8.329802677295755631e-02
-1.129707305641148157e-01
-1.009220794163720319e-01
-1.218284727894180242e-01
-1.303946286166269009e-01
-1.087385354243984720e-01
-1.299147442582452294e-01
-1.047177297494059078e-01
-1.029505911540153085e-01
-1.246949360283994002e-01
-1.036260219207185557e-01
-1.146816081842415430e-01
-1.065575785136455150e-01
-7.300223054269450174e-02
-6.442274551839317909e-02
-3.569763194526493627e-02
-1.513831644655346323e-02
3.230581327542030121e-03
2.065520011498265737e-02
4.326119243108257628e-02
5.124202213963148511e-02
6.168045743615337834e-02
6.733812318901628846e-02
6.971559814018789270e-02
7.567063002331846089e-02
7.519444186601557945e-02
7.353244361069005697e-02
6.494814785955380088e-02
5.072115409672784542e-02
4.511713379261003687e-02
5.504854006766216751e-02
4.025450193583302028e-02
4.362172081452004441e-02
2.661038905168639987e-02
1.931192641511184083e-02
9.929759707199588628e-03
-1.731467038957500842e-02
-1.723191607510789550e-02
-2.823577998222582403e-02
-2.927361424392321138e-02
-2.365601264127014519e-02
-2.631835325946715529e-02
-1.609030961482636399e-02
-1.401817371166309834e-02
-1.486499837013591750e-02
-7.630595598823665567e-03
-1.682748184616393236e-02
-2.629319220926439396e-02
-2.714438413582003287e-02
-2.867959354394165189e-02
-3.111734744300085481e-02
-2.299096897337754228e-02
-1.501684230412277457e-02
-1.648512616437907904e-02
-5.177019599332930225e-03
-2.313637708426909134e-02
-3.112539605498950909e-02
-4.159320644597920558e-02
-5.323495985204963754e-02
-5.549177445871301267e-02
-6.160355492583168696e-02
-5.545780163392456663e-02
-5.284124701642595179e-02
-4.698829830521632223e-02
-2.731007933870579357e-02
-2.049338527520289804e-02
1.227410691215542748e-02
1.749155715117236068e-02
3.547912644722760883e-02
3.923047903163936340e-02
3.748958760686422337e-02
4.447796105384763804e-02
4.305337314911970165e-02
4.526846604426338488e-02
4.771685199528231253e-02
4.805902785781680786e-02
5.156290483225855342e-02
5.147179173494543375e-02
4.555789481132496710e-02
4.940606741490405351e-02
4.123877868226946686e-02
4.352076230494997255e-02
3.736954131302456378e-02
1.389938667757421170e-02
1.249398936156028914e-02
-1.130457293110858144e-02
-2.649880417052415810e-02
-2.352423229092892240e-02
-4.303308036017779170e-02
-4.099150653352918311e-02
-3.393082009896612045e-02
-4.006984741031287961e-02
-2.356048639613225748e-02
-2.336254567751324882e-02
-1.536028522012050299e-02
-6.368384569435332591e-03
-2.220913068138992072e-02
-1.063197090151365293e-02
4.507637573966803875e-03
6.726512217395157027e-03
2.390848602729495412e-02
2.903571191458034079e-02
3.526661672109106249e-02
3.773558107691412505e-02
4.223201265290558309e-02
4.141094420164889711e-02
4.387252599660527302e-02
4.337281087708083627e-02
3.069798449519887951e-02
2.710101428892083136e-02
2.284449993342926172e-02
9.382825473422371637e-03
5.738993189396353160e-03
1.131875980420923335e-02
5.443389866370613138e-03
4.870021887556750737e-03
1.170260717952898571e-02
5.379050875681394388e-03
1.162591556847689979e-02
1.147721331673870991e-02
1.052496464363151044e-02
1.427597399852484523e-02
1.219133422266471638e-02
1.422427890222040595e-02
1.940842153012954305e-02
2.318313968558185709e-02
3.385371094297064121e-02
3.957051857388800553e-02
5.157354691964893822e-02
5.995849681932458736e-02
7.372652141114276192e-02
9.081618034939564765e-02
9.584537803368436970e-02
9.527062556920182224e-02
1.006786199655241854e-01
9.433696736446338382e-02
9.319145592948094303e-02
9.471840392146381460e-02
8.377992577942940111e-02
8.482007616150573359e-02
7.471514127443416864e-02
5.472307841339684592e-02
5.138753812993084730e-02
2.451317682170328985e-02
1.459081169935492854e-02
2.018733182626234607e-02
6.864453739779548778e-03
1.742809223165031965e-02
1.972899652601038667e-02
2.143829308722537685e-02
2.501428561301895226e-02
2.120666778025504309e-02
2.056287471064245642e-02
1.469941678418660441e-02
3.698280731224651979e-03
-3.900068197663335810e-03
-7.338698658022252408e-03
3.073423057194109732e-03
6.070444581309886005e-03
1.604328400846586483e-02
2.181661448477438189e-02
2.862672771343691830e-02
3.245153691683946851e-02
3.377308171057826630e-02
3.733606178257039415e-02
3.969251507509084786e-02
3.888256089775551927e-02
4.440351359875861770e-02
3.981672690467371462e-02
4.006624007990740310e-02
3.731870635629165600e-02
1.931410294533864730e-02
1.237141303455352274e-02
-1.421655768946003713e-02
-1.970754685549315141e-02
-4.369822018465861074e-02
-4.979555368566546819e-02
-5.228947299563595219e-02
-5.923377874788128550e-02
-6.648484292956517716e-02
-6.900242346141131911e-02
-6.225218253883181563e-02
-6.084438958436954453e-02
-5.616042868839381946e-02
-5.374478846490546996e-02
-5.202658091448414401e-02
-4.949352824517594396e-02
-4.513692583398768582e-02
-3.653981926886288450e-02
-3.272861060964779578e-02
-1.456645593647297975e-02
-9.198624820933197152e-03
9.716845552894357030e-03
1.248896054093840205e-02
1.625002847753484123e-02
2.301205652342752650e-02
2.328609566249873961e-02
3.414067206911187979e-02
3.695975735244814292e-02
2.308970358063753767e-02
1.229067591518264758e-02
-3.779006022821317871e-03
-2.359418271734299924e-02
-3.774918066087071256e-02
-5.164782495979833299e-02
-5.700907064430822679e-02
-5.758536027117390488e-02
-5.073342764545476363e-02
-3.317095944030946930e-02
-1.911247934914094351e-02
1.971710811769361582e-02
1.369995776128306655e-02
3.113439571306653511e-02
3.905474053241662913e-02
3.047130265687413714e-02
5.476295391004729757e-02
4.165426012233958142e-02
-5.537801088879285190e-03
-1.015010165956529986e-02
-6.246626579173988197e-02
-8.823392682982894586e-02
-8.186149148459856417e-02
-1.174503009277714227e-01
-1.382537998298188908e-01
-1.498501602245212172e-01
-1.994916425152107875e-01
-2.090549903402065257e-01
-2.234540760199203724e-01
-2.471848785884312172e-01
-2.470421243883245410e-01
-2.601756685458340712e-01
-2.680991198727712965e-01
-2.708595192054042977e-01
-2.770823598263942311e-01
-2.822646263261207045e-01
-2.804795633938523824e-01
-2.808349645873988720e-01
-2.737008747194730751e-01
-2.706834164841235846e-01
-2.629946500530225828e-01
-2.566084781586954744e-01
-2.511240060007150499e-01
-2.415724668782818774e-01
-2.371749102374763885e-01
-2.287352304256203006e-01
-2.217516108999957325e-01
-2.178324713362674303e-01
-2.121245506042687690e-01
-2.061406510536639147e-01
-2.069298401083735639e-01
-1.922920819451174601e-01
-1.860627357924357905e-01
-1.756747279360436897e-01
-1.453302930292379724e-01
-1.314650890592971855e-01
-1.127013851853366222e-01
-8.862166662677779805e-02
-8.207758362183702194e-02
-6.529466138973322176e-02
-5.333281371944906951e-02
-5.251877503735775943e-02
-3.828422416169981884e-02
-4.044353497959683741e-02
-1.653721112503975590e-02
1.456896115450477536e-02
3.890028205125502236e-02
4.017740476567686209e-02
4.875221682176248544e-02
4.557113701649822407e-02
4.349860703661483086e-02
4.485026656657045696e-02
4.252341186687306346e-02
4.234054347746637331e-02
4.206031194067463841e-02
4.060294920669304392e-02
4.038141929474473729e-02
3.855890403763788388e-02
3.537468481780522284e-02
3.555556973274196647e-02
2.845555604718310455e-02
2.352317669149850757e-02
2.311130345165054653e-02
-1.036683841870760002e-03
-1.517881050828576162e-03
-8.226832389078704913e-03
-1.555715713291729377e-02
-1.573751370181848339e-02
-1.977481802345590692e-02
-2.133832752951127579e-02
-2.209687565364699263e-02
-2.373016793144386641e-02
-2.412168926120096535e-02
-2.487467226479626869e-02
-2.553707088484819324e-02
-2.588333386034986916e-02
-2.679307766546241976e-02
-2.719955386506317518e-02
-2.817477644956020363e-02
-2.978065277716528472e-02
-3.016702514003240937e-02
-3.372967584328913360e-02
-3.587710858773950073e-02
-3.775509096331765985e-02
-4.765219013478837196e-02
-4.614431123826699677e-02
-5.494434256474431399e-02
-5.241821565277252071e-02
-4.154302917036996334e-02
-4.309990793149302141e-02
-3.157509689439421535e-02
-2.011058984686283149e-02
-1.832271757760316894e-02
8.525909376971223252e-03
9.637749770614056216e-03
1.221137994637744133e-02
1.896917379652077532e-02
2.065994943178326923e-02
2.261508237384557071e-02
2.128515463385754689e-02
2.033212390301642608e-02
1.961243288558306777e-02
1.879978689685194576e-02
1.855084026602799030e-02
1.795125366384584670e-02
1.777273134798509902e-02
1.781845683104475025e-02
1.780345219560667061e-02
1.789692476026792309e-02
1.799004183363532225e-02
1.799961122392878393e-02
1.805109563930687791e-02
1.807228019203247632e-02
1.808239631527822078e-02
1.809931085342028970e-02
1.810418466994336006e-02
1.810971678489524742e-02
1.811421000879154253e-02
1.811591147327779386e-02
1.811788191217134081e-02
1.811874794293501928e-02
1.811960296130363940e-02
1.811907597394597433e-02
1.811923208418817280e-02
1.811931458136055093e-02
1.811490164523815033e-02
1.811792652175433366e-02
1.811173176157737999e-02
1.810176521649728074e-02
1.811643513150405088e-02
1.807448130634430744e-02
1.808158132139834132e-02
1.810054023899936720e-02
1.793845208986694084e-02
1.810366690011690899e-02
1.791655461607693373e-02
1.767263323902360656e-02
1.808086037134969820e-02
1.679710472137153215e-02
1.648964211770167013e-02
