1.173907978418906317e-01
1.317867076913724900e-01
3.827630715408550377e-01
4.253057500161953608e-01
3.978464136770893944e-01
4.420619618984407695e-01
4.220065587679737162e-01
4.251380449093473679e-01
4.332236232992259795e-01
4.252134630998853915e-01
4.301572721118199771e-01
4.296461119124247996e-01
4.280199675359324107e-01
4.301647201034669021e-01
4.287199413772332379e-01
4.284970592040511228e-01
4.298174089253491981e-01
4.267593509858139678e-01
4.282417827894655638e-01
4.279041068021898764e-01
4.185244557649840380e-01
4.192688399727050319e-01
4.096373845342165532e-01
4.050514660204515560e-01
4.067584351193012648e-01
3.888027500877328513e-01
3.947139558336948406e-01
3.842137883178806668e-01
3.525592805123800022e-01
3.810517885989477826e-01
3.082358411178107160e-01
2.918368383036569202e-01
3.936555340028743410e-01
3.098776472531463710e-01
3.005130530294363167e-01
2.789030383530403112e-01
4.432593549026647012e-02
-7.745147697199544594e-04
-1.356371088733843433e-01
-3.098270066755591801e-01
-3.442535035278886379e-01
-5.385401265789783176e-01
-5.707848623452445036e-01
-5.609251559677604915e-01
-6.202873612862731534e-01
-6.151415918793876614e-01
-6.007589348419589692e-01
-6.206260081409444851e-01
-6.095851850077841361e-01
-5.190618691720418898e-01
-5.197351276213114657e-01
-3.839970131003183074e-01
-3.067895370645738473e-01
-2.812832263469497440e-01
-5.125021009470358269e-02
5.583711708308099209e-02
1.408418546511077674e-01
5.407425709043405249e-01
5.354965067393968603e-01
4.492745412861040011e-01
4.724039462485103980e-01
4.434843768756441262e-01
4.891286481543999920e-01
4.062054501498280623e-01
3.378714709956527340e-01
2.618179686070489787e-01
2.016581961822599134e-01
1.816690387446043831e-01
1.156913361342795793e-01
1.503301899892334204e-01
1.606247485255336560e-01
1.994756230895003701e-01
2.465299169964893511e-01
2.703529181676811999e-01
3.428129187971823977e-01
3.877025710722605822e-01
4.464433205119265335e-01
5.438539816945112682e-01
5.979164632348553665e-01
6.895149175835931787e-01
7.742561968300355479e-01
8.385584708679810761e-01
9.490090476249419815e-01
1.024554864854276603e+00
1.113509114499211972e+00
1.217283686430122192e+00
1.289053877708002949e+00
1.385623500907879224e+00
1.481141429488013861e+00
1.550703985534742424e+00
1.585744421667946824e+00
1.629853464103971028e+00
1.622802170745677897e+00
1.602620825913933844e+00
1.454943113218607698e+00
1.373270339533899431e+00
1.287577267316892149e+00
1.132919518920701751e+00
1.049990030192442081e+00
9.692875901778988945e-01
8.944467980416165309e-01
5.886376275205256192e-01
5.061270517467594265e-01
4.508630940538010945e-01
3.215095923784927479e-01
3.189727780053501771e-01
2.124466483187082144e-01
2.600033630795064998e-01
3.489552913887647989e-01
5.693018648803941373e-01
7.623964885617868781e-01
8.427555343014804246e-01
9.299222772270636650e-01
9.722715959231681415e-01
1.016070687416067209e+00
1.051064797585155697e+00
1.011768047360665612e+00
1.032735452236010598e+00
9.924907513944654092e-01
9.327825867313669361e-01
9.391907128394253457e-01
8.213379437499310765e-01
8.215483787745262445e-01
7.607842751079464394e-01
7.198184575483844716e-01
6.855142669273844858e-01
5.683228637575578057e-01
4.302687081208282915e-01
3.658164481523029088e-01
1.951008063913866331e-01
2.428153685257781469e-01
2.790585990415903050e-01
3.219776208235980985e-01
5.095379977902184665e-01
6.373311937579553277e-01
6.379351840368158166e-01
6.183580142325640905e-01
6.178449133191722398e-01
6.339634280814542278e-01
6.348672075950387850e-01
6.366579994346506233e-01
6.428015198144144682e-01
6.415128377234453616e-01
6.559686511023371525e-01
6.583802307577136803e-01
6.699335172209863742e-01
6.834416973322787747e-01
6.883262654339329378e-01
7.106979975888856327e-01
7.185787993390100326e-01
7.237126844657714164e-01
7.358038356963558790e-01
7.287134238846804113e-01
7.299220601469695868e-01
7.261060855528879143e-01
7.216664346552883469e-01
7.123998484648951246e-01
7.084542893181454692e-01
6.933138011782611354e-01
7.278993869948733320e-01
7.121753379149565744e-01
7.829797024439221209e-01
7.790509903500919542e-01
7.682268596497617841e-01
7.983058168734257221e-01
7.699799389097558011e-01
7.728127287833479464e-01
7.918942817998096961e-01
7.808306795037891490e-01
7.921830213431789725e-01
7.933052123247750220e-01
7.679334869845748646e-01
7.739757906353522676e-01
7.473635733952954663e-01
7.066217241431204110e-01
7.513953443593764936e-01
7.606574308128296602e-01
7.085499108842643334e-01
7.227642709963012502e-01
6.797294303638309332e-01
6.733321612520909438e-01
6.731159996871537432e-01
6.416180462065581569e-01
6.132171356055815536e-01
6.064569439758874525e-01
5.777864854388420346e-01
6.001624127032816336e-01
5.776947731964950927e-01
6.142276916133828646e-01
5.135772447786801642e-01
3.868697996031092989e-01
2.905680195578360658e-01
2.200054244823332616e-01
2.348220236335752664e-01
2.398150704752689544e-01
3.651461845286931851e-01
4.747992451508525336e-01
6.234240506171067064e-01
6.191380762872101817e-01
6.627441653562871071e-01
6.717441230548121256e-01
6.908110232372329795e-01
7.204195209351221818e-01
7.363693782434305168e-01
7.646122685202118019e-01
7.892109598236021206e-01
8.150027301993351125e-01
8.395405136152510606e-01
8.655311742837474842e-01
8.833938022899101572e-01
8.906542706006578269e-01
9.020705145778146195e-01
9.051871124668443569e-01
9.064775574649507339e-01
9.079385354845102007e-01
9.058732764833602458e-01
8.997762854245041630e-01
8.947360984093013503e-01
8.845489038417454486e-01
8.676888102317193985e-01
8.527615060395630220e-01
8.552362592793163465e-01
8.440689207962668306e-01
8.475905188561285719e-01
8.504079677731193332e-01
8.542063922750060545e-01
8.717800112682156932e-01
8.058256167809922932e-01
8.091184257350817477e-01
7.943567802758726426e-01
6.501715452975358467e-01
6.696438150447456827e-01
5.530432250414373252e-01
5.150686083791760073e-01
4.986595629352355008e-01
2.872194222325922253e-01
2.150477396511607797e-01
1.890662486406806120e-01
8.773597416981505914e-02
2.203884350265973568e-01
2.580302419719152640e-01
3.109577903742415383e-01
3.822753539637961939e-01
3.572271092488183974e-01
4.187826652243970549e-01
4.023787994163653403e-01
3.417693004566764170e-01
3.552889994693396725e-01
3.151845318589502343e-01
3.033270989136755413e-01
3.144614062519724418e-01
2.882853687824065703e-01
2.897724241743336870e-01
2.882135847220191338e-01
2.653523689700917898e-01
2.728424378902098990e-01
2.708585814433410732e-01
2.753017870067026029e-01
2.872419043981468412e-01
2.960914271975677026e-01
3.004797189076126029e-01
3.212384529299227576e-01
3.334520489034935031e-01
3.409993263419830445e-01
3.899256622798038530e-01
3.904392521362689550e-01
4.431189363293022709e-01
5.318394141723116197e-01
5.620385956201103816e-01
7.100797322787135712e-01
7.518167906077709572e-01
7.809030382436191742e-01
8.393779631048343681e-01
8.597615970271258456e-01
9.033741873421914370e-01
9.650898969751816603e-01
1.005463708810397261e+00
1.153307465193305514e+00
1.235684302910304622e+00
1.212778739377682991e+00
1.244506400610391417e+00
1.190972743492917818e+00
1.177705518342542224e+00
1.161910796963721015e+00
1.088423385199310145e+00
1.074338564532921980e+00
1.015656785272521345e+00
9.607804556829899756e-01
9.364830847508740508e-01
1.008410379170203486e+00
9.383414138905831203e-01
7.090723887159804395e-01
6.912664273488107192e-01
7.944959886613256472e-01
8.691097320851592922e-01
9.168771012793415220e-01
1.023886319242335308e+00
9.433790520927486378e-01
9.412635479783482140e-01
8.889053717838770741e-01
8.579942716431235850e-01
8.636835925559941396e-01
8.159591007268230944e-01
8.362709729341336606e-01
8.444214772174749584e-01
8.526884875051298218e-01
8.851888369966369741e-01
8.928503544090772293e-01
9.192882338201310288e-01
9.414210810401498764e-01
9.546059207999086915e-01
9.829759442110396206e-01
9.940784537208777749e-01
1.014233941868210032e+00
1.028293261910467882e+00
1.037476061315085296e+00
9.745627631177234962e-01
9.294513432177664569e-01
8.373594181548775772e-01
8.022696485631728436e-01
7.096549074376158339e-01
6.882119784023751352e-01
6.408981692913735539e-01
5.916548757719153340e-01
5.738296500693922386e-01
5.217392716892957916e-01
3.542728643713050074e-01
2.821103695127069599e-01
3.069644751117596715e-01
3.209253319928218606e-01
4.026002843885906346e-01
4.502021990939767959e-01
5.905014583661570837e-01
6.579677270433929026e-01
7.944553301250392163e-01
8.826543976924889900e-01
9.531804758574667913e-01
1.031406850327883928e+00
1.081495810620785258e+00
1.154049746726119707e+00
1.210355155671725802e+00
1.223636384649477771e+00
1.214368534926811405e+00
1.211083558806042682e+00
1.205874958623853521e+00
1.182125137709262086e+00
1.182806736332756570e+00
1.152924656000938075e+00
1.127079966749355178e+00
1.107339344715079221e+00
1.043664761252322659e+00
1.043015287842771643e+00
9.765162388859777165e-01
9.187299005044922140e-01
8.685453950257497890e-01
7.133946278375546957e-01
6.800530913841325020e-01
6.443428116239853232e-01
6.059759679515227537e-01
7.700587914190321071e-01
8.126866457319269488e-01
9.122569069113251050e-01
1.028533827282607671e+00
1.062597182177342781e+00
1.106092656777432515e+00
1.173453555596208231e+00
1.121159792568546587e+00
1.173549561980940181e+00
1.150371455508892193e+00
1.074825730940773161e+00
1.108662702646961096e+00
9.926765048722644424e-01
9.903996595208083287e-01
8.862109792478742865e-01
6.400031796925170768e-01
4.627916851353116590e-01
3.611482384601416018e-01
3.345529110196589495e-01
3.023936680107124353e-01
5.066633049789973642e-01
7.297339357774846880e-01
9.396281552475104215e-01
9.709686215558149813e-01
1.109615392100237186e+00
1.110994035656131418e+00
1.126977667312827558e+00
1.143958496039084283e+00
1.121324347153598078e+00
1.124554524263277733e+00
1.133049663262787776e+00
1.119760548571294700e+00
1.133917749090973981e+00
1.133834378864854608e+00
1.131993523494226883e+00
1.145100544392239961e+00
1.141579887233862722e+00
1.143751284700950110e+00
1.149365437910586429e+00
1.134440607057154438e+00
1.126176118355307398e+00
1.113175192682116288e+00
1.087506485946116985e+00
1.081657362828066571e+00
1.023612512345607017e+00
9.942182987156409357e-01
9.150889247188483955e-01
7.674155956331749628e-01
6.728750270685863732e-01
5.251086553353530029e-01
3.953916587032988428e-01
2.890850304140621385e-01
9.996989858121126116e-02
3.628282126102641558e-02
-1.767124471551967668e-01
-2.325149376556742975e-01
-2.686582436748579106e-01
-3.601625192349888760e-01
-3.532076511784538742e-01
-4.030465568574632118e-01
-4.229460167154537320e-01
-4.204048570254959594e-01
-4.671079803493659588e-01
-4.388297648010080487e-01
-4.689957712592395245e-01
-4.761590856423678630e-01
-3.895795117708377164e-01
-3.915070775074169784e-01
-3.275673927555696752e-01
-2.777293270678700687e-01
-2.949573961036394132e-01
-2.105012474220950836e-01
-1.837145268454169755e-01
-1.428298004925796505e-01
1.169405398433350368e-01
1.667377165101903147e-01
2.780804609166636077e-01
3.671794200776608563e-01
4.626240850314057851e-01
5.145872515606241260e-01
5.556507358756173076e-01
5.528207902960530218e-01
5.303950961575425449e-01
5.358061949468392315e-01
5.202669439277241015e-01
5.245296772548486697e-01
5.169671629419517744e-01
5.214637078204584775e-01
5.324958618892674522e-01
5.137396745231919137e-01
5.572828743027117282e-01
5.278075891757463278e-01
5.005861139449939712e-01
4.808633453885322595e-01
2.864299207446575068e-01
3.328280776411739472e-01
4.565476040016467896e-01
4.485955807472448154e-01
6.153503685851172689e-01
6.324976465557006211e-01
5.955124702753088473e-01
6.551630769647583952e-01
6.246678063178786600e-01
6.326129650793502757e-01
6.328501674946831468e-01
6.186868505221473358e-01
6.160236802879498486e-01
5.855560149191108010e-01
5.892610933370312498e-01
5.317607286940079225e-01
5.005634541493881873e-01
4.844138834310511288e-01
3.044663362198561929e-01
2.837430701310472703e-01
2.155255834970901951e-01
1.675605928808003020e-01
1.629339953114326278e-01
1.366062991442242025e-01
1.762031876439402178e-01
1.845715964010861132e-01
1.804147127912973658e-01
2.115369937590234617e-01
2.136172703330248002e-01
2.292958427201442495e-01
2.765771370097906967e-01
2.890410315528812446e-01
3.477473055919270695e-01
3.597408547158686409e-01
4.110326192040560933e-01
4.172189080962074859e-01
4.212962176541552584e-01
4.362099079215204234e-01
4.349799855814316385e-01
4.400321955222866732e-01
4.432352359966781896e-01
4.432160548435948866e-01
4.455757794978856823e-01
4.459864128532453620e-01
4.464300622010918262e-01
4.470787882929496138e-01
4.471663807594018492e-01
4.473464573246715981e-01
4.473148620593342950e-01
4.475257276651921079e-01
4.469656659397754916e-01
4.469906075415530644e-01
4.470060085157231411e-01
4.449113954148133931e-01
4.464386518999319264e-01
4.435970445893673841e-01
4.402686696955546153e-01
4.451749362212022998e-01
4.300779099771877556e-01
4.346312821855589092e-01
4.345857488044345684e-01
3.912057162771073737e-01
4.361162281754270009e-01
3.664245046431529595e-01
3.033324016270955159e-01
3.504061104553978789e-01
