3.541359565897233413e-02
3.539858526904714892e-02
6.513029195057483400e-02
6.540041077787372981e-02
7.049992170348062803e-02
7.491910443916489915e-02
7.212370949027108180e-02
7.339256413183468941e-02
7.327682070862270858e-02
7.264173428719040981e-02
7.304736199827507881e-02
7.281205189023770563e-02
7.285491527777611387e-02
7.296549787176891122e-02
7.299755467091026406e-02
7.330477220725033216e-02
7.335312777578611998e-02
7.392711847327282371e-02
7.451926410861269001e-02
7.458950362028599068e-02
7.667365007458024073e-02
7.647412861775081117e-02
7.707343894664715755e-02
7.755600343733888569e-02
7.715820189754836467e-02
7.889537652139051727e-02
7.726656737397698260e-02
7.865886922147240223e-02
8.201896558712135077e-02
7.451452997428618941e-02
8.772218758323593879e-02
8.577729961214880516e-02
5.359773039771721648e-02
4.991740920419122929e-02
4.476279081880171762e-02
2.767734406506843978e-02
3.295120337950401684e-02
2.677187421091336422e-02
2.708054567323150280e-02
2.738088012200206797e-02
2.737264387112311320e-02
2.657144418808703515e-02
2.549161199223800092e-02
2.550496776226263487e-02
2.439942906796182739e-02
2.395143603912311750e-02
2.365664025173881344e-02
2.200082623550307995e-02
2.188448802782903824e-02
2.146137894912928182e-02
2.171896975681544828e-02
2.077505181062117012e-02
1.854796321337850995e-02
2.177667687730839435e-02
2.431293410586917933e-02
2.808504490388163619e-02
3.741985100675391390e-02
3.981025041463912700e-02
4.550067689622368933e-02
3.616570346611430037e-02
-3.206310215182316820e-03
-7.566822219410737800e-03
-6.783166967174182951e-03
-1.971605268594683186e-02
5.224330093972288404e-03
-1.571418941308055928e-02
-5.335386813322788579e-03
-6.699286178208020692e-02
-1.442852273429447441e-01
-2.138997720985644502e-01
-2.262588867374836776e-01
-2.523921746420792478e-01
-2.460781908713617350e-01
-2.562483522984648765e-01
-2.615128183605498480e-01
-2.480016061236059721e-01
-2.504866107991537971e-01
-2.451075011066987108e-01
-2.330991744910246022e-01
-2.436076343822569101e-01
-2.368204866631168637e-01
-2.458046117088697191e-01
-2.472875285118350808e-01
-2.289663118544267850e-01
-2.230843239703289016e-01
-2.002836903197865726e-01
-1.522405667154554110e-01
-1.308115583115194158e-01
-8.613209861955263558e-02
-3.109776278057116775e-02
-1.925141670723358803e-02
5.134803401902538617e-02
5.596361356418836502e-02
4.782694137555570241e-02
7.913991614708171252e-02
6.213952476694506455e-02
5.134176806094514073e-02
5.293707790186216039e-02
-3.107108852235470915e-03
-8.016207850784995426e-03
-6.218721730063116702e-03
-2.463532713629484894e-02
-1.093590422945427999e-02
-1.211836591904562332e-02
-4.933954726464292312e-02
-3.837453316168517453e-02
-6.158372957274615977e-02
-1.064957692690121083e-01
-1.085766724465303951e-01
-1.285366075574414513e-01
-1.302224200253613295e-01
-1.250490867015542074e-01
-1.235652859531386205e-01
-1.274354247700589804e-01
-1.421313020197569610e-01
-1.582436624197191277e-01
-1.734758021050940846e-01
-1.931705327090681712e-01
-2.188653377323141747e-01
-2.173502524202184372e-01
-2.470438671498841887e-01
-2.445551162469315476e-01
-2.339067738097193039e-01
-2.374474732986547321e-01
-1.986584296777995085e-01
-1.857297815817252062e-01
-1.702240634450265244e-01
-1.364650616656760407e-01
-1.202225653535990840e-01
-5.521736393390223180e-02
1.293419944591950137e-02
6.760748648981898534e-02
6.813264361869424135e-02
8.643335532759222062e-02
8.183462544603049837e-02
7.907358567672509442e-02
8.198168449624111676e-02
7.661772719444295832e-02
7.333576692160721777e-02
7.213506036250438846e-02
6.366116967932788917e-02
5.653099028564353284e-02
5.418605018606492685e-02
3.205706246417667354e-02
3.612337016259915823e-02
2.426487098064025044e-02
2.206538890403556344e-02
2.128909227685333444e-02
-1.136658437240774949e-02
-3.102448285798446032e-02
-6.524329570868474260e-02
-9.636965676016247262e-02
-1.040226818565247041e-01
-1.081593450412706714e-01
-1.154276098919336940e-01
-1.038472804794062371e-01
-9.530421887574401507e-02
-1.027820085709351128e-01
-8.708597599655582000e-02
-9.877441866642912294e-02
-9.665169431065651073e-02
-1.040152472355451024e-01
-1.064479465191421059e-01
-1.271444812443478789e-01
-1.354276041098679551e-01
-1.474922188424901692e-01
-1.559340343389734596e-01
-1.567103826469890271e-01
-1.641538056583893290e-01
-1.620213086936738434e-01
-1.603401841495134816e-01
-1.559591458107550677e-01
-1.442018206754056564e-01
-1.336703336225532612e-01
-1.231598332346864610e-01
-1.103419700615113075e-01
-9.306285787486999472e-02
-7.803990714441785825e-02
-5.283058893615291685e-02
-4.903500967167186142e-02
-4.599914892593571364e-02
-4.662639096006614137e-02
-5.384151341523098211e-02
-5.866887796377270176e-02
-6.645174879966224413e-02
-7.751518565356063650e-02
-8.880143601272029452e-02
-1.052664384160686001e-01
-1.180685598446312434e-01
-1.329579206759468335e-01
-1.489781099540889164e-01
-1.552206070003246119e-01
-1.749063491140956661e-01
-1.790533495776290840e-01
-1.749778239615639719e-01
-1.816888987054768034e-01
-1.636289041649719722e-01
-1.566669158389157046e-01
-1.345427235848279390e-01
-9.368334168649236626e-02
-4.092435946398038232e-02
2.500041317742625769e-03
-1.265525994597485430e-02
-9.620347306182141719e-03
-3.411109133053105702e-02
-3.908130852889900309e-02
-4.783028848116813864e-02
-6.807942243608360033e-02
-6.581714232126771591e-02
-8.146254624702992109e-02
-8.441852505910928117e-02
-8.797691732664889019e-02
-8.702571129747417589e-02
-9.198678838650233003e-02
-9.757552404774948174e-02
-8.761786043731627227e-02
-9.019905267282918304e-02
-9.442982788568275720e-02
-1.022479457018722893e-01
-9.073299643100483924e-02
-8.995106234945471346e-02
-1.225261687378244452e-01
-1.189433551247543880e-01
-1.307580081019294183e-01
-1.407472505369942450e-01
-1.359040031044007057e-01
-1.392958671244659274e-01
-1.311421198049832482e-01
-1.267920386009454281e-01
-1.239488255748721068e-01
-1.063002458515947268e-01
-1.078312319562268473e-01
-9.740834494180290737e-02
-9.207817065566159531e-02
-9.202808148284923051e-02
-8.471582503815205945e-02
-9.866605063038007273e-02
-1.022342234635964658e-01
-1.227961852604940313e-01
-1.399035286075941964e-01
-1.458140877238257582e-01
-1.451710905121849082e-01
-1.447073352014846825e-01
-1.341868253068955186e-01
-1.453175008209545982e-01
-1.490143037370001700e-01
-1.499606592220944501e-01
-1.733728424647804633e-01
-1.820308242515020214e-01
-1.938983191681155349e-01
-2.282466971315659510e-01
-2.319933117196273931e-01
-2.169171418262841045e-01
-2.257223893811846627e-01
-1.624321441666564947e-01
-1.416678519756568444e-01
-1.095358088349684955e-01
-4.695468263640249079e-02
-3.934123791485206328e-02
3.351641064357832253e-03
8.687479488988158680e-03
1.551626252844218613e-03
2.077439581747237557e-02
1.911045200702203573e-02
2.091226008514093446e-02
5.155198470313894499e-02
5.178555062597187120e-02
6.269989626973664076e-02
7.403085567722687832e-02
7.521993997054547687e-02
8.053299369810082431e-02
9.121841720633688810e-02
8.347985019113098037e-02
9.002780529754833561e-02
8.230082975281306779e-02
9.168623356225294799e-03
7.261223518928505011e-03
5.727770537104945672e-03
-1.441416956955778039e-02
-2.259127447784985143e-02
-2.410876290608780087e-02
-4.623195249118440542e-02
-6.340072472210205035e-02
-6.380869008634240669e-02
-9.766757742505581541e-02
-8.913923769219857240e-02
-1.119008477765254667e-01
-1.631896466138801072e-01
-1.629670298747584178e-01
-1.828203636101892460e-01
-1.720522858848190229e-01
-1.585518511103475858e-01
-1.546968038382590394e-01
-1.283043679008496751e-01
-1.402212453117699098e-01
-1.580365785877707596e-01
-1.245053861230019793e-01
-1.422059306436415371e-01
-1.338400641970943772e-01
-4.948136419356188864e-02
-5.326456381351847569e-02
-2.718491383834601219e-02
-2.507667183603148539e-02
-4.927636010098326164e-02
-3.165018702427566111e-02
-2.817638290694258682e-02
-4.083851320513703920e-02
-2.983145399003259146e-02
-2.808042755818862882e-02
-2.914551400046214158e-02
-2.333113464604680623e-02
-2.504663125411985686e-02
-3.187698797202496298e-02
-3.289297201568774920e-02
-3.960505785350913049e-02
-4.808362960887505033e-02
-5.236757586263234010e-02
-6.150580946793291620e-02
-7.435557358254664406e-02
-7.975095914762683758e-02
-9.778368784462057595e-02
-1.143040134609165787e-01
-1.235492625187145366e-01
-1.545688748312940008e-01
-1.668891119543166046e-01
-1.653302080639629246e-01
-1.863723189123851209e-01
-1.761481007284946831e-01
-1.769720654244075486e-01
-1.850157274413754271e-01
-1.611428603344738641e-01
-1.695745169329860580e-01
-1.535713276654057102e-01
-1.284437479171199881e-01
-1.282950760076104757e-01
-9.625086390755786814e-02
-9.500332643575315483e-02
-1.003821259567302809e-01
-8.677266871489928979e-02
-1.086524621999438167e-01
-1.120970173713555368e-01
-7.047569991124733035e-02
-6.995105951847688242e-02
-4.658922262071627657e-02
-1.639510370992382227e-02
-1.741257398782491972e-02
2.511162764450414588e-04
1.454557448228215380e-03
-3.013020488440762163e-03
-2.448800265546129031e-03
-1.063919132545109066e-02
1.046014123076769060e-02
-2.016050608100906916e-02
-4.019684701355690642e-02
-3.515162828134697076e-02
-1.503645881913360793e-01
-1.382651492074281618e-01
-1.124052115206455454e-01
-1.257516978442629885e-01
-7.653218040853920767e-02
-7.228901193069238451e-02
-7.890174861464378797e-02
-6.525858729216203746e-02
-6.864395827817590390e-02
-7.460473171507875367e-02
-5.445505976780665169e-02
-5.487958690642147364e-02
-4.088678104083665055e-02
-2.085486842807221866e-02
-1.961952179229452947e-02
-4.279638521980166227e-03
-1.994630378332970261e-03
-4.260042338654622916e-03
3.012842029242517646e-03
-2.470014048538689971e-03
-1.874061212212865118e-03
-7.696132996680087697e-04
-5.531744642075933117e-03
-2.992394052182968667e-03
-5.205477381180088382e-03
-6.962371957130572032e-03
-5.247635647823828062e-03
-8.905921150569562697e-03
-8.246134770152025936e-03
-9.120290633543822953e-03
-1.238128196249745766e-02
-1.100719871303494288e-02
-1.497066705663346181e-02
-1.649399635148064008e-02
-1.688812563882206158e-02
-2.324314057359264107e-02
-2.275263706885409173e-02
-2.814609978983338007e-02
-3.442680469472051558e-02
-3.454008196400192021e-02
-4.673357851282572417e-02
-4.976882351286460865e-02
-5.682845002599308526e-02
-7.311370212930150270e-02
-7.543535804685629065e-02
-8.789691290909300292e-02
-8.907835362031391035e-02
-8.367891698123230970e-02
-8.780119450221146593e-02
-6.632643008791712369e-02
-5.834338545641756107e-02
-3.580000738466414950e-02
-2.383918500619735051e-02
-1.341618526166863008e-02
-5.961133354933671399e-03
8.470102409463352300e-03
1.167863183267145617e-02
1.225682034854286111e-02
1.226705118956838633e-02
9.846295757904237334e-03
1.014613508301089734e-02
9.425589273463132189e-03
9.032156826899069568e-03
9.087100244351119932e-03
9.745467712830782961e-03
9.505120854924846777e-03
1.063768073618496721e-02
1.320126809223315899e-02
1.176218643279503505e-02
1.917031404664396380e-02
2.221156000116665877e-02
2.277292003651667021e-02
5.104645945953684150e-02
5.280773970182138510e-02
6.337527435076700799e-02
7.308787400604664641e-02
7.507495246119201548e-02
8.210344396165086822e-02
8.723396691999568686e-02
8.963163646359942338e-02
9.803116596274717709e-02
1.034856806139255875e-01
1.053451645960714889e-01
1.217943310903670390e-01
1.028706310795832329e-01
7.438294892972574512e-02
9.796124876416846539e-02
7.929552526730529460e-02
7.874340452416872527e-02
8.156590361745637285e-02
7.387433308159729872e-02
7.391486002236004327e-02
7.163298652250024712e-02
6.734228779892355299e-02
6.266590311808203917e-02
6.100536833088400501e-02
5.006943891092402454e-02
4.208101293386401487e-02
3.975934636209137174e-02
6.965780109561814891e-03
3.443302760611468855e-03
-4.588581009531730870e-03
-1.706055167813825754e-02
-2.141689868963139384e-02
-2.450499405108205048e-02
-3.619929410099892442e-02
-3.797885700684907467e-02
-3.340021337130719137e-02
-3.304527663418996980e-02
-2.030046905122886991e-02
-1.909739105242500359e-02
-1.408549165904585988e-02
-9.088432535814656987e-03
-7.225755987509827755e-03
-2.701597715625280740e-04
2.641127786839449557e-03
1.032896766590208314e-02
2.335889421261629420e-02
2.542653917567676627e-02
5.160946438821675808e-02
5.554931114561632161e-02
5.417592122920576042e-02
6.587648567366273522e-02
6.329076094374996853e-02
6.520864775909399058e-02
6.773555516386542408e-02
6.689115203783836672e-02
6.812044756699291159e-02
6.840134190440622097e-02
6.838549260544889152e-02
6.878450789812051713e-02
6.878234146334963328e-02
6.886604216374737908e-02
6.895737592587362907e-02
6.895626930446883962e-02
6.899900097912303742e-02
6.901086144769968955e-02
6.901418792450059181e-02
6.902604735267103830e-02
6.900931494022828627e-02
6.901655909040711745e-02
6.899503426152280017e-02
6.894475022977826495e-02
6.898193166924963815e-02
6.882301198401470643e-02
6.879874313543139774e-02
6.882860887806480088e-02
6.816375555563486399e-02
6.886891611597692475e-02
6.735325929664108535e-02
6.621265190421631031e-02
6.708058010673963178e-02
