-2.158147862937270095e-02
-2.126867149414841257e-02
-2.776513789250657435e-02
-2.897988231835494505e-02
-2.438978128849525473e-02
-2.573470046453166238e-02
-2.593289948147182306e-02
-2.507150992975337375e-02
-2.565037550171265363e-02
-2.540893071416183355e-02
-2.534766112125322671e-02
-2.546231385029834593e-02
-2.536230142947442853e-02
-2.538931876663870144e-02
-2.539334767176655572e-02
-2.537151225151686521e-02
-2.538375183771572272e-02
-2.537792872690066218e-02
-2.537588459877324759e-02
-2.537847170624751847e-02
-2.537648567665883037e-02
-2.537696690589487380e-02
-2.537809608003957496e-02
-2.537865804645767984e-02
-2.537896293993515198e-02
-2.538363417721932122e-02
-2.538391505092178757e-02
-2.538719342222155173e-02
-2.540252487612125812e-02
-2.539339157805874103e-02
-2.542305622421415015e-02
-2.544929652468384471e-02
-2.541393595773604186e-02
-2.556964696268840265e-02
-2.551581774234759625e-02
-2.554092236512835526e-02
-2.612582080057172101e-02
-2.609939758243905866e-02
-2.611963764731614970e-02
-2.615927243984983788e-02
-2.593231429616859110e-02
-2.595659061700935841e-02
-2.541578051111914940e-02
-2.507498015517515069e-02
-2.479925134502391354e-02
-2.247840590927636939e-02
-2.084705278118301197e-02
-2.530500050888919925e-02
-2.576527972822873977e-02
-2.405733622120178467e-02
-3.742319765680297838e-02
-3.120757024250834372e-02
-4.107558823059236086e-02
-7.979526555891532091e-02
-8.875445614197273458e-02
-1.282183387970227961e-01
-1.468841086054826772e-01
-1.606703379075176408e-01
-1.645669882803473816e-01
-1.585531021085980485e-01
-1.650334999300931138e-01
-1.592903785847123721e-01
-1.519822733310089713e-01
-1.464015723450999840e-01
-1.428574651844375099e-01
-1.354446812236767272e-01
-1.190501873510870640e-01
-9.256206438114161772e-02
-6.776600783042875664e-02
-7.093524610684058540e-02
-4.526157339543131208e-02
-4.894614192075023157e-02
-4.828244354719144621e-02
-4.168581362701201387e-02
-4.461187169455931717e-02
-4.258524475016684657e-02
-4.153534731276199710e-02
-4.361456805867409275e-02
-4.268554084314638009e-02
-4.348967992503821600e-02
-4.824004370284417503e-02
-4.709704314238365164e-02
-5.777976910797674726e-02
-5.265959694603490615e-02
-6.237075539430189663e-02
-7.477566164119378578e-02
-9.244797580885159849e-02
-1.262756022105799014e-01
-1.563088198026327813e-01
-1.505778792816395983e-01
-1.597327896030991401e-01
-1.515998226347875788e-01
-1.518760453712156566e-01
-1.569173548732361312e-01
-1.480040641639694399e-01
-1.580839800489527713e-01
-1.591703949414115804e-01
-1.602458135971817910e-01
-1.797046430378475557e-01
-1.756791880859930322e-01
-1.670329997134185895e-01
-1.599004805091233383e-01
-1.608379644790665641e-01
-1.742149233480115023e-01
-1.944100370645622244e-01
-1.983527970753451719e-01
-1.929345250234849318e-01
-1.671698268713399382e-01
-1.634103888831460183e-01
-1.413119446311300043e-01
-1.372854159469470980e-01
-1.437876682405617168e-01
-1.362812077180360903e-01
-1.477712575661702943e-01
-1.522151199751439199e-01
-1.507914710929137980e-01
-1.373806516308344605e-01
-1.360687546570067408e-01
-1.202184891777327291e-01
-1.082983893515328255e-01
-1.047479312773727106e-01
-9.360336271354872950e-02
-9.286164829505245966e-02
-9.507965764365346184e-02
-9.010907924647450218e-02
-9.608447151151489063e-02
-9.554525371222923058e-02
-9.695874854634259354e-02
-1.065469440602316298e-01
-8.501479926204788540e-02
-8.457820562807444320e-02
-6.947737855950610053e-02
-4.911017695660876980e-02
-4.832294070183044965e-02
-3.392453072471751652e-02
-3.175146622865636370e-02
-3.546199579677639102e-02
-3.621185234722305857e-02
-3.803218059343623642e-02
-4.224576657733755680e-02
-4.216801761947797794e-02
-4.719300077870397514e-02
-4.685490180165215179e-02
-4.730330343990179348e-02
-4.902938033052831740e-02
-4.845196420158680295e-02
-5.014540574420779662e-02
-5.077990720318967949e-02
-5.052897873593871492e-02
-5.571019305286230988e-02
-5.674994545293601117e-02
-5.404911121133421786e-02
-5.577759399480155394e-02
-5.404632836865418816e-02
-4.393731724309665049e-02
-4.119906897935316642e-02
-3.600338205940092212e-02
-2.475722040591128020e-02
-2.263775908702732667e-02
-2.946254037127966907e-02
-5.173673479667036113e-02
-6.216615432371448702e-02
-6.748201278968903039e-02
-7.543146514007871561e-02
-8.429381355916787388e-02
-8.662796501029122742e-02
-9.416696959012302304e-02
-9.604936151669063449e-02
-9.172846522397654079e-02
-9.391749243813159176e-02
-9.260787224307237553e-02
-8.993877617846054995e-02
-9.753853053620932523e-02
-8.925934871894652956e-02
-9.130153035655511062e-02
-8.965666393246066179e-02
-8.522974710621245009e-02
-9.268758650651516551e-02
-8.764336585206872199e-02
-9.366208861531320762e-02
-1.085718215396266756e-01
-1.159700982916287010e-01
-1.443817176031189642e-01
-1.630996480430987883e-01
-1.792172254067443682e-01
-2.071193373541558858e-01
-2.169897611080175148e-01
-2.068745207985255852e-01
-2.175257741991664939e-01
-2.071231329294438706e-01
-1.963722479105567686e-01
-1.961236267769008446e-01
-1.936397145594347668e-01
-1.901800997375270030e-01
-1.942762058777473544e-01
-1.889923370667881686e-01
-1.942109468422754670e-01
-1.954411381369390577e-01
-1.923139701878149588e-01
-2.007323921013968171e-01
-1.978383777623393958e-01
-2.030982604179113471e-01
-2.178799314152397582e-01
-2.239569960257436765e-01
-2.275902779682436872e-01
-2.397808691323493613e-01
-2.372889039279476309e-01
-2.444693419187087546e-01
-2.473679457737817389e-01
-2.360927021013616844e-01
-2.362143878828445454e-01
-2.107118240704524692e-01
-1.867428676086723138e-01
-1.694044931586462521e-01
-1.492311522117349132e-01
-1.256051657392019683e-01
-1.129397347668839452e-01
-6.767077787055023053e-02
-5.432993062731258233e-02
-4.616753098229191971e-02
-2.268428282092948070e-02
-1.178000851534809039e-02
-1.525872106029765168e-02
-2.767038978884710145e-03
-1.299689782059899011e-02
-3.043169036762779014e-02
-4.166132274286443032e-02
-8.012576928844793167e-02
-1.140622853301032219e-01
-1.119231650571634457e-01
-1.332520588960237340e-01
-1.320526992393354082e-01
-1.382185164079233197e-01
-1.627010910375828179e-01
-1.700075540600262114e-01
-1.803593451716760387e-01
-1.997936746789136797e-01
-1.976232712234274325e-01
-2.040524273275166056e-01
-2.030418661012022841e-01
-1.922022719087388698e-01
-1.939558537376294411e-01
-1.819727176163243032e-01
-1.705568174316188512e-01
-1.664216315698823778e-01
-1.377693191228927250e-01
-1.245932113191568213e-01
-9.970274054873930203e-02
-5.034624788970067100e-02
-3.270627179852246547e-02
-2.655416108902938777e-02
-5.569974329389928633e-03
-7.220110355729341019e-03
-2.712898730828394375e-02
-4.561851404509299074e-02
-4.674526020794179948e-02
-6.154617310654318663e-02
-4.409289292182411862e-02
-4.746981715185092515e-02
-5.338880337657622016e-02
-4.619677667594476039e-02
-4.981326671450236887e-02
-4.925620622359098977e-02
-4.565810211568304550e-02
-5.121409547645144889e-02
-4.747770784496850582e-02
-5.472212253036647794e-02
-6.639375867863644975e-02
-7.247823195546469754e-02
-8.604912558415005186e-02
-7.967026021767055488e-02
-8.270686650528130679e-02
-7.376918933216564112e-02
-7.147053703446093476e-02
-7.093422836876457638e-02
-6.333823568473320731e-02
-6.313659692772249921e-02
-6.026832504338934526e-02
-4.355217950070736088e-02
-4.094277869421507343e-02
-2.631883745270267166e-02
-2.310998972108646229e-02
-1.444621169401195428e-02
-9.974542717178437601e-03
-1.114220904044176987e-02
-8.372996359651696183e-03
-6.383650313445176326e-03
-1.445402321414887385e-02
-1.258604141338293472e-02
-2.069946370578697528e-02
-3.309771349917459138e-02
-3.910028205588424871e-02
-5.230716809317732113e-02
-6.494869315630680262e-02
-7.549744494368618164e-02
-9.596539640816431627e-02
-1.061799505753097395e-01
-1.165444474155694493e-01
-1.245467770489392528e-01
-1.389031507953885358e-01
-1.433104670120284863e-01
-1.503020710788643133e-01
-1.558447712899172777e-01
-1.553781319795352611e-01
-1.613814742904597643e-01
-1.609932068903999480e-01
-1.615150442159220268e-01
-1.772566540740211360e-01
-1.782412218996535513e-01
-1.918807048948718008e-01
-1.843002193949490886e-01
-1.743788201025603113e-01
-1.726674544519001264e-01
-1.614223291032107765e-01
-1.596640363762494297e-01
-1.427987572756960755e-01
-1.323631750534196294e-01
-1.087376584543376795e-01
-6.473075285475497764e-02
-4.259418805574455985e-02
-4.612740138220595282e-02
-2.428951288441582451e-02
-2.786491289656106013e-02
-2.360431400787357109e-02
-1.566089691552057309e-02
-1.726221589786759020e-02
-6.492871226687974701e-03
-6.555461929933802112e-03
-5.758011923565627133e-03
-2.929719605122843660e-03
-4.149604456537621389e-03
-1.404822938832773040e-03
-3.374189498964033380e-03
-2.210471130276038965e-03
9.115592185219389791e-04
-9.082089391500007547e-03
-2.795609241902147408e-04
-1.167870090917696307e-02
-2.310284297032244236e-02
-2.369300246540689825e-02
-4.908021077311686131e-02
-3.400892056629169907e-02
-5.862516838047171497e-03
2.244657536004053891e-02
4.257845438080497952e-02
7.847113053075001343e-02
5.854657009926142464e-02
4.751247423192132141e-02
2.495546071219622436e-02
-1.734919106510988962e-03
-2.489429328872331745e-02
-5.416410795233746883e-02
-8.560032107524144507e-02
-9.695895809145689548e-02
-1.217772377967931141e-01
-1.448511471077617296e-01
-1.481510435067746045e-01
-1.693798473103226288e-01
-1.647244497623307491e-01
-1.637994221706177422e-01
-1.674518990838114729e-01
-1.572734127268422544e-01
-1.623142900202841077e-01
-1.579096583899412820e-01
-1.565703365471262654e-01
-1.590478154071812422e-01
-1.562354728793459990e-01
-1.510011480371000747e-01
-1.499515338353168137e-01
-1.415984591107505575e-01
-1.359310723591327930e-01
-1.309687066347363649e-01
-1.180862699540142641e-01
-1.137807031312461359e-01
-1.047334758433526164e-01
-9.650131637479895941e-02
-9.217675383173154491e-02
-8.254168370744338623e-02
-7.696489841843240365e-02
-4.877052418085129487e-02
-2.809536336030029474e-02
-3.509457864609192516e-03
-1.773809259752356579e-02
-2.381456332305759149e-02
-3.670983574823157448e-03
-3.927043374675482507e-02
-5.802904598912720507e-02
-6.245310611468449929e-02
-6.833178461669076054e-02
-6.058825969228790603e-02
-6.161940062002311397e-02
-5.044557783122539246e-02
-5.053281590721887817e-02
-4.878999524642822078e-02
-4.044884576956933597e-02
-4.107983200267908974e-02
-3.800193872794882521e-02
-3.590166434036746318e-02
-3.570879791589226526e-02
-3.393011427828571125e-02
-3.326501813426524512e-02
-3.271252811663665633e-02
-3.124775362365052669e-02
-3.077992204215397251e-02
-2.955978259077412379e-02
-2.705792737295642167e-02
-2.700396053698018994e-02
-2.232099029141745156e-02
-1.875235438281501119e-02
-1.827649912323515979e-02
-2.215191391145627641e-03
-2.026633335934205273e-03
7.555051181547612954e-05
5.038213669034298167e-03
3.137749780939824099e-03
5.842640435915516864e-03
6.532777033767854860e-03
9.745254607292046364e-04
1.159797159099800129e-03
-4.027356681311038676e-04
-1.722775585382184090e-03
-1.805205424940816957e-03
-1.997374367636348558e-03
-2.375088183678286582e-03
-2.520845329158477241e-03
-3.370603091995023805e-03
-4.414513640110880217e-03
-5.845534399712691218e-03
-6.582893937904015988e-03
-8.722749544955707424e-03
-1.214024472410824181e-02
-1.222771550877695124e-02
-2.039994253624298481e-02
-2.002498045369024288e-02
-2.191332961122614484e-02
-2.401759244185129247e-02
-2.391897504903413643e-02
-2.661210477709123612e-02
-2.698937148042728981e-02
-2.723166169123214866e-02
-2.797017380592089347e-02
-2.798474236111615082e-02
-2.820994045691148366e-02
-2.837121181802219200e-02
-2.839468396491653251e-02
-2.848683304224345833e-02
-2.851851130403563334e-02
-2.853924749121300800e-02
-2.856729938233750279e-02
-2.857520548104851288e-02
-2.858547384662716087e-02
-2.859283904511328647e-02
-2.859583024415251681e-02
-2.859946588350846530e-02
-2.860135741749462307e-02
-2.860239461012032552e-02
-2.860294565681656409e-02
-2.860365205729870769e-02
-2.860259815661638297e-02
-2.860179743225249246e-02
-2.860230474689077693e-02
-2.859563932635037289e-02
-2.859721118579549443e-02
-2.859250282162568643e-02
-2.857218009162983130e-02
-2.859088571886115454e-02
-2.854405591185818492e-02
-2.851978095114419270e-02
-2.857620979791928445e-02
-2.834070011592572727e-02
-2.848130372207898636e-02
-2.841314077128098345e-02
-2.769558366597427504e-02
-2.874701676145840351e-02
-2.711307718505310757e-02
-2.622031555425828955e-02
-2.711926053975140943e-02
