1.120009555620141845e-03
1.261587025047592901e-03
2.054874781075781247e-03
1.583183290580944232e-03
2.652523664217625726e-03
3.155523840158328680e-03
4.394676304221063409e-03
4.777253516402370920e-03
5.216741210029718877e-03
5.643663912579877269e-03
5.808293704894916705e-03
6.035409350544044572e-03
6.176605595281168051e-03
6.264655090680248950e-03
6.359251306583850114e-03
6.410384534064368992e-03
6.453054957900022925e-03
6.487235579235872858e-03
6.506279119132829698e-03
6.520437932615230289e-03
6.529142434743992474e-03
6.529910531803675630e-03
6.523552967446050524e-03
6.519113113090587233e-03
6.494732782651815341e-03
6.470201263558945579e-03
6.448082671033271429e-03
6.365600920399140487e-03
6.336660577316629434e-03
6.239986508969997542e-03
6.044745256257725782e-03
6.059083069741046101e-03
5.638101304778152766e-03
5.390849993857142058e-03
5.401445899326264011e-03
3.951213298071157461e-03
4.319412249747424902e-03
3.750663902530660017e-03
4.056059773247759105e-03
4.456194904150324182e-03
3.966303592046554159e-03
6.737796968964961108e-03
6.722424805876615721e-03
5.761171031251025899e-03
5.392387293543940245e-03
5.155765408725919083e-03
4.934466214418609342e-05
2.360078117306941008e-04
-3.867580223053899562e-05
-1.300196807837029032e-03
-5.658715441403525852e-04
5.220284527493109254e-04
9.381974253789891836e-04
7.094494350244107822e-03
9.479637853050655247e-03
1.230221914579155210e-02
1.772377475336019831e-02
1.867725624246588043e-02
2.368907891159426418e-02
2.561992895922452634e-02
2.978490729343748547e-02
3.708948881578911366e-02
4.035628253159850853e-02
4.973265515906891143e-02
5.146069911547170028e-02
5.951158790545341137e-02
6.136993514490315244e-02
6.092241624504735054e-02
6.434944398430884893e-02
6.111058698585181831e-02
6.018609101557576696e-02
5.952059522182558127e-02
5.290930982091585771e-02
5.193862945346865850e-02
4.544725483257529286e-02
3.639677238805739956e-02
3.107063727453027169e-02
2.202250997448634839e-02
1.985702738062036093e-02
1.537466204694152780e-02
1.276307012145706625e-02
1.192765204439283182e-02
7.402149456060031114e-03
6.493029633355421916e-03
3.212385060323217235e-03
7.722767515421003794e-04
3.260343280203777897e-04
2.211704191549230896e-04
6.134790163478208826e-04
-4.722234183486322882e-04
-4.556623886052769338e-04
2.873418065835016888e-04
-1.779004509544166021e-03
-2.566260897134570954e-03
-9.750615949477482334e-04
-3.147104826869220624e-03
-4.129059615925226648e-03
-5.662213881939727987e-03
-8.844910892363628402e-03
-1.026741558332332910e-02
-1.180679123360317204e-02
-1.493639840818885949e-02
-1.646287551984820102e-02
-1.865379093502038746e-02
-3.038489369365549378e-02
-3.622644429823260875e-02
-5.242752017359610800e-02
-6.056733709832427814e-02
-6.736789710201331050e-02
-7.753893010651001505e-02
-8.090213989095065839e-02
-9.209232786280525940e-02
-1.028926791537242980e-01
-1.072605777402662053e-01
-1.262941639577135622e-01
-1.328378495507241686e-01
-1.401736004693278081e-01
-1.535833925089878371e-01
-1.534674777326381356e-01
-1.621954603857545252e-01
-1.675279275404454316e-01
-1.654194935626468188e-01
-1.788370927503530605e-01
-1.737858066124692014e-01
-1.672339633009894133e-01
-1.679229727306194020e-01
-1.460582608006624206e-01
-1.373673761027475460e-01
-1.244675622607739202e-01
-1.064868109527986051e-01
-1.023007380425129259e-01
-9.498133309549228187e-02
-8.915375744839884598e-02
-9.015748950890804803e-02
-8.946146328063996067e-02
-9.041093848816231238e-02
-9.473407842354909791e-02
-9.452427948293236348e-02
-9.925618344823282369e-02
-1.023259254030152443e-01
-1.033184651024553063e-01
-1.107946350452217316e-01
-1.107138369224767160e-01
-1.103933776817922069e-01
-1.118504548262472531e-01
-1.061477995145270747e-01
-1.032427864919675947e-01
-9.668470732150909186e-02
-9.045512643628840499e-02
-8.110690516076532464e-02
-7.348370207536635001e-02
-6.002663704872501088e-02
-4.727933995678840207e-02
-4.073837993549171005e-02
-2.190145628622224352e-02
-1.870504672761788209e-02
-1.648723560982719855e-02
-9.922168470464062112e-03
-9.397116017598754548e-03
-6.854758634863813288e-03
-3.942695458336813348e-03
-4.559173018397336304e-03
-8.515994938596853814e-05
6.813312310683676456e-04
8.177427188888732263e-04
5.218095363945548029e-03
3.176123172356649232e-03
5.186956894228026207e-03
1.031565330119947610e-02
7.990672049469151744e-03
1.424694544186290955e-02
1.170808544393389834e-02
7.115338287469368320e-03
8.457004250338078996e-03
-1.436532966494582630e-03
-1.271582040185796798e-03
-2.645304848189462908e-03
-6.114503250591649293e-03
-5.133638811243561306e-03
-6.095252646919987853e-03
-1.096295623311295542e-03
-1.201387273266189132e-03
-4.783447545068821374e-03
-5.774715790428919075e-03
-1.333640599275018150e-02
-1.573368161881790947e-02
-2.439702189732824086e-02
-3.046871314382007187e-02
-3.226445055170663878e-02
-4.147365347400172597e-02
-4.249410624295595074e-02
-4.840617188323926429e-02
-5.339095979481486842e-02
-5.103791155246989453e-02
-5.469093980579991382e-02
-5.606985130514379606e-02
-5.609498075693139518e-02
-6.088686350119637547e-02
-6.061068293117267969e-02
-6.285060635594866274e-02
-6.533675133934525869e-02
-6.516632125202495573e-02
-6.798009581400260570e-02
-6.870045513337287579e-02
-6.935146418733847962e-02
-7.184977785252204263e-02
-7.153518873754861895e-02
-7.354479239788357103e-02
-7.568292943238141834e-02
-7.669792112292572739e-02
-8.052184189155350835e-02
-8.101800893343598375e-02
-8.314107989019332845e-02
-8.385259746033670025e-02
-8.286920926530612352e-02
-8.176444795500491247e-02
-7.948567406630518972e-02
-7.737788551092056322e-02
-7.380399866629605565e-02
-7.238976943961090982e-02
-6.768024762126291505e-02
-6.538994383567799107e-02
-6.178328302891394896e-02
-5.606064492075817085e-02
-5.420240619945346228e-02
-4.731834049278530602e-02
-3.890656211336004228e-02
-3.787289094615646501e-02
-2.414273199549423626e-02
-2.179234721315978160e-02
-2.288886079167714444e-02
-1.759228900671220425e-02
-1.915364372840359236e-02
-2.814151077319364605e-02
-2.769367606354193947e-02
-3.720531882892359754e-02
-4.191499249930995957e-02
-4.474386831844433948e-02
-5.633627985740777278e-02
-5.844695884096494376e-02
-6.566689390932106685e-02
-7.508164262143167400e-02
-7.142677199462590942e-02
-7.632011456992643383e-02
-8.514679168033438550e-02
-8.603423113244716702e-02
-9.057240574978581149e-02
-9.271009450728694146e-02
-9.258640374645409066e-02
-9.425522232711003312e-02
-8.963262245405070883e-02
-8.912333600058627847e-02
-9.384894040091319722e-02
-9.091518916131785533e-02
-9.361370574983321480e-02
-8.788377362434343643e-02
-7.849730239996172143e-02
-7.551567766963407369e-02
-5.784472760520346923e-02
-4.345243217668763591e-02
-3.713193911433459310e-02
-2.346865495903984952e-02
-2.224826641469692182e-02
-1.477904556240994607e-02
-8.936565196125307448e-03
-8.517139541595018792e-03
-1.325061162649256684e-03
-3.402616891801165809e-04
-3.487083650822309436e-03
-1.537742753906058495e-04
5.025539546167251707e-04
6.691376166754632419e-03
1.005445792673995663e-02
1.352642986914631695e-02
2.246032904055197260e-02
2.748483040243381026e-02
3.820609982939126431e-02
4.322279283400608935e-02
4.768881427629173553e-02
5.386430185807433713e-02
5.425714717399336001e-02
5.776741185154708053e-02
5.921216345224609989e-02
5.950325772274907971e-02
6.144346453861019436e-02
6.045620156080522972e-02
6.243562969736469320e-02
6.443366680834246296e-02
5.951863448084904890e-02
6.264980399209395256e-02
5.691036509217807515e-02
4.886316004516179368e-02
4.310423160358638900e-02
3.272442682129498431e-02
2.841621577810302460e-02
2.156315763553999162e-02
1.794356826515940834e-02
1.478521219403673356e-02
1.039765880664451567e-02
9.317000995005025182e-03
4.459124029473869599e-03
5.529203254808121547e-03
4.801338417048276602e-03
2.415466222490769959e-03
5.949662096730433218e-03
4.386169956196415108e-03
5.569727799810295261e-03
1.154817476490622302e-02
1.112973944939292699e-02
9.405152651150614287e-03
9.750501283894401003e-03
6.082523982722397651e-03
5.673434934377827484e-03
6.464226139067682717e-03
4.077011543318460711e-03
5.638006585238345726e-03
2.247184595021205211e-03
3.281967123871961083e-03
1.273028189342068333e-03
1.344494945038965817e-03
2.752589576428765995e-03
1.428912333648417769e-03
5.237493626742099374e-03
3.792994133383216851e-03
6.684091277057151170e-03
7.993413534935196393e-03
6.910970089036549621e-03
1.109760742427949587e-02
9.007515568072306869e-03
1.021876835303367655e-02
1.574291056364830396e-02
1.287818022460777284e-02
1.892283638143396618e-02
1.650902665832023469e-02
1.129853870742220968e-02
1.345820538908120215e-02
2.815218698799719452e-03
3.286552664643344578e-03
3.421588171597291211e-03
2.937860249811739583e-04
2.088074784331812265e-03
3.017613706552358440e-03
3.065698049208376904e-03
1.289591692112656250e-02
1.596160663764726109e-02
1.843455984272572221e-02
2.254899624819199644e-02
2.143795831695306450e-02
1.905510351579163889e-02
1.945923899117499994e-02
1.602499689428311946e-02
1.289821505370240123e-02
6.132675500541195923e-03
-3.474771345479355823e-03
-8.423565923173751899e-03
-1.404362831293358080e-02
-2.088843395635764377e-02
-2.958948662061183441e-02
-3.469493939377547853e-02
-4.086475613693201642e-02
-4.344345984645285597e-02
-4.439369499782918477e-02
-4.575016573495213623e-02
-4.508331154005434244e-02
-4.344676570257017395e-02
-4.927474455234364531e-02
-5.376796336009575378e-02
-5.657939053271335283e-02
-6.217475564355849638e-02
-6.697663791208774420e-02
-7.333478706005996939e-02
-8.575361701003676729e-02
-8.612814749076271037e-02
-8.849516911239303785e-02
-9.175674563710037313e-02
-8.187962793520668636e-02
-8.239669717098663249e-02
-6.753324779937769362e-02
-5.337629100929634079e-02
-4.595005720446058289e-02
-3.030986955724635293e-02
-2.566072961212468445e-02
-2.002663787861198169e-02
-1.268640469414578087e-02
-9.943961343243870252e-03
-4.324892064524807692e-03
-1.828106604954702133e-03
-1.035421398745240513e-04
2.193991429341722067e-03
3.794713603949483646e-03
3.909907053553159095e-03
6.825308396675337091e-03
6.381757367257024326e-03
6.253572691273999624e-03
1.134500426974316065e-02
7.316381421397457133e-03
6.660401823623499085e-03
2.125063605237583093e-03
-9.430573454122761134e-04
-3.963049754395000200e-03
-1.146108712640092793e-02
-1.213595456673920332e-02
-1.227116662766718734e-02
-6.914442798056067221e-03
-8.208800118810392552e-03
-1.275980270305103643e-02
-1.494866374113303954e-02
-2.659967469849864111e-02
-3.473441548738619156e-02
-4.151748195765031513e-02
-4.937437306191223146e-02
-5.894167218298489164e-02
-6.341548514437919670e-02
-7.159851452673930694e-02
-7.431338230039660764e-02
-7.807215723072571945e-02
-8.172709473380054823e-02
-8.282359488181219309e-02
-8.682803859189766604e-02
-8.776446833993464813e-02
-9.097294162466915135e-02
-9.407210150238332069e-02
-9.670344164927081876e-02
-1.031904995401621561e-01
-1.021765676269622281e-01
-1.038205222956879864e-01
-1.024716105101317887e-01
-9.870586153802451967e-02
-9.735965632911468270e-02
-8.798713538498924291e-02
-8.300522069473878495e-02
-7.610590150103664631e-02
-6.669117574672733806e-02
-6.153164546978438787e-02
-5.156914589170879387e-02
-4.239567680463597610e-02
-3.330413289436706670e-02
-2.048070604184668714e-02
-1.108451150790771417e-02
-1.030978652287880236e-02
-2.338970356360435630e-03
-1.417667170687200110e-03
-7.183779383194769915e-04
1.212776704494798047e-03
6.137984653157969959e-04
2.546955548361982610e-03
-1.993676167056475856e-04
1.666373979279582411e-03
2.520060739478234470e-03
1.643516800150492119e-03
7.641184215292627126e-03
7.179259260704378559e-03
9.743602276167953602e-03
1.617940260600290656e-02
1.719957886421588644e-02
2.341189580973508655e-02
2.572934217756413233e-02
2.793912738330652651e-02
2.988721530310095575e-02
3.120705762060436983e-02
3.159241259951055258e-02
3.286345993350964917e-02
3.308700918942276969e-02
3.262642864933652798e-02
3.334629385915176963e-02
3.160841276049192877e-02
3.078147110970555142e-02
3.089658174862674328e-02
2.520370569850552758e-02
2.514767386993762427e-02
2.295416757029140192e-02
2.132242308707062162e-02
2.086126771045523562e-02
1.964599340009187331e-02
1.906389466783693989e-02
1.825513604859582001e-02
1.776003202734428160e-02
1.681111654767431310e-02
1.575283053826849813e-02
1.558227559412637790e-02
1.264049409279701004e-02
1.251790532840846466e-02
1.183721181906987469e-02
1.072126580743869122e-02
1.066042872549059599e-02
1.014801423561911310e-02
9.867589109464201119e-03
9.765496955353072939e-03
9.545790244785148926e-03
9.469636763982498817e-03
9.393220871648145023e-03
9.316610740493466367e-03
9.285837997575815267e-03
9.247248346698591290e-03
9.220609177831462500e-03
9.205118059184971141e-03
9.189575648109670272e-03
9.175333037397828684e-03
9.171884433672231746e-03
9.161810188270043051e-03
9.147557433795245121e-03
9.163225571453187390e-03
9.127266877108870108e-03
9.131532760855083294e-03
9.164831238140262737e-03
9.034625525055031692e-03
9.178231698808230268e-03
9.091994794935590388e-03
8.844259035049888487e-03
9.443765859318895353e-03
8.535424920397070847e-03
8.795273601875729097e-03
9.341498722741812741e-03
