-1.287863981193775953e-03
-1.030555541664512562e-03
1.093060968674092843e-03
8.155295655146651028e-04
1.637696601958011765e-03
2.824247527888274975e-03
1.864830449689286506e-03
3.078897305244437509e-03
2.993461693991952225e-03
2.896660694325901581e-03
3.322251145398461957e-03
3.162300853746924118e-03
3.289933512541553997e-03
3.394434012857730498e-03
3.384041732895549329e-03
3.598359632080043880e-03
3.631264477977848206e-03
3.846248130328213093e-03
4.198581957036194058e-03
4.214596239154970274e-03
4.986279791321664157e-03
4.939135951920066089e-03
5.896380246419358553e-03
5.963738795513674577e-03
6.705666934020569972e-03
7.856328808609834569e-03
7.437612104171071638e-03
1.058355966207195041e-02
1.104219133921191878e-02
1.178898181064460225e-02
2.037858486240369180e-02
1.838458691186173333e-02
2.593805494698924602e-02
2.332546448160912125e-02
2.318183705084434290e-02
2.647160236774168118e-02
1.210691305420029569e-02
1.255781115991133103e-02
7.128707743570309244e-03
2.077656115420667589e-03
1.760743167790495851e-03
6.217875310001333075e-03
5.873227570773263684e-03
5.775122179973414364e-03
6.158420579729899889e-03
6.164330366337314633e-03
2.080783529805135205e-03
2.095086981377808355e-04
-8.311410766686809287e-04
-1.267635498165783740e-02
-1.380920614682148474e-02
-1.546429013280848329e-02
-1.726926526170246071e-02
-1.793707195243804051e-02
-1.238498140676932285e-02
-1.196562960682990423e-02
-6.821660136716490783e-03
1.937267395184786700e-03
2.133504024575072055e-03
-1.305700920434406777e-03
-8.442399847704409660e-04
-1.624011121972868121e-02
-2.767461257661027116e-02
-3.922333912221521307e-02
-6.157923476221091597e-02
-6.785112656284246480e-02
-8.626556581153844994e-02
-8.853426020355370518e-02
-8.250495420998628371e-02
-8.588466318916417042e-02
-6.640851434386202401e-02
-6.102258639041409360e-02
-5.939231456514032503e-02
-4.352743778997580915e-02
-4.764868591912452267e-02
-4.006718213498074166e-02
-3.703438554614447292e-02
-4.449950787307335731e-02
-4.285193831487997540e-02
-4.740575456720799025e-02
-5.266561796276137547e-02
-5.436568183595977960e-02
-5.698358886903553966e-02
-6.001727468266150611e-02
-6.122753781997926359e-02
-5.919150169123555544e-02
-6.312267401035714931e-02
-5.468102769292031845e-02
-5.051929702065636324e-02
-4.270925789871258399e-02
-1.948668657769485335e-02
-1.738532974890594218e-02
6.174340160984406745e-03
1.629768829717430020e-02
1.175187123353717625e-02
2.400491539538129188e-02
2.079443489560159689e-02
1.434242796204872848e-02
1.471182235965569698e-02
8.705421978904115399e-03
6.627647478534288115e-03
1.931627394595194407e-03
-5.010586924381024883e-04
1.195789612884575392e-03
-2.937784528540150590e-03
1.969487264939326788e-03
-1.120241908061788859e-03
-4.347961061335880832e-03
2.082765535558318924e-03
-3.222035541637539770e-03
-1.729595790767512326e-02
-1.401218994567964872e-02
-2.330642035927235969e-02
-2.662912012081383728e-02
-1.945907738418301350e-02
-2.546812931142494393e-02
-1.407120130867033775e-02
-3.518373329160479675e-03
1.314062292300044151e-03
2.398523493942348456e-02
2.633064878731875350e-02
2.540965167335861377e-02
2.808635621996125042e-02
2.099022109087571655e-02
1.937994120171446927e-02
1.604993191698571298e-02
5.423750950156097650e-03
-1.452170652781541301e-03
-5.471264413802427208e-03
-1.819221316482060383e-02
-1.914335802145937862e-02
-2.091409992745687021e-02
-2.569840397994058168e-02
-2.551286153715843358e-02
-3.276854557485354980e-02
-3.475744002967781632e-02
-4.452477747013070669e-02
-4.943885093843726486e-02
-4.954789906321075549e-02
-6.397401061042520820e-02
-6.002195155395390058e-02
-6.962045537810830631e-02
-7.181556442340338020e-02
-6.395440689626979980e-02
-7.051931224197985348e-02
-6.028167317912996870e-02
-5.495415505045692789e-02
-5.396311089037178488e-02
-3.599523514175579503e-02
-3.195163889624283438e-02
-2.152613569367931370e-02
-5.530394972370237389e-03
-2.209388499588841714e-03
1.421687009646299682e-02
2.597248798323355257e-02
2.968173588179632075e-02
4.520573144803778642e-02
4.864719273332628741e-02
4.274790941229442143e-02
4.550788280956562237e-02
4.189720651756028563e-02
2.461319469652663641e-02
2.403276772678161408e-02
1.955991710756879373e-02
1.290464644847724197e-02
1.210571283413167804e-02
9.363719887608508777e-03
3.515478147615037213e-03
3.687341780245673422e-03
-1.217310900993371367e-03
-3.311641005066874154e-03
-3.833742792515975814e-03
-8.461967275306266426e-03
-7.810025574561018508e-03
-1.093515763372280257e-02
-1.637603161315061978e-02
-1.316827945576694650e-02
-2.210494080772950135e-02
-1.645516907436064477e-02
-6.408409426504624480e-03
-8.204881219128131245e-03
1.126203477672382304e-02
1.226112595856607146e-02
1.362686540647796256e-02
1.986804526679306418e-02
1.902310306131594492e-02
2.096307991966328554e-02
1.844414770776207219e-02
1.535719925210423872e-02
1.408242517861217104e-02
1.190314183275943162e-02
6.102341089726971354e-03
1.137462354301456771e-02
7.376184280773637886e-03
-1.023890947280390283e-02
-9.557554723064826119e-03
-1.648935652496685486e-02
-2.184235756962554093e-02
-1.179514829896756434e-02
-1.524413126736561680e-02
-5.539758264743573080e-03
-6.736026123170539733e-04
5.504752745269559950e-04
1.237749798247073964e-02
1.401338485848198541e-02
2.345894163101957391e-02
3.346718427650050703e-02
3.786626294515097607e-02
5.162623363566098966e-02
5.667397552289105828e-02
6.277106592806550034e-02
7.127476234390463239e-02
7.264243539265612115e-02
7.867036843791493095e-02
8.046375958603840806e-02
8.096519939481958139e-02
8.304714403976216908e-02
8.018925415675584589e-02
7.941953649155943096e-02
7.542678262131827238e-02
6.871621769588677486e-02
6.322720124474513759e-02
5.371202305637663710e-02
4.600855107632577379e-02
4.104365498394860201e-02
2.816050819894459767e-02
2.598782870346508234e-02
2.055280791890926051e-02
2.061006625141510035e-02
1.956944178896739481e-02
1.731083301708379041e-02
1.668519007886524672e-02
1.300121588787082200e-02
1.433052176870743856e-02
1.033334784479306503e-02
9.684214366765137375e-03
8.686173818667441288e-03
-1.878341654075470928e-04
1.360099944333621963e-03
1.954706087543052354e-04
3.552887747030443379e-03
7.963716024656218931e-03
1.078893268576510724e-02
1.468783917363823341e-02
1.705332051524627301e-02
1.888825660429251443e-02
2.694803829649400698e-02
2.805243644443891973e-02
2.938661702296824565e-02
3.174040063378784360e-02
3.126795082812480059e-02
3.196693344544600940e-02
3.217112175328280116e-02
3.165508075006663591e-02
3.120252772093722385e-02
3.112746316115574952e-02
2.918261989916813570e-02
2.922770414639221451e-02
3.047529454292550663e-02
3.014813681896492611e-02
3.134772785215508839e-02
3.251309883504250459e-02
3.313582558727128785e-02
3.551803964225622862e-02
3.765744325409653426e-02
3.965793154240501717e-02
4.502104586684649301e-02
5.159505037312102360e-02
5.360874764837555984e-02
6.845072254318827765e-02
7.428661716781373436e-02
8.112129305832087300e-02
9.503544569155304711e-02
9.865070152114732704e-02
1.101220980767770585e-01
1.247939956649262438e-01
1.304536838494130269e-01
1.367003073058625784e-01
1.496113849561529208e-01
1.494469507795476715e-01
1.587172514490879927e-01
1.576379963430238895e-01
1.482659192996492736e-01
1.502631760916372239e-01
1.311229233145715656e-01
1.185719177991678142e-01
1.015123928133081083e-01
7.237386134249142178e-02
4.270471239963574001e-02
2.011576673486535974e-02
4.013774330790794397e-03
-1.239979861694165408e-02
-1.916645945400734935e-02
-2.925596865405986555e-02
-4.156388813713732949e-02
-4.794885600461312042e-02
-6.702136063850619441e-02
-7.237302220146581144e-02
-8.450413887308255712e-02
-9.509107381022637029e-02
-9.765024116183580738e-02
-1.090653777535955660e-01
-1.178488497132255119e-01
-1.200111310278839799e-01
-1.343085453692628717e-01
-1.351402838049852728e-01
-1.389569207969396369e-01
-1.464397183511889911e-01
-1.420703567613266494e-01
-1.456049941375625600e-01
-1.454821791839391865e-01
-1.383198391689138551e-01
-1.319131350337207631e-01
-1.218474908984547023e-01
-1.006615812543412564e-01
-8.307680461630706503e-02
-5.477218784739968510e-02
-2.157838737630495690e-02
1.709820200391853201e-03
8.556814709741495870e-03
1.635310702866017360e-02
1.463601786279362243e-02
1.494789264339727551e-02
1.490321859302573028e-02
1.017580358224865443e-02
1.054555505438270133e-02
6.385321940233431269e-03
5.055864271654443923e-03
1.671711074856906468e-03
-5.744252821256788308e-03
-6.234238372570691765e-03
-1.585358885142253843e-02
-4.287415464844017594e-03
-3.861903976855444488e-03
-3.194354652701341703e-03
5.870185997669488676e-03
1.429277161622388020e-02
3.080734244127670760e-02
4.181717172331462368e-02
6.234563186598152118e-02
7.487220969804819770e-02
8.936824513402871761e-02
9.685236266087830781e-02
9.913816592182771170e-02
1.049386160540481533e-01
1.019524746017985706e-01
1.010932194820845648e-01
1.010811020558716605e-01
9.028469042865555627e-02
8.875235858817516477e-02
7.594604501301172039e-02
5.784389229963358969e-02
5.121744138545292202e-02
3.687775778140282151e-02
3.308163423084570232e-02
4.554502702736610426e-02
4.438970650642716509e-02
5.361314574936647259e-02
6.525663087059976886e-02
5.398308908074421486e-02
5.927726421485724623e-02
4.622470631402077895e-02
2.797147640602207219e-02
2.295421685512146620e-02
1.335777543628479183e-02
5.273783906145857771e-03
8.190972885349966440e-03
5.965274702807494937e-03
7.771759825265308827e-03
1.141809510494982451e-02
1.140527686698681285e-02
8.153726995408252382e-03
5.792441450437221112e-03
-5.186524626101769253e-04
-9.163598496548417197e-03
-1.941556153655712644e-02
-2.022479437328868201e-02
-2.544216580840509903e-02
-2.911917229221901507e-02
-1.814786585433888003e-02
-1.770518102425044232e-02
-1.167046421957267273e-02
-5.157224259760392199e-03
-9.619097994283046585e-03
-1.383622188391549906e-03
1.802201956983324332e-02
1.846817628436701886e-02
4.049029404753967665e-02
4.520246346686308120e-02
4.560534285932844878e-02
5.949334659836572753e-02
5.459525117113961379e-02
5.843923264504306131e-02
6.201149985506752838e-02
5.453445194326037027e-02
5.724294092750079055e-02
5.341106769740119192e-02
4.544589192658089055e-02
4.727581175622021931e-02
4.086490802216029283e-02
3.878002281233945692e-02
4.092950841466913570e-02
3.482000967089778076e-02
3.586134122453074613e-02
3.005218482596647492e-02
2.384398168061592146e-02
1.952129037842017731e-02
1.235350277480440698e-02
5.378604503546341280e-03
7.224687057849257105e-04
2.577866744285895557e-04
2.523327109554709502e-04
-4.587302856797072876e-04
7.117678461763769261e-03
7.628469054222347667e-03
8.862671857398416939e-03
1.228610372682049749e-02
1.095046073242406104e-02
1.309767721400693224e-02
1.218245149725938857e-02
1.053983611456559000e-02
1.300177263860472464e-02
5.416324861773168589e-03
5.765874578007842803e-03
2.935505828620087188e-03
-1.386120339636474040e-02
-1.699152457133631597e-02
-2.601785099250515654e-02
-2.765296384546672009e-02
-3.584489857095157772e-02
-2.855681279713800230e-02
-2.192258006944447501e-02
-1.826746839193810895e-02
1.480802771272959201e-02
1.812771868611627590e-02
3.072673966208720048e-02
3.654933776384199084e-02
3.933574072656853549e-02
4.383701906824016836e-02
2.637409605198831955e-02
2.681862275471854490e-02
2.208983090172535191e-02
1.634808070993755066e-02
1.584218917612976313e-02
1.304186104812978843e-02
1.108051720617160563e-02
1.028358959291301652e-02
9.475567329403116607e-03
6.358459465016511741e-03
6.656855574353099519e-03
3.373409883180856529e-03
-3.614970258539132713e-03
-6.615276999240923307e-03
-1.791800843318273190e-02
-2.289678231120469837e-02
-2.890798628095996373e-02
-3.288539477182891857e-02
-4.177698034615644901e-02
-4.184233913363637897e-02
-4.659509596984425656e-02
-4.889738122517246766e-02
-4.874473815834855228e-02
-5.082586157174182745e-02
-4.948306159352891531e-02
-4.885207859055327312e-02
-4.805280760365718967e-02
-4.292075505571970456e-02
-4.237582877552625860e-02
-3.551532726453995176e-02
-2.673332114737915835e-02
-2.756596892916929678e-02
-7.939057608593218587e-03
-9.204050024419384995e-03
-5.252279362540601161e-03
1.135666822384271812e-03
-2.782544947437430236e-03
1.000504624530179892e-03
-2.375167489381387813e-04
1.875063820035304148e-04
1.589919307030450944e-03
4.885129083540605630e-04
1.660739282900583653e-03
1.160526829849045432e-03
4.775035023021511520e-04
1.403292110124889128e-04
-6.980459718550557436e-04
-8.380464755678256310e-04
-2.073398890701162733e-03
-2.009699015190871338e-03
-2.509854472483542039e-03
-2.882190484854206449e-03
-2.890959330605150264e-03
-3.154312558122260909e-03
-3.219399908961538374e-03
-3.266940022073890754e-03
-3.349475133804368822e-03
-3.361969446601695971e-03
-3.390670834924329902e-03
-3.410251513654484392e-03
-3.415324065370302885e-03
-3.426278202106841728e-03
-3.428015094734518375e-03
-3.430067959675499843e-03
-3.431630914828284924e-03
-3.422617964715283546e-03
-3.426853931633206882e-03
-3.411428003819070697e-03
-3.389030097109848715e-03
-3.406774632037936745e-03
-3.318665031901356279e-03
-3.317619026165758312e-03
-3.317025995993397054e-03
-3.018004976200774209e-03
-3.231377987096598157e-03
-2.862765173109166079e-03
-2.417796517259288187e-03
-3.014792787708767217e-03
-1.299177405876321368e-03
-1.110644791783436600e-03
