1.169706787976390041e-03
1.440947610906458598e-03
5.329402552694957954e-03
5.185033406570372337e-03
6.650590414373573275e-03
7.724596250215146585e-03
7.696936579279826073e-03
8.555076424777693922e-03
8.782151274440375133e-03
8.971926292838206668e-03
9.283704571171348327e-03
9.335091670026850197e-03
9.398110952875508850e-03
9.436288873141513225e-03
9.375907966729052009e-03
9.194008350399129892e-03
9.141046717389302370e-03
8.782455010406781115e-03
8.369732556990657976e-03
8.291850966112207511e-03
7.149883435508726411e-03
7.107231713418188553e-03
6.756795625820432270e-03
6.316633315578258287e-03
6.267918657079132351e-03
5.722675045975563618e-03
5.581219593968994759e-03
5.244051430800649068e-03
4.287131659865130000e-03
4.585493031401988162e-03
2.631002000765869046e-03
-7.503647053891287816e-05
1.277113832511413399e-03
-4.512486753438877708e-03
-9.449371602421242911e-03
-1.118560832704801333e-02
-2.693290162105950458e-02
-3.109985431055357213e-02
-3.672113092094028003e-02
-4.715661218332715260e-02
-4.945591054988834889e-02
-5.612768748516054618e-02
-5.917031998804067605e-02
-6.103924263909178000e-02
-6.359490193605235597e-02
-6.453026068034793672e-02
-6.446345538021169830e-02
-6.384305175484850103e-02
-6.364538006824468908e-02
-5.901923102521160203e-02
-5.610908230295224425e-02
-5.559308960105829173e-02
-4.860747923252124042e-02
-4.762943280229750553e-02
-4.587922968905602805e-02
-4.039584672348474348e-02
-3.551953241343210055e-02
-2.074247713678531446e-02
-1.513236778726249204e-02
-1.318625275853141203e-02
-8.353772919073628594e-03
-4.419034695946764263e-03
-1.034469746095139763e-03
4.084499450014714844e-03
1.486451714077042206e-02
1.863056762615656822e-02
2.198127623767847511e-02
2.563518495935479188e-02
2.941188641435766096e-02
3.236094262149054324e-02
3.469681689524670154e-02
3.717819461242466428e-02
3.837099521382400513e-02
3.998558056681414397e-02
4.218984733625311123e-02
4.325940184198334704e-02
4.512545270097324118e-02
4.824932944285198477e-02
4.969359980699682849e-02
5.200850321737288812e-02
5.389581929277655059e-02
5.446791241042393816e-02
5.576837027267576852e-02
5.443774258085897627e-02
5.307662219763160244e-02
4.979090299374878958e-02
4.704446201141249118e-02
4.292688771828014060e-02
3.518444130240281492e-02
3.062448154230288863e-02
2.219181160111628054e-02
1.703921866719708411e-02
1.087863998116828795e-02
5.336419896095153173e-03
7.523850243172636003e-03
4.678222233569496319e-03
3.551768448666021722e-03
9.050613959407613138e-03
5.715603064259899141e-03
2.038575866768341932e-03
2.294332683082237964e-03
-7.278959389154326595e-03
-1.178924483631224596e-02
-1.301726968539277871e-02
-1.823314328809758772e-02
-2.249977773823770566e-02
-2.574265594062092807e-02
-3.445462638504705188e-02
-3.562627356116047916e-02
-3.326138711740074527e-02
-2.781582240797014771e-02
-2.807439864156204695e-02
-2.127884911761688744e-02
-2.190157507784032398e-02
-2.361835861324895064e-02
-2.432874840067363043e-02
-2.831837606989360406e-02
-2.393634171756426135e-02
-1.881479610108895834e-02
-1.150577872432404121e-02
-8.272442266334847482e-04
3.509810093019746779e-03
4.107885316859915398e-03
2.496044796462672938e-03
-9.802815969834849461e-04
-1.301147313887462357e-03
-9.294380461344162181e-03
-1.001120494010686486e-02
-1.160830888925417151e-02
-1.438610541843391745e-02
-1.362326472124530258e-02
-1.454209725943690808e-02
-1.447327301735918531e-02
-1.397614779055846371e-02
-1.309915145902808449e-02
-1.178156616985609646e-02
-1.084764189284102148e-02
-7.138949710274225188e-03
-5.942902058181386699e-03
1.019282421093516220e-03
7.136661793108671492e-03
1.064486317876515119e-02
2.535618207693201079e-02
2.686953153117128262e-02
3.324352097695543184e-02
3.821157265126697011e-02
3.568481788608322131e-02
4.044659886811813321e-02
3.733153189717378084e-02
3.400924065033635729e-02
3.320215909173958313e-02
2.508980466015614530e-02
2.313399898961717230e-02
1.755188497532183742e-02
1.179673013218149845e-02
1.288885517476919852e-02
7.613814446904292217e-03
5.412012726843726598e-03
6.772836758206638927e-03
1.772444174463787790e-03
5.718212398502509931e-03
6.685622173623785927e-03
6.386025377740077100e-03
1.411160340628198062e-02
1.468555951172232504e-02
1.522549937068956236e-02
1.707843324443301253e-02
1.304716702972320841e-02
1.193429155777935013e-02
9.904173123347001506e-03
5.477160978536985830e-03
6.483358854295444111e-03
4.364394022517027044e-03
3.728081063171119654e-03
3.595652613300449451e-03
-2.535338418221622309e-04
-1.253527958495349003e-03
-2.998410684434551967e-03
-3.861651657644013698e-03
-2.969073508100422113e-04
2.016287324855686042e-03
5.438068443032897589e-03
7.184478542113718717e-03
8.482129409894694286e-03
9.415944042833218619e-03
7.177853910713574530e-03
7.132979089947312848e-03
6.430171546038658016e-03
8.116945846536120475e-04
-2.150687615164936003e-03
-3.859870330240095307e-03
-1.176137895429299127e-02
-1.184881340366494840e-02
-1.353160241291773841e-02
-1.686675157072406797e-02
-1.449832700161611879e-02
-1.748042177823667942e-02
-1.803908098401851845e-02
-1.901219162209801666e-02
-1.826466690568727749e-02
-1.694215167424057908e-02
-1.399078428070838973e-02
-1.119010799886413152e-02
-1.120760689509518217e-02
-1.133687419238791315e-02
-1.227215149753772133e-02
-1.112916207006028196e-02
-1.671318713306539985e-02
-1.827519763932456895e-02
-2.407907199465670819e-02
-2.981124195840273439e-02
-3.166973235521076263e-02
-4.043832732451665968e-02
-4.197975827394892501e-02
-4.076301426768169645e-02
-4.782629507571856120e-02
-4.529531016147308325e-02
-4.671849221198245972e-02
-4.838708815209605968e-02
-4.143437650092960528e-02
-4.550135707907967952e-02
-4.712687472879237283e-02
-4.538325260914490011e-02
-5.434942312544611964e-02
-5.362303362912938798e-02
-5.545162577541313392e-02
-5.826973560718620715e-02
-5.752691386730425516e-02
-5.794351444257560269e-02
-5.759736003128500259e-02
-5.654898912387716636e-02
-5.258819968995882832e-02
-5.005601299147527383e-02
-4.850720621608413385e-02
-4.604712912270899489e-02
-4.443952184875547828e-02
-4.216252992839680802e-02
-4.082946216509315829e-02
-3.715246569168557250e-02
-3.752337552148796163e-02
-3.547445160559766636e-02
-3.795272358762526166e-02
-3.755962909849999004e-02
-3.605490438024475802e-02
-4.757546757356757167e-02
-4.470638043852190324e-02
-4.768177076810502235e-02
-4.780542523544964451e-02
-3.615987727562840898e-02
-3.253950745082422047e-02
-2.890707342866067134e-02
-1.890767169263847872e-02
-2.004738725419296860e-02
-1.769699519274232219e-02
-1.753695687943336579e-02
-2.018281702725150881e-02
-1.344346487668627611e-02
-1.104347533811173357e-02
-7.296429254410892636e-03
-5.402417352819093889e-03
2.905840786579781589e-03
4.864027608489469683e-03
1.642187172241787486e-03
5.395759130995358629e-03
2.233111894149677774e-03
1.923892297022427233e-03
7.219330518921406210e-03
4.135585026244732731e-03
1.163619136024021325e-02
1.449499192793620578e-02
7.268326940210307480e-03
1.308173016325768490e-02
8.803899874547806148e-03
1.078797392950181511e-02
1.330773535413129309e-02
1.492514874643752036e-02
2.325923004875627559e-02
2.542274817138337126e-02
2.687520814311522219e-02
2.866724759915605103e-02
3.231590011141627361e-02
3.414753495492304364e-02
3.772201483506885250e-02
3.838268682700752416e-02
3.580729081673730829e-02
3.805686692575226127e-02
3.694998644181025915e-02
3.843329321204751181e-02
4.091981384174933623e-02
4.074513811097135729e-02
4.628557040333047823e-02
4.670796721256383066e-02
4.784682418221646028e-02
4.881232557413171108e-02
4.810069418448624512e-02
4.776839890716182147e-02
4.518451979642996302e-02
4.472136830247984418e-02
3.966141108328085502e-02
3.654659218557606420e-02
3.309083713565490192e-02
2.087679372943389983e-02
1.567929512831354663e-02
4.616805366606831565e-03
-4.055245990190681042e-03
-1.078857977687842917e-02
-1.939314342127496441e-02
-2.581540328714791721e-02
-3.282396366626987028e-02
-3.524581586138596928e-02
-4.283278512472839250e-02
-4.798112237308725658e-02
-5.777899654876823832e-02
-6.234664995195259019e-02
-6.388501542171660941e-02
-6.963318216741398725e-02
-6.838821764649682944e-02
-6.940797648008774356e-02
-7.058077541819274270e-02
-6.347377147006943998e-02
-6.312661556062724999e-02
-6.037193733894060527e-02
-5.512187939762886596e-02
-5.465647934642325900e-02
-5.133071214231481327e-02
-4.453140349423061889e-02
-4.478611695945008270e-02
-3.434758943711659074e-02
-2.693706422003106990e-02
-3.035304709610416735e-02
-7.275998953437635801e-03
-9.542550459398068535e-03
-1.723304661842285299e-02
-8.103725421854154898e-03
-2.345745774910805090e-02
-1.591194093805122292e-02
-1.233951205750646873e-02
-1.613860030135405577e-02
5.355624700715256453e-03
9.038123652104379513e-03
2.127615701682439645e-02
3.886126483444723306e-02
4.196647093581816479e-02
5.489390395257133515e-02
6.736043407673786287e-02
6.290071994380896925e-02
7.280393165330106831e-02
7.879106705267868715e-02
7.808536216160354149e-02
8.925193998897835990e-02
8.712203457825540287e-02
8.994268006221081690e-02
9.428766857272562196e-02
9.041837862372563428e-02
9.322320659990102065e-02
9.214114487377272900e-02
8.770790030646315183e-02
8.944791455607345454e-02
8.513717602428458320e-02
8.434043425194769072e-02
8.383335555948318030e-02
7.934038936249827867e-02
7.938866356677982961e-02
7.631066457866560182e-02
7.206521465815465821e-02
7.207329438312590209e-02
6.545366986450648628e-02
6.196462693676128841e-02
5.777672471538772975e-02
4.563862190913320349e-02
4.576564254622877970e-02
3.695065936061876777e-02
3.454684387355269615e-02
3.276951736383885982e-02
3.062093646457318338e-02
2.909838211994980953e-02
2.679990573963754105e-02
2.623252590512321208e-02
2.297138091553798528e-02
2.246275652975907727e-02
2.002170829093095905e-02
1.877741189800177790e-02
1.777410364819988903e-02
1.657969052536877735e-02
1.537070394975770943e-02
1.453661813337374896e-02
1.354173982116468368e-02
1.133956711924099907e-02
1.150534812774520882e-02
8.385032408420790839e-03
5.135197146573722976e-03
3.484109258573681988e-03
-5.928479195461075664e-03
-8.920924471062494782e-03
-1.237577419516619481e-02
-1.697510487589840369e-02
-2.029313933675698511e-02
-2.238928517859525846e-02
-2.554976892574684771e-02
-2.705574892165448289e-02
-2.838388147793348068e-02
-2.975070465996853750e-02
-2.984410328602482565e-02
-2.992723342596420935e-02
-2.984826132274019661e-02
-2.820302561154187579e-02
-2.736334937382290874e-02
-2.554362938345417638e-02
-2.197212715424884735e-02
-2.110296192309245658e-02
-1.618637098906797189e-02
-1.411111295546007768e-02
-1.312821850809850130e-02
-8.614540454969121797e-03
-8.140314678830787645e-03
-6.518491679964154815e-03
-4.794590274939481388e-03
-4.177844311237299824e-03
-3.133740346714992964e-03
-1.993357529818482778e-03
-1.454790474037597229e-03
-7.911224531942150171e-04
1.120777401280841339e-03
1.554484080444097421e-03
2.189456564480957851e-03
2.891116186609058933e-03
3.137645409908445832e-03
3.482520904491322351e-03
3.812413235180891861e-03
3.944427495183507396e-03
3.979635297443621413e-03
4.045666385583927480e-03
4.086673714096981935e-03
4.115457539784270549e-03
4.149443942165197477e-03
4.169334006892139004e-03
4.188484083217455627e-03
4.204475841374538669e-03
4.214942767271381147e-03
4.225903122980081451e-03
4.231447488922556247e-03
4.236945574551845978e-03
4.241832668016281248e-03
4.238298349444282256e-03
4.244466277614825783e-03
4.238506126821967382e-03
4.228009821877235126e-03
4.242063874779205580e-03
4.203028083241072167e-03
4.209309021243685250e-03
4.216955657656278056e-03
4.107039216713567926e-03
4.214471108302784291e-03
4.087558067079314142e-03
3.952956446728603419e-03
4.280373577787177988e-03
3.607589491023992321e-03
4.004384111541687066e-03
4.539609566262626204e-03
