-5.327951227082671284e-04
-4.913952069390966574e-04
-9.528257875926420635e-04
-1.036369244632015475e-03
-4.981488961003455260e-04
-6.148037129345896483e-04
-4.054377916616324902e-04
-3.121552167461226729e-04
-3.131645068907300180e-04
-2.343358590991511238e-04
-2.233389912902742941e-04
-2.078822905474795755e-04
-1.865366543109141294e-04
-1.838940040902227197e-04
-1.752274536805956357e-04
-1.702544152303018296e-04
-1.682883001391260081e-04
-1.648629514909458150e-04
-1.634139793823742473e-04
-1.616562483961627003e-04
-1.600745063058957134e-04
-1.586407712886925400e-04
-1.558061650949824225e-04
-1.544780865759339428e-04
-1.496908319705338457e-04
-1.438150842648930957e-04
-1.414559493261361952e-04
-1.225471022772260806e-04
-1.155448080937892619e-04
-1.003359676467974003e-04
-3.950412653271908291e-05
-5.376631593375134173e-05
5.377722940657018026e-05
1.782541202317963118e-04
1.022633229742663159e-04
6.929907636019797066e-04
1.105034554067277916e-03
1.213518575605107867e-03
2.453503467658199166e-03
2.927764666105721163e-03
2.896174923304419523e-03
7.793753875276245198e-03
7.923717820442608209e-03
8.588276563711597089e-03
9.738476007051147243e-03
9.091284817146067648e-03
7.666742508578639100e-03
6.440319639615053535e-03
7.897123418503538064e-03
6.586878432309970811e-03
8.111483572616300791e-03
9.181921273841767844e-03
5.252854184224397399e-03
7.881826332762260218e-03
6.276937869974370983e-03
-8.583628510745452272e-03
-1.259150899462574413e-02
-2.929577461577570832e-02
-3.228288147516119450e-02
-4.591460754209223533e-02
-4.958502202398095554e-02
-5.125501813751302815e-02
-5.789115382440053470e-02
-5.625656822005163649e-02
-6.536745121326013874e-02
-6.606188437131493840e-02
-5.776209958227503799e-02
-6.092859831154685823e-02
-4.878044621582231649e-02
-4.074748757653992581e-02
-3.519730199132967141e-02
-1.463292434480949547e-02
-8.971177993653062926e-03
-4.749528398424183659e-03
5.413419499764707959e-03
5.581486460664986278e-03
1.019159027037521564e-02
1.377338370358255869e-02
1.350665825120405186e-02
1.450327949054864077e-02
1.385369754734460876e-02
9.177748816410084831e-03
4.850279026150273662e-03
-1.824720386245398240e-03
-6.821103582844932275e-03
-1.338432677264303830e-02
-1.364260422039876956e-02
-5.212327487590010140e-03
1.567936005340270136e-03
3.033755099477164745e-03
4.030363696186508964e-03
4.978039019832728417e-03
6.806854414540099499e-03
7.434489797649677066e-03
5.335896635463986681e-03
6.219441709172810785e-03
4.780951337993171076e-03
-4.781218202001668270e-03
-7.911615630622974293e-03
-1.853303775364440950e-02
-2.621323902409039563e-02
-2.633289933511094930e-02
-3.239498853616189916e-02
-3.877125557836961361e-02
-3.728876678064703409e-02
-4.117667854557349738e-02
-4.000290857800223310e-02
-3.759825473055566913e-02
-3.733446879342577213e-02
-3.457214955944844931e-02
-3.079390097350449482e-02
-3.203702691429298477e-02
-3.239847010130386673e-02
-3.502134508479040620e-02
-3.981938632238932185e-02
-4.266847877479302414e-02
-4.968440895065866225e-02
-5.050229058574644964e-02
-5.667569347536138835e-02
-5.814733592842920296e-02
-6.219199760275627431e-02
-6.278965554494003731e-02
-6.039270933955141751e-02
-6.139004206447935125e-02
-5.507395303788271274e-02
-5.395630280370120740e-02
-5.645372207694366457e-02
-5.374639930521181441e-02
-5.426677222267129591e-02
-5.249386607116139636e-02
-5.058219104637491637e-02
-4.977360180858350636e-02
-4.688079809055600844e-02
-4.917805650414166369e-02
-4.845878828421555651e-02
-4.451200720603769312e-02
-4.745296147405406173e-02
-4.299542948248951529e-02
-4.043997932225291275e-02
-3.958176008587094979e-02
-2.323869902542152407e-02
-2.142402771618663951e-02
-1.882163844136763506e-02
-1.277002715929755235e-02
-1.003689622569056521e-02
-2.182236880943626365e-03
-4.171219038556745785e-03
5.373085333536388178e-06
-1.230187893483421354e-03
1.027314549480046841e-03
2.062640141039531316e-03
1.677749854928347597e-03
7.352843085864679048e-04
-4.997543854314048448e-03
-8.047180035090330946e-03
-1.590901487451941779e-02
-2.544480508057687593e-02
-3.361035171279767170e-02
-3.435358271342245362e-02
-4.751584912498945518e-02
-4.358697339873597587e-02
-4.213755626336527366e-02
-4.282303975902485710e-02
-3.187284610023655845e-02
-3.388087519228629579e-02
-3.373791849383638020e-02
-3.030343115989144950e-02
-3.422360141488720031e-02
-3.043547803563367848e-02
-2.627318361052417492e-02
-2.814656445978127794e-02
-2.369462599058581517e-02
-2.671496686227850526e-02
-3.109933983157485426e-02
-3.099022015420674001e-02
-3.387275040634957907e-02
-3.091156199086487338e-02
-2.721982981738474763e-02
-2.420653798625023098e-02
-1.970975069580508179e-02
-2.076607705736049220e-02
-1.854060672213350344e-02
-2.161784573360204034e-02
-2.780007684746430355e-02
-2.868837072360081591e-02
-3.582797501968230935e-02
-3.831234433352632973e-02
-4.381834018347684212e-02
-4.838923668128999184e-02
-5.644615774470821551e-02
-5.849839151544453109e-02
-6.169435372055486616e-02
-6.363543079535663449e-02
-6.335111774019608344e-02
-6.495378356239540907e-02
-6.134933150193183637e-02
-6.070111480879439997e-02
-6.040492851209921382e-02
-5.661061015276361991e-02
-5.863846350633683535e-02
-5.501884981068958652e-02
-5.556495234325474486e-02
-6.009781014536046823e-02
-6.131658945583724762e-02
-6.568438448704705390e-02
-6.963025265994250701e-02
-7.109437696406939455e-02
-7.578568364695964510e-02
-7.852755861841494156e-02
-7.990374997166188598e-02
-8.553459644478837720e-02
-8.557648463765649138e-02
-8.725754791849739400e-02
-8.933271802798253836e-02
-7.738737180791308012e-02
-7.788746590695183603e-02
-6.988078045760297285e-02
-5.663874216073101070e-02
-5.302984067981129229e-02
-4.512717942840398233e-02
-3.819318215140782291e-02
-3.656749962895954748e-02
-2.914315930003474192e-02
-1.877463443636090065e-02
-1.554611753275959678e-02
-6.438085310611282863e-04
2.282257939349378439e-03
1.030510240596166794e-03
2.572956974521525483e-03
8.205473205312534789e-04
7.567281479919856055e-05
-3.652087575558142854e-03
-6.507540680354775148e-03
-1.673759527266291099e-03
-3.917109809466673594e-03
-6.872830261177918613e-03
-8.357883855401544715e-03
-1.930647918775750191e-02
-2.223479789338799958e-02
-2.885673884158925992e-02
-3.538731176764548653e-02
-3.923117549205752674e-02
-4.585786496857904848e-02
-4.760759363810812550e-02
-4.675562490957468897e-02
-5.634547588277245833e-02
-5.041901060444789473e-02
-4.070943159188793875e-02
-3.470422927804264063e-02
-2.874938385124645168e-02
-2.132032952046183233e-02
-1.569115764595182053e-02
-7.151070677996793079e-03
1.084179423769297129e-02
2.367566169364244272e-02
3.446419779096410174e-02
4.396468329100780559e-02
4.575444926176133742e-02
4.953848679859880477e-02
4.951446448647237736e-02
4.877344627487926326e-02
4.894883359655180510e-02
4.156857676542971558e-02
3.802110115452963374e-02
3.161763316302178967e-02
2.246033283692044913e-02
1.983156325812611073e-02
2.413186182542095826e-02
2.175318481245419600e-02
2.010365527887730472e-02
1.825979623146149755e-02
1.582416807891779201e-02
1.108904387254212864e-02
1.017579770032463193e-02
3.740424348039279260e-03
-1.873152499543336491e-03
-5.342819434927561367e-03
-1.785111155012385209e-02
-2.333584015861589478e-02
-2.741332720620271585e-02
-3.560324902331358371e-02
-4.242786078996239885e-02
-4.763912024479385193e-02
-5.344573047559478957e-02
-5.700808925055213250e-02
-6.025232786778147998e-02
-6.466814395664581550e-02
-6.951714822923865666e-02
-7.494774564727693655e-02
-8.177684264984627638e-02
-8.664310574429542888e-02
-8.802482420209924163e-02
-9.007870187506746007e-02
-9.189689632496440830e-02
-9.136207313444182077e-02
-9.335065086893738762e-02
-9.380490064573099307e-02
-9.315756961368104605e-02
-9.362103507075256181e-02
-9.333834335249462100e-02
-9.054806169900957158e-02
-9.076121709308460073e-02
-8.687105266791281255e-02
-8.041457902489985987e-02
-7.596245594936612555e-02
-6.669756654881919822e-02
-6.183620290759937049e-02
-5.354350289926681356e-02
-4.698008114243358568e-02
-4.632541321121047551e-02
-4.014720840693331710e-02
-4.002677986883833305e-02
-3.542021661632337864e-02
-3.106073946011272957e-02
-2.247170314998381616e-02
-1.844843430249015412e-02
-9.794308169402800648e-03
-6.658118795096292820e-03
1.345779351359909122e-03
2.326306452511547971e-03
1.558829967144082559e-03
3.546488615524704107e-03
3.825757275491295083e-03
3.312343197862130037e-03
4.545655517490213883e-03
5.520915023996656595e-03
1.235709829500164720e-03
2.044775082426327406e-04
-1.583513001013455964e-03
-9.456047458555548110e-03
-9.377960500020529611e-03
-2.129251868991001093e-02
-2.649119256881729209e-02
-2.996234688165911111e-02
-5.371438188193609214e-02
-5.752457224008068054e-02
-5.993646319352908397e-02
-6.821192317593396948e-02
-6.981356274088088010e-02
-6.968443644905568390e-02
-7.520345932638029807e-02
-7.482937486700645680e-02
-6.577165862629177906e-02
-6.449673713854481294e-02
-5.788064119332923807e-02
-5.316755984968291743e-02
-5.153892534563026678e-02
-4.506273429673274267e-02
-4.011941400670947233e-02
-3.878001002189113838e-02
-2.296350098756443775e-02
-2.244193433884888317e-02
-1.982839146688494467e-02
-1.550302321279568851e-02
-1.529204398107874598e-02
-1.338443747971196363e-02
-1.166497712714215616e-02
-1.092720944980962727e-02
-9.575572810438739632e-03
-6.669006677447244028e-03
-6.580453905267274334e-03
-3.097849732012345012e-03
-3.405986771520944090e-03
-3.512504264977434586e-03
-2.699306365943284197e-03
-2.727620598344864151e-03
-2.454866080693598497e-03
-2.276988043646121194e-03
-2.255569140674372128e-03
-2.146389910821127137e-03
-2.113660723322059211e-03
-2.089818361599342280e-03
-2.057490268449622701e-03
-2.049384762849719172e-03
-2.037305699754216916e-03
-2.029081672432234747e-03
-2.025880906396726640e-03
-2.021344186908472212e-03
-2.019679211726192920e-03
-2.018262477977915328e-03
-2.016931134567223702e-03
-2.018098621644948045e-03
-2.016361445956336897e-03
-2.018420530697168005e-03
-2.022131422332499196e-03
-2.016163392326570606e-03
-2.032580679510812179e-03
-2.029666277717897139e-03
-2.021851964369355496e-03
-2.087424113975083328e-03
-2.018118998887730945e-03
-2.090672323368427971e-03
-2.227759617585566617e-03
-1.914754621199774845e-03
-2.584685845072152207e-03
-2.804711285502074769e-03
