1.157993249413292493e-02
1.163121780285651663e-02
2.062517072710681743e-02
2.050140990962757287e-02
2.488732343068998307e-02
2.594595988955630123e-02
2.669000708324769169e-02
2.719420232597634032e-02
2.724105698101345757e-02
2.744894537265985326e-02
2.748808184435353602e-02
2.752643503145722412e-02
2.757951090792575694e-02
2.758631087421007169e-02
2.760754239991019404e-02
2.761977238116938849e-02
2.762460018063174830e-02
2.763300317994528757e-02
2.763655927517343069e-02
2.764087200631731162e-02
2.764475302817277075e-02
2.764827049306047002e-02
2.765522658696095357e-02
2.765848590434638252e-02
2.767022267752268852e-02
2.768468073975355673e-02
2.769044335906127932e-02
2.773670413138798821e-02
2.775491044378068303e-02
2.779062361640352238e-02
2.793951221927749168e-02
2.791994498788703469e-02
2.813982737540214954e-02
2.847282109624997212e-02
2.837581482845965078e-02
2.908532923292641431e-02
3.011490895132878237e-02
3.019912108881127669e-02
3.313885136693785205e-02
3.464631558606622724e-02
3.448593875878346732e-02
4.585879276924060416e-02
4.599650344092505450e-02
4.775458194056571987e-02
5.008490762811469016e-02
4.896533190623878623e-02
4.525276293574942432e-02
4.246929231522805770e-02
4.500276031815964028e-02
4.216559459339778299e-02
4.175606957900326183e-02
4.400725061526562787e-02
3.979701436775226475e-02
4.330480360708485049e-02
3.917555109453194073e-02
1.115540018252737971e-02
2.602756815600298142e-03
-3.557125343598815936e-02
-4.253397780239394355e-02
-7.378155322421062201e-02
-8.284984441861861781e-02
-8.710427555216782025e-02
-1.050617152878213501e-01
-9.915600027649539017e-02
-1.144044105906230208e-01
-1.151555769008831692e-01
-9.803238147614563858e-02
-1.031530732696830516e-01
-7.708394010557748088e-02
-5.699717173774199175e-02
-4.522036484027151804e-02
-5.706425756173751432e-03
6.177492572888741360e-03
1.799724537258212687e-02
4.042464635557849878e-02
4.171379895844303659e-02
5.337382166011613721e-02
6.069432006919216194e-02
5.974878844422687463e-02
6.348856198892212366e-02
6.063259387647948473e-02
5.189235368818297806e-02
4.361181091738071391e-02
3.016225854888145499e-02
1.935341305349382382e-02
5.742734678046873195e-03
4.037581877860831059e-03
2.022072061313050922e-02
2.972638395516786700e-02
3.296393481420989424e-02
3.568588136069202055e-02
3.802199000077826491e-02
3.856209202293733179e-02
4.001117287426625424e-02
4.005407267229820628e-02
4.064621053279689200e-02
3.758783164357545198e-02
1.912650222724564947e-02
1.271700327854155543e-02
-1.012529199603874955e-02
-2.812999012385078781e-02
-3.011947674710234793e-02
-4.341135807742600716e-02
-5.664171225664212800e-02
-5.379913441679459729e-02
-6.225659504346609668e-02
-5.985706820619680901e-02
-5.502700924636704655e-02
-5.527304454250268895e-02
-4.959353834348074336e-02
-4.311174819791441237e-02
-4.582802435360519566e-02
-4.616894929528964076e-02
-5.224627065421689337e-02
-6.204065281095411805e-02
-6.859030992894396550e-02
-8.290635377977681464e-02
-8.606766975292229338e-02
-9.907902770311120821e-02
-1.028907715853071836e-01
-1.107073393874130202e-01
-1.128754600740920766e-01
-1.076868385506130343e-01
-1.109639136234480128e-01
-9.930545538062580946e-02
-9.701760164005457376e-02
-9.916933296543119225e-02
-9.285099323980861019e-02
-9.442401168370019582e-02
-9.036015224685768621e-02
-8.644393582134879406e-02
-8.656693233436899004e-02
-7.952337220776106719e-02
-8.292227903439065850e-02
-8.116432520846614262e-02
-7.245072234401198075e-02
-7.822752150932682502e-02
-6.716057385931459289e-02
-6.044122954740930448e-02
-5.873756125108237081e-02
-2.398082394299537110e-02
-2.018691931833489078e-02
-1.210078254279589767e-02
1.672618393962531065e-03
5.969833854975671768e-03
2.176916657203155012e-02
1.864601922306729012e-02
2.769515480671011151e-02
2.610619875923158792e-02
3.010875809065493083e-02
3.176058213734707369e-02
3.255550294919142690e-02
3.039641326151082054e-02
1.813836675567260734e-02
1.014916850420685343e-02
-6.521191295401131474e-03
-2.776613978199017271e-02
-4.505096099711055485e-02
-4.681622099482200122e-02
-7.263058960268020670e-02
-6.458217905853461116e-02
-6.244249797708336519e-02
-6.605684169636411029e-02
-4.550532068041372724e-02
-4.924395719644531627e-02
-4.709129712963684017e-02
-3.815602523541400393e-02
-4.544958020799474974e-02
-3.769224607928779724e-02
-3.167769870231986612e-02
-3.639275322591641049e-02
-2.786051564486631896e-02
-3.329283230113653375e-02
-3.887580451731068032e-02
-3.653491449846689443e-02
-4.209502544704352145e-02
-3.589532975389479047e-02
-3.063098193134473554e-02
-2.654685727100309159e-02
-1.772269024379619431e-02
-2.061058447681561254e-02
-1.653906887192330838e-02
-2.198577499144829805e-02
-3.310077080005362216e-02
-3.553057358143694305e-02
-5.131128954334479575e-02
-5.832053819040163012e-02
-7.286075689001306199e-02
-8.291081678892718576e-02
-9.647216342747676199e-02
-1.005948040871365717e-01
-1.076798227224703280e-01
-1.117554201018103738e-01
-1.111251195063425456e-01
-1.153645670852301436e-01
-1.097689129210533826e-01
-1.090044563349924500e-01
-1.085511708555431387e-01
-1.011795436181430058e-01
-1.055738842075792383e-01
-1.005445682337087754e-01
-1.020011526144361386e-01
-1.107486655880604715e-01
-1.126614183860417950e-01
-1.209294224728680311e-01
-1.295404667350552319e-01
-1.324201113393214113e-01
-1.429930457225650764e-01
-1.488363571954082476e-01
-1.515274107688207861e-01
-1.632358006254383265e-01
-1.618332521756584985e-01
-1.653892758885372183e-01
-1.694326826013095033e-01
-1.474139816348076504e-01
-1.472177446909805620e-01
-1.308524209186764098e-01
-1.050272289712429891e-01
-9.697598564988425818e-02
-7.630928878963690043e-02
-5.955359192907255794e-02
-5.320483683204346725e-02
-3.443948844380591984e-02
-1.191836774902560112e-02
-5.023874116514825787e-03
2.510345303667955996e-02
3.150380314106563523e-02
3.048346940445722381e-02
3.331691273076111542e-02
2.903381889195610563e-02
2.823054228237218202e-02
2.326158957607742800e-02
1.678621903625237763e-02
2.566077056839662085e-02
1.931381913036563092e-02
1.271948094383327024e-02
9.478504975489117010e-03
-1.421780587747237777e-02
-2.087353756685631986e-02
-3.630567177083372787e-02
-5.180838692978459448e-02
-5.843201174975699158e-02
-7.307542217343587776e-02
-7.858880990794961385e-02
-7.633493453964779185e-02
-9.088837711336586467e-02
-7.914868330176604017e-02
-6.304159081295133971e-02
-5.097317190095285167e-02
-3.592697016472681110e-02
-1.781631969519612002e-02
-1.908861098047917202e-03
1.902986569580132972e-02
5.777167946886375277e-02
8.744056906726624390e-02
1.121642176522933271e-01
1.339425468862568136e-01
1.382550338116799171e-01
1.491692378239536099e-01
1.492776427882804291e-01
1.463062820301377909e-01
1.470798511766171490e-01
1.310461268505659915e-01
1.232262704776708184e-01
1.094067771922958426e-01
8.997750993738512504e-02
8.298162670299757959e-02
8.777345095482420867e-02
8.176525752992856722e-02
7.817443896498857403e-02
7.395410057087332956e-02
6.787657082672170217e-02
5.597815079440281172e-02
5.286846405997831788e-02
3.857392816547360048e-02
2.514629680844915338e-02
1.699994888931645812e-02
-8.111680513570571072e-03
-2.095545854354724513e-02
-3.360594158682209814e-02
-5.222353718792526606e-02
-6.660188275334939789e-02
-7.876206214781721060e-02
-9.208271887238085596e-02
-1.014788632241482857e-01
-1.107876845060977722e-01
-1.217963502410051302e-01
-1.329621001027999905e-01
-1.446180478508020395e-01
-1.581088155339320234e-01
-1.684926568014583903e-01
-1.735714999751337972e-01
-1.787219928740479413e-01
-1.809166494778589040e-01
-1.806928675150590857e-01
-1.837225380725992507e-01
-1.844316122492983545e-01
-1.829120167566176680e-01
-1.834119554894333148e-01
-1.820203589952974765e-01
-1.757242566470704481e-01
-1.749186183544243212e-01
-1.654340123699679366e-01
-1.535771005099000330e-01
-1.440533156112632496e-01
-1.249000876017532791e-01
-1.146919662874653911e-01
-9.808740670698723463e-02
-8.290682874830380966e-02
-7.859157517497139533e-02
-6.364949384214362016e-02
-6.124197936833736949e-02
-5.063868798385263992e-02
-3.998686248010129007e-02
-2.073999776943936946e-02
-1.122136666120643160e-02
8.873898628553660364e-03
1.600157088721702522e-02
2.888707634814789010e-02
3.163392588405217892e-02
3.058272303519226146e-02
3.493989660056007890e-02
3.563664695993694342e-02
3.413923917591022567e-02
3.530480188372380618e-02
3.680151637299137329e-02
2.321397733053781262e-02
2.237560035850130052e-02
1.806156671628800572e-02
6.877059248690257226e-03
7.122197663941454149e-03
-1.944473019378537698e-02
-3.231107873178108714e-02
-3.975835552652881577e-02
-9.030499158294642836e-02
-9.910503263797774964e-02
-1.073028321197035950e-01
-1.270632782662364235e-01
-1.310014229303481659e-01
-1.308511204160706098e-01
-1.416498929244952298e-01
-1.401645044633056947e-01
-1.194014780374996060e-01
-1.174284569196562267e-01
-1.027316600348458786e-01
-9.129771183280757652e-02
-8.738147492888956314e-02
-7.190316685696791776e-02
-5.983236994363761579e-02
-5.674875673329807246e-02
-2.417487995778349469e-02
-2.293050401274764755e-02
-1.624571628853972022e-02
-6.007317012788416892e-03
-5.416472028535714023e-03
-7.276425202925315217e-04
3.409511575122152645e-03
5.167308952608745155e-03
8.373949301096790185e-03
1.436968692748214101e-02
1.447667702396300722e-02
2.093937373837312030e-02
2.059902191368819316e-02
2.071584223488695878e-02
2.262272821473570311e-02
2.179778433609144694e-02
2.244907236891964183e-02
2.281864968679104405e-02
2.281984873674105033e-02
2.308990240485456896e-02
2.316460645764252882e-02
2.322129452951247203e-02
2.330083789770276068e-02
2.332044581899336486e-02
2.335005724549487835e-02
2.337024466531567590e-02
2.337808826196781375e-02
2.338922028190189295e-02
2.339330575585014949e-02
2.339678121594263374e-02
2.340004801975958948e-02
2.339718713103920711e-02
2.340143416889938974e-02
2.339640920224336090e-02
2.338734879189859062e-02
2.340160893507110124e-02
2.336242078129882951e-02
2.336886462234286782e-02
2.338245286095579772e-02
2.324607412816661819e-02
2.337184424709604427e-02
2.317598171377983213e-02
2.313777294454160555e-02
2.302616000184517370e-02
2.222488336008743293e-02
2.223818706078116089e-02
