1.034335975002951130e-01
1.113523558607720093e-01
2.115697607085406107e-01
2.210359793594402766e-01
2.235859653818747794e-01
2.398642453335777525e-01
2.286317285118409093e-01
2.340088257112765135e-01
2.348623646159473388e-01
2.324802144735600151e-01
2.348368299232511669e-01
2.340127071741882059e-01
2.340234810754016903e-01
2.345429428178608666e-01
2.341780077753955747e-01
2.343810117359100831e-01
2.344062512662501152e-01
2.343308739654820505e-01
2.344083073229840941e-01
2.343753126146715937e-01
2.343558791865428259e-01
2.343659955201854994e-01
2.343217532639240708e-01
2.342694744727137623e-01
2.342661573086910198e-01
2.341141577273362362e-01
2.340311374835565283e-01
2.339724880298799381e-01
2.334601514957776458e-01
2.335312580112834380e-01
2.329119047249079144e-01
2.317550522850395645e-01
2.324282244653170515e-01
2.290219480512326322e-01
2.283029399440930085e-01
2.283604957828268556e-01
2.151146463589928559e-01
2.134862630440187703e-01
2.063086035051568956e-01
2.016139736155784790e-01
1.978533698437260346e-01
1.955779218111004525e-01
1.887078676198490068e-01
1.846125709571442841e-01
1.825363650456190701e-01
1.618127767707079334e-01
1.647054932008963080e-01
1.444603247916441957e-01
1.390629643140539051e-01
1.389899116056690642e-01
1.005116914977635251e-01
1.212808933986337379e-01
7.479239099560144877e-02
7.106509415173087318e-03
-9.133311329485761451e-03
-1.198475782305528370e-01
-1.237615602123218750e-01
-1.741284771963070022e-01
-1.854028577989474402e-01
-1.925103751273403441e-01
-2.371931312407254411e-01
-2.291241619628444914e-01
-2.593255962368862799e-01
-2.579662010717698739e-01
-2.184516055592571615e-01
-2.365115692200417397e-01
-1.703614076036794600e-01
-1.263008921639631743e-01
-2.249650683166233567e-02
1.839609193836744695e-03
4.356242759371516809e-02
4.370214281931376205e-02
1.700347506125437710e-02
2.817660633754743432e-02
1.107732701961867613e-02
-5.815492040876255736e-03
-1.950973213353880513e-03
-3.749197737142945241e-02
-5.500379465870154638e-02
-6.236901717045289367e-02
-1.591179339575553020e-01
-1.614413496450303187e-01
-2.045397081892871560e-01
-2.344865088773587791e-01
-2.419216014195798015e-01
-3.099389534283891745e-01
-3.320177208387276591e-01
-3.503760774399035660e-01
-3.768922942184507185e-01
-3.528517437917158550e-01
-3.434855800151657701e-01
-3.187703051463781634e-01
-3.105751422877339740e-01
-3.010051626494848476e-01
-2.787247436198913575e-01
-2.875942168409955091e-01
-2.738462306975341654e-01
-2.865094629931839720e-01
-3.003446538712444269e-01
-2.983050280942287635e-01
-3.305938896896248869e-01
-3.255934159808876460e-01
-3.679728544558020786e-01
-4.169679302668890530e-01
-4.970100962840356962e-01
-5.060719614432490632e-01
-5.169321815930765229e-01
-4.989894441840406758e-01
-4.802679826256125439e-01
-4.459506652812776917e-01
-4.183863876067381304e-01
-4.048019154655327911e-01
-3.719233879170847912e-01
-3.744013457563989400e-01
-3.597851673582641574e-01
-3.505452803980565468e-01
-3.333917680846735232e-01
-2.992323157992424210e-01
-2.607884677703388721e-01
-1.971447782860932252e-01
-1.720340447792854111e-01
-1.472847562702701008e-01
-1.285126238813341926e-01
-1.328497635811012045e-01
-1.184587297943232587e-01
-1.161779321693725692e-01
-1.174126065067777475e-01
-1.099937713675585571e-01
-1.197487913320557096e-01
-1.418739244345431916e-01
-1.819223348380317462e-01
-2.337646707804814927e-01
-1.831657461304630474e-01
-1.988296716768401806e-01
-1.899902278711297354e-01
-1.683738549193958822e-01
-1.489710066724096449e-01
-1.211539760239369046e-01
-1.382674668008717078e-01
-1.080834005743224052e-01
-1.101325675219710365e-01
-1.205668763051840342e-01
-1.202890739679415844e-01
-1.338856821199969627e-01
-1.392301560679080341e-01
-1.415307078200340185e-01
-1.532666277885567918e-01
-1.575386735462079857e-01
-1.618060221015638345e-01
-1.878239587150596634e-01
-1.966532178549757759e-01
-1.987133282176347659e-01
-2.138050753218576627e-01
-2.183217739928247636e-01
-2.077647102209667085e-01
-2.258844619588847580e-01
-1.439698104533065626e-01
-8.579288771984770745e-02
-2.427430765687903225e-02
-5.016296264771528957e-02
-1.656639422047775090e-01
-1.754355192416258147e-01
-1.951206082668259234e-01
-1.984958107615536205e-01
-1.940195698811736646e-01
-1.989860621960479192e-01
-1.718665202042741480e-01
-1.576271888721134107e-01
-1.629666005903146753e-01
-1.327806028208979583e-01
-1.191252121505125966e-01
-1.149816784362321376e-01
-9.262698784623335513e-02
-1.087328460317849160e-01
-1.073099806693622454e-01
-1.173197269387885044e-01
-1.260110299594281169e-01
-1.236626734937553290e-01
-1.385096369172068576e-01
-1.355747928251941625e-01
-1.332864357950052647e-01
-1.336760442776413760e-01
-1.158738107214325741e-01
-1.127594181167383691e-01
-1.021170808657944351e-01
-8.665367143161728514e-02
-8.086186461002238535e-02
-8.333924819801416528e-02
-7.616815821168997080e-02
-8.533422112390738612e-02
-9.413975966196148903e-02
-1.053688837471267736e-01
-1.258140816774521165e-01
-1.425865224145406451e-01
-1.691445316876716565e-01
-2.022415429320005287e-01
-2.190944295306257450e-01
-2.529656621761257052e-01
-2.790687941245591497e-01
-2.940009914922894763e-01
-3.310911564086419512e-01
-3.374817529098939617e-01
-3.486657327996861566e-01
-3.580788091647225668e-01
-3.519230575844295439e-01
-3.609063448706547050e-01
-3.590666926222064181e-01
-3.569301876654953354e-01
-3.657216170195715654e-01
-3.613388019635921933e-01
-3.691650743340713081e-01
-3.614439915604794051e-01
-3.515014929795935439e-01
-3.501447564402915269e-01
-3.263095577643435607e-01
-3.152717509918387950e-01
-2.891197940701136226e-01
-1.727998536452128864e-01
-1.303086956126449925e-01
-5.094339213070369493e-02
-2.678789222003320064e-02
6.744549646295325274e-02
1.594288109966408157e-02
-2.233652573402119049e-02
-4.385599056090664499e-02
-8.113237445710057283e-02
-6.395619247946275621e-02
-2.501487344506977961e-02
-9.537148085662016175e-03
1.046730019228678601e-02
2.459637265078249910e-02
4.072594327416512866e-02
5.098729076308170655e-02
5.312544572208804938e-02
6.423478381934234760e-02
4.342897948161013322e-02
4.103361060440371272e-02
3.373835439902136274e-02
-3.986540344505511580e-04
-2.042792424176762597e-03
-3.524667193269318682e-02
-6.804695317454761971e-02
-8.374186160795385470e-02
-1.187962693480731080e-01
-1.364138445526092147e-01
-1.216419410986132460e-01
-1.424926002920768042e-01
-5.400817542031775831e-02
-3.851325674402545154e-03
5.177502015662686918e-02
3.327900349344019987e-02
-1.144730219584499942e-01
-1.403573204121651152e-01
-1.329273061993384297e-01
-1.607000810372586630e-01
-1.307568805720306371e-01
-1.671244466462396550e-01
-1.091839317693465150e-01
-1.142286148266788148e-01
-1.314595015868213201e-01
-1.189099271831816768e-01
-1.452713927475707822e-01
-1.447088059328565102e-01
-1.477733387999067560e-01
-1.814249213089960122e-01
-1.790210004937804744e-01
-1.989400477367689601e-01
-2.185546508680273614e-01
-2.303507756681953955e-01
-2.586410567141268491e-01
-2.328852413915189767e-01
-2.399695377502095162e-01
-2.119617860061595860e-01
-1.924363130012157197e-01
-1.969384643228318799e-01
-1.587438010349998818e-01
-1.488408134224305790e-01
-1.472768460104512400e-01
-5.725334661980370499e-02
-7.400341568914700630e-02
-7.574026132998312733e-02
-6.262813832779855205e-02
-1.577923022010213616e-01
-1.531179878886050616e-01
-1.517354460840061592e-01
-1.939888028708114109e-01
-1.730809968816723610e-01
-1.661611313817621116e-01
-1.348751950478168371e-01
-1.197240771423922906e-01
-1.018790937733262958e-01
-1.024272024073606957e-01
-1.229105101822377255e-01
-1.349902476096815906e-01
-1.454484431880675444e-01
-1.914820493064387785e-01
-1.910184948425978635e-01
-1.938567150607887202e-01
-1.993025398681831373e-01
-1.924400919529148657e-01
-1.930363546751743264e-01
-1.959733757459937997e-01
-1.923708691755611488e-01
-2.000454142935547408e-01
-2.018633939941903988e-01
-2.051123877294055153e-01
-2.179502227017316163e-01
-2.302379964232765808e-01
-2.482591379751699079e-01
-2.734276989069270858e-01
-2.764155280566928385e-01
-2.880825132806515976e-01
-2.863709794125691155e-01
-2.715451067493678261e-01
-2.739350699995550253e-01
-2.016240304514433646e-01
-1.833136158344323419e-01
-9.700517519590805271e-02
4.177259551045644885e-03
7.324847376259648046e-02
6.604480541743301680e-02
5.389692890801336261e-02
3.851558435419227822e-02
-4.021502529692824908e-03
-2.831074225506048300e-02
-4.613991568171141311e-02
-1.278897281733396285e-01
-1.367041193112402409e-01
-1.483344790954750914e-01
-1.727331818453011203e-01
-1.763005115011628265e-01
-1.899283772079405352e-01
-1.931619569697942962e-01
-2.140442752229656520e-01
-2.069654534866656181e-01
-2.073642377142337068e-01
-1.766145709265633801e-01
-1.734912574075400393e-01
-2.019067220012710773e-01
-1.833055774623535417e-01
-2.064634987026732482e-01
-1.706381661900913671e-01
-1.069966655750959478e-01
-8.547439762046418754e-02
-4.730448119614599073e-02
-2.330101171025296750e-02
4.016220197628963574e-03
3.889707201287011251e-02
4.912672733608480780e-02
6.870277487667253435e-02
7.267002097730930477e-02
6.797566107240286815e-02
6.487635925243732948e-02
5.086151062375558751e-02
4.619490893237391399e-02
3.386367876896777956e-02
2.513608601977392401e-02
2.450815915374397400e-02
1.720595020972192496e-02
1.688795494324436472e-02
1.008179681932374130e-02
-8.221943575325638479e-03
-2.063710659034334247e-02
-3.925359841724112425e-02
-2.849546592488855570e-02
-1.002754506312381229e-02
2.032239476276250130e-03
1.253901089291699182e-02
1.447737005509696674e-02
1.445305781674155812e-02
1.649478711179797746e-02
9.488069103908562327e-03
-1.045075360870650980e-03
-1.016998402674523794e-02
-2.116115423775512261e-02
-3.018203228826559295e-02
-4.121719611383532073e-02
-5.219478896153074976e-02
-6.350081901473884904e-02
-9.158057446704766236e-02
-9.275355097583656838e-02
-1.080584164206660897e-01
-1.182672006350331817e-01
-1.771161342654268278e-01
-1.979432705389628788e-01
-2.159436245683166444e-01
-3.077416162620330575e-01
-2.439260029177961753e-01
-2.933297867232981804e-01
-3.353189471565971025e-01
-1.982369694767394108e-01
-2.119931496288348927e-01
-2.015751356526780946e-01
-1.848737961879080849e-01
-2.201451058714995468e-01
-2.090055469239060215e-01
-2.161585522024515593e-01
-2.241586685463187734e-01
-2.204792042630789317e-01
-2.262972975927955432e-01
-2.274436559867612784e-01
-2.277621228020345612e-01
-2.313583027831753181e-01
-2.323897438183554209e-01
-2.341204795782364234e-01
-2.394941307156502608e-01
-2.405828324939535967e-01
-2.468592444469690783e-01
-2.575235772415352398e-01
-2.566745971995704756e-01
-2.793002495118350748e-01
-2.763169215698139669e-01
-2.574879342694121886e-01
-2.685422881687323793e-01
-2.383339665761012582e-01
-2.293655725565386105e-01
-2.232995463242659906e-01
-1.375104873061090416e-01
-1.293689291929381036e-01
-8.620709237217839827e-02
-5.688806482646791007e-02
-3.742712449749963782e-02
6.782359355073346550e-03
1.496027061732658342e-02
7.438628429824063748e-02
8.229314401284358593e-02
8.826480305062735232e-02
1.104804689166393045e-01
1.112523343031036616e-01
1.211229300980532775e-01
1.365459594883270122e-01
1.369169482399470172e-01
1.527253367914223336e-01
1.522596526768801584e-01
1.612468038778657742e-01
1.761850885493036201e-01
1.765385865546470756e-01
2.081582429415721192e-01
2.085495843169295760e-01
2.116983587816281542e-01
2.200813755003053485e-01
2.189332842019115211e-01
2.221109597798583413e-01
2.236880683166770079e-01
2.237253693345910843e-01
2.250612136009213782e-01
2.252506243669034902e-01
2.255328657468706477e-01
2.259220810832644200e-01
2.259579812725463210e-01
2.261266571612898513e-01
2.262141325738598052e-01
2.262445232237256243e-01
2.263048777588569371e-01
2.263219558491699757e-01
2.263388766478043879e-01
2.263408806047058075e-01
2.263499520109123475e-01
2.263321465148809553e-01
2.263011615070744387e-01
2.263209379475374650e-01
2.261951117035313763e-01
2.261892930460795981e-01
2.261556669855234181e-01
2.257559994873198361e-01
2.260139272938365140e-01
2.254067821485890022e-01
2.247555529087201520e-01
2.256461704626762099e-01
2.224994288065454406e-01
2.234441877336841575e-01
2.232977163699264578e-01
2.138260953741754899e-01
2.239712576032370783e-01
2.081434552055302922e-01
1.932869188399868599e-01
2.036419412242567728e-01
