3.105418488971317115e-01
3.188088670662439505e-01
4.666018486692705136e-01
4.919987227356787951e-01
4.755338892818217755e-01
5.010210197860921477e-01
4.893923294386478551e-01
4.912126449348679369e-01
4.959207884534408417e-01
4.912566099267678954e-01
4.941354870550901390e-01
4.938378253097656101e-01
4.928908746494061743e-01
4.941398265874659135e-01
4.932984793648074739e-01
4.931687358566402835e-01
4.939375760964873630e-01
4.921572271684462874e-01
4.930346919427354146e-01
4.928405454333023017e-01
4.875102018604851595e-01
4.879367276554359423e-01
4.823230248453512781e-01
4.796527767910911955e-01
4.806466529490117101e-01
4.701905843477922065e-01
4.736329696654652532e-01
4.675180347220499466e-01
4.491057623225707118e-01
4.656780007623023687e-01
4.231415338355976608e-01
4.136228469834659638e-01
4.732232159588174447e-01
4.244729969826314675e-01
4.191938545123927717e-01
4.067006486876362792e-01
2.696390603839811662e-01
2.432481982512044172e-01
1.645285460388364873e-01
6.293945635883849143e-02
4.275915585641532068e-02
-7.125851536062927094e-02
-8.996138129158065544e-02
-8.395512468030212616e-02
-1.185257421791031801e-01
-1.155284134528942741e-01
-1.071507273445811426e-01
-1.188023235501220604e-01
-1.124442336858370722e-01
-5.902284928787378260e-02
-5.937403139161837040e-02
1.981571018408059826e-02
6.467707764021569938e-02
7.951510706824030383e-02
2.137387556495912999e-01
2.760187007992579988e-01
3.257064619826662843e-01
5.596144246551015833e-01
5.565355683742161386e-01
5.053792131817214095e-01
5.184912044802548747e-01
5.022070891736005738e-01
5.297011549059605917e-01
4.811694346092625918e-01
4.405051425452669589e-01
3.958663744722989986e-01
3.609753554875280712e-01
3.492597050956670612e-01
3.104330366742736880e-01
3.302854954574316881e-01
3.359254745999251113e-01
3.588143122396338369e-01
3.868067576183883971e-01
4.005619305974831290e-01
4.428592815795192594e-01
4.680023929394706572e-01
5.020837204078802962e-01
5.598725630464059799e-01
5.918627780328857835e-01
6.456512489906459651e-01
6.954397649025898520e-01
7.331265011501862938e-01
7.978902946566492904e-01
8.417488309587325412e-01
8.930696573066151389e-01
9.535486606261556197e-01
9.958600979147110843e-01
1.052600849012492512e+00
1.108712551017766224e+00
1.148963397134632025e+00
1.168749427468317448e+00
1.194452474044124468e+00
1.189650192091397551e+00
1.177630136372111558e+00
1.091593936654303487e+00
1.043937022162160888e+00
9.939995296777162093e-01
9.039022641568756899e-01
8.556565446344417403e-01
8.088605971487856650e-01
7.652424271767385155e-01
5.865360749563841569e-01
5.384208187644698995e-01
5.064264525387407456e-01
4.310514086710501847e-01
4.294661546761225357e-01
3.671084078727294142e-01
3.946500944465808347e-01
4.460829621363584518e-01
5.749150606858990376e-01
6.881485723941195287e-01
7.352982108819418050e-01
7.859494757134287690e-01
8.107245261210060949e-01
8.363915146736444761e-01
8.565039743694656815e-01
8.331251943317241615e-01
8.454233530337321723e-01
8.220314882958784652e-01
7.872483300277495211e-01
7.909904859885290573e-01
7.223341709973328806e-01
7.224802215014947127e-01
6.870755327536594015e-01
6.633458739453910180e-01
6.433927831369256056e-01
5.750387428026474401e-01
4.944859367885403589e-01
4.567369181921871468e-01
3.569213639083631540e-01
3.847555587601635407e-01
4.058755177918489943e-01
4.309609596065174242e-01
5.407679562269829265e-01
6.156900789376915650e-01
6.158342521072887044e-01
6.039107190852627260e-01
6.035240875101171021e-01
6.131972402160128510e-01
6.139147355519866123e-01
6.146928696779131451e-01
6.181740013800853806e-01
6.173706426593855712e-01
6.259987411052478912e-01
6.273934721435121542e-01
6.341475430340699493e-01
6.419298888429249006e-01
6.448613077535753080e-01
6.581661337117742372e-01
6.628044470187975934e-01
6.657879861606023075e-01
6.727892874489398434e-01
6.683861689083633317e-01
6.689967048055668331e-01
6.668593666558083610e-01
6.642932709628360799e-01
6.588015279281105308e-01
6.565080131595927293e-01
6.476467736246329654e-01
6.678246487441573676e-01
6.586873768421522835e-01
7.000404419090705543e-01
6.977338469510746544e-01
6.913917353036730384e-01
7.089078095511690547e-01
6.923725175212207539e-01
6.940114050495119757e-01
7.052069245764021055e-01
6.987842689136193330e-01
7.054167772008711479e-01
7.060702462175308947e-01
6.912949882294064929e-01
6.948138516532322839e-01
6.791734563662287227e-01
6.553714756024180410e-01
6.816689910825624032e-01
6.871737043292421854e-01
6.566144556925560538e-01
6.648475297707676646e-01
6.397641948676764390e-01
6.360893262820120908e-01
6.360319575319632879e-01
6.176613788293714435e-01
6.010207387006675228e-01
5.970843072260167972e-01
5.803159845667450467e-01
5.934127107686996139e-01
5.804489048764307491e-01
6.020210876297861224e-01
5.432430233794165453e-01
4.690802094887660534e-01
4.127446464185728359e-01
3.715521598848651186e-01
3.802001166493496620e-01
3.826011029435664179e-01
4.558195355195561183e-01
5.204057167436710873e-01
6.078501134950144991e-01
6.048770965281839995e-01
6.300042089845431237e-01
6.346332865148367475e-01
6.457395118374964493e-01
6.631658387248592357e-01
6.726103439127539829e-01
6.894591248469044142e-01
7.038439265071947393e-01
7.191686771316341265e-01
7.337798305966989343e-01
7.494820236231087840e-01
7.598004778769729128e-01
7.633738940352053914e-01
7.700317161012510958e-01
7.717848321432188019e-01
7.725047350693511339e-01
7.733886200221101737e-01
7.722194383102805038e-01
7.686213838593366487e-01
7.659169722416808712e-01
7.597729808009130448e-01
7.489929246269090291e-01
7.401470164671871688e-01
7.420199339183403131e-01
7.355111916868111166e-01
7.375148131584451372e-01
7.392163136307406957e-01
7.416562830635120562e-01
7.519186933357447922e-01
7.133959019609421581e-01
7.153598958351448101e-01
7.067910022696993755e-01
6.225867235124543653e-01
6.339034146473366826e-01
5.659475323402727298e-01
5.439729732155907937e-01
5.343931717501946288e-01
4.110835910829243045e-01
3.688921950381938708e-01
3.537094357860839922e-01
2.945842712143560416e-01
3.719948445198991704e-01
3.941236054685974266e-01
4.249836472439082469e-01
4.665415241743272046e-01
4.519675073420210132e-01
4.879680503256943469e-01
4.783446636137925756e-01
4.428877430777080071e-01
4.507357538545613274e-01
4.273368449595168483e-01
4.204390257938220854e-01
4.269504688931996528e-01
4.117071672504139523e-01
4.125730739096695743e-01
4.116653577610354109e-01
3.982928521458692916e-01
4.026488353467960746e-01
4.014864528359043394e-01
4.041035891242695244e-01
4.110684205395185864e-01
4.162218245202594646e-01
4.187773605554959144e-01
4.308658770663988391e-01
4.379780150840894559e-01
4.423725969127226820e-01
4.708635190736435994e-01
4.710509815406855316e-01
5.016603339651714011e-01
5.532679057672658107e-01
5.709356209517609804e-01
6.575738427930110097e-01
6.819184981588471972e-01
6.989557095293821298e-01
7.329774727540963042e-01
7.450228023095619712e-01
7.702862916694187545e-01
8.058729334539546096e-01
8.297611785532668094e-01
9.169848474915301972e-01
9.653397269032569783e-01
9.515934872143748668e-01
9.701676829115699618e-01
9.388134881394671893e-01
9.308865996081877592e-01
9.215640585827209463e-01
8.779914849851252479e-01
8.695937672163507326e-01
8.353202709203406684e-01
8.030771737080346639e-01
7.894245378653977907e-01
8.320307234889818826e-01
7.909869104366181736e-01
6.564028015687363160e-01
6.458131015275758724e-01
7.060827662703980101e-01
7.500917808063732872e-01
7.784507806130666063e-01
8.417806559491741725e-01
7.941108246865632436e-01
7.922584819815432500e-01
7.613223857032154207e-01
7.437517187275404229e-01
7.470506783495299841e-01
7.185746167119643202e-01
7.304128351308474265e-01
7.355368639965850219e-01
7.406875934873052847e-01
7.597216698831024129e-01
7.642182857297842302e-01
7.797171454009731439e-01
7.926433989837967653e-01
8.001768597123883886e-01
8.166518234712603075e-01
8.229687003018060221e-01
8.348791359264012835e-01
8.432005834288524015e-01
8.488849153871678155e-01
8.117789606246051948e-01
7.853239923882695539e-01
7.314596629441975084e-01
7.113010882414324554e-01
6.572927385685455315e-01
6.448439933980668615e-01
6.171183433740851099e-01
5.884916484296259798e-01
5.783234971030536409e-01
5.479168672623700997e-01
4.498704180105227435e-01
4.075613679144389212e-01
4.222675791506673160e-01
4.306301810124932850e-01
4.782677511505265544e-01
5.059413946299274878e-01
5.877205197992922958e-01
6.269957214029123760e-01
7.065242382462385562e-01
7.581031016522038479e-01
7.992969742544698830e-01
8.446903243840211406e-01
8.737460225871430675e-01
9.169020120492867854e-01
9.499394051140322981e-01
9.576849647791357834e-01
9.521442286055294968e-01
9.501462026619926782e-01
9.469539309288111939e-01
9.331058273164309913e-01
9.337668771939238166e-01
9.163158859884800167e-01
9.007446678660173678e-01
8.889463093178011643e-01
8.517537336564775519e-01
8.514849154154715549e-01
8.129948491200480465e-01
7.796966028346395960e-01
7.502501244767627586e-01
6.593734562631997642e-01
6.396585628614468444e-01
6.184878963786609729e-01
5.956798871180322141e-01
6.920070944839278315e-01
7.171840750914738605e-01
7.755869398703771900e-01
8.434428724643544539e-01
8.636923959079466639e-01
8.887682755742306595e-01
9.278193124167691819e-01
8.968945189662942408e-01
9.276629893231216339e-01
9.141935780883164719e-01
8.700962954845103958e-01
8.898119815598856119e-01
8.223330426747926802e-01
8.212733680669163094e-01
7.605444644924234110e-01
6.166583137449043184e-01
5.132004685502244978e-01
4.539108400168400115e-01
4.382495094586245643e-01
4.191133396661698707e-01
5.385544680325095035e-01
6.690845594272296637e-01
7.914452647368089844e-01
8.095054656125285630e-01
8.912426002056088592e-01
8.920939381126181678e-01
9.013945390051258943e-01
9.111452648983449087e-01
8.974858875430952176e-01
8.992685050043739414e-01
9.044653026487511349e-01
8.967022874203225413e-01
9.049701775699527939e-01
9.049419015845855396e-01
9.038823423740299789e-01
9.115247383595624919e-01
9.096830505065497396e-01
9.110456697865628728e-01
9.142746272240643846e-01
9.054856217730469226e-01
9.002557422113829366e-01
8.926600250463521125e-01
8.775240921264039207e-01
8.741851942708181999e-01
8.401835229469843958e-01
8.233971606287180389e-01
7.773472019577465364e-01
6.909758693314906886e-01
6.357500961793819405e-01
5.497768998968841636e-01
4.741672314433166280e-01
4.122546967880858504e-01
3.019379578712961809e-01
2.647511775288671210e-01
1.400402937528712199e-01
1.075667719063671396e-01
8.671842885305024173e-02
3.343086301630574658e-02
3.748258466934691752e-02
8.460475077491893398e-03
-3.127525989320786241e-03
-1.648323374737804738e-03
-2.884616244538661806e-02
-1.237881462214844228e-02
-3.017742702189680354e-02
-3.441555910567098420e-02
1.611360102146074808e-02
1.510634459137704874e-02
5.247559323122932828e-02
8.149823158189124783e-02
7.143927006696200455e-02
1.205482280716099058e-01
1.361970144811346095e-01
1.600988693824810238e-01
3.120830776334267420e-01
3.411042066787808302e-01
4.057816793521191179e-01
4.576675875686240791e-01
5.133900089627212449e-01
5.437071555601301620e-01
5.676525705805272048e-01
5.659336413524546083e-01
5.527587075127639027e-01
5.559096690302683941e-01
5.468603426962166392e-01
5.493425270801028937e-01
5.449386447252497767e-01
5.475572772599945903e-01
5.539819273314697812e-01
5.430599366121099392e-01
5.685448782591218109e-01
5.514323977085354711e-01
5.356363987897219126e-01
5.239169695723638887e-01
4.102593056272811345e-01
4.372870234632275088e-01
5.095405931850689463e-01
5.050383758281422608e-01
6.025689744591282704e-01
6.126211360377452619e-01
5.908267770613807590e-01
6.255647706333362645e-01
6.078053150451042663e-01
6.124311709501940593e-01
6.125695448731558468e-01
6.043218265665603051e-01
6.027709320149482464e-01
5.850289309498116763e-01
5.871869790359145469e-01
5.537010670903425025e-01
5.355859215871748846e-01
5.261197277902939229e-01
4.208399312778485224e-01
4.087452700791506799e-01
3.691438234220610903e-01
3.412111391936393234e-01
3.384423065828227606e-01
3.231235249991415981e-01
3.460374299298256129e-01
3.509480159957721890e-01
3.485024040293747127e-01
3.666265442784400475e-01
3.678408720601928916e-01
3.769776153811615904e-01
4.048189416766522220e-01
4.120758755632334958e-01
4.462597339625318793e-01
4.532541569730163533e-01
4.830498341387998162e-01
4.866469181669574873e-01
4.890018061541305250e-01
4.976862268332752914e-01
4.969699670389760571e-01
4.999119531854028797e-01
5.017771925062970428e-01
5.017660226215947539e-01
5.031401594987693349e-01
5.033792834249982695e-01
5.036376334600597415e-01
5.040154057132377741e-01
5.040664133787238210e-01
5.041712772505931861e-01
5.041528783997966112e-01
5.042756716341545431e-01
5.039495312451948150e-01
5.039640554728063160e-01
5.039730239100876918e-01
5.027532691942812049e-01
5.036426355888679041e-01
5.019878832622374221e-01
5.000496753505871972e-01
5.029067412869806519e-01
4.941151264414870292e-01
4.967678237163213328e-01
4.967404198807913729e-01
4.714754855954457757e-01
4.978330335220186864e-01
4.567075909365644337e-01
4.197554944873462812e-01
4.474743605754661901e-01
