5.839403137208595352e-04
6.883068433436671102e-04
3.088965341553522818e-03
3.117823650794951384e-03
3.547191190679076581e-03
3.978113613467508698e-03
3.523564133951082294e-03
3.766614788764909016e-03
3.733164089581285285e-03
3.667289102665619721e-03
3.735602887197559969e-03
3.698516761732073468e-03
3.694283809016025641e-03
3.704235380518772040e-03
3.682973980122935045e-03
3.663875234099502401e-03
3.675489697964868293e-03
3.608103244842488389e-03
3.581478651164337213e-03
3.604096637449290610e-03
3.310055737748646143e-03
3.328113436671097883e-03
3.229603456695394337e-03
3.165331261287875411e-03
3.202111963964531568e-03
3.156126144553118591e-03
3.180261367813512052e-03
3.307867365169678709e-03
3.196976808843487224e-03
3.499487351313767050e-03
3.663482362144485863e-03
3.276919493320823527e-03
4.858543535581122744e-03
4.059271688296356255e-03
3.977341344721374398e-03
4.432137140740997037e-03
1.733891165566115063e-03
2.032851657416701388e-03
5.615880170925407252e-04
-4.575619889446077833e-04
-5.925809426989067782e-04
-2.590191982464942668e-03
-2.807769052103002792e-03
-2.826030512272093443e-03
-3.252400890106593376e-03
-3.517806703916408293e-03
-2.826621767880084686e-03
-3.313561796913927233e-03
-3.303720298909184304e-03
-1.459683546494216285e-04
2.833573181032397986e-04
2.002775744425723363e-03
4.419897019413704907e-03
4.189652429513038290e-03
6.924149563459201275e-03
7.904915921166969298e-03
7.373348291781314442e-03
1.251234616700732348e-02
1.160594585238789410e-02
5.460853539687463877e-03
2.945888300382580160e-03
4.546947681559775816e-04
-2.680673817130833653e-03
1.380126331075041696e-03
2.287873092171302438e-03
4.918988960030643530e-03
9.676540644703378324e-03
8.530617471083530579e-03
9.527341643041193145e-03
8.397641548861531705e-03
2.913889826356911086e-03
9.602092724810427828e-04
-2.775536696314089176e-03
-6.049528050315099506e-03
-8.587610985709119224e-03
-1.329764053653233018e-02
-1.503004425216694639e-02
-2.076291035407633670e-02
-2.425356829679448448e-02
-2.255876299508301902e-02
-2.741059759406276261e-02
-2.572123842413960582e-02
-2.209027356799846825e-02
-2.040656277051634479e-02
-1.562118013829614377e-02
-1.254765830737341291e-02
-9.066388315835300499e-03
-5.965170575677183548e-03
-1.466329551525278945e-03
2.992518216749042218e-04
4.011448785447277454e-03
6.072043480150775101e-03
6.050125382479870639e-03
6.762524288063604880e-03
3.660536372977087408e-03
2.768070202623486211e-03
1.949424514943234052e-03
1.916834888772410341e-03
2.941491277992813302e-03
3.138403918428578961e-03
4.166656507997521137e-03
5.243823555791083182e-03
3.846166779180998190e-03
4.502323590932952660e-03
8.579178484713167845e-04
9.907157285631940178e-04
-4.050973435020863004e-04
-4.901251089908356499e-03
-4.865374569515824692e-03
-7.662248644120298741e-03
-1.495443501899659106e-02
-1.497255327380110981e-02
-1.898082233746084882e-02
-1.645629489741232479e-02
-1.073689835033453562e-02
-5.437076629235429275e-03
2.123586196775776886e-03
2.954846151863244758e-03
5.568398400184175305e-03
7.951199501941532549e-03
7.945806495424994134e-03
8.431621803468453483e-03
9.176277174693745625e-03
8.376402728887340915e-03
8.288632543310142306e-03
7.025490118891579427e-03
1.052452830369084418e-03
5.393384661918970355e-04
-1.633926948453765350e-03
-3.143553645483494231e-03
-1.950281392270818799e-03
-1.975209234386884807e-03
-1.258533636436757076e-03
-6.087957104419038480e-04
-5.624133705168825803e-04
-1.364411202152122731e-04
9.884673220899476299e-04
1.007363508322011597e-04
2.114810167293656746e-03
3.047146661201778368e-03
-6.162941920818994094e-04
1.691579478045230917e-03
2.607353994662542623e-03
2.513654284445338092e-03
8.061718536552492376e-03
6.424217052783550395e-03
5.116129035868127554e-03
3.638044518837504210e-03
3.550063566918269711e-03
4.310868181435259863e-03
4.024134559170280782e-03
3.675928615499023024e-03
2.367852575120284447e-03
-8.082012096218459596e-04
-2.761938101132527506e-03
-2.837937646365911327e-03
-3.126455701897282689e-03
-4.321612910779300785e-03
-3.196400599096958523e-03
-2.890877938216076149e-04
8.850770183526204858e-04
7.815231329637552455e-04
1.878114283542164963e-03
7.132665924224440525e-04
1.467378893461002913e-04
3.615957059175042409e-03
4.532091069022957733e-03
7.183749099219145610e-03
6.338630319216811450e-03
3.957613467794962939e-03
3.028855856668620158e-03
1.596788334106320328e-03
-1.209026401441536678e-03
-1.485537073492262071e-03
-1.474811547604182402e-03
-1.024303287210181915e-03
2.437295306036767889e-03
4.035707685311975060e-03
5.402132354611620044e-03
9.145695516714250073e-03
7.848111130560183821e-03
1.098517446268759863e-02
1.134694383323319594e-02
9.762830588264281156e-03
1.005720185068003682e-02
8.264710631929676754e-03
7.802425248552304592e-03
7.222404488162604067e-03
3.714353680899921614e-03
1.379794847871872914e-03
1.043217064349063550e-03
-1.792565209711672160e-03
-7.846077384665122150e-04
2.506471690337839977e-03
1.834478578763881935e-03
5.463556098668418542e-03
5.752496680596225383e-03
4.469021950138612857e-03
5.048312117909361206e-03
5.558016014190946853e-03
2.294028034311938313e-03
4.415763571585548490e-03
5.254897867465952929e-03
6.406757015114420903e-03
8.780045295602077748e-03
8.811236601674326749e-03
1.085740544651044200e-02
1.153787798063823748e-02
1.025493040171201325e-02
1.191684460321119909e-02
1.367818773283713436e-02
1.130761386192816534e-02
1.508440625539138845e-02
7.614073108248862846e-03
1.469081786982273131e-02
1.428690176615350811e-02
1.109974363951482697e-02
1.416607106009525746e-02
1.209032764454726246e-02
1.538497972519873441e-02
1.524635993472556704e-02
1.314077033738833208e-02
1.403797158246391195e-02
9.456341712945943653e-03
8.983144193262425359e-03
9.251079917835438454e-03
7.209610419342798310e-03
7.333972539548623028e-03
6.524968711778991563e-03
4.941811580661149318e-03
5.015939312470466677e-03
3.276366933021452373e-03
3.842224604653522984e-03
4.076361724335095076e-03
4.413087316344974087e-03
4.279440495173792401e-03
4.422091223885966579e-03
4.752027221850108410e-03
3.475762757410135340e-03
3.407845462096618407e-03
3.023830860716957263e-03
1.764391441126587651e-03
2.398540917504370876e-03
1.658795583573805833e-03
-1.652695482526711761e-03
-1.451446177877395004e-03
-6.056528504120427953e-03
-6.006246806548399056e-03
-8.597897220052986428e-03
-1.566277600860751032e-02
-1.565882361769255215e-02
-1.959323920585896717e-02
-1.712353623962659457e-02
-1.140620233614712646e-02
-6.262064969671666224e-03
1.108656915569855572e-03
1.759294565073833650e-03
3.536688068218241891e-03
6.818021697558764721e-03
5.851846095044062855e-03
8.729164223801686578e-03
8.272051381968058628e-03
4.140967726843937206e-03
4.197402852836323514e-03
1.849944546346462279e-03
9.464152944973975353e-04
-8.113463428749478695e-05
-1.613063620818163237e-03
8.591250000163929996e-04
1.283928721560502690e-03
9.054726712589215420e-04
-1.126146967822561854e-03
-2.620994182832953392e-03
-3.084992399646451725e-03
-2.489035750037705674e-03
-1.251105754887129771e-03
1.609633834941974137e-03
4.882173468073988491e-03
5.811466679699688401e-03
9.409079176241142220e-03
5.761350905523912082e-03
2.545155450826664962e-03
1.038055196152329373e-03
-1.180498891939667835e-03
1.092700169741815707e-03
-2.180401928571839426e-03
-2.967925535879449919e-03
-4.863869321426697589e-03
-9.645747230200335878e-03
-1.045572141167203789e-02
-1.692007391877408187e-02
-1.867329289418296831e-02
-1.915268362976831756e-02
-2.190215954740303700e-02
-2.215786317278599718e-02
-2.287318640955676718e-02
-2.354842380809266805e-02
-2.429207658772548559e-02
-2.315018045185142717e-02
-2.420680095018975381e-02
-2.342128025272845540e-02
-1.889581056789802621e-02
-1.715004825330525631e-02
-9.140529851611020953e-03
-4.579246542625385087e-03
-9.457504312091470329e-04
6.199608887178580281e-03
7.830177944678344895e-03
8.061289097777700127e-03
1.132573309152300027e-02
8.663345737499454982e-03
8.212515989201366745e-03
-8.637178292628186352e-04
-1.775043313102656235e-03
-2.073193001388704340e-03
-5.354430848465166481e-03
-3.775190280682742556e-03
-5.204901059703122279e-03
-5.545353410770869837e-03
-1.276219302136066911e-03
-1.448942661518281281e-03
6.303721580583333773e-04
1.254074357033261450e-03
1.611805246055446643e-03
2.256339409091985982e-03
1.011381387645637160e-03
1.117959952647344657e-03
2.244111657740283268e-03
2.821006448779008347e-03
2.572273289536744327e-03
6.977110156858822715e-03
6.286929869759991588e-03
5.204435573008758809e-03
5.295768338667319192e-03
1.182510121930309063e-03
6.276581715220200166e-04
-2.239348281861787329e-03
-3.544539710133983498e-03
-6.129530240965949672e-03
-6.973035350971389795e-03
-6.438732661759028614e-03
-7.718945190588321660e-03
-7.115573986015499321e-03
-8.154582808663974822e-03
-8.291726495543730313e-03
-7.248364413103962692e-03
-9.123950874279179030e-03
-6.670814404593210234e-03
-8.239401501049046367e-03
-1.130098253297843157e-02
-1.213771005541819555e-02
-1.494762200986726741e-02
-1.613926378017721194e-02
-1.774327084708987243e-02
-1.997043583684813411e-02
-2.014354312302414629e-02
-2.298039217522958658e-02
-2.276079578052861083e-02
-2.232681403808672166e-02
-2.136733059127634768e-02
-1.932423776041716085e-02
-1.839191705230182675e-02
-1.605093240332915866e-02
-1.510339130204576587e-02
-1.264045573977327745e-02
-1.041298440372787765e-02
-9.107932317504782022e-03
-3.728894221903025427e-03
-1.758231138272272611e-03
2.237254197056471553e-03
5.381208709507106017e-03
4.056646778175364981e-03
6.577569677049707221e-03
5.559842488048594329e-03
7.015623101646767737e-03
7.185936492803791237e-03
7.324549020629916689e-03
7.888384327266836915e-03
6.869449858840387391e-03
6.889590008054172036e-03
6.570092421474650786e-03
6.309113666907328714e-03
6.268570016387887793e-03
6.116952488102079741e-03
5.968679296686323250e-03
5.944344230124037724e-03
5.754463606552858747e-03
5.474140522343213557e-03
5.589205695874756123e-03
4.721177046484312939e-03
4.445558141556764202e-03
4.114354078840278678e-03
6.981972203325684983e-04
7.364667994204952882e-05
-2.994293232402138200e-03
-4.217469476305395031e-03
-5.528937609551273433e-03
-6.090366779915383846e-03
-4.552672985437180436e-03
-5.078128161631459414e-03
-4.641807818774691674e-03
-4.336105480731274053e-03
-4.378648282671210833e-03
-4.009551875055940989e-03
-3.930781389974724767e-03
-3.533213346435307850e-03
-3.216888699722991133e-03
-2.864463825288787215e-03
-1.690662582656700125e-03
-1.514012465358970886e-03
1.558073297769433231e-04
1.272057236786317599e-03
1.363854925511775572e-03
4.318993328419530424e-03
4.100126863801492084e-03
4.010937501842312507e-03
4.654448327305906602e-03
4.210283892412272112e-03
4.296581232241326702e-03
4.083096949281122927e-03
3.375226824784539545e-03
3.406021807967109846e-03
1.984184314083837011e-03
2.036360156410108469e-03
2.184816931735786196e-03
1.833353779927381815e-03
1.926085494355098430e-03
1.956068216395952849e-03
1.793659243354835380e-03
1.886169858530314155e-03
2.147106917627107734e-03
2.215528845830300360e-03
2.165907618379175892e-03
2.247191121929630400e-03
2.237830710302071615e-03
2.243783864613651570e-03
2.262650039420505219e-03
2.257823241752056256e-03
2.264448991194599990e-03
2.267248451133194957e-03
2.266759833078763227e-03
2.269146817657197255e-03
2.269331644625887691e-03
2.269232511316019840e-03
2.269851464143708090e-03
2.269455435100902439e-03
2.268146681630636881e-03
2.269142165182785886e-03
2.265847972355651812e-03
2.263498322262566097e-03
2.266351455750183468e-03
2.250132166598382399e-03
2.256292921657263549e-03
2.250421138243030583e-03
2.199648978698164406e-03
2.259000129785936062e-03
2.151874644468987092e-03
2.075257212337582469e-03
2.130430170720854985e-03
