1.575579384521599586e-03
1.933370863894916551e-03
7.043118609633854804e-03
6.439334807545063488e-03
8.931596238707210228e-03
1.068203169529461857e-02
1.104888962242936597e-02
1.254175572260663070e-02
1.294891178292652441e-02
1.324859383114883327e-02
1.378343366729923095e-02
1.378614762238269432e-02
1.387416045402940258e-02
1.395879220344692362e-02
1.384270671285806921e-02
1.363040836680715767e-02
1.363733937948563048e-02
1.313914928581606800e-02
1.263782301221063817e-02
1.272272252309911318e-02
1.096376869048980296e-02
1.109496821488597552e-02
1.075870203554256908e-02
1.025434689801659437e-02
1.059624780854214778e-02
1.057495817666164427e-02
1.042997789104322878e-02
1.165295877406505309e-02
1.148375782234382567e-02
1.207702150469495972e-02
1.541256284187152159e-02
1.358220678084140313e-02
1.789223802631149246e-02
1.545203819308874245e-02
1.484966873963329374e-02
1.598024109443569804e-02
8.951799001875902079e-03
9.791093223466083156e-03
3.633512261510072477e-03
-1.203986244209098678e-03
-2.049666483690268295e-03
-9.245961558839123004e-03
-1.089471343158744318e-02
-1.201260099304926610e-02
-1.356915681945499753e-02
-1.467531712768395738e-02
-1.103172153552571880e-02
-1.017396452872201297e-02
-9.024196529429342334e-03
2.988272044448543954e-03
4.971430278925972369e-03
1.274649220966758180e-02
2.515672730884140063e-02
2.452011426667393551e-02
3.568670536476894334e-02
4.188258426708345999e-02
3.707233026916408047e-02
4.732732336270253221e-02
4.500089058350452420e-02
3.023967614496552575e-02
2.805440005516447732e-02
2.289967962781481320e-02
1.401290890131679304e-02
2.251738332753675659e-02
1.847087755917276725e-02
1.911204244273494168e-02
2.452408865068287508e-02
1.498805463461738360e-02
1.174918883105586370e-02
3.797076215103014751e-03
-1.204884514952946246e-02
-1.878271093621734084e-02
-3.199886672546745081e-02
-4.371429663983485842e-02
-5.329157301239816069e-02
-6.887961120627983380e-02
-7.643889147458901578e-02
-9.187653716912654034e-02
-1.031837896782578645e-01
-1.050717404865471466e-01
-1.159523912494531683e-01
-1.133724499784381501e-01
-1.087487291830430275e-01
-1.041797523296886796e-01
-9.085881634910690507e-02
-7.943362488061865567e-02
-6.713648857493059730e-02
-5.212394644576517910e-02
-3.524913839195963072e-02
-2.275711528036717529e-02
-5.608126645536146843e-03
4.949048650874896677e-03
1.168729136778281358e-02
2.077923738353086927e-02
1.560620558552846225e-02
1.754983754275268523e-02
1.678431404621451642e-02
1.220204102967859146e-02
1.554271924233566714e-02
1.286723606055046633e-02
1.371666327559028543e-02
1.536369855952708641e-02
8.859937043417700012e-03
1.077212434665972100e-02
-1.563890196153596692e-03
-5.808660007854489840e-03
-9.103610429368715756e-03
-2.791979923012380752e-02
-2.986696543423275965e-02
-4.026402225373357929e-02
-5.908910483983083328e-02
-5.222816955887361196e-02
-6.310612689751050886e-02
-5.449222615207768156e-02
-4.015911401499278749e-02
-3.470545982714486749e-02
-9.033011642824249204e-03
-2.693029895211202472e-03
1.168107905627110109e-02
2.759694679153351302e-02
2.288517647387663945e-02
2.672046562908559145e-02
2.918911512397431157e-02
2.039981165913872310e-02
2.186190057053773519e-02
1.817181653897386243e-02
8.549681479522893562e-03
8.278019652159173195e-03
9.766404726457942210e-04
-3.239237674555756150e-03
-1.390876157286814524e-03
-3.879487846186626451e-03
-2.892846709399242607e-03
-5.181242009639604401e-04
-8.061195349133624087e-04
4.585903911144323299e-04
5.462573062017535286e-03
3.052742641595245898e-03
8.111176836039953736e-03
1.376040717033319080e-02
7.382553608975103883e-03
1.600717339035916814e-02
1.932036491175776957e-02
1.770903463734008199e-02
2.991508224216270218e-02
2.487284809894220114e-02
2.477283167421639315e-02
2.446892157563737569e-02
1.981075512078710188e-02
2.189311839905279389e-02
1.757715221940258851e-02
1.280617642030076192e-02
9.921752021691071510e-03
1.019056136617737260e-03
-2.856084405318312820e-03
-4.641303835903740592e-03
-7.471097404480653292e-03
-6.618372272509781204e-03
-5.748048264176655771e-03
-9.257255578791911575e-04
3.927835180546754811e-03
3.107841681806004092e-03
8.615970812579854671e-03
9.168737526704521731e-03
8.968835875145341266e-03
1.729261726652076697e-02
1.759500091765010474e-02
2.172440508525736239e-02
2.271098988917188630e-02
1.739400626392821614e-02
1.737434952280676390e-02
1.614632129730873833e-02
1.070751345119960209e-02
1.289037185309435500e-02
1.330991007306209922e-02
1.328583747961654613e-02
2.291805822223070069e-02
2.474065173092188791e-02
2.977357785963586842e-02
4.076379406893387847e-02
3.690618708497514500e-02
4.286224791055721212e-02
4.478411311706759212e-02
2.916024609307715093e-02
3.186289012250686364e-02
2.646973558970731541e-02
2.215961146394677603e-02
2.176165890861360766e-02
1.685225288277579503e-02
1.173489400046902852e-02
1.287120237045874353e-02
8.044126458615860967e-03
9.273901234569056212e-03
1.871944906971443126e-02
1.466438660772025233e-02
2.352273739033034286e-02
2.630238809127745034e-02
2.346397843424049071e-02
2.783149533969115144e-02
3.157972886466183654e-02
2.719691068377870155e-02
3.744160850348184078e-02
4.146251482905999319e-02
4.588766274888084196e-02
5.677155839755498867e-02
5.614081809797077938e-02
6.377438647502553515e-02
6.947322305364760087e-02
6.562141830388139307e-02
7.698951415960045286e-02
7.736153295666764462e-02
7.665289378203989090e-02
9.000211337784225218e-02
7.149867616771454770e-02
8.876546871732501898e-02
8.709401582445604195e-02
7.568678054959225576e-02
9.075934915202550635e-02
7.680515053260679459e-02
8.088140560864894024e-02
8.087699228790531936e-02
6.974535982387009003e-02
7.441773823125075182e-02
6.446994724110940989e-02
6.079393550237779248e-02
6.111696708774121134e-02
4.994726437488474641e-02
5.021434416640621623e-02
4.429071518437109611e-02
3.697671057329392913e-02
3.756844109059859910e-02
2.827805114277517559e-02
2.863371641401248405e-02
2.648052336277328597e-02
2.519228279296661932e-02
2.402204575594731398e-02
2.168514626007044671e-02
2.234227873334058978e-02
1.540081070004503672e-02
1.411599702004668992e-02
1.191470274092202956e-02
4.206689457053483169e-03
3.655201103325685531e-03
-3.060420061504488896e-03
-1.559985321668208233e-02
-1.563271579832441888e-02
-3.512670910449215006e-02
-3.793903716035854773e-02
-4.606448025884099517e-02
-6.509690008491693380e-02
-5.791716789848871255e-02
-6.795990384163860809e-02
-6.036620249076436046e-02
-4.536234748796884320e-02
-4.035773310973639338e-02
-1.617547879203722408e-02
-8.916820648855140405e-03
1.568427141218455391e-03
1.662902146396920064e-02
1.550623734844705157e-02
2.154432515214489002e-02
2.198738155043218970e-02
1.459123303760727526e-02
1.641745457142732012e-02
1.030226318836082768e-02
7.855210593952012196e-03
7.342067117483311138e-03
9.183698187279589528e-04
4.852349666561662361e-03
2.996445064662042138e-03
1.315722557993380306e-03
2.969921566726789453e-04
-2.286365252899686274e-03
-1.312342677164204680e-03
2.224100399447584940e-03
2.407141662992436787e-03
9.347619634536853336e-03
1.268532054133682078e-02
1.206743809803985379e-02
1.749174306128584155e-02
6.799435506074088392e-03
1.335087541576992880e-03
-7.427665995514353206e-03
-1.921866694045958404e-02
-2.091799718871278566e-02
-3.449186071968014106e-02
-4.141674679422725769e-02
-4.905487820541357818e-02
-6.358608703414868335e-02
-6.884907759766645263e-02
-8.017507260692660620e-02
-8.834907141250432361e-02
-9.041224721260664177e-02
-9.814602730021176891e-02
-1.015064332001414243e-01
-1.028241712822877268e-01
-1.069906266874620093e-01
-1.076248748101158587e-01
-1.051149843142171747e-01
-1.086523640339577407e-01
-1.020513057711057575e-01
-9.631346228827160350e-02
-9.000705374708130313e-02
-5.993726783968719718e-02
-4.806704609027463715e-02
-2.883415715172365362e-02
8.314234092468082878e-04
7.349585413540728196e-03
2.279841950115817778e-02
3.185418241685691182e-02
2.272626960463652174e-02
2.802589161804161511e-02
3.930133040235041578e-03
5.758273367037931032e-04
-1.359434513206978076e-03
-1.770496829843078504e-02
-1.030541209178007477e-02
-1.658168915165156992e-02
-1.884232258694291257e-02
-5.496193341300876362e-03
-9.306702810218144342e-03
-3.276052638654694505e-05
3.725162117301590928e-03
4.444354436312230455e-03
1.000509364730651878e-02
8.874069456539523254e-03
9.987526488543639613e-03
1.368440695076777319e-02
1.490784269589191455e-02
1.381647596653628844e-02
1.990052789575245604e-02
1.615507643566783599e-02
1.524347773362429680e-02
1.392630395649191444e-02
4.203882669998731773e-03
1.252834514053658560e-03
-1.143845400382166588e-02
-1.658161203078504370e-02
-2.879068807387423490e-02
-3.617157133710200562e-02
-3.782352013920414063e-02
-4.753709946349767013e-02
-4.573082109233441578e-02
-5.190684016102226767e-02
-5.633418245650460843e-02
-5.465912762448600637e-02
-6.638231925321044780e-02
-6.762841312955353290e-02
-7.561467006249072975e-02
-8.796840568817551609e-02
-9.055106944857616025e-02
-1.005317780537225703e-01
-1.056475928087366178e-01
-1.085855366705769376e-01
-1.152464874949470641e-01
-1.139184343785124010e-01
-1.151592483963444491e-01
-1.137078053874484435e-01
-1.063361419179164880e-01
-1.019211861849630557e-01
-9.628686741668272819e-02
-8.864168388751156313e-02
-8.201570585366813049e-02
-7.641391759391882865e-02
-6.567071252202827392e-02
-6.029195359843826652e-02
-5.132465478049039881e-02
-3.647628372773855515e-02
-2.929938532498995579e-02
-7.973027614162858309e-03
-5.131371718611243884e-04
4.957397752108419486e-03
2.045423957185275171e-02
2.045918494210965943e-02
3.234288766869789639e-02
3.423889396289013509e-02
3.304763520292546691e-02
3.756405656741119981e-02
2.775288463484216345e-02
2.885178717491006586e-02
2.731314977834451221e-02
2.462686737858615915e-02
2.466699521134364803e-02
2.329883819278417978e-02
2.199283744378583219e-02
2.121037384703078343e-02
1.987953186123565114e-02
1.754216043997995980e-02
1.624835972361637904e-02
1.332704536959863559e-02
8.965366877882526009e-03
7.146445349882082909e-03
7.297904275286595192e-04
-2.357642383274727565e-03
-8.974356611566980391e-03
-1.240980437738878166e-02
-1.608926791858330749e-02
-1.966113057570306050e-02
-1.792650268984404341e-02
-2.059761071810177480e-02
-1.979592911613644798e-02
-1.908067050449041221e-02
-1.927706129274394872e-02
-1.718296526162819277e-02
-1.666032936767177300e-02
-1.425687756294624457e-02
-1.225684494496764344e-02
-1.041176834413646245e-02
-5.654754383133933984e-03
-4.442361239788626161e-03
7.869992906325060491e-04
5.189380697364790428e-03
6.194696075352637728e-03
1.269823026308907442e-02
1.275730987457096739e-02
1.342661645429756370e-02
1.576339728355724903e-02
1.431480026358070666e-02
1.518530186391202352e-02
1.461767760968402628e-02
1.267013748804739388e-02
1.317101336067480477e-02
9.855502261347171694e-03
9.735223608932462927e-03
9.606057460895661357e-03
8.327672180375935915e-03
8.520539307035288404e-03
8.247934254672364962e-03
7.841087117622562788e-03
8.023116668122297346e-03
8.203600524932186389e-03
8.303639361026553950e-03
8.286535191639700024e-03
8.437961880259128508e-03
8.446039776254252521e-03
8.502187394467772275e-03
8.569858312470663569e-03
8.570740266161983381e-03
8.614813922419604919e-03
8.631846228082062228e-03
8.636706326494927519e-03
8.654709346746421519e-03
8.657157105914921325e-03
8.657420928373982597e-03
8.663101431729700042e-03
8.659322559279297032e-03
8.648093093266374584e-03
8.658738777564336728e-03
8.627205162513243084e-03
8.615883335414234109e-03
8.640322220119197802e-03
8.508851339631334776e-03
8.605844089202816655e-03
8.529412143454515732e-03
8.251173842994513272e-03
8.770965553079580757e-03
7.948810449133413350e-03
8.098349535285442186e-03
8.557144174869583259e-03
