2.785234702603739954e-01
2.896431285809966671e-01
4.486153126809196978e-01
4.738254375141610630e-01
4.604277996296780584e-01
4.891015673381355344e-01
4.738341013424889892e-01
4.776569957025066926e-01
4.818355348038980135e-01
4.766670554248690350e-01
4.801769525842599085e-01
4.794071330430257905e-01
4.787639658406743215e-01
4.798735573571231705e-01
4.791865477970176923e-01
4.794137534746742424e-01
4.795413792757493021e-01
4.793293761410939990e-01
4.794819428729409361e-01
4.793972202241590375e-01
4.793728767671511792e-01
4.793748949517389613e-01
4.792398397017630374e-01
4.792726972613030045e-01
4.790452856290349781e-01
4.788941859710008075e-01
4.788864882108508358e-01
4.780617224250110486e-01
4.782062099352403783e-01
4.774074161025814722e-01
4.755506037921072848e-01
4.767239339778099327e-01
4.718942524330424493e-01
4.704826823172783556e-01
4.707859857555709571e-01
4.515555405771897735e-01
4.463681162997555352e-01
4.318390612232990144e-01
4.207405448466366438e-01
4.088299063471611539e-01
4.066607518492567630e-01
3.769816820838141069e-01
3.648859006357937917e-01
3.612988861188835554e-01
3.401951076913785066e-01
3.388399480724547663e-01
3.905637618613613249e-01
3.972555364403120848e-01
4.102633253518586653e-01
4.344581959535375182e-01
4.016746219715728317e-01
3.639089547980481898e-01
2.628892818025209133e-01
-7.316752302263851426e-02
-3.774019766577803026e-01
-4.548047457136143445e-01
-6.535376988701026013e-01
-6.514680569136720445e-01
-6.363133226300715650e-01
-6.737089454518806475e-01
-6.462057666071798767e-01
-6.002354999761271293e-01
-6.559288757917905999e-01
-7.043334923482750254e-01
-7.693394374327635621e-01
-9.666975380017301944e-01
-1.096220967436484006e+00
-1.097653606946202842e+00
-1.175544118167820340e+00
-1.159620801881851904e+00
-1.175221831825216778e+00
-1.207857053345905207e+00
-1.177078183097303388e+00
-1.215400045682622165e+00
-1.204288658521089905e+00
-1.186516136721913917e+00
-1.210055080346540191e+00
-1.123085040825837488e+00
-1.094215685802694127e+00
-1.016303797107128704e+00
-8.351621309829906359e-01
-7.565109622250744126e-01
-5.372766271211958378e-01
-3.606117627876123111e-01
-1.814053775370437771e-01
1.374092332085478096e-01
2.163124439719477099e-01
4.555534409479140012e-01
4.932564613619916383e-01
4.215765159012500596e-01
5.219177950424604973e-01
4.561151588392762246e-01
3.599067616070062425e-01
3.623140975546254583e-01
-2.701617942901224020e-02
-2.987384073970346388e-02
6.460809480776995295e-02
-1.100875979242748638e-02
1.311774167423769011e-01
1.009541953495330241e-01
1.124964018762916740e-01
1.106607685872984803e-01
-5.921276897642752113e-02
5.583561882834544438e-02
-3.333155780413941255e-02
-3.073497544845156873e-02
-1.538895131132769767e-01
-3.476791319855947471e-01
-4.056457914812886534e-01
-4.620826428282261422e-01
-4.789469692120144617e-01
-4.629780172364913460e-01
-4.399590924941901293e-01
-3.632856068574713548e-01
-3.443408661446757391e-01
-3.374927632585270620e-01
-2.775166076166752926e-01
-2.764166553103614143e-01
-2.387938599468819867e-01
-1.810382196199878113e-01
-1.672774020392857330e-01
-1.353595222002803022e-01
-1.076933817010759797e-01
-1.236769533344436456e-01
-1.212346564209826616e-01
-1.375607439650511354e-01
-1.990564135059001150e-01
-2.345579848779644483e-01
-3.003067577858061221e-01
-3.749681471861219806e-01
-4.280995007073865599e-01
-4.789440885749412513e-01
-5.436832605888958225e-01
-5.539170439387245404e-01
-5.781686832851253843e-01
-5.844588895113672633e-01
-5.921441341225456290e-01
-6.043939595554658206e-01
-6.070466069455233704e-01
-6.152235294880200600e-01
-6.244261477505264057e-01
-6.306631498696642080e-01
-6.432654627336139574e-01
-6.354971779874860616e-01
-6.345703576672477864e-01
-6.282521997678062187e-01
-6.018948025047462513e-01
-5.663014827480022939e-01
-5.393832791009550709e-01
-4.432300599001838814e-01
-3.796444553354734741e-01
-2.436826201668832181e-01
-1.263158703904695701e-01
-6.150604430908861858e-02
4.065018660605741740e-02
3.634942699841371000e-02
-9.213073893930188996e-02
-8.844545405804907223e-02
-1.986960569958639289e-01
-2.327825881643272865e-01
-3.391144770627109173e-01
-3.793917958191553863e-01
-3.793830141156870894e-01
-4.266903445096758007e-01
-4.350564840331338501e-01
-4.121609976937242181e-01
-4.575594327281936602e-01
-4.116569990769708420e-01
-3.426518532354841384e-01
-3.096870389230621523e-01
-1.476078452563878984e-01
-8.435129056846957241e-02
1.380826181801826300e-02
1.164114330209200660e-01
2.665925535939961954e-01
3.363257710289467295e-01
3.626050876027031578e-01
3.005319658411447770e-01
2.737912658977813551e-01
1.281545948100499266e-01
-1.343889161071081806e-01
-1.785413868511418756e-01
-2.115087017297006544e-01
-2.114547828985268163e-01
-2.207497020157119516e-01
-2.249578957817519320e-01
-1.535750162481442638e-01
-1.547293958920993862e-01
-1.376916132144301863e-01
-1.010000445120022017e-01
-1.568305856652134067e-01
-7.327757813354750238e-02
-1.485389911654968476e-01
-2.618985925824252048e-01
-2.904582775260674543e-01
-4.240079755673147321e-01
-4.510981107000262558e-01
-4.915089400307682266e-01
-5.157347920985937417e-01
-5.232754863903904541e-01
-5.482501006745722494e-01
-5.552325827959919691e-01
-5.646367984903001291e-01
-5.833399813279254165e-01
-5.865916168877923775e-01
-6.008633302065577997e-01
-6.171291917568065832e-01
-6.187828819273613057e-01
-6.390612520858324208e-01
-6.432926669819389875e-01
-6.636583587304767384e-01
-6.847437019475360875e-01
-6.953127648997655674e-01
-7.263014502051543531e-01
-7.536133400420771400e-01
-7.865155632678265674e-01
-8.132542197911520887e-01
-8.381283558754285545e-01
-8.684621568934004499e-01
-8.765963195403957409e-01
-8.985592126864955231e-01
-8.940903152937373921e-01
-7.741966278326916084e-01
-7.413316464961235974e-01
-5.567143178062653464e-01
-3.938264228914609144e-01
-1.835460428496951679e-01
8.512192820677994334e-03
1.801441614453205553e-01
2.931485887688204950e-01
2.282886973496648098e-01
-3.266111185467854977e-02
-8.148013696120701144e-02
-1.033559590257852462e-01
-1.647072096211721626e-01
-1.199296000059954098e-01
-1.853491157790449484e-01
-1.660345498622344262e-01
-9.634823253608060245e-02
-1.445802530079246528e-01
-7.599760797586126160e-02
-1.228197809674514279e-01
-2.460654526368154515e-01
-2.719362665940557311e-01
-3.987728020309329602e-01
-4.223033905049494163e-01
-4.035915382190833900e-01
-4.231283748926055188e-01
-3.658705510153572593e-01
-3.212113642831405658e-01
-2.269582091039988314e-01
-1.262594447782496021e-01
-1.384334373728328682e-01
-7.525118597539438847e-02
-8.042822638582317052e-02
-6.006211605730892716e-02
-9.313773277063074757e-03
-1.947953172331937793e-02
2.201102884181004027e-02
2.381084889558762047e-02
2.218056084818693235e-02
1.303293055481457088e-02
-2.298340958129640663e-02
3.890809427463422232e-02
6.657349540450877012e-02
-1.061035521273147320e-02
-1.344104835180119466e-02
-3.153596944790241358e-02
-1.065839076666163787e-01
-3.152063264625813988e-01
-3.856440965937167897e-01
-4.220967018819580252e-01
-4.465291206252177125e-01
-4.411120366976595264e-01
-3.933496616473292073e-01
-3.481895893024482547e-01
-3.558665575877136833e-01
-3.823899269007347002e-01
-3.930034651534007328e-01
-4.319923745579735130e-01
-4.619677268534434500e-01
-4.864941666285388377e-01
-5.059210226061817695e-01
-5.294119743459276828e-01
-5.470423332010659889e-01
-5.737162246870128879e-01
-6.129624041247178079e-01
-6.576260371504240032e-01
-6.875748012100387774e-01
-7.389016275567387160e-01
-7.734106349898657307e-01
-7.932721762829204604e-01
-8.425942129307064654e-01
-8.139093178574771104e-01
-8.213329895823304749e-01
-8.135657105021407709e-01
-7.896641333177016886e-01
-8.171294344405257704e-01
-8.128764036643080226e-01
-8.394940582738079637e-01
-8.756907681391884468e-01
-8.521798149178967385e-01
-8.925759966506037202e-01
-8.851317489931294080e-01
-8.729360609734796439e-01
-9.026877141286129280e-01
-8.566766144214610357e-01
-8.585265678379239151e-01
-8.339729335829857426e-01
-7.261696855959013375e-01
-7.001140908046431521e-01
-5.127571623169614456e-01
-4.032277501102494721e-01
-2.993927605327814656e-01
-1.172848669905649649e-01
-6.006328498921408715e-02
3.778598098758364360e-02
5.079205639321889010e-02
-9.418288954409097247e-02
-8.451290477692370573e-02
-1.956789751958358248e-01
-2.328900605496605491e-01
-3.376652142025350356e-01
-3.782749887119362664e-01
-3.792559956121150933e-01
-4.259843553179783471e-01
-4.335940536005963852e-01
-4.128601148696192102e-01
-4.557837254228425117e-01
-4.099612148569632408e-01
-3.444839418052616509e-01
-3.033709908329111915e-01
-1.490481022771814601e-01
-8.255594968870259842e-02
2.769439888891310139e-02
1.068372514739142631e-01
2.909734307733773950e-01
3.528440459262682793e-01
3.700457752765996533e-01
4.462805291860960644e-01
4.332158920028656435e-01
4.464528994011673912e-01
4.003348197420589782e-01
1.785946835524367393e-01
1.595690059239853256e-02
-4.622178599577780184e-02
-2.207108345347909562e-01
-1.877735653946852046e-01
-2.097234276701719913e-01
-2.161548712188348376e-01
-8.742321682381225256e-02
-3.819555293801660256e-02
-9.590386195789110668e-02
-1.948864929801208401e-01
-3.839689810437568740e-01
-4.304244050673782795e-01
-5.622329557009521084e-01
-6.364310701015000182e-01
-6.530777907557101525e-01
-7.465513930099449968e-01
-7.274089994405381621e-01
-7.550604999152075170e-01
-7.823341118666627958e-01
-7.243853735106580150e-01
-7.522835299648011897e-01
-6.586046190954879531e-01
-5.825545608789375329e-01
-5.152214197236533177e-01
-3.136286858109227360e-01
-1.715120558863635902e-01
-1.235981014470007022e-01
-3.361536938356327747e-02
-2.917233313680418771e-02
6.775043155461881340e-04
3.327693341017949613e-02
1.878299041799454464e-02
5.014965752312299657e-02
4.903716810355317895e-02
4.784005728759110898e-02
3.649702717665045948e-02
6.419034183849610387e-02
6.805187961410004427e-02
1.486219264004515206e-01
2.200909307203340604e-01
2.764918129063930752e-01
2.757499769595548322e-01
2.577157203192589341e-01
2.455924936497007605e-01
2.400431035562596571e-01
2.231034077124209036e-01
2.237461312616033371e-01
2.212548545557888879e-01
1.991997490498360335e-01
2.249933928859844390e-01
1.946611678153215286e-01
1.853531742385784720e-01
3.009944439211069134e-01
3.339418544008466716e-01
3.138322733679472232e-01
4.061356771624383133e-01
3.400036741657068706e-01
3.661069093145984943e-01
2.758223239285332862e-01
-2.404125516319077088e-02
-6.238044695831417713e-02
-1.032953146644991077e-01
-1.030146737980751487e-01
-6.492605359867643922e-02
-2.755565405601244008e-02
-1.453845937839421398e-01
-2.548626662429269163e-01
-4.170579939271188419e-01
-4.229925599745356646e-01
-4.423527205717238120e-01
-4.508872245057791162e-01
-4.226387550836905871e-01
-4.156785774900016439e-01
-3.702381510282787835e-01
-3.133988613265895617e-01
-2.572965303306414264e-01
-1.511738467511019035e-01
-6.468158739184390327e-02
-4.504821420367192270e-02
1.252572978673864058e-02
2.263000552468182741e-02
4.196036846504621470e-02
6.924406613954520173e-02
7.689969640737934209e-02
9.647209037869521053e-02
1.099344471746710461e-01
1.158950523681639838e-01
1.359973343512317911e-01
1.425241625947324953e-01
1.550730333978587727e-01
1.692855954806389007e-01
1.740895673116668041e-01
2.142297423408435209e-01
2.513946923677219947e-01
2.923680922474782284e-01
3.110038207347309291e-01
3.774299828452029049e-01
3.869574101704263414e-01
3.815762857265381780e-01
3.484898494540726865e-01
3.583868411579104185e-01
3.395528643444247208e-01
1.142028157021396650e-01
7.223881059437797791e-02
-1.569025358630423139e-01
-2.230487754881854967e-01
-2.451493214854910951e-01
-2.712750121520345337e-01
-2.387571960744147015e-01
-1.929958291721284580e-01
-1.775123019118964862e-01
-1.486196723916722584e-01
-1.366813734831873184e-01
-1.132124199679616361e-01
-8.790176859584189484e-02
-8.262776679517473688e-02
-1.215875397330302456e-02
-1.000777114581309505e-03
3.542949042704249263e-02
7.743947209865079118e-02
8.910819977681483373e-02
1.331598937521541182e-01
1.789871350750475432e-01
1.898468596107268647e-01
2.836170562124314398e-01
2.880883812557320511e-01
3.017612523627305476e-01
3.309129358784070329e-01
3.274433163138263936e-01
3.431169935908326418e-01
3.489255688090532881e-01
3.529659789022546179e-01
3.636730638004568306e-01
3.642045440850121829e-01
3.794414090299524922e-01
3.832746754318658300e-01
3.895337249996112527e-01
4.095693690262379172e-01
4.130140678032443446e-01
4.514363477602464370e-01
4.514038839673784054e-01
4.546807592432245415e-01
4.647370536320700185e-01
4.627545003829967585e-01
4.665832530382381660e-01
4.683250326833665045e-01
4.681508431474799559e-01
4.698068650767776577e-01
4.698619771939842038e-01
4.701868270137232186e-01
4.705965684651250425e-01
4.704909680646924275e-01
4.707746470856650212e-01
4.705453488092274372e-01
4.705691026200518601e-01
4.706287582716554563e-01
4.696384785526560024e-01
4.703910320519734678e-01
4.690125338028605095e-01
4.674447420906395201e-01
4.698264479092252865e-01
4.624036018838651452e-01
4.647766359464995944e-01
4.646859659998380798e-01
4.430390612104173065e-01
4.661777360438499884e-01
4.302184409176994517e-01
3.980994343923472956e-01
4.221320769871322320e-01
