1.045784295033053590e+00
1.097547850893970889e+00
1.491432679169506281e+00
1.508862069255530791e+00
1.532241050218069889e+00
1.552712799743769745e+00
1.540752518978366625e+00
1.552767664356297095e+00
1.552605041126361440e+00
1.551282478288642963e+00
1.555574144091505184e+00
1.554011263143257437e+00
1.555002686557485303e+00
1.555792083174088791e+00
1.555281831512167479e+00
1.555930938490270643e+00
1.555896779444492894e+00
1.555873878357381113e+00
1.556077531930265323e+00
1.556006388210122937e+00
1.556013128213416641e+00
1.556068064032399390e+00
1.555988930742508103e+00
1.555900941979563079e+00
1.555994784198603487e+00
1.555643708284934146e+00
1.555611700782713047e+00
1.555632923884042285e+00
1.554522614370233535e+00
1.555198893774129454e+00
1.553870199457336509e+00
1.552019244307472956e+00
1.554225618851918345e+00
1.547095775936044637e+00
1.548118816186909719e+00
1.546921728626278636e+00
1.521943846084560237e+00
1.517667361021343586e+00
1.490985930247791469e+00
1.481968741468268513e+00
1.473101708630515594e+00
1.454423292207086993e+00
1.454404795624567592e+00
1.434904750711401222e+00
1.422031997668842029e+00
1.427179131193562212e+00
1.401752730578079476e+00
1.470261377932793323e+00
1.495586910513261980e+00
1.484838787216140155e+00
1.621912135316311288e+00
1.615753857561599727e+00
1.714926736732765633e+00
2.013716658579418173e+00
2.087800699721650943e+00
2.244302619044671765e+00
2.359933869293428632e+00
2.390927273061316694e+00
2.408971117432543885e+00
2.399229147778805249e+00
2.396282103043492206e+00
2.350128009263709572e+00
2.285591004756012623e+00
2.193973429091036653e+00
1.995786316698872076e+00
1.830697123883682664e+00
1.338089019300618965e+00
9.199341492342175686e-01
3.635514910601467808e-01
2.239060897305384934e-01
-9.579501168255674659e-02
-1.792363020389578510e-01
-2.210347764994972097e-01
-3.637950092394340862e-01
-3.267194632599353943e-01
-3.808849437298388318e-01
-4.415537473038498861e-01
-3.738087045888128790e-01
-4.609515217578357138e-01
-4.277680676748807365e-01
-3.259992975921843783e-01
-3.655986998076797279e-01
1.254111139581852163e-01
2.649236531081549106e-01
5.525345283563697363e-01
1.470293268568756195e+00
1.731294194407578813e+00
2.284191786489607523e+00
2.458738370940753981e+00
2.430236611579068562e+00
2.451096290045838177e+00
2.403431801167203119e+00
2.426793548686202673e+00
2.431118611785905159e+00
2.403760409270171206e+00
2.453176511056748943e+00
2.444749836311455926e+00
2.473694543676820956e+00
2.527889891720096927e+00
2.516962415939107967e+00
2.527498829525604229e+00
2.504628412874791543e+00
2.394350641129430191e+00
2.436416743103865024e+00
2.503383612022701321e+00
2.467861450006381130e+00
2.520501073930517144e+00
2.480859887384008644e+00
2.463066680873398528e+00
2.511916104829782448e+00
2.508884611834873102e+00
2.511622822253195775e+00
2.539672583146981300e+00
2.529777275371841938e+00
2.552167961773593508e+00
2.572236774583095187e+00
2.571156033318632517e+00
2.622229491052409323e+00
2.659137262638500143e+00
2.732778000773882443e+00
2.754314588643096418e+00
2.774426678075902153e+00
2.791893534757599493e+00
2.787167560183578363e+00
2.796089656480383656e+00
2.801829887889239590e+00
2.795202722857280886e+00
2.797933380636456135e+00
2.789753724039450766e+00
2.707051039428464367e+00
2.610811894621526186e+00
2.333137634146619899e+00
2.314633118156592229e+00
2.066213905047618926e+00
1.298179509339815851e+00
1.207923336451127483e+00
5.464799573591326842e-01
2.751119101914835108e-01
2.052714434007925082e-01
-2.380034820899747938e-01
-2.252301175269737776e-01
-3.806255701010083370e-01
-4.294277394553868699e-01
-3.971982067534937655e-01
-4.620529451420269385e-01
-4.520303697346956251e-01
-4.441370286164671444e-01
-4.699579807409624554e-01
-4.573773887897847890e-01
-4.148535256998059362e-01
-4.157705084296957065e-01
-2.785280577904564181e-01
-1.645459267092006239e-01
-7.499904223950176752e-02
3.016997415328693255e-01
6.193831730650758427e-01
9.136222534942970430e-01
1.549449322748432500e+00
1.900214011898228028e+00
2.165763467740831061e+00
2.759281413283700246e+00
2.793569126668836500e+00
2.840079503635568603e+00
2.875256586868526920e+00
2.854290187375262633e+00
2.871990496758910716e+00
2.861468977215453791e+00
2.836921012839473732e+00
2.782990098316380223e+00
2.720348443678840766e+00
2.713870623437454110e+00
2.695836343513402511e+00
2.688901814813374092e+00
2.654126616007613126e+00
2.617172272806445488e+00
2.576336971829045197e+00
2.551757417000680928e+00
2.515224758876169364e+00
2.479924211483492957e+00
2.458536555017674985e+00
2.416840896267686389e+00
2.395470314646087839e+00
2.372955200657936636e+00
2.336465106354109533e+00
2.326581398913529330e+00
2.296921992650257316e+00
2.280459065374100369e+00
2.289963211772204854e+00
2.269109780242475782e+00
2.283289023265506312e+00
2.292225738136262958e+00
2.297282562006435658e+00
2.311997204691537799e+00
2.318913723629374868e+00
2.351919890380069766e+00
2.366897565082372257e+00
2.399289608159458798e+00
2.434386177749258806e+00
2.453027709701251169e+00
2.497762370091196171e+00
2.528243163602836852e+00
2.558420960778450937e+00
2.618202257659245635e+00
2.646433510584009774e+00
2.677484070170996322e+00
2.723433846284327942e+00
2.736084131976984413e+00
2.777221338695138986e+00
2.801167273321401474e+00
2.808613283472651823e+00
2.839453644123659970e+00
2.771516710641602099e+00
2.746629901983118849e+00
2.692379233328707322e+00
2.618936963524246764e+00
2.572648965124270326e+00
2.492395375083004794e+00
2.330000476990778502e+00
2.226021905621736963e+00
2.127479837189762080e+00
1.866324573751898530e+00
1.656910032316099013e+00
1.585331037340017790e+00
1.215343857335590805e+00
1.256091377048593749e+00
1.365081694982503313e+00
1.501719360614324650e+00
1.812056425640750978e+00
2.019223369034942372e+00
2.021098823611374939e+00
2.058000498428625757e+00
2.055646446915837977e+00
2.059204239999307795e+00
2.077893872407647891e+00
2.063246924269965810e+00
2.099386853391975727e+00
2.106077324755328828e+00
2.113176252007127776e+00
2.158441018956422930e+00
2.158290643025710054e+00
2.202566812798349094e+00
2.245404583997352876e+00
2.266649848041993209e+00
2.299061806207295611e+00
2.321450543860991811e+00
2.239451941553590508e+00
2.223824369018412295e+00
1.995026704620328939e+00
1.746959451552869691e+00
1.529689184333680396e+00
1.226182233603118066e+00
9.039158852555140289e-01
5.889564545361875014e-01
5.710942837884951384e-01
4.218262305212287511e-01
2.121665451420134962e-01
1.045148433310177094e-01
-2.213299165824593462e-01
-2.704905921379184286e-01
-3.858822338175608713e-01
-4.368819330550707813e-01
-4.050593707653240005e-01
-4.652282708648101117e-01
-4.519735534863055793e-01
-3.957492475483407324e-01
-4.211903508016399122e-01
-2.161468506625123798e-01
-1.170607445677034897e-01
1.360717317432870721e-01
2.174978741454829945e-01
1.764555207235001810e-01
2.362616279140465347e-01
2.384134036180132199e-01
2.602732136406962216e-01
3.140392097117630232e-01
3.142911289866190394e-01
4.052597696054704990e-01
4.033875282231542125e-01
4.508025096297148537e-01
4.729055468366927806e-01
3.403675425359661277e-01
3.571269667420226557e-01
3.364208628929630240e-01
2.955921734539629364e-01
3.764982809508790607e-01
3.648582296570984651e-01
3.715360558977883754e-01
5.016951733228907084e-01
4.478917389178077024e-01
6.843085535419903831e-01
8.020915917437289044e-01
9.682484216744012828e-01
1.165945966012565282e+00
1.371095878056023176e+00
1.522235819583392269e+00
1.823785277046222841e+00
1.867897208412456767e+00
1.926206905944746195e+00
1.953006483211436217e+00
1.983865166138421454e+00
2.005817091975597322e+00
2.019648353907909755e+00
2.042333194944649488e+00
2.054433046886321446e+00
2.073053413869120565e+00
2.095648152106314388e+00
2.109317926582132241e+00
2.141732252602237985e+00
2.155787868510031124e+00
2.178866426517535704e+00
2.160784073244432335e+00
2.151199866358134205e+00
2.122178913201129724e+00
2.119224480102320562e+00
2.102869734336738627e+00
2.013046466922162825e+00
1.967346281093060201e+00
1.550686286117281432e+00
1.319092437139341101e+00
8.566783385622875890e-01
7.581810291434654125e-01
5.274677237968434795e-01
4.570510428106098755e-01
4.301137716466523764e-01
3.017737440259423698e-01
3.271581546057165113e-01
2.710135393677322035e-01
2.825662423204257090e-01
3.119169427762376601e-01
2.927264659944779912e-01
3.581357727201342489e-01
3.299827533690569692e-01
3.986606260605816687e-01
4.481701212581546967e-01
4.317533315028497798e-01
6.648564445673971202e-01
6.667389665147522848e-01
1.131982784366571515e+00
1.576312814048080435e+00
1.979956900338711634e+00
2.883118871011576267e+00
2.909033089002008410e+00
3.075250112166895811e+00
3.079966141107260746e+00
2.947690261235250464e+00
2.924256631398524320e+00
2.861390340964995449e+00
2.752719335894374897e+00
2.734594883341421756e+00
2.653766165701142210e+00
2.603486115228662801e+00
2.581078433855314991e+00
2.511197563570263469e+00
2.506195703045240197e+00
2.475071626459564467e+00
2.423552593344418415e+00
2.442942047178546794e+00
2.401460305338508405e+00
2.419084781338322721e+00
2.448867770788650589e+00
2.444269670953238993e+00
2.519670330907353151e+00
2.549034263265822275e+00
2.605827483765946084e+00
2.719260327991416037e+00
2.740274109483677556e+00
2.786474184745534988e+00
2.807016660654917395e+00
2.823431964333305011e+00
2.851373245221535235e+00
2.858952477911778089e+00
2.875876297009857030e+00
2.887383593293077588e+00
2.888853566110241022e+00
2.887802869860021548e+00
2.886972271189061523e+00
2.880052199926011358e+00
2.870723752126599138e+00
2.860613974648329005e+00
2.787130923319829812e+00
2.652703963127664988e+00
2.459703884243817473e+00
2.230442175104457636e+00
1.892195846245344093e+00
1.344192870643297066e+00
1.257911863220282589e+00
1.161042425622210050e+00
9.008792708444353092e-01
9.051855682166091155e-01
6.967370823242747813e-01
3.461702924985980423e-01
2.462203541682882468e-01
3.574076254473801395e-02
-1.710171414956665470e-02
-1.135402712298917965e-03
-7.469310022436667640e-02
-4.599336975495878915e-02
-5.800085810822671467e-02
-7.770872871058327747e-02
-5.337175660325340493e-02
-7.238327799312613275e-02
-6.890044572531502098e-02
-5.151715475460224430e-02
-7.360104687729582262e-02
-4.604980596300742302e-02
-3.821090910763499243e-02
-5.453567603312411277e-02
2.476744258453459496e-02
5.892874003229552245e-03
8.541261971934205333e-02
2.738893820234880039e-01
3.590844550525997270e-01
6.254660279747851215e-01
7.500234270395876868e-01
9.445809204913381274e-01
1.179770262825098115e+00
1.273138760916241452e+00
1.567581896787427320e+00
1.638113825359912790e+00
1.670199577287199366e+00
1.780921052162720786e+00
1.753390325179032594e+00
1.816416551640554600e+00
1.825132358792080245e+00
1.793701312280829852e+00
1.799195153670414049e+00
1.779716083531902582e+00
1.764748610321069222e+00
1.765220756892134757e+00
1.741032749552716918e+00
1.729841620149529025e+00
1.724186612509224226e+00
1.667099907418607252e+00
1.655422426974489269e+00
1.626802012639265493e+00
1.584338235452245502e+00
1.580627290270902208e+00
1.553016738221314696e+00
1.552306796718378790e+00
1.549317454801058647e+00
1.541394096790750678e+00
1.542795712751040993e+00
1.539448584240891371e+00
1.537952544022196388e+00
1.538019536150351030e+00
1.536456795224423466e+00
1.536372960249302810e+00
1.536030080822346378e+00
1.535540989934636391e+00
1.535557846718671904e+00
1.535299337025806787e+00
1.535164091342925197e+00
1.535154993101422338e+00
1.534958066712676317e+00
1.534913471123144024e+00
1.534884871699275122e+00
1.534550169411761811e+00
1.534674956211254049e+00
1.534335062008064465e+00
1.533784861231420438e+00
1.534285748039882824e+00
1.532569990405545424e+00
1.532623787747367627e+00
1.532692496145875660e+00
1.527786302756962922e+00
1.531494575924395418e+00
1.525222698658012632e+00
1.518538413975707879e+00
1.529026319724614114e+00
1.498362300379711964e+00
1.509247798970526411e+00
1.507524402837419508e+00
1.429156125970547420e+00
1.513672406207202226e+00
1.381823688776388392e+00
1.292102524292852994e+00
1.378663101187989959e+00
