-2.816670100974755209e-04
-5.389560138935991021e-04
-2.804243694389962731e-03
-2.509246375473134921e-03
-3.750583745719703477e-03
-4.758822338994712735e-03
-4.219872751972015418e-03
-5.326206211192013526e-03
-5.292206350913252269e-03
-5.300254976233060439e-03
-5.656111708688718945e-03
-5.544525203449307549e-03
-5.633211300179287624e-03
-5.691685429001286031e-03
-5.663291625688423800e-03
-5.704486331834545884e-03
-5.705898194976926144e-03
-5.705941114765186034e-03
-5.716642693251196977e-03
-5.713235535470300580e-03
-5.715217399315394853e-03
-5.713747970567618385e-03
-5.708679717754793458e-03
-5.707982648249243680e-03
-5.692918695235711819e-03
-5.685945832065106460e-03
-5.674546613365131185e-03
-5.623166454771488451e-03
-5.627353353640915032e-03
-5.548898959558840396e-03
-5.428008409937489127e-03
-5.461565974038315972e-03
-5.113339210246713000e-03
-4.976656092928542774e-03
-4.903181110189091738e-03
-3.999860447781468202e-03
-4.003226939819205452e-03
-3.567768262017428828e-03
-3.184802459633770313e-03
-3.147356172082067804e-03
-2.615445387912369857e-03
-2.384964676555656384e-03
-2.353067484940906794e-03
-1.591480253348251167e-03
-7.034754778214710388e-04
-7.916094849990129318e-04
4.974228075602483284e-03
4.090618880154272240e-03
1.132409799646617692e-02
1.458559879812189493e-02
1.605716963771306252e-02
2.873129500201223110e-02
3.438749618341137293e-02
3.613653870395058115e-02
4.230868746460750979e-02
4.857589086392946620e-02
3.808055684870508689e-02
4.658053768780828774e-02
4.592025260524019298e-02
3.764698357939696288e-02
4.850235029207731335e-02
4.308097016858883355e-02
4.275278768123654677e-02
4.183786229399743400e-02
3.675982084633400843e-02
3.382740540654437938e-02
2.958392915324117509e-02
2.468257999711784278e-02
1.838649863419424338e-02
1.470528747710490858e-02
7.898884072885839838e-03
3.617409920313913001e-03
-1.244627912788918555e-03
-9.743638717986275247e-03
-1.490465053474869170e-02
-2.053255897096463792e-02
-2.749579982560670238e-02
-3.218417447808209070e-02
-3.908812521501951742e-02
-4.592122924455611932e-02
-5.179063901472721887e-02
-5.936829778420082970e-02
-6.481632539876988619e-02
-7.093526890188889267e-02
-7.489521249379879619e-02
-7.824263475608952967e-02
-8.015468827410179853e-02
-7.718797426668980166e-02
-7.431282402684918909e-02
-6.458471724127452795e-02
-5.518488244182424146e-02
-4.569312081176390289e-02
-3.968722992173594200e-02
-2.867476178265324430e-02
-2.611891785078879896e-02
-1.685441300707246279e-02
-1.283146856756303342e-02
-1.128355464771471292e-02
-6.579176472313904081e-03
-5.996916098110197622e-03
-7.035703586617324083e-03
-6.838007628585274222e-03
-6.709760840981804537e-03
-7.182602499829680853e-03
-7.062566069437102058e-03
-4.495421511737915377e-03
-3.357829701616223562e-03
-1.204270911409174166e-03
1.892548567536641354e-03
3.724980049481033551e-03
5.351541645597960965e-03
1.196865135424828377e-02
1.202024682484458505e-02
2.084774153470242766e-02
2.714902920089037885e-02
2.792808327969002399e-02
3.511660492426290497e-02
2.720787573680066851e-02
2.293538395965292326e-02
3.607695200183780315e-02
2.556197638258154298e-02
3.146624424588118085e-02
2.793729221733200555e-02
1.076722696446416605e-02
6.103620765849672447e-03
-1.104421333693656956e-02
-2.394567364776958515e-02
-3.232522096424407521e-02
-4.956193610321242560e-02
-5.307559406633669680e-02
-6.226645679612988898e-02
-6.988407774622944213e-02
-6.654422716177113561e-02
-8.020962535969135276e-02
-7.902393923721970359e-02
-8.440677246509825649e-02
-1.049231401029217109e-01
-1.045103193260747687e-01
-1.283433121692813816e-01
-1.366535945055072365e-01
-1.392423769870854700e-01
-1.533250421944960529e-01
-1.515157586331765949e-01
-1.548026044097295106e-01
-1.639755316377607131e-01
-1.573977664355166728e-01
-1.624306323179325051e-01
-1.586073991226699120e-01
-1.489336665286689898e-01
-1.447299938954384191e-01
-1.283375862351560093e-01
-1.210864703457826125e-01
-1.059866923104268027e-01
-8.622313000207731948e-02
-6.736190303879169283e-02
-4.277474910239562056e-02
-3.122885864545042398e-02
-2.928902753239284035e-02
-2.204674912111066754e-02
-2.253348149115702581e-02
-2.009635822641222397e-02
-2.117291535209323353e-02
-1.321255810325948528e-02
-1.415538968068931133e-02
-1.171093307348443358e-02
1.445835178866736008e-03
-5.148516074215885941e-04
6.085039381116838161e-03
1.004473940354619864e-02
-3.933190463414349899e-03
-9.916566155693169217e-04
-3.838420207300774576e-03
-1.368131383900129602e-02
-7.133991431537968671e-03
-1.179513934464687143e-02
-1.030525473834557025e-02
3.026110166100662562e-03
3.343041342944972055e-03
1.637805762593459724e-02
1.994963931195223306e-02
3.474647589307777035e-02
3.587639450509017697e-02
2.868855350181099412e-02
3.266256062638008689e-02
9.592100900632540006e-03
3.761454676522751894e-03
1.219207181673103053e-02
4.754246876356564740e-03
-1.304880172329359999e-04
6.257419589231726087e-03
-4.000076434583404832e-03
-6.637533187619875080e-05
-2.762253140666397037e-03
-6.199211257935187576e-03
-7.381894334890246566e-03
-8.249899717036086530e-03
-7.651752657169574347e-03
-8.715204829030353748e-03
-5.529974570917287405e-03
-5.219684878331931101e-03
-3.768513851260813820e-03
-1.154910775719328927e-03
-2.094440848518040049e-03
8.250019070009440882e-04
2.027704487108204865e-03
3.068050357289137196e-03
1.187016540910595984e-03
1.771964816843123961e-03
4.413768552344318058e-03
1.292083776742075467e-02
8.743240421813590346e-03
1.055567896800404214e-02
1.228150559409410709e-02
7.602176275559862674e-03
1.264251217579171090e-02
3.607494845492805694e-03
4.478634549266631852e-04
2.056759754120428014e-03
-9.799207212229676424e-04
4.585266555924718754e-03
8.059192003778961264e-03
1.000353125644456477e-02
2.177041853498657559e-02
2.845897610870469149e-02
3.215709179883093766e-02
3.970018366541780419e-02
4.081001063195856260e-02
4.092177543127497458e-02
4.176191357935540860e-02
3.599044904147572638e-02
3.166351618278114705e-02
3.375096432728774687e-02
2.714256618558517214e-02
2.909435893184134092e-02
3.403949784887114194e-02
2.771200578072052778e-02
3.715803647376931390e-02
3.789164699894739113e-02
3.800662943594663307e-02
5.288764504613237966e-02
5.062235829978364854e-02
5.030887711201498247e-02
5.061188560056994329e-02
4.612316483730469208e-02
4.674906806878209586e-02
4.370721139054521004e-02
4.209746285707978430e-02
4.040724339483874050e-02
3.802991606745585035e-02
3.636291143038442725e-02
3.318244176014355923e-02
3.235810836853490052e-02
2.896214029284657418e-02
2.670526036662842356e-02
2.798303660526744660e-02
2.559226450397206892e-02
2.424641625130600706e-02
2.291525711454997852e-02
1.841532713703624563e-02
1.399075024171913574e-02
1.081445483982406384e-02
1.752665190001957566e-03
-3.216069532950209791e-03
-6.040365913606502747e-03
-1.194067362257646148e-02
-1.200046893887315828e-02
-8.877066313904613537e-03
-7.511183498973651729e-03
-5.518488618357212869e-03
-2.195641036828697556e-03
-8.673675058236239447e-04
-2.044304009795653264e-03
1.296182905169515241e-04
-1.313205348129025242e-04
-1.243326622668649824e-03
3.388470885466190151e-03
3.534178657035941945e-03
5.287190454845173450e-03
1.398113613876957907e-02
1.343362289404648191e-02
2.185796427505897269e-02
2.834561377005726662e-02
2.967429336495325948e-02
3.577145243641946526e-02
2.767163850190300367e-02
2.715184462660296186e-02
3.643605100993773521e-02
3.405902737213546694e-02
4.247902713850260775e-02
4.561464709277679441e-02
5.044983190133493084e-02
5.759093488656854415e-02
6.073641705017653047e-02
6.463969946999569005e-02
7.020978772819394531e-02
6.982614792780490742e-02
7.247387959964084192e-02
7.475155203401910586e-02
6.832320666636743089e-02
7.108070507210263733e-02
6.383497402165314027e-02
5.291665432009128728e-02
5.155969875083864923e-02
3.017286945749799582e-02
2.639936655978474683e-02
2.142100071958105700e-02
9.278204139112365689e-03
1.311035256278574208e-02
1.172708581189504766e-02
1.198398433431284958e-02
1.561687222566250817e-02
2.242603988614563088e-02
2.269705057210969629e-02
2.495485926101073670e-02
2.885499010159096184e-02
2.604561719262329586e-02
3.144737851483761504e-02
2.901391014444287125e-02
2.688305044976217056e-02
2.984912150845473594e-02
1.774113369153353451e-02
3.132609745364885179e-02
2.601441593470728980e-02
2.816619222023836883e-02
3.211054338630549287e-02
2.894962296882225630e-02
2.803443929601983145e-02
3.021136304822267735e-02
2.113343023857404759e-02
1.859397888438844501e-02
2.101950201625720285e-02
-3.702762396017573836e-03
4.859170520648312119e-03
1.529559259660957663e-03
-3.113212913195361527e-03
2.049345666950280406e-02
1.576072093099233420e-02
2.331181327240768389e-02
3.172039987797387051e-02
2.457949487721469359e-02
2.473449972022892171e-02
2.471508447442163220e-02
1.410535492585188004e-02
1.263754863966896728e-02
1.286225725529141495e-02
4.312724815689263948e-03
4.373163355359810378e-03
-3.056108854458900424e-03
-1.229862919379478073e-02
-1.938902694079685726e-02
-2.133230750252321575e-02
-2.473546107159771065e-02
-2.451064474294260137e-02
-2.168671025424558085e-02
-2.265373076186275036e-02
-2.027433220948008513e-02
-1.936577192150442522e-02
-2.182294674584874666e-02
-2.052524118649087098e-02
-2.245136368007586564e-02
-2.532673929671511170e-02
-2.477184600136811410e-02
-2.886274049589204749e-02
-3.041839832384803100e-02
-3.069059835047234508e-02
-3.589442521103423933e-02
-3.453393653399406543e-02
-3.713647419944295786e-02
-3.717813990029259635e-02
-3.152191323427921271e-02
-3.276921130121835529e-02
-2.811647244569039777e-02
-3.207917866588355649e-02
-3.501556936671412074e-02
-4.113670834688668704e-02
-4.731234519202722616e-02
-5.087216220589207971e-02
-5.363837136066032518e-02
-5.359414072543455809e-02
-5.500939404994382304e-02
-5.382720565832597309e-02
-5.392841208888407567e-02
-5.272711728690381017e-02
-5.080376566168491592e-02
-5.069430596034458364e-02
-4.653437634323820404e-02
-4.493215773836469612e-02
-4.187181424348635633e-02
-3.256540847004436856e-02
-3.126623816243953580e-02
-1.432530021116591376e-02
-1.374656289139053640e-02
-9.566513393485133812e-03
-2.707777311539556926e-03
-3.658778295143315720e-03
3.428410017826408109e-03
4.621670121979466056e-03
6.651221290118866994e-03
8.627677927601364039e-03
9.196487822194765113e-03
9.580553030292654135e-03
9.931777868175848192e-03
1.028477718501409274e-02
1.039450392582229495e-02
1.062823097162346117e-02
1.099879032621263637e-02
1.106770184975624377e-02
1.155279205256950006e-02
1.225011372232194529e-02
1.219173088761326025e-02
1.391940970583814205e-02
1.472144698876637521e-02
1.489923048986367335e-02
1.956427140310591090e-02
1.970915082117596917e-02
1.940244643244099301e-02
2.029528588867588607e-02
1.875478585229776660e-02
1.738495175582213323e-02
1.524795099375962290e-02
1.238915877096874105e-02
1.017454415408677523e-02
3.110943497780161836e-03
1.026454880708852196e-03
-8.882125730579377640e-03
-2.200231172804721289e-02
-2.163793677345668062e-02
-5.060644376843730086e-02
-4.964123755472597821e-02
-5.316110953284892970e-02
-6.291782480330929128e-02
-5.528696441688592256e-02
-5.808925955819239234e-02
-5.365283040231919043e-02
-4.268313961711674154e-02
-4.391857937687301816e-02
-2.527559438116296076e-02
-2.471099515773694452e-02
-2.328662190369884533e-02
-1.702376680917959406e-02
-1.685702885054935971e-02
-1.467163252881309790e-02
-1.182230154599334462e-02
-9.152413024868437039e-03
-8.565367390364663283e-03
-3.049517660643225308e-03
-3.046631143532992948e-03
-2.156923749846358009e-03
-2.379389208886062673e-04
-6.009855708990450044e-04
-1.133466804403451096e-04
1.252832091318368613e-04
2.596918511229109102e-04
3.871253578917602180e-04
4.772747585068364668e-04
5.470873238263702617e-04
5.809030469800800008e-04
6.214851828978409324e-04
6.423849845206561562e-04
6.561761921330814314e-04
6.648480867888353430e-04
6.745752751392826256e-04
6.730374387550169379e-04
6.631024430831488877e-04
6.842576640865999111e-04
6.350150704349231436e-04
6.376226012410898076e-04
6.663063814522880235e-04
4.737114163924194374e-04
6.327748473080928391e-04
4.632781341948131039e-04
1.345670070407191236e-04
6.301124143736297565e-04
-4.264403289487553230e-04
-6.051155887757783854e-04
