4.657091749273867265e-03
5.235894121613523557e-03
1.312663167990414138e-02
1.165919004691172434e-02
1.702569324281762164e-02
1.930847412767590712e-02
2.165974270338337157e-02
2.227175877946079713e-02
2.296165194881228874e-02
2.338240618400339726e-02
2.324941701217373216e-02
2.351701103777939506e-02
2.348412635879949112e-02
2.346148765054415983e-02
2.353191305471359282e-02
2.349316743380357175e-02
2.350430510553097943e-02
2.351124768406103599e-02
2.349796837764939889e-02
2.349864679601170250e-02
2.349259392575499608e-02
2.347986050141105327e-02
2.346314015472882042e-02
2.345138578510186714e-02
2.340545356105282887e-02
2.336705921333064040e-02
2.332780470223371969e-02
2.316687951819216759e-02
2.312539811946264304e-02
2.291585955203967809e-02
2.248701661209247249e-02
2.252165712725091168e-02
2.154263103996386514e-02
2.090138678787638662e-02
2.089951415867974047e-02
1.765688756324152245e-02
1.848071344736775326e-02
1.716031203708530059e-02
1.725086260763302945e-02
1.855767292390858234e-02
1.660240106281049566e-02
2.088135104175746493e-02
2.147560784860411826e-02
1.517793353280906879e-02
1.374129448308026961e-02
1.189904824376254895e-02
-6.987901018264879548e-03
-9.696952913349916534e-03
-2.141416138587631454e-02
-3.545339035447905851e-02
-3.752386418797945544e-02
-5.138205679276545285e-02
-5.692308264177740884e-02
-6.028768969032705094e-02
-6.702309483174072324e-02
-7.341046227569118787e-02
-7.663025499802009199e-02
-8.301422682406284226e-02
-9.120538983925315091e-02
-8.319446846224663739e-02
-8.409633082362583112e-02
-7.896691643857331466e-02
-7.489099240334853858e-02
-7.614111480591601033e-02
-7.046858332828699611e-02
-7.058245296508929012e-02
-6.898932860760065289e-02
-6.413415798437030468e-02
-6.608611292659792580e-02
-6.003703930714738429e-02
-6.074448565410382750e-02
-6.216390764372142080e-02
-5.839934064393392799e-02
-6.227088629005713555e-02
-5.976198046290817634e-02
-5.572273144918688664e-02
-5.881997243139636816e-02
-5.669458418847315995e-02
-6.120005620825177961e-02
-6.416551077328812303e-02
-6.790536166613965474e-02
-7.927952171361724032e-02
-8.398657126149247643e-02
-9.731162558116718264e-02
-1.059818046443133932e-01
-1.133029972144106584e-01
-1.265822540992292966e-01
-1.289938857196373245e-01
-1.405155939238336704e-01
-1.386081757505369383e-01
-1.367482845596634800e-01
-1.386216539484847743e-01
-1.218938322218718479e-01
-1.141991306945265849e-01
-1.054414410398383378e-01
-6.322343209453440416e-02
-5.524387131612176066e-02
-3.969401141006891759e-02
-1.535146578167329023e-02
-1.426467542760360453e-02
-2.343960149841234439e-03
1.161103289200751155e-03
-1.493678804190939988e-03
3.942749304889422469e-03
2.300624591380604454e-03
5.395679114998538456e-05
-7.106044019867555029e-04
-1.919050084307884945e-03
-2.704198102892296351e-03
-7.574941343959025290e-03
-9.779292752999936902e-03
-1.157824009044456509e-02
-1.275219320207713128e-02
-1.489951016792638409e-02
-1.573467975985632511e-02
-1.722084015451552999e-02
-3.018370399717145922e-02
-3.651833897382538580e-02
-5.283448571557881196e-02
-5.484371525698604477e-02
-5.996606510569362641e-02
-5.499795668784299152e-02
-5.081287981360936568e-02
-4.765823367533716937e-02
-3.310046520030880679e-02
-2.500665002471576942e-02
-9.993516958497117644e-03
2.658571937565920931e-03
7.679957193390092411e-03
1.965743636951250775e-02
2.341086827617194083e-02
2.371371067332280966e-02
3.025712147869890137e-02
2.338588987596273983e-02
2.152756646426292123e-02
2.091388572024834719e-02
5.498851381684679435e-03
6.481320465093378357e-03
-2.854925477045358855e-03
-1.050258138598412529e-02
-5.191073830109306855e-03
-9.266502918275092496e-03
-9.755435658124818332e-03
-6.156991072176142780e-04
-6.146753329516382522e-03
1.155243095867128063e-03
8.381884777673700646e-03
-5.471157608611211054e-04
1.293894347116652903e-02
1.997869284194960307e-03
-6.862388678663777601e-03
3.066785019754689895e-03
-2.219487799321935226e-02
-1.558480347068837493e-02
-1.822257856779720825e-02
-2.777524251497493282e-02
-1.561902476093262639e-02
-2.678624746653425481e-02
-2.659877517182232531e-02
-2.469667918515081398e-02
-2.674205926407330000e-02
-2.372988717079826948e-02
-2.054015344319891009e-02
-2.076812471051742853e-02
-1.635328205553062547e-02
-1.220290736033469853e-02
-1.579027809328488116e-02
-4.088233575193178822e-03
-3.701417927421965428e-03
-1.304470777597146330e-02
-6.987170369456989320e-03
-1.268138495236252779e-02
-1.485200844796043251e-02
-1.085517431030011588e-02
-1.029711495254978688e-02
-1.180564980121985227e-02
-2.268472593198138289e-03
-2.417361887074241569e-03
-9.725918658669903405e-03
-7.122408086645236336e-03
-1.546085288458844478e-02
-2.129465360450649020e-02
-2.172455520817919220e-02
-2.004369707245344176e-02
-3.018998187345811948e-02
-3.080425999115510641e-02
-1.580920904676434355e-02
-2.418925948041043134e-02
-2.292782697260813130e-02
-2.255378041106545495e-02
-3.180005409553338103e-02
-2.927882102816412729e-02
-2.589902196772912724e-02
-2.019116179849069631e-02
-6.532594943927202101e-03
-4.869303800562756884e-03
-3.302832258863614909e-03
3.257805080577897989e-03
1.429083567013694290e-03
2.921086508311092258e-03
1.018149744421494203e-02
9.234532183140938336e-03
1.382730453818278860e-02
1.642513747317171993e-02
2.144908293899818602e-02
2.096632011609633750e-02
2.424213678636281608e-02
2.082876581624151097e-02
1.678804145299083589e-02
2.763073998395589731e-02
2.027765719330382188e-02
3.435590694750913221e-02
2.434969340192274026e-02
1.116940813382218296e-02
4.613376581364377407e-03
-1.565787895309793051e-02
-2.636188242955397193e-02
-3.696416786642421626e-02
-5.223466022774065493e-02
-5.869104414151343763e-02
-5.900899376858406015e-02
-6.188741576581074239e-02
-5.330645748746722090e-02
-4.976178844474175161e-02
-4.764076179252452886e-02
-3.660534160356344185e-02
-3.871616705610410325e-02
-3.046369933344861974e-02
-2.584325702982804424e-02
-2.744666579823248562e-02
-2.328038714125347727e-02
-3.183015644379450643e-02
-3.457209504238114434e-02
-4.406874699230996922e-02
-5.149071765528798195e-02
-6.247801710889127474e-02
-6.051057651746046678e-02
-7.127940179831704359e-02
-6.688046319487793434e-02
-6.330221529626604837e-02
-6.516114401398240275e-02
-4.491672841631279278e-02
-4.595675328023456768e-02
-3.692973924033754463e-02
-2.907347384246094721e-02
-2.846789716994675354e-02
-2.146531356942344912e-02
-1.944816526006282534e-02
-1.763074436236240772e-02
-1.507750910960073583e-02
-1.401674905424948187e-02
-1.465346928976949369e-02
-1.393187373980686941e-02
-1.511644633560937576e-02
-1.937789750135371358e-02
-2.021786705713896765e-02
-2.547856844718439720e-02
-2.824028727130356228e-02
-3.118375447210805854e-02
-3.566250412028643124e-02
-3.845696922667411061e-02
-4.351471676219238749e-02
-4.978067280211764117e-02
-5.692016035208871672e-02
-6.443394376119696010e-02
-7.134391435894078815e-02
-7.272552479226761235e-02
-7.950787069448869704e-02
-7.695434436626079344e-02
-7.640603282022941090e-02
-7.565446743492283688e-02
-5.501526703739776508e-02
-5.265230524779317828e-02
-4.018370838402289535e-02
-3.003022143316391376e-02
-2.375141640175229205e-02
-1.755187503552721462e-02
-1.755275434646300092e-02
-1.487090836624374406e-02
-1.310763794028517795e-02
-1.610321198450735680e-02
-1.479010849819153983e-02
-1.550197900864216244e-02
-3.031076673859170456e-02
-3.487093916396228482e-02
-5.199496742610990041e-02
-5.781432488926611934e-02
-6.095479465537212427e-02
-6.235304800515809737e-02
-6.416889878998570385e-02
-6.066128090847511256e-02
-6.052980692462541640e-02
-6.010364968508431771e-02
-5.797118973740898046e-02
-5.911271964250557065e-02
-5.845192105625455353e-02
-5.932218537937776481e-02
-6.075542665924191232e-02
-6.199982607818684682e-02
-6.462953065575087475e-02
-6.627930948801602495e-02
-6.992661247151886472e-02
-7.235452328227413854e-02
-7.102769352935145442e-02
-7.094250785929960557e-02
-6.702019777384880805e-02
-5.821523762047121214e-02
-4.157602371641682532e-02
-3.021457523254272859e-02
-1.636273032850327908e-02
-1.978818795028437424e-02
-1.604856062590782548e-02
-2.228811701195114459e-02
-1.285474620235457777e-02
-1.883253657568037184e-02
-1.622800506174571639e-02
3.872211248754509581e-03
-1.768639313728416138e-02
1.376651431558659038e-02
2.850196724157619266e-02
-8.882371550163511986e-03
5.086010642084601990e-02
3.668401501907102985e-02
3.787844935651054484e-02
5.855921862312964132e-02
4.731890866902573739e-02
4.520052043767271849e-02
4.912809623845305201e-02
3.535511532008344532e-02
1.882394459424249072e-02
2.892701899217059794e-02
-5.701311805849684430e-03
-1.797522829207947714e-03
1.452815222948760678e-02
3.925815810804593638e-03
1.838133421591368541e-02
2.464646457398231294e-02
2.479893488771379648e-02
3.416494460446254516e-02
3.917694426843626454e-02
4.118271818978009452e-02
4.952356306648880713e-02
3.996920546769468924e-02
5.276348415094337524e-02
5.465282326979781224e-02
6.398244103669230298e-02
9.789828336667323605e-02
1.130741496710230692e-01
1.315569300130663422e-01
1.603979930758027972e-01
1.554835879381962493e-01
1.657001926859422714e-01
1.629098705125564817e-01
1.462996735099732215e-01
1.378421177594046365e-01
1.167063388134301632e-01
8.912716739348520989e-02
7.050582358590075371e-02
4.187281070795268595e-02
7.168983368742107461e-03
-8.713138889457969563e-03
-4.207023552444820458e-02
-5.763653710590697921e-02
-6.592088808374724218e-02
-8.700790023873836154e-02
-9.202678803115763029e-02
-1.037776086804422099e-01
-1.195693232848496768e-01
-1.174109324928365172e-01
-1.236744451000713341e-01
-1.240581010595423750e-01
-1.131227066576370593e-01
-1.209863642937417938e-01
-1.107111811599301998e-01
-1.064096298721040473e-01
-9.643228956859212220e-02
-8.178455541308998766e-02
-7.400831755493803010e-02
-6.474877941540650717e-02
-5.739432436406295690e-02
-4.867038678289136583e-02
-4.207545473942428393e-02
-3.710190400769874941e-02
-2.597168717277589453e-02
-2.533168431251876102e-02
-1.550411533090300525e-02
-6.674664296999087074e-03
-8.788636011902927272e-03
1.123870719367231312e-02
1.367086159010055813e-02
-5.364244626135248467e-03
2.384341174364741883e-04
-2.958693417102125061e-03
-8.176665645765789428e-03
-4.458596931877901667e-03
-2.552043044077571170e-04
-7.526560883092551840e-04
2.110511364084170609e-03
4.563825904886764130e-03
1.708702100228260573e-04
1.618633414450254462e-03
2.894839464607538385e-03
1.156945959672200583e-03
2.899502945449131727e-03
2.924874060108919194e-03
3.101592265527426239e-03
4.217170050544160123e-03
4.397051123167665214e-03
5.829444993805813283e-03
6.433881282832044912e-03
7.326351796870714424e-03
1.004774747585101581e-02
8.100347624859043777e-03
1.027608000288036255e-02
1.061970929704849145e-02
-5.222012036399873401e-03
-4.633822279267694154e-03
-1.567711224964408664e-02
-3.506620854831123818e-02
-2.848309482264585121e-02
-5.154646587899111565e-02
-4.928944388365198020e-02
-2.981702129667776827e-02
-4.030721133474268053e-02
-1.492991128445404943e-02
3.197615431007572954e-03
2.601163841539732083e-03
4.284465533430184547e-02
4.354262137136084843e-02
5.284000171507442778e-02
6.864179066234622761e-02
6.267699271003453199e-02
7.107991021633727757e-02
6.746855489922007343e-02
6.125584628355747185e-02
6.379101666818708105e-02
4.359804644711636618e-02
4.388534197869590342e-02
4.027561496036082683e-02
3.419838591012730467e-02
3.447885847231784567e-02
3.134071376942676457e-02
3.060398484102656164e-02
2.931322738114213594e-02
2.867356487586700947e-02
2.878740961096537196e-02
2.883221841399576102e-02
2.945348060052030079e-02
3.001223437768218635e-02
3.027745149759618684e-02
3.034561764280915147e-02
3.052385132339821214e-02
3.073844336850044268e-02
3.098111113892822177e-02
3.104141320482301999e-02
3.122104396486953537e-02
3.130228037896300858e-02
3.134420363937355514e-02
3.141725678331898364e-02
3.143722453309467924e-02
3.145501078587159549e-02
3.147766952127208084e-02
3.147642446033931118e-02
3.146977664835312605e-02
3.148011115917179192e-02
3.144319636969658549e-02
3.143414063787512702e-02
3.138095634639687798e-02
3.136466151391098522e-02
3.128177262497642414e-02
3.092158497560669461e-02
3.169830619568793362e-02
2.993043732210304286e-02
3.045293734640951849e-02
3.155742497652668649e-02
