6.260483655721426873e-04
7.187610027431513534e-04
8.783160944813738673e-04
4.932870782238163356e-04
1.125387889643472000e-03
1.415414933896691138e-03
2.500802946588317165e-03
2.708810551864971987e-03
3.079169871506723648e-03
3.432910125279946528e-03
3.539945430829236073e-03
3.741126851217191785e-03
3.851335579831007862e-03
3.921245877946066827e-03
4.004258995194945672e-03
4.043077933681610281e-03
4.078951748766960692e-03
4.106586683419238479e-03
4.119484504023903856e-03
4.128462315655489004e-03
4.130882573166664087e-03
4.125104250151897557e-03
4.110256367279209282e-03
4.095568219548685607e-03
4.058997747624452750e-03
4.016493157775494378e-03
3.974643798858788941e-03
3.865681619523126094e-03
3.797359350958198418e-03
3.663460593560155347e-03
3.406022002293769210e-03
3.337913086198836775e-03
2.850987215564859505e-03
2.443796282408546017e-03
2.309560753685818615e-03
7.361395898993304673e-04
6.940751879410833212e-04
-7.454906144306910518e-05
-7.446231391436196161e-04
-8.914366795810494282e-04
-2.382686844390229791e-03
-2.314535372399308816e-03
-3.017726238154310597e-03
-8.734911131487737082e-03
-1.072106890860548452e-02
-1.437307043016502507e-02
-2.987549653534331620e-02
-3.324507007036010819e-02
-4.736192820464012881e-02
-5.868098628204362899e-02
-6.514857153231971842e-02
-8.822667658467353569e-02
-9.420863281789199073e-02
-1.111145894998051414e-01
-1.229258537126422385e-01
-1.293232645623303700e-01
-1.447023691669572232e-01
-1.440074772994768271e-01
-1.536640904865230195e-01
-1.466856011543669069e-01
-1.429996458199255804e-01
-1.469291311538385436e-01
-1.412098879349145963e-01
-1.505359449691888729e-01
-1.497683241911104690e-01
-1.504189085004982995e-01
-1.561147224977338099e-01
-1.520471484043488808e-01
-1.555169509150993723e-01
-1.531147433214825326e-01
-1.511960278814483971e-01
-1.518490742267086524e-01
-1.478848523249047808e-01
-1.451053847747850734e-01
-1.418127864892342882e-01
-1.330758001468578533e-01
-1.305541460683929955e-01
-1.277331295970734748e-01
-1.241006971198853753e-01
-1.224291028839351314e-01
-1.204603981818187786e-01
-1.204069435180233627e-01
-1.197500161880784841e-01
-1.212613262186514329e-01
-1.207158341082850833e-01
-1.213739063327265305e-01
-1.229888326294275996e-01
-1.211618158373101717e-01
-1.246077392515963639e-01
-1.184081603199059890e-01
-1.158177847502721569e-01
-1.134702374007358627e-01
-1.020603655149095179e-01
-9.724035490119248282e-02
-8.957129799938054471e-02
-6.177790592587229651e-02
-5.631514943668622375e-02
-4.381638644211150596e-02
-2.830852239355258551e-02
-2.553369103502510160e-02
-1.429172891698402871e-02
-1.204831455026448249e-02
-1.160377882298624201e-02
-7.233755709740130081e-03
-6.968233281530492387e-03
-6.200135322596642823e-03
-5.953023709997644873e-03
-5.522487621191582950e-03
-5.003586759026892525e-03
-6.382863717683410869e-03
-6.495050005639284654e-03
-6.341275060916569048e-03
-6.022804609018350165e-03
-5.441374153991269079e-03
-3.355605267184125304e-03
-2.768826652281246217e-03
-5.549395396997177689e-03
-7.456677788470876360e-03
-1.196448122604888697e-02
-9.962332975537778121e-03
-1.103993732786602740e-02
-5.554074341823219026e-03
-2.829956760190476765e-03
-7.528558079682831812e-04
7.873845770919419423e-03
1.199442732201995085e-02
2.111402417241313098e-02
2.702699461731693925e-02
2.936154292346665820e-02
3.554777693822972623e-02
3.622959674961723220e-02
3.654922340423983479e-02
3.992880435609168915e-02
3.662279469613178434e-02
3.641344982133520869e-02
3.677622448260421673e-02
2.883332635738825034e-02
3.016846198782552682e-02
2.629942956744665480e-02
2.280287887010755063e-02
2.692170555825195224e-02
2.480026113890368075e-02
2.421990913377868385e-02
2.733724253241089780e-02
2.434648623288401467e-02
2.687410284057893672e-02
3.005015411124926580e-02
2.659091124125265160e-02
3.143630863775923046e-02
2.586331546082711735e-02
2.032651064138104452e-02
2.318616264195158191e-02
1.086845453119330077e-02
1.118717319241481663e-02
1.097210300860806606e-02
5.149489949742313590e-03
7.279954984214535331e-03
1.768773817142419214e-05
-4.100386127209612770e-03
-4.792912706439071170e-03
-1.025648493389621184e-02
-9.646728652390367670e-03
-9.129077854964199462e-03
-1.016034293398947012e-02
-8.612144158145419032e-03
-7.570562975054913844e-03
-9.012558735141769015e-03
-2.717617166916666983e-03
-2.541369065242361780e-03
-7.217405431222113227e-03
-5.428466169677097740e-03
-7.602750171683774101e-03
-9.610304650630807979e-03
-7.280236649016927700e-03
-8.469620315294223642e-03
-8.173942055993010589e-03
-1.429340273172414674e-03
-1.409180835792311990e-03
-2.258607237358266438e-03
-2.023126269018537138e-03
-2.092424146006990199e-03
-3.040730169426970018e-03
-2.790638018496793740e-03
-8.636097461827206383e-04
-8.305587866013037016e-03
-7.873363173393908149e-03
-1.237275542791133574e-03
-4.577464869266081697e-03
-4.139060388870934547e-03
-6.432272326828017070e-03
-1.030967018020120633e-02
-1.116288746734428287e-02
-1.093481204862081953e-02
-8.684182107849450216e-03
-4.674825697198938847e-03
-3.701248071875213978e-03
-4.319782849583473326e-03
-1.530742059900819631e-03
-2.505950195315548735e-03
-2.427191101911376457e-03
1.546515811540837178e-03
4.916246514349751576e-04
3.081036191089201858e-03
4.940948437886725705e-03
6.815753028338494661e-03
7.703394069519111514e-03
7.932506932576384798e-03
5.127976581441210518e-03
1.722197912572671474e-03
4.199076869468511448e-03
2.680404414442385305e-03
1.037719757787542926e-02
5.221990208623608111e-03
-2.602830940702449518e-03
-7.737014737780764824e-03
-1.728869448516024560e-02
-2.298619150972584096e-02
-2.873120869193609983e-02
-3.730735226160854234e-02
-4.296035825535031438e-02
-4.510699660826902879e-02
-4.799211916374916675e-02
-4.707779825551206693e-02
-5.026316614687229706e-02
-5.170874112466308098e-02
-5.159392896086051339e-02
-5.549381686113542128e-02
-5.387181696821577437e-02
-5.569544618590450274e-02
-5.699019717798199658e-02
-5.667317298863751296e-02
-6.031702659501744779e-02
-6.012963731211906637e-02
-6.179096729286630979e-02
-6.204913154912494039e-02
-6.315266825020852959e-02
-5.773826974001115137e-02
-5.868529825790112786e-02
-5.301862740223758919e-02
-4.630070051369525319e-02
-4.542277437401945339e-02
-3.246339488207657109e-02
-3.160818667434766444e-02
-2.585263205244438950e-02
-2.097006709234701047e-02
-2.050985621228309380e-02
-1.675752807971468347e-02
-1.573144687472396303e-02
-1.504600399834243700e-02
-1.372638784105714368e-02
-1.350624668136608635e-02
-1.379820998764804893e-02
-1.356269358651260651e-02
-1.419449103950618483e-02
-1.675085827004942768e-02
-1.775297966092744678e-02
-2.078577001573160901e-02
-2.240791544867635349e-02
-2.420006619567670325e-02
-2.582795559001119581e-02
-2.745016870952580318e-02
-2.933068717497893524e-02
-3.186217574150566889e-02
-3.622147646378402752e-02
-3.924118123471307534e-02
-4.257361823316153232e-02
-4.309904382205781426e-02
-4.505915450840569658e-02
-4.515225815003407611e-02
-4.530603857600257883e-02
-4.458722600805663933e-02
-3.634174823596679482e-02
-3.428151506189069248e-02
-3.020939612150090256e-02
-2.632123053252237443e-02
-2.222381843308125771e-02
-2.000031189027451015e-02
-1.994004592666625067e-02
-1.827453623678926622e-02
-1.791768300505867592e-02
-1.848746760640693904e-02
-1.771795274565656636e-02
-1.736867204865969253e-02
-2.433066207523440841e-02
-2.679712507486094186e-02
-3.451630167263221999e-02
-3.718642124670333560e-02
-3.817296154574847944e-02
-3.865988723810717675e-02
-3.961932786748478819e-02
-3.755645434619627604e-02
-3.763684583548405904e-02
-3.745153252810927424e-02
-3.658455391101848864e-02
-3.704714646907201342e-02
-3.663202189779642820e-02
-3.690494856165566634e-02
-3.704557407398603036e-02
-3.739142735611984680e-02
-3.800255264073331557e-02
-3.823180869303975660e-02
-3.976385739066157221e-02
-4.022287306066203716e-02
-3.830626697577132339e-02
-3.766181940939136719e-02
-3.484442979392123052e-02
-2.973475714798566247e-02
-2.035519933782569194e-02
-1.225596720124096962e-02
-4.297276592329479783e-03
-3.014931609494541850e-03
1.217430639880823923e-03
1.115188705800307118e-03
8.534090013626526375e-03
8.826654871287824625e-03
1.167216568350051310e-02
2.118644648778608350e-02
1.412139438880576775e-02
2.789240684880056262e-02
3.099248866017897952e-02
1.477299534256900672e-02
3.359950878521807127e-02
2.890888864083680440e-02
2.656336543991306282e-02
3.199481191636112387e-02
2.728021658104344896e-02
2.510841393480485462e-02
2.597024791666520394e-02
1.958423313067539362e-02
1.340087257721583533e-02
1.592685561436286631e-02
-2.682931535458287896e-03
4.653511546129364103e-04
8.100923783378843890e-03
4.893143669794509758e-03
1.253910500990343922e-02
1.406239429978010762e-02
1.663329909246474142e-02
2.110884655995079462e-02
2.543914217478775858e-02
3.026126697121669581e-02
3.468850540427022289e-02
3.424345241973766885e-02
4.193809622704022105e-02
4.044458534374800740e-02
4.680981836449208539e-02
6.344647263926242453e-02
6.936807305556259851e-02
8.156941425560391978e-02
9.438077234231609380e-02
9.040816758380386398e-02
9.471705738208589798e-02
8.885630192076032774e-02
8.170634487401413903e-02
7.678107604209132020e-02
6.543432410540132860e-02
5.458099656457916782e-02
4.428751537338462829e-02
3.077206141132380474e-02
1.498234550799719227e-02
5.444230024262068472e-03
-1.206760718757209604e-02
-1.956604612349846159e-02
-2.517185998606987982e-02
-3.315642625338281052e-02
-3.780195307025716045e-02
-4.217166626341876251e-02
-4.942711760163692042e-02
-5.234706638385259320e-02
-5.575922397613362891e-02
-5.825610228552915298e-02
-5.517266876631519990e-02
-6.054258723342138132e-02
-5.867933311448150779e-02
-5.860455607479546358e-02
-5.282386152812973412e-02
-4.582246445868538853e-02
-4.179844388588860316e-02
-3.863648958409569151e-02
-3.505246905196433144e-02
-3.190080820105140741e-02
-2.921057454359499497e-02
-2.662820048810025236e-02
-2.241147427197569264e-02
-2.156459072664181770e-02
-1.705764863732451425e-02
-1.385937275531613083e-02
-1.301368248551276231e-02
-1.353211064743994234e-03
8.162600373893289050e-04
-8.496943227227259435e-03
-6.735103348436436918e-03
-6.334471652425271299e-03
-8.029218132221334001e-03
-6.429151846356293346e-03
-4.366367193756667949e-04
-3.017065679688927301e-04
2.667007889299825504e-03
4.912701491078230384e-03
2.552386176026086306e-03
4.645422083406662399e-03
5.526499041145266702e-03
5.691753258892565288e-03
7.567588245556206537e-03
8.145926677972609858e-03
9.866911834871840842e-03
1.144376648346863250e-02
1.302041052388821021e-02
1.618308750708558758e-02
1.766497718291808183e-02
2.195908733085181683e-02
2.622845360581515031e-02
2.839573977714242650e-02
3.874266408540206347e-02
4.157823777709097196e-02
4.360833346605505478e-02
4.860977270505619646e-02
5.036546424910927355e-02
5.206010668279995035e-02
5.468912157050886957e-02
5.722842444378025556e-02
5.908410321374323732e-02
6.637330770326901885e-02
6.770351081769923618e-02
7.043616412852114761e-02
7.358961264125218893e-02
7.373337208246916186e-02
7.351329124282347804e-02
7.262977450511649835e-02
6.774145230105667326e-02
6.628780125062712358e-02
6.050788447026772543e-02
5.774205981515702357e-02
5.160784142058200130e-02
4.402314032606956945e-02
4.213657564084639234e-02
2.675963511312893367e-02
2.524399877486550522e-02
2.167939596915397643e-02
1.659114653584425544e-02
1.589157047183558866e-02
1.307130009553306681e-02
1.168006600978228719e-02
1.030237228253964507e-02
9.154153864388810471e-03
8.667384042299493968e-03
8.356438829672364552e-03
8.107839027893174247e-03
7.968207211722724143e-03
7.828255865492112983e-03
7.601922268150681020e-03
7.503979663311979159e-03
7.395113181568132958e-03
7.311773730664538132e-03
7.264737878607071056e-03
7.215244870158801782e-03
7.183154105618671549e-03
7.159601921021810714e-03
7.139747278176392618e-03
7.122259549792119525e-03
7.114433961495041439e-03
7.102904864675963804e-03
7.086969278676870897e-03
7.097863941270707473e-03
7.065639203424909157e-03
7.064336841496664937e-03
7.092205191382099268e-03
6.979659308436345078e-03
7.090127085331240225e-03
7.025105596355455707e-03
6.804407589495174193e-03
7.284175096516704723e-03
6.565598359065715275e-03
6.705931962848688845e-03
7.144170096397287756e-03
