-9.266986135828272301e-04
-9.767017996523104720e-04
-2.599117535388543575e-03
-2.745834413552593594e-03
-3.394374184261582904e-03
-3.679979264536952129e-03
-3.248197904359755462e-03
-3.506072344652389795e-03
-3.434956862122564604e-03
-3.387381156071812231e-03
-3.449962103810731706e-03
-3.408880842020190535e-03
-3.417318049340973499e-03
-3.423699813526168406e-03
-3.413402123729189497e-03
-3.419074151865581120e-03
-3.417741510570318844e-03
-3.416738023099729488e-03
-3.418517608173863524e-03
-3.418420235564100917e-03
-3.419193427343053364e-03
-3.420844560459524852e-03
-3.422984909104232875e-03
-3.424489440034940956e-03
-3.430458454565464641e-03
-3.435219059546360670e-03
-3.440365523490018611e-03
-3.461395886421932740e-03
-3.465078484659416674e-03
-3.494695890027603186e-03
-3.550215916714134085e-03
-3.537469727965880835e-03
-3.693406616713258792e-03
-3.761224433673075393e-03
-3.762672639146288737e-03
-4.398685799859979734e-03
-4.305004289772370457e-03
-4.547191351852728283e-03
-4.472480534037525171e-03
-4.402156827353278720e-03
-4.618293471833617193e-03
-3.521780292174839407e-03
-3.218555064514679303e-03
-4.618685459110662660e-03
-4.434847062033476887e-03
-4.613908224459143878e-03
-1.024192914392853780e-02
-1.087560847208818120e-02
-1.294443123318451613e-02
-1.594247161720693112e-02
-1.630204603325964563e-02
-1.836539807191034379e-02
-1.885293857462503470e-02
-1.873307950670022662e-02
-1.956048259675052456e-02
-2.045876878657610851e-02
-2.074876744392768410e-02
-2.262455382672212342e-02
-2.554739249532872111e-02
-2.414756389625541053e-02
-2.447282689235519629e-02
-2.267732870237933532e-02
-2.195821868775649915e-02
-2.127039232011098541e-02
-2.064083076952910947e-02
-2.041798812717561182e-02
-2.031154523947949556e-02
-1.924778083960364608e-02
-1.922376628215096903e-02
-1.725890000986493242e-02
-1.799090737002681170e-02
-1.900011534013133427e-02
-1.888765192140113777e-02
-2.061956668244756610e-02
-1.985033177063666096e-02
-1.729388524040584643e-02
-1.723796528593953339e-02
-1.695829499689949227e-02
-1.727374955507861992e-02
-1.749492899141828761e-02
-1.794022157262653225e-02
-2.117249246978655450e-02
-2.218104214259887519e-02
-2.542925379062425592e-02
-2.754830845332952027e-02
-2.893657912790576631e-02
-3.230279695762740266e-02
-3.346815840942813508e-02
-3.673394439268396622e-02
-3.486466958099115887e-02
-3.374142818694753770e-02
-3.332372463414623454e-02
-3.042460728951223298e-02
-2.938716483571834903e-02
-2.780562488945104854e-02
-1.870145152505942737e-02
-1.701161186894504379e-02
-1.500288148668947087e-02
-1.028876959167044844e-02
-1.005137085707797501e-02
-7.548731192839300448e-03
-7.262202579506996797e-03
-8.188439070914549020e-03
-6.737536005546882097e-03
-7.190712440938282560e-03
-7.458247408096421553e-03
-7.819965138721501202e-03
-8.789874607708591386e-03
-8.817959801660337285e-03
-1.063848675947434708e-02
-1.131893777173268584e-02
-1.140157744786837388e-02
-1.153533900008685623e-02
-1.122943000805230913e-02
-1.015005051201033071e-02
-9.496750358439963458e-03
-1.309665118576227097e-02
-1.517109694920013366e-02
-1.992759851492040268e-02
-2.042798740112754599e-02
-2.165087778780449765e-02
-1.961662105341590440e-02
-1.924221990223098921e-02
-1.896673653678513163e-02
-1.618108401719828282e-02
-1.405222980084437287e-02
-9.973347070963178504e-03
-7.736360961738422692e-03
-6.172356123489226160e-03
-4.228980975277130128e-03
-3.480009841690924043e-03
-3.711852674660205600e-03
-2.435484658336195367e-03
-3.841593697545248477e-03
-4.221032630325257697e-03
-4.314867873912722578e-03
-8.471849010919912590e-03
-8.288217307624712663e-03
-1.099328166131851615e-02
-1.249119617279658909e-02
-1.117529887466498645e-02
-1.163535306644999413e-02
-1.193952941372353714e-02
-1.030033907939355980e-02
-1.106023310387771810e-02
-8.990057572725286550e-03
-6.175023011555699076e-03
-6.860719819804821616e-03
-2.832729115983719567e-03
-6.179117130346377385e-03
-9.355485036864339896e-03
-7.506894102240835656e-03
-1.600359733989125538e-02
-1.483930086347925309e-02
-1.338032630955625531e-02
-1.336024904660644379e-02
-1.065831360687262593e-02
-1.335374732661345765e-02
-1.394994737671315446e-02
-1.399071764990558221e-02
-1.501993570926593927e-02
-1.422741170575175969e-02
-1.338120262318681468e-02
-1.315483757373598836e-02
-1.212128285966757903e-02
-1.163894939748170120e-02
-1.222377498266319709e-02
-7.750220463635691844e-03
-7.573819160269707959e-03
-1.115946142146709980e-02
-1.034698348847572918e-02
-1.187485480129337780e-02
-1.251877244670589542e-02
-1.159914978737959339e-02
-1.181356062622412363e-02
-1.182860376584759024e-02
-7.471298701839259801e-03
-7.076080633276133139e-03
-1.007479479742466252e-02
-9.988729472783825988e-03
-1.204876395354585218e-02
-1.317712002386794631e-02
-1.207713438458107510e-02
-1.201118686635451252e-02
-1.608622480553204698e-02
-1.576139269031925569e-02
-1.001644660626206662e-02
-1.127089338812457472e-02
-1.150895478506706697e-02
-1.283665726264122085e-02
-1.558431869155346185e-02
-1.638829256657851202e-02
-1.526862899796606159e-02
-1.324710159091997512e-02
-8.954967384304155648e-03
-8.414369745755972269e-03
-8.172961630064918062e-03
-7.009453559782243687e-03
-7.347615871721433801e-03
-7.358094780099369570e-03
-7.038831604138825505e-03
-7.337539491243905490e-03
-6.707381025548828785e-03
-6.113139102317592839e-03
-4.316023349282171323e-03
-4.189844891633404123e-03
-3.745789557513236768e-03
-5.594251012485923491e-03
-8.497483592057687718e-03
-5.744464707996964348e-03
-4.930467209343715115e-03
2.664183671313965444e-03
3.381913319696726729e-04
-4.549871447203144778e-03
-7.572969990189925421e-03
-1.236030888330077494e-02
-1.473144685303110282e-02
-1.715916069265801397e-02
-2.063876352525782082e-02
-2.346057992174725368e-02
-2.169754757782191290e-02
-2.026241678216282247e-02
-1.748755513644320234e-02
-1.678909258349201364e-02
-1.646261337806252667e-02
-1.455335528388009871e-02
-1.539052962149281903e-02
-1.363052964592475873e-02
-1.223325583792017959e-02
-1.241517714147144513e-02
-1.155443576895078851e-02
-1.347113451996439538e-02
-1.369089941632988319e-02
-1.589262851685393704e-02
-1.727632637316588171e-02
-2.002196051002140889e-02
-1.947085895221342677e-02
-2.168928397753080994e-02
-2.109968323922233047e-02
-2.125185601550640818e-02
-2.214116579106724034e-02
-1.803054630563320077e-02
-1.824697373600478456e-02
-1.543558222834976769e-02
-1.410839481887873025e-02
-1.373247555810152426e-02
-1.241958527855458946e-02
-1.212663344947836896e-02
-1.176530647230421972e-02
-1.133324430219475806e-02
-1.088802968796337076e-02
-1.105549299561429423e-02
-1.036763111573784507e-02
-1.025665251900663780e-02
-1.161609324128566947e-02
-1.167436291463227332e-02
-1.358953637213701840e-02
-1.406697782453549851e-02
-1.451891011371697800e-02
-1.505558301451088120e-02
-1.516333382308936335e-02
-1.535359118631583926e-02
-1.635349768842768794e-02
-1.844342332741268770e-02
-2.056742392856488258e-02
-2.203207348201363658e-02
-2.224421745154453109e-02
-2.366326638335270599e-02
-2.346124522135312890e-02
-2.452015328079613574e-02
-2.415408766587465866e-02
-1.776380538493742972e-02
-1.716236403794567378e-02
-1.528032837504990013e-02
-1.333187781685856582e-02
-1.169761210969739659e-02
-1.115701461555146899e-02
-1.180018514844090663e-02
-1.127440402903167986e-02
-1.112527519461727239e-02
-1.125397066936327170e-02
-9.875494674185166313e-03
-9.165077919331996587e-03
-1.304638671522224957e-02
-1.470877564143804883e-02
-1.938634156473915265e-02
-2.040297147366305214e-02
-2.075471343559189344e-02
-2.045291531908119062e-02
-2.089917307748654848e-02
-1.942100973649396600e-02
-1.909752626310103757e-02
-1.913728851117354329e-02
-1.847646811915747839e-02
-1.869002022262478829e-02
-1.861907844965420000e-02
-1.867949740741061890e-02
-1.890203153379165640e-02
-1.931722547997353351e-02
-1.970738087069467959e-02
-2.033977671838154561e-02
-2.172200021907936748e-02
-2.272773049500281112e-02
-2.200495788546085948e-02
-2.248902342680852290e-02
-2.189509338107474903e-02
-2.001005419711876510e-02
-1.524358046477182482e-02
-1.177677758113190691e-02
-8.614452640230410227e-03
-1.121853936129943961e-02
-1.171445962930514444e-02
-1.331040284839687428e-02
-1.171920743486126390e-02
-1.281292461012880149e-02
-1.214647400403481674e-02
-9.370345554244119760e-03
-1.279719750960997895e-02
-5.607014577529591433e-03
-4.321402241696696740e-03
-1.399326595039616060e-02
1.117204268861675441e-03
-6.920840063023061530e-04
-9.544391874844844947e-04
2.740370930818256459e-03
1.013194398586037904e-03
5.823529521577340161e-04
1.234661259089619078e-03
-1.435529010099668122e-03
-4.771470776048846590e-03
-3.323196911408578431e-03
-1.478420935869003729e-02
-1.376062488460062967e-02
-5.710752188037987453e-03
-7.433208468066962102e-03
-5.070589967243061165e-03
-3.481111116034721602e-03
-3.843271808814286480e-03
-2.487214222686916828e-03
-5.189806814465146084e-04
8.952165869248094286e-05
1.191858405553076865e-03
-2.718511635406528886e-03
-2.000038978617628763e-03
-4.404940060875836907e-03
-2.511515168825782969e-03
4.616345222994054642e-03
9.856938457113268229e-03
1.496523597172278244e-02
2.490778017651390161e-02
2.218647073220336718e-02
2.343798623158382249e-02
2.169469288462233525e-02
1.846663763279911968e-02
1.721023402924440338e-02
1.463906413014771403e-02
9.692640459417806512e-03
6.589395484280724524e-03
9.302997782563547516e-04
-7.340051356000677936e-03
-1.030523374836772067e-02
-2.147488525646779750e-02
-2.425438734914817790e-02
-2.523305495290116551e-02
-2.847329758359405660e-02
-2.902416301309258123e-02
-2.834867069240418896e-02
-3.090729729443607646e-02
-2.900188362757721156e-02
-2.886924861224006433e-02
-3.013064636796296616e-02
-2.644707163335232800e-02
-3.075904650689923261e-02
-3.044728144414955359e-02
-3.120997482500892720e-02
-2.714074541810714003e-02
-2.283947059714206210e-02
-2.038338204246628593e-02
-1.946748033880701945e-02
-1.794249250896211983e-02
-1.660445586887149619e-02
-1.604847349588742894e-02
-1.508550748505089328e-02
-1.293147615640332510e-02
-1.367271172908226043e-02
-1.102293022444833688e-02
-1.018124038144656122e-02
-1.089479714391017144e-02
-2.223589489583584385e-03
-1.695288154957257402e-03
-1.035117902620280063e-02
-9.412187179901785120e-03
-9.973753617590530932e-03
-1.189611905376633701e-02
-1.089619491819300741e-02
-8.531078067592116898e-03
-8.487606210062751885e-03
-8.229888331490142067e-03
-7.832694700912107288e-03
-9.037080824892121042e-03
-8.890949488830332537e-03
-8.393583123402778914e-03
-8.723169263128723039e-03
-8.436958247433458749e-03
-8.399171625377397851e-03
-8.388290387054382971e-03
-8.228833662259588816e-03
-8.185583517170925624e-03
-7.986756104314379420e-03
-7.852022921174787659e-03
-7.584528524619964761e-03
-7.116924682561059923e-03
-6.916313299698760922e-03
-5.975528344722303570e-03
-5.850012002998644656e-03
-9.214685985516921779e-03
-9.146058440323212232e-03
-1.114766106366845561e-02
-1.490387754170369172e-02
-1.465158547089950684e-02
-2.041021663144126572e-02
-1.990378210759803992e-02
-1.551225671054846759e-02
-1.727049381503207789e-02
-1.290233286757307661e-02
-9.344046109428039495e-03
-9.211558897155736753e-03
8.569792503233415997e-04
7.833790573351442910e-04
1.463908989800074894e-03
4.113954499983823836e-03
3.086151316014864969e-03
4.219500216534713931e-03
3.619356165677166653e-03
2.977923120674719724e-03
3.196515987462296426e-03
-6.781965066820908657e-04
-7.648671184996526026e-04
-1.139311692062015607e-03
-2.110176532729018083e-03
-2.075416764609642594e-03
-2.541500617361468727e-03
-2.592312124358413152e-03
-3.055707980820863718e-03
-3.153071303568831876e-03
-2.776354168502119784e-03
-2.657847389497751834e-03
-2.379960707630984166e-03
-2.151528068674853772e-03
-2.101962445987505795e-03
-1.785248106030923971e-03
-1.785575441469995292e-03
-1.720647561665755200e-03
-1.649372015990127486e-03
-1.648587794023259438e-03
-1.615694194072671329e-03
-1.602380851491851457e-03
-1.597624850079330675e-03
-1.586877239317849601e-03
-1.584265428044894300e-03
-1.582044464353292478e-03
-1.578858446753984108e-03
-1.579153575384081333e-03
-1.580475170898799908e-03
-1.577408049068565812e-03
-1.585167512908403206e-03
-1.586393353118655154e-03
-1.581751122046306602e-03
-1.616644867413051957e-03
-1.591107985260585599e-03
-1.619259205044240547e-03
-1.709066642485422040e-03
-1.561711167678549346e-03
-1.856650006130497856e-03
-1.926380583634538374e-03
