6.937935991742189782e-04
7.923069932017152072e-04
2.803320644697774970e-04
-3.795813560307497732e-06
9.902956788571870214e-04
7.967673485564099548e-04
1.994603339848582610e-03
1.713174896993839482e-03
1.879892654637277741e-03
2.140341907066854385e-03
1.920864760664402985e-03
2.080721309862910290e-03
2.068550113367294448e-03
2.029633506031468769e-03
2.086264171619414427e-03
2.061877181570975423e-03
2.067708844155365967e-03
2.077644211024794012e-03
2.069771502244691780e-03
2.074478552753768364e-03
2.073075649832044690e-03
2.071435651003729166e-03
2.069685692330403438e-03
2.065179859956354277e-03
2.063273801786620187e-03
2.049620191690294541e-03
2.043937884462754349e-03
2.028066064949513893e-03
1.985630017424475438e-03
1.980721155702665128e-03
1.878606177826761241e-03
1.800515012560096771e-03
1.719901855485556985e-03
1.318714090848190860e-03
1.294696146736164797e-03
6.501997078705964083e-04
2.272813239974089475e-04
1.825180346640630999e-04
-2.587718882706852843e-04
-9.519071728785411185e-04
-4.684829742866478781e-04
-1.339836062243272017e-03
-2.467357022165776476e-03
1.238196099069585219e-03
1.287175232866286578e-03
3.316659341386766525e-04
1.103602603510017363e-02
7.584316645555986940e-03
9.928096967723183675e-03
1.360255164042910997e-02
6.908232264617062898e-03
1.190034347885389303e-02
1.126047379336798764e-02
1.970230377813826303e-02
2.246106481292741916e-02
2.737717472974426566e-02
3.055783597721799597e-02
3.248287542139635664e-02
3.776583086886088625e-02
3.223921655333984726e-02
3.588144570698565544e-02
2.908030083418619571e-02
9.940483352228675004e-03
-8.023119959627605241e-03
-1.704979121262159211e-02
-3.569195628386007124e-02
-3.926797653137550220e-02
-4.647347655466947669e-02
-5.578760766105360369e-02
-5.576603036921432693e-02
-6.347216398754748634e-02
-6.673330372721643367e-02
-6.785218593012280752e-02
-7.462949031744803285e-02
-7.519129629007798021e-02
-7.833923662414354894e-02
-8.325205683142122837e-02
-8.228246640813126345e-02
-8.608853294764476360e-02
-8.655156451230124059e-02
-8.366406337668341742e-02
-8.577585231464905646e-02
-8.188057224534779632e-02
-7.965934729686825755e-02
-7.860083413629662119e-02
-7.190596706806849647e-02
-6.794752118162730725e-02
-6.362480005632580038e-02
-5.552777117452455113e-02
-5.208090065358832871e-02
-5.002193197684487447e-02
-4.568183238995626727e-02
-3.707432729250826481e-02
-2.977190199363676654e-02
-2.558170395862868415e-02
-1.444118168970675783e-02
-1.490835275325225369e-02
-1.137066370998925102e-02
-7.451989663696755549e-03
-7.776397656452764540e-03
1.345232617467913413e-03
2.546273697437428062e-03
6.017317893607071477e-03
9.540438747691936186e-03
9.371742502586767956e-03
1.165362742476115827e-02
1.357722703990462722e-02
1.718378963272925927e-02
2.149043762140464761e-02
2.570234734459908230e-02
3.471507593321052076e-02
3.794053274635478951e-02
3.699996365105693436e-02
3.134667177268108534e-02
1.496844689983572486e-02
3.587968685679010072e-03
-8.105450298869864775e-03
-2.484874732303427036e-02
-2.454887301838896627e-02
-2.786438996265272819e-02
-3.027436293734736897e-02
-2.118790819430960495e-02
-2.104580511310815902e-02
-1.935323902830494644e-02
-1.493467228695239887e-02
-1.468062520880357089e-02
-1.344960084323059031e-02
-1.129009354018688065e-02
-1.138916079233383109e-02
-9.008956511715003959e-03
-8.666500276888377402e-03
-6.079318279657175243e-03
-4.449761537863334594e-03
-2.610437735280401409e-03
3.672941335646032548e-03
8.649256976928689986e-03
7.475054884745614518e-03
8.129946596477848758e-03
5.874139591338826440e-03
-1.159066768255336997e-03
3.294058737076749777e-03
-2.533708551823943712e-03
8.013270196834731962e-03
1.796025193123460678e-02
2.275846195832221738e-02
4.596658936026052494e-02
4.611862825329152149e-02
5.915427720383868021e-02
6.523494941318946916e-02
6.046539318120291995e-02
6.494751011660895856e-02
6.219779119604532114e-02
6.058383026529770565e-02
6.198163230331219659e-02
5.888770767680658047e-02
5.909825415019611533e-02
5.876304915921788663e-02
5.713251220713719269e-02
5.780249211316178942e-02
5.744466475523014870e-02
5.691888151450898853e-02
5.821612840588120258e-02
5.812407624321823396e-02
5.849104701973099896e-02
6.099018473202491575e-02
6.090820359091502628e-02
5.997618829991691741e-02
5.888916192384495429e-02
5.672730265943298766e-02
5.228554278691826401e-02
4.905034673529556910e-02
4.401789294041624084e-02
3.666076748914186972e-02
3.323268993539296029e-02
2.460831241438120667e-02
1.911776610781489374e-02
1.719901555338427396e-02
1.023918584582385848e-02
8.073692886526113305e-03
6.235408023592699418e-03
1.470244737378180976e-03
2.103917880728882906e-03
-1.546843533826473344e-06
-4.787639180727188207e-03
-3.217589941395476195e-03
3.341438055236430299e-04
1.485398130074120932e-03
5.331210508820554556e-03
9.717510443321301927e-03
1.174910667267068526e-02
1.488198597525329687e-02
1.747349637356227989e-02
1.792407523848018810e-02
1.472706639135951817e-02
1.670771385487608562e-02
1.000859067095599166e-02
9.690038949688452655e-03
9.948477798896949303e-03
-2.726689879892350409e-03
7.741686895011902492e-03
2.374175232188603755e-06
-5.344399678779926041e-03
1.855671518962188904e-02
1.381533692756358941e-02
2.249051047991454302e-03
9.624897700479782131e-03
4.429739493613036108e-03
9.993633631553157891e-04
4.040008645545812432e-03
5.037523232254732938e-04
4.424801273064804400e-04
1.878884808989311674e-03
6.811759351727977169e-04
1.595010444296450329e-03
1.625532029321141931e-03
1.252508465027813616e-03
1.427804727766590013e-03
4.986781430324921122e-04
1.435093620200884380e-04
-1.006975835772646634e-03
-2.821981729538536668e-03
-3.578912347457847282e-03
-6.529742552598576978e-03
-9.253214828835502892e-03
-9.430379295455737151e-03
-9.455146422407311596e-03
-1.079709019087615393e-02
-4.735256343063966311e-03
-6.931190538283602855e-03
-2.417408618213452015e-03
4.374404665677251308e-03
2.732903149959933428e-03
5.856399427529836166e-03
1.126111372911213319e-02
1.122715149345357606e-02
1.674504230311097894e-02
1.805052821190309548e-02
1.516553598212410682e-02
1.969919810671792726e-02
1.475488510887400760e-02
1.332269462306973941e-02
1.510478118631111352e-02
7.159477596769142811e-03
5.679076742793932181e-03
6.908206610610177073e-03
3.765280318027400177e-04
4.765517669486862146e-03
6.714521365886780280e-03
4.848616132486359594e-03
1.518328893980095198e-02
1.388508728481031330e-02
9.853614220549547498e-03
1.134984382380263210e-02
3.884010840980979973e-03
-1.241813929682649255e-03
-4.928490999563703290e-03
-1.352154493077686349e-02
-2.107200475689403191e-02
-2.567589621551865167e-02
-3.601516903707869394e-02
-3.799718167912293637e-02
-4.344812262178701645e-02
-4.925831104276352096e-02
-5.000756054461236166e-02
-5.714016636043363351e-02
-5.767358516337001834e-02
-5.976739384629273927e-02
-6.187174664409155617e-02
-5.834490573989020712e-02
-5.947979535583678562e-02
-5.705106537468483674e-02
-5.337971702432169063e-02
-5.310508309591359388e-02
-4.757332731133125797e-02
-4.490561597545378314e-02
-4.197736825663262589e-02
-3.433082758519964695e-02
-3.093522179511905279e-02
-2.550868403976771365e-02
-1.978214708536554095e-02
-1.739517355174775501e-02
-1.367044701389644179e-02
-1.072478533457313365e-02
-9.433994187953976401e-03
-7.466664236541301763e-03
-5.153015098480272921e-03
-5.650548227308695333e-03
-5.346807315276966288e-03
-5.665715210957327115e-03
-8.974743089662657811e-03
-8.844358496206267128e-03
-1.141657356073777323e-02
-7.853292397882830414e-03
-7.481450342326789911e-03
-7.506092207047671341e-03
9.500321530964511664e-04
-7.042402267275367760e-04
-8.306832466177426410e-04
7.729291207074907681e-04
-7.270995519949326365e-03
-6.059903297924312121e-03
-9.099023609507501248e-03
-8.904879487634293281e-03
-9.304975508102164561e-03
-4.517994623894117795e-03
5.382705968402312982e-03
8.261912439264730221e-03
2.664563451486776091e-02
2.668388762394380276e-02
3.258245595377486092e-02
3.843370080284092688e-02
2.255491724333924530e-02
2.273264948635717736e-02
4.468839655098995507e-03
-3.487350956648891786e-03
-1.265768479487845016e-02
-2.325801536274398756e-02
-2.384601247855205886e-02
-3.165109302438950944e-02
-3.005865919480435813e-02
-3.195097954318178168e-02
-3.058684878686258879e-02
-2.754131991045510874e-02
-2.700930376246271289e-02
-2.274220247679098125e-02
-2.042359749832652407e-02
-1.720682361043722811e-02
-1.248293058974112545e-02
-1.284130349142219817e-02
-9.964937593656205891e-03
-5.695945709762824036e-03
-5.204151007086167333e-03
-2.408080868758005148e-03
-1.232588459447510375e-03
9.943668533562743158e-04
4.386214214824362551e-03
6.727319940932346629e-03
8.975877179375568379e-03
1.074820344163223904e-02
1.206932286390885456e-02
1.255545055479773998e-02
1.340825906691220891e-02
1.289709308947694158e-02
1.238238248032904470e-02
1.331280605514347827e-02
1.343894582076836895e-02
1.086199903014822138e-02
1.171773964933264800e-02
9.529420538259517071e-03
1.344022986195524128e-02
6.199553428239835962e-03
3.675409773499754406e-04
-7.680277269403350731e-06
-5.770107442673436983e-03
-6.270592174614743851e-03
-4.687186915408568695e-03
-7.160391367452115068e-03
-2.309430899502098143e-03
-4.608671467357689389e-04
-1.082799178111533509e-03
2.143847132825186554e-03
-2.891940713246275154e-05
1.245540522981885938e-03
2.354707537474110077e-03
6.399782768210057109e-04
2.205463450282603259e-03
3.168610192421904889e-03
2.958324710357208408e-03
5.630816713669701754e-03
5.730364647963667908e-03
2.384571675528616812e-03
2.745943732200727821e-03
2.500768635090589169e-04
-4.946100310178148940e-03
-5.004513231611635617e-03
-4.538234253087779398e-03
-4.769848228012718225e-03
3.596241971965861116e-04
3.949757311616695042e-03
8.192183853417037143e-03
1.634206129438626337e-02
1.968570718656663388e-02
3.078240525076379047e-02
3.087727213128508424e-02
3.219813658138309664e-02
3.523146968664246648e-02
2.927157572780301684e-02
2.943203374155445654e-02
2.770657709090161222e-02
2.639483231261662705e-02
2.728719807677997336e-02
2.595842551425006986e-02
3.083812654643153239e-02
2.912222482885156241e-02
3.052709924046025439e-02
4.052801276713770967e-02
3.648096245081509925e-02
4.062531898850885170e-02
3.786972050515672455e-02
1.735447046661362652e-02
5.613964143890933824e-03
-4.526269532043448660e-03
-2.246476622643674495e-02
-2.014119512892879882e-02
-2.441048719072070119e-02
-2.460323486664480266e-02
-1.498063399589014480e-02
-1.957398590635202329e-02
-1.328726740013094591e-02
-7.303893259904097046e-03
-9.067033975868145357e-03
-2.208104917233969129e-03
-3.720944992396744977e-03
-1.419079645909022839e-03
3.407499081519678626e-03
4.673826098488958157e-03
4.804421168394661622e-03
-1.110980137415016993e-03
-7.530128606128833404e-03
-1.968614792946717790e-02
-3.638683159962119440e-02
-5.528246088344177661e-02
-6.478157958217978241e-02
-8.474939182444864161e-02
-9.139476289313434865e-02
-9.754913652130635382e-02
-1.029849271317521131e-01
-1.016364267267567817e-01
-1.032459657288930105e-01
-1.013974558588136982e-01
-9.783817833240238127e-02
-9.661573344466435620e-02
-8.874153282470201298e-02
-8.547080471709751770e-02
-7.790243704521394863e-02
-6.745255545132046449e-02
-6.416155252931085573e-02
-4.926037641660130362e-02
-4.545199950393802313e-02
-4.189795723235641839e-02
-3.410615121611963729e-02
-3.538004281432131914e-02
-3.219022432733894407e-02
-3.042515719549072559e-02
-3.405101564452273077e-02
-3.238867589027297905e-02
-3.451969982846046087e-02
-3.722517305100610241e-02
-3.781138377787025828e-02
-4.065121339434241837e-02
-4.445490018071762001e-02
-4.566615020529892627e-02
-5.035588290057133043e-02
-5.544873405966562613e-02
-5.676729146215940547e-02
-6.532280085003512593e-02
-6.482895895308674050e-02
-6.643434992492126823e-02
-6.927626880882352400e-02
-6.475274370036594729e-02
-6.682414797219650426e-02
-6.242114419647176032e-02
-5.775201623637526982e-02
-5.733492131836419314e-02
-4.665202496751071071e-02
-4.546144459736726345e-02
-4.095702333593560091e-02
-3.534619624972085150e-02
-3.597883088310960958e-02
-3.044827834988936624e-02
-3.018243098615156633e-02
-2.916520181813066562e-02
-2.524638477393356673e-02
-2.782463401990325005e-02
-2.345035938820447599e-02
-2.340928525900799403e-02
-2.401082195081881074e-02
-1.364271609726925259e-02
-1.552940274813534131e-02
-1.082502050692894270e-02
-5.655097642448344078e-03
-8.568712332875021848e-03
-4.797712026128149974e-03
-2.902810367581176026e-03
-2.716955534095297133e-03
2.747028858843209975e-03
3.567032960323787000e-03
5.812003098358096455e-03
1.087791828474459974e-02
1.212167839814355143e-02
1.603618350134260878e-02
1.554018210724484109e-02
1.203580968461102040e-02
1.021185748825888598e-02
3.764246403326376809e-03
2.277492714682905189e-03
-7.600527172016654544e-03
-8.858429942345804817e-03
-9.226316185605858838e-03
-1.282213536919041968e-02
-1.066128856361960031e-02
-1.211572912780658172e-02
-9.567758259940153595e-03
-7.526869352505478200e-03
-7.504510695230638510e-03
8.152046553731790487e-04
1.137541318107289584e-03
3.743564033371752850e-03
6.839705246653629556e-03
7.077483869786006972e-03
9.271145345371999830e-03
9.294736764597976569e-03
1.031706449392944328e-02
1.073611952957374133e-02
9.079145263848033970e-03
9.186035118154394635e-03
8.452148290231078359e-03
7.933028717237278205e-03
7.881507108730171837e-03
7.346843747154571322e-03
7.552593556714304671e-03
7.391229871923218550e-03
7.307652115209246207e-03
8.213222831391595383e-03
8.211820380168061845e-03
8.566646542260763011e-03
8.909801478954842979e-03
8.965506599731883769e-03
9.191531327575429636e-03
9.292670698618580791e-03
9.351399167665945186e-03
9.438557483283750021e-03
9.468562487718174686e-03
9.500403535286980686e-03
9.526798036133352771e-03
9.537633454104733205e-03
9.550148666290567481e-03
9.557693083501506842e-03
9.561673673482573230e-03
9.565647414418409350e-03
9.568361297710483923e-03
9.567848888933538215e-03
9.570205480190151562e-03
9.570459971584425671e-03
9.563963475089766117e-03
9.573092726540916031e-03
9.559781197007975739e-03
9.550885533987191547e-03
9.576130047569488685e-03
9.504794544310066207e-03
9.541197706790113808e-03
9.528183993725113446e-03
9.355951018965866575e-03
9.544292145891112786e-03
9.194106581089300442e-03
9.257447223370638203e-03
9.187183951637081444e-03
8.339025465315544686e-03
8.281155270851861885e-03
