0
0
0
0
0
0
0
0
0
0
0
0
0
0
0
0
0
0
0
0
0
0
0
0
0
0
0
0
0
0
0
0
0
0
0
0
0
0
0
0
0
0
0
0
0
0
0
0
0
0
0
0
0
0
0
0
0
0
0
0
0
0
138.439
132.449
131.382
131.611
129.966
130.513
129.468
127.618
128.457
124.656
125.492
123.575
119.943
119.873
111.7
107.067
106.725
96.9597
98.4359
95.2064
89.123
101.446
100.161
88.2134
93.2597
101.415
102.021
104.91
106.711
105.765
105.748
105.399
103.791
103.252
100.17
99.3525
98.8738
96.1102
97.8714
97.2145
98.3963
103.127
106.68
108.807
110.102
110.621
110.174
108.44
108.249
105.784
104.104
102.403
98.8543
97.9319
95.528
95.3565
98.2394
98.7005
0
0
0
0
0
0
0
0
0
0
0
0
0
0
0
0
0
0
0
0
0
135.753
128.325
127.101
124.666
124.376
124.015
123.473
123.096
122.553
121.899
121.406
120.675
120.102
119.449
118.757
118.254
117.609
117.303
116.854
116.292
115.942
115.243
114.48
113.725
112.712
111.93
110.996
110.212
109.34
108.595
108.015
107.38
106.897
106.406
105.81
105.438
104.823
104.214
103.65
103.451
103.184
103.105
102.867
103.161
102.886
102.835
102.907
102.217
102.204
101.969
100.963
101.114
100.092
99.3348
99.012
96.6073
96.5506
96.7663
96.8251
96.8686
96.8777
96.7894
96.8672
97.1982
97.2135
97.7768
98.2196
98.2421
98.5008
98.5002
98.3144
98.4902
98.1858
97.9245
97.8454
95.6701
95.1352
93.0158
91.376
90.7024
88.1493
89.1685
87.4896
87.5961
89.2317
89.4096
91.2073
0
0
98.0115
98.4403
101.641
102.696
100.48
100.234
98.9199
95.9933
94.8072
93.5907
0
0
0
0
0
0
0
0
0
0
0
0
0
0
0
0
0
0
0
0
0
0
0
0
0
131.881
123.759
121.993
118.758
117.145
117.722
115.539
115.183
113.873
111.869
111.246
107.314
105.526
104.221
102.549
102.01
0
0
0
0
0
0
0
0
0
0
0
0
0
0
0
0
0
0
0
0
0
0
0
0
0
0
0
0
0
0
0
0
0
0
0
0
0
0
0
0
0
0
0
0
0
118.295
117.576
117.098
117.787
116.892
119.248
116.043
115.724
112.767
115.662
114.416
113.894
113.521
111.944
110.868
109.751
108.805
106.53
105.092
102.491
99.8928
98.9226
98.9298
0
0
0
0
0
0
0
0
0
0
0
0
0
0
0
124.868
121.589
113.555
109.307
107.347
103.242
103.155
99.9732
98.4468
97.0918
95.8618
95.0835
93.9762
92.8789
91.7458
91.177
91.0774
91.7663
94.6575
93.2109
95.0897
95.3618
95.0983
0
0
0
0
0
0
0
0
114.301
118.636
119.11
114.203
110.375
106.317
102.656
101.785
100.122
98.4877
96.7176
96.2278
96.6547
96.274
97.4873
96.4766
96.8574
97.5103
96.7451
98.2115
97.9031
97.783
98.8245
98.4299
99.3671
100.265
100.358
100.121
99.9867
99.8
99.6269
99.2953
99.1172
98.7997
98.5025
98.3093
97.9595
97.6703
97.4738
96.9622
96.763
96.3627
95.5459
95.1181
93.8892
93.2283
92.4458
91.3778
90.8218
89.8225
88.9308
88.359
87.1155
86.5975
85.9493
85.1827
84.877
84.2394
83.7898
83.5759
83.0328
84.2176
84.1731
84.258
85.0708
85.1992
85.2171
87.1209
86.5695
87.6193
88.7522
0
0
0
0
0
0
0
0
0
0
0
0
0
0
0
0
0
0
0
0
0
0
0
0
0
0
0
0
0
0
0
0
0
0
0
0
0
0
0
0
0
0
0
0
0
0
0
0
0
0
0
0
0
0
0
0
0
0
0
0
0
0
0
0
0
0
0
0
0
0
