-2.900150264317410617e-02
-2.763220473263413093e-02
-3.405017843524035109e-02
-3.787767169785179883e-02
-2.957772644385747371e-02
-3.101728081663814723e-02
-2.905473816739580217e-02
-2.719060973175850895e-02
-2.751254003005696239e-02
-2.640698958883397687e-02
-2.614530673066561492e-02
-2.602867711047545177e-02
-2.565624419801464801e-02
-2.562405664736242331e-02
-2.550537380219056183e-02
-2.540887152128304752e-02
-2.538936488505933592e-02
-2.533296573396514456e-02
-2.530945789624875972e-02
-2.529248402765350498e-02
-2.526971030384928679e-02
-2.526077520762942674e-02
-2.524397315001481248e-02
-2.523135451228465317e-02
-2.521957316759371182e-02
-2.518861988021258574e-02
-2.518007090978743867e-02
-2.513524242866283648e-02
-2.507202719621462808e-02
-2.506922489007963259e-02
-2.488401788269317683e-02
-2.482341934602099592e-02
-2.474046132915844881e-02
-2.415139560140254146e-02
-2.435852679843174967e-02
-2.346242552964420899e-02
-2.187890779584435869e-02
-2.241578388811641190e-02
-1.897846702494230750e-02
-1.703824375496510932e-02
-1.927163136775658994e-02
-4.190495005160705874e-03
-3.242393118138778372e-03
-5.400932601995994502e-03
4.052921409890533101e-03
-4.007786777696485496e-03
-1.864486341698873631e-02
-8.204610522418514032e-03
-7.920511868675801301e-03
2.690602397611169521e-03
4.233001450822304612e-02
4.998328634042253915e-02
1.137698448805147949e-01
1.480212918817598589e-01
1.452183033894216269e-01
1.686710242435480456e-01
1.433408620284711554e-01
1.102308770286254125e-01
8.501640478082723995e-02
2.479706331193455571e-02
-2.195700928799201521e-02
-1.111978196071953251e-01
-1.781552667164106873e-01
-1.932951845082108711e-01
-2.428212851132839356e-01
-2.481435826117462107e-01
-2.691794310500994492e-01
-2.942210622434919820e-01
-2.910767738870940757e-01
-3.169008190046122553e-01
-3.182422748873061091e-01
-3.168018322020546562e-01
-3.252331949969682334e-01
-3.146335167639949804e-01
-3.152352351733598845e-01
-3.143167992924836285e-01
-3.038763979788102199e-01
-3.048987383373146787e-01
-2.982150670734403097e-01
-2.878818934417389230e-01
-2.877073893178362374e-01
-2.613618095742388237e-01
-2.436645374918121054e-01
-2.194761637581659763e-01
-2.032407645891496917e-01
-1.909754994914591442e-01
-1.753658114396066392e-01
-1.371025316663563309e-01
-8.220717498382439092e-02
-5.699374764107489194e-02
-5.058001928702305500e-02
-2.695514937845398112e-02
5.702033774882720070e-03
1.983173220599213082e-02
6.585667691587981931e-02
9.217542285491413245e-02
8.500179191180384786e-02
5.919710324052041700e-02
3.832827796910738549e-02
-1.914756537528783040e-02
-6.406675358538246878e-02
-9.139992278516850810e-02
-1.219833108982804198e-01
-1.284726716280445435e-01
-1.388432546007560553e-01
-1.649485467419258278e-01
-1.600412889690166485e-01
-1.627654589007783148e-01
-1.597130990114644378e-01
-1.539482830945423097e-01
-1.614281959339707861e-01
-1.632782368778571414e-01
-1.674254677148555859e-01
-1.756680221726270585e-01
-1.729234892621792918e-01
-1.757953818277564195e-01
-1.924792313052245407e-01
-1.840701607881926327e-01
-2.014552934115717564e-01
-2.088930741571786154e-01
-2.120601116863972402e-01
-2.344709563699835797e-01
-2.226558512247320543e-01
-2.312807819571774670e-01
-2.164554242872754608e-01
-1.916764078286229966e-01
-1.864052092141819661e-01
-1.625410591705778729e-01
-1.620858420558782542e-01
-1.573085657412052196e-01
-1.451990035725264916e-01
-1.554257181163291868e-01
-1.453265549476890350e-01
-1.399491865710210392e-01
-1.426352446328581769e-01
-1.196986429324553985e-01
-1.199287341441783311e-01
-1.241192864905041604e-01
-1.148332487731815871e-01
-1.288683594788517239e-01
-1.146186248790779100e-01
-1.092025662983470286e-01
-1.104372781250991253e-01
-9.836109943941832856e-02
-7.947628358908476187e-02
-5.257186397452628945e-02
-3.320913517969918682e-02
-2.233807027785322200e-03
4.587691631999088124e-03
1.484320721797744921e-02
2.340708385023487770e-02
2.703346512790530398e-02
1.066987294448649981e-02
-2.594133976590244986e-02
-4.390884841855944437e-02
-1.082389363730816567e-01
-1.298703108851124999e-01
-1.853869325883199526e-01
-2.353061724840001812e-01
-2.771009947619533231e-01
-3.107073157065931568e-01
-3.476879625903994686e-01
-3.734378197249818565e-01
-4.063117491151052030e-01
-4.217850775393216511e-01
-4.359644838479529438e-01
-4.385590545392842876e-01
-4.429062203740933290e-01
-4.433013468269105806e-01
-4.355735469003068627e-01
-4.304981640925933384e-01
-4.243645147087362623e-01
-4.124765394926027673e-01
-4.047153713827084665e-01
-3.852419507540453258e-01
-3.686703426194605782e-01
-3.528900609038913005e-01
-3.238226299889265802e-01
-3.122718078293090227e-01
-3.038365419611829821e-01
-2.915089172488933844e-01
-3.020394584166363194e-01
-2.980368191220783003e-01
-3.041754033206375274e-01
-3.081125962793083706e-01
-2.981798753941792834e-01
-3.053883232244135604e-01
-2.551526041536043010e-01
-2.562856100694367867e-01
-2.451511776102481277e-01
-2.336632204810489000e-01
-2.417068567317000316e-01
-2.258499356445079209e-01
-2.274654298025901300e-01
-2.252421190856924993e-01
-2.076038599324319667e-01
-2.102699744036098384e-01
-2.008428475700234916e-01
-1.935705890101679649e-01
-1.998296967317754746e-01
-1.905049211494583838e-01
-1.966912709480979349e-01
-2.039950526904759087e-01
-2.019150135514402311e-01
-2.209854136446558759e-01
-2.233661419084025657e-01
-2.337751966683586924e-01
-2.523549178533496806e-01
-2.538090534432077550e-01
-2.775821427005003006e-01
-2.908754415359698919e-01
-3.040315091335533126e-01
-3.401216458968229217e-01
-3.548473425880552812e-01
-3.724846584279692951e-01
-4.001716821641480015e-01
-4.003809754507685059e-01
-4.182243678817993415e-01
-4.181250401838116360e-01
-3.827506581235604610e-01
-3.812438677057271019e-01
-3.303722006214482865e-01
-2.919533769736388229e-01
-2.465320366386145878e-01
-2.169495397234771084e-01
-1.488558899884338260e-01
-1.221842926105141530e-01
-1.167111741190672014e-01
-7.527947114303504272e-02
-7.386245940093008611e-02
-6.508589666843221655e-02
-3.081603731957949580e-02
-4.734746887804204551e-02
-3.210655159238493678e-02
-2.640037375142398335e-02
-1.043685121440706826e-01
-1.238296519308470095e-01
-1.559597456363877310e-01
-2.296677839662208398e-01
-2.136468442749506758e-01
-2.587376557850847858e-01
-3.386145420701521802e-01
-3.371236298670231002e-01
-4.315457763219195941e-01
-4.244870985078292303e-01
-3.705816513940550228e-01
-3.824400739379378300e-01
-3.449131345024421536e-01
-3.273968081394479923e-01
-3.418944875166062825e-01
-2.690784982154940663e-01
-2.591663002179701580e-01
-2.001338202271951694e-01
-1.387449907779446656e-01
-7.379306341467832542e-02
-4.888586631593639514e-02
-2.559516265219206541e-02
-2.155790186136385261e-02
-1.001727636809107008e-02
-6.251112953927074126e-03
-4.821632296608025642e-03
8.948232077500238840e-04
-6.825806186048860580e-03
-7.721477897930940568e-03
-1.377662874493440319e-02
-2.941058696725478566e-02
-3.661114890018708073e-02
-6.279614449925781383e-02
-7.400180215170036602e-02
-8.440374290639360289e-02
-1.074475237031437269e-01
-1.100566169060531868e-01
-1.301320683026807590e-01
-1.508407626232229626e-01
-1.478038902879024452e-01
-1.746577244044936472e-01
-1.766897906931878537e-01
-1.718307350453389115e-01
-1.968409706983841878e-01
-1.873585952552077882e-01
-2.192982605871749702e-01
-2.715556624702616939e-01
-3.172775532362863138e-01
-3.840913917125794441e-01
-4.308411159785114353e-01
-4.805080365617238614e-01
-4.788663139391983736e-01
-4.801682316955923624e-01
-4.544460724954643149e-01
-4.023196491375085060e-01
-3.702589807163379487e-01
-3.329691578207480962e-01
-3.095712471438657465e-01
-2.926596122044739512e-01
-2.837606120336902404e-01
-2.773342836026968516e-01
-2.701580643584488017e-01
-2.685312231815838446e-01
-2.628501021548491079e-01
-2.604217033952417881e-01
-2.599920144574704994e-01
-2.539520285473463312e-01
-2.569890542733556660e-01
-2.537686275301662131e-01
-2.518764415143179836e-01
-2.451685006394130895e-01
-2.337964538980743801e-01
-2.269867221864579898e-01
-2.107640081080055516e-01
-1.723126289641436215e-01
-1.540464387840742577e-01
-1.425192267861289108e-01
-1.170488706852797905e-01
-1.116283635720159706e-01
-7.438051354529308379e-02
-6.564810929526043726e-02
-2.771297923908801197e-02
-1.518757707295229423e-02
-1.982009893287393996e-03
9.561841222235938813e-04
-3.734818468743072994e-03
3.135170470126461689e-03
-2.031769265943596248e-03
4.991633303008589234e-03
8.032461769765873727e-03
2.515163416228587134e-03
3.893159699810228719e-02
4.942595775424690752e-02
6.854014377813277825e-02
1.320583607057764230e-01
1.448108528303403419e-01
1.795750042314558648e-01
2.219516955815137305e-01
2.303743502933358611e-01
2.806397127803211822e-01
2.868688841921598898e-01
2.769486914410186906e-01
2.930660682465902056e-01
2.894505454451731241e-01
2.860321038646655989e-01
2.910526122167814145e-01
2.873269453300428822e-01
2.710233943187166372e-01
2.683372981451783712e-01
2.600822762283235279e-01
2.497206747565912377e-01
2.482718904551111383e-01
2.343244749653487224e-01
2.239080829243849935e-01
2.221545076168184307e-01
1.836363962927684279e-01
1.811036719444947818e-01
1.666757951580095654e-01
1.524183297406441762e-01
1.481458776408036693e-01
1.373890672293666682e-01
1.259554126540286256e-01
1.210007259175659711e-01
1.048394273381739739e-01
8.732825109125677554e-02
8.229735611678601348e-02
3.738427724533613383e-02
3.341980154427369454e-02
1.938545771765354947e-02
7.220595831027594620e-03
-4.624671716530681480e-03
-9.578672574980448551e-03
-1.340782566410439469e-02
-1.718021504130773022e-02
-1.880416345128556321e-02
-2.053571109748450474e-02
-2.171433362297066696e-02
-2.238170578650633749e-02
-2.305189369879981007e-02
-2.343159501356266786e-02
-2.371396646397098615e-02
-2.394797272240156011e-02
-2.407905816015321054e-02
-2.418365710711688904e-02
-2.426151282188991620e-02
-2.429224656066381050e-02
-2.431410080315508232e-02
-2.433549233519611069e-02
-2.427436176870852516e-02
-2.427826943696214518e-02
-2.422056709091251897e-02
-2.400383278360542980e-02
-2.410349205216361784e-02
-2.365647017092283727e-02
-2.333827557649783072e-02
-2.360438135561342132e-02
-2.168599473271540234e-02
-2.232032711819265103e-02
-2.131476150192356672e-02
-1.553422895535458946e-02
-1.658009704422083036e-02
