0
0
0
0
0
0
0
0
0
0
0
0
0
0
0
0
0
0
0
0
0
0
0
0
0
0
0
0
0
0
0
0
0
0
0
0
0
0
0
0
0
111.81
109.474
106.035
102.744
103.328
100.675
100.337
100.77
100.433
0
0
0
0
0
0
0
0
0
0
0
0
0
0
0
0
0
0
0
0
0
0
0
0
0
136.642
129.917
129.279
128.086
127.882
127.279
126.675
126.599
125.56
125.538
124.724
122.473
121.981
118.333
116.701
116.721
116.362
116.075
115.26
114.761
114.369
114.01
113.787
113.288
112.841
112.388
111.737
111.179
110.567
110.058
109.161
108.635
107.92
107.192
106.548
106.443
106.893
105.67
106.005
105.596
105.874
105.634
105.186
105.146
104.325
104.006
103.468
102.351
101.877
99.7633
98.4862
98.2913
0
0
0
0
0
0
0
0
0
0
0
0
0
0
0
0
0
0
0
0
0
0
0
0
0
0
0
0
0
0
134.242
129.716
126.224
119.975
119.442
117.894
117.817
117.291
116.6
115.181
113.976
113.674
111.875
111.45
110.673
110.176
109.764
109.186
108.828
108.363
107.963
107.564
107.21
106.9
106.617
106.324
106.02
105.776
105.454
105.179
104.954
104.608
104.49
104.019
103.832
103.625
103.193
103.187
102.767
102.393
102.106
107.934
105.942
115.716
115.29
115.071
114.667
114.032
113.676
113.06
112.447
111.994
111.234
110.636
110.041
109.085
108.47
107.677
106.825
106.271
105.484
104.733
104.273
103.31
102.613
101.715
99.1958
98.6084
96.2469
94.456
95.8468
94.5135
96.0274
98.0707
98.1894
99.319
99.987
0
0
0
0
0
0
118.763
120.983
118.37
116.985
109.665
108.9
108.461
107.243
107.111
106.437
105.572
105.588
104.703
102.534
101.837
96.9988
96.3687
94.207
92.4109
90.724
0
0
0
0
0
0
0
0
0
0
0
0
0
0
0
0
0
0
0
0
0
0
0
0
0
0
0
0
0
0
0
0
0
0
0
0
0
0
0
0
0
0
0
0
0
0
0
136.161
127.333
123.991
119.653
116.385
116.112
115.664
115.806
115.253
115.059
114.735
113.79
113.627
112.702
112.122
111.661
110.452
110.056
108.924
107.805
107.034
104.132
102.961
100.367
97.5317
96.6933
0
0
0
0
0
0
0
0
0
0
0
0
0
0
0
0
0
0
0
0
0
0
0
0
124.108
121.963
115.697
113.452
110.623
107.103
106.313
103.341
102.343
101.144
100.216
99.4289
98.2562
97.4937
96.4536
95.4412
94.5812
93.406
92.477
91.577
90.2062
89.566
88.281
87.019
86.547
84.6357
84.3565
83.9111
83.0643
83.4505
82.6127
82.8331
82.8478
82.5556
82.8495
82.6113
82.437
82.3805
82.0141
81.8874
81.6683
81.3236
81.1897
80.8348
80.5042
80.3317
79.8
79.6156
79.71
79.2818
79.4714
79.221
79.0654
79.5727
79.5951
81.0294
82.0477
81.6048
81.8302
80.7265
80.9834
80.8126
79.982
80.9097
80.4809
82.5706
0
0
0
0
0
0
0
0
0
0
0
0
0
0
0
0
0
0
0
0
0
0
0
0
0
0
0
0
0
0
0
0
0
0
0
0
0
0
0
0
0
0
0
0
0
0
0
0
0
0
0
0
0
0
0
0
0
0
0
0
0
0
0
0
0
0
0
0
0
0
0
0
0
0
0
