-3.102495841322989306e-02
-2.970770840644688243e-02
-3.718115663747602329e-02
-4.105840593015616657e-02
-3.338105392345784572e-02
-3.516971806193314176e-02
-3.337482103811408723e-02
-3.175666833529162264e-02
-3.217478934676724911e-02
-3.115768363675174013e-02
-3.097179222130920853e-02
-3.088846124598203929e-02
-3.054607537306466836e-02
-3.053187604616699330e-02
-3.042114650993107960e-02
-3.030933001475807215e-02
-3.029547011159251790e-02
-3.020330799653940176e-02
-3.011617966382876266e-02
-3.011346938355773800e-02
-2.984085182811617443e-02
-2.937290071564596997e-02
-2.879169084638815920e-02
-2.836492631777151260e-02
-2.688573076871110176e-02
-2.745654613272985670e-02
-2.466049893831539705e-02
-2.303725407790796487e-02
-2.445523270534658011e-02
-1.368793441569929152e-02
-1.921172254970928556e-02
-1.839635361371919769e-02
2.054045060647332471e-02
3.367698181397116297e-02
5.700688734779480599e-02
9.921634029216144790e-02
1.040195110054552285e-01
1.193002250935976255e-01
1.331288108279632676e-01
1.352780823060235338e-01
1.456286376705366870e-01
1.476551729411657576e-01
1.478691858070023679e-01
1.516365182331957662e-01
1.495923275260853114e-01
1.503680380129835958e-01
1.500335483093533651e-01
1.426087128143782023e-01
1.360511780803625725e-01
1.259061612132606200e-01
1.174663302114934832e-01
9.734149507755827935e-02
8.905497711864622523e-02
7.223184473067728595e-02
6.122945290094969351e-02
4.574649971639261486e-02
3.519207935485445249e-02
1.908551469416369661e-02
9.804017322565727541e-03
2.193420275829786187e-02
4.621716102351165062e-02
6.111324937614930758e-02
7.388502407745052569e-02
8.942264548270305313e-02
7.827306857072019453e-02
2.437999861348631725e-02
-2.117452634860560179e-02
-7.792244568623488132e-02
-1.717938051744941630e-01
-2.485665299915674198e-01
-2.829616472978842001e-01
-3.691870671117505887e-01
-3.737887593036736678e-01
-4.082723678361296349e-01
-4.315333468150133189e-01
-4.051201402658970441e-01
-4.165289765375621012e-01
-4.111089259549347008e-01
-3.901600133296104778e-01
-4.067359209696307376e-01
-3.887464243205988601e-01
-3.916604974757601498e-01
-3.875311527302513492e-01
-3.549106195142092135e-01
-3.450850751311790310e-01
-3.146303222927706034e-01
-2.692817369327276111e-01
-2.497077729545084668e-01
-2.060501679437530542e-01
-1.602105708054829269e-01
-1.436488746253153648e-01
-7.785353288665146365e-02
-7.345032111061776392e-02
-6.100107961925136518e-02
-4.062537041647017871e-02
-4.045677421996043965e-02
-7.456727329851310128e-03
-3.068549221986043105e-03
1.159267684065072926e-02
7.871427786555218811e-03
9.455009183676097231e-03
1.248023238093213388e-02
-3.685418644100758173e-02
-5.153758775687671684e-02
-8.769242047116120042e-02
-1.190161831733899805e-01
-1.388684429638883944e-01
-1.703200678761624953e-01
-1.791019795765831091e-01
-1.986233457181071915e-01
-1.998612208584097105e-01
-2.119513591251599161e-01
-2.010941647620743122e-01
-2.308417017140265426e-01
-2.549065483819904498e-01
-2.719665989715333021e-01
-2.891526050198595654e-01
-2.845077514566735077e-01
-2.858979444620960986e-01
-2.445509574992008051e-01
-1.829824178649794020e-01
-1.418453367286221234e-01
-1.213541397566228058e-01
-8.461788647131263108e-02
-4.225865078427538946e-02
-5.262317305189679814e-03
3.308635603936727759e-02
6.777450795952576212e-02
1.087581291661381261e-01
1.236382504327316056e-01
1.328840131055436802e-01
1.327763328794424880e-01
1.323515075625988080e-01
1.439747774327744534e-01
1.465286937305650961e-01
1.536476215007970825e-01
1.576518986709505021e-01
1.585920905542335113e-01
1.605012199460590927e-01
1.621044915490572336e-01
1.581256725313409661e-01
1.595614832813456174e-01
1.571242161276371896e-01
1.432918458420612551e-01
1.444867389837832528e-01
1.209138034302094239e-01
1.181084432206183782e-01
1.036309906108372758e-01
5.584839070120405785e-02
1.228661959023160354e-02
-3.186012094899906555e-02
-8.676796673764708423e-02
-9.714244765076263111e-02
-1.273362005532108487e-01
-1.373658372739858247e-01
-1.397725744575663842e-01
-1.485706474032856272e-01
-1.450879914472983645e-01
-1.453293880513724934e-01
-1.428207361835431288e-01
-1.355732890966181714e-01
-1.499256123936805463e-01
-1.563271450196017376e-01
-1.661536924132774318e-01
-2.016527816631705494e-01
-2.179941486796853345e-01
-2.489532261939250146e-01
-2.629549497409648384e-01
-2.750828698796790039e-01
-3.002414898275123645e-01
-3.023396645441716046e-01
-3.126928235347956608e-01
-3.214647932483800652e-01
-3.235025984366223240e-01
-3.384209968291788106e-01
-3.421327353785557079e-01
-2.997695651965598951e-01
-2.725360161265871772e-01
-2.164250437429944829e-01
-1.979840867541942939e-01
-1.797423005748077229e-01
-1.594397489018764824e-01
-1.690486184667828184e-01
-1.641105988320239739e-01
-1.582238733050382595e-01
-1.804220719395539518e-01
-1.807943852759724968e-01
-2.011890081814032560e-01
-2.302450366086725986e-01
-2.263493627464161217e-01
-2.649379123171692885e-01
-2.677067476811824109e-01
-2.351806110696658125e-01
-2.489286722018516640e-01
-2.299063789189238205e-01
-2.224457745002262066e-01
-2.251763864660121239e-01
-2.047614229794658403e-01
-1.998099973428990594e-01
-1.740144482534458359e-01
-1.062245813466941996e-01
-4.223225105779211674e-02
-2.975737719590728844e-02
1.695253176365270689e-02
1.958583304718619633e-02
2.613049492871277746e-02
4.529600818855893107e-02
2.699305001605433255e-02
3.335052084175076786e-02
3.435000929399445457e-02
2.020947171519549626e-02
1.717640254155180027e-02
-3.173351896005992528e-03
-2.162813773816965601e-02
-2.188932324567941304e-02
-1.281608841185349033e-02
-6.300937366479610058e-03
2.252491547500432706e-02
2.162083275520979703e-02
3.440126722766456008e-02
3.660333300492021880e-02
1.509941487785337010e-02
1.563382588572949372e-02
-1.630067321272323996e-02
-2.940333002428577661e-02
-4.892406615983374563e-02
-9.341001262851245102e-02
-1.022643344617721745e-01
-1.305132151706991650e-01
-1.384579344401223322e-01
-1.499789074184842697e-01
-1.540411858153534486e-01
-1.698704341068984491e-01
-1.911578703473616192e-01
-1.988013188182561619e-01
-2.383435564321067512e-01
-2.627018289168095988e-01
-2.965564086367310503e-01
-3.257375269953044494e-01
-3.406051595405517052e-01
-3.723360164987947751e-01
-3.733011190031267357e-01
-3.840080185787617117e-01
-3.888113270195921456e-01
-3.888303401567889117e-01
-4.017853620293310724e-01
-3.985133621110070745e-01
-4.045770625289709654e-01
-4.138560181319729248e-01
-4.040200344878776550e-01
-4.174672019910335430e-01
-4.087293754501074017e-01
-3.695688650598570324e-01
-3.631113643382624101e-01
-2.975546415575731074e-01
-2.640866464374602707e-01
-2.219449666578117708e-01
-1.458716269642437446e-01
-1.310316307294680516e-01
-6.621703970401958406e-02
-5.373223985652610807e-02
-4.963964254237604456e-02
-2.019215382225452229e-02
-1.421371873345867419e-02
-6.052706870051409969e-03
3.165423212678653703e-02
3.436214953320114451e-02
4.923936559106979055e-02
6.491828871494197128e-02
6.860606095395826998e-02
8.194339803402271583e-02
9.726880750099749229e-02
9.830933722162667199e-02
1.247380147237740766e-01
1.207612603492174835e-01
7.834910948296860966e-02
8.397836511070233545e-02
7.047789780944546667e-02
5.530465795633092430e-02
5.788725315348194206e-02
6.701773809752722966e-02
6.439048430217433894e-02
9.879995167976562964e-02
8.620055733582832058e-02
2.735640508986329419e-02
1.198961922886618119e-02
-3.090526916358653925e-02
-7.647408218645054823e-02
-8.462217494089499525e-02
-1.149902556190854075e-01
-1.226626298745691623e-01
-1.278442947968187471e-01
-1.507422285855499200e-01
-1.494772298536508337e-01
-1.934932870126755688e-01
-2.267872884874022610e-01
-1.962224012678764618e-01
-2.257792273987789533e-01
-2.020194934728707647e-01
-1.171352434685030836e-01
-1.103945164533069734e-01
-3.864430960417671035e-02
-2.255753263529378799e-02
-1.094804811073530060e-01
-1.581288122655282735e-01
-1.892227729674398895e-01
-2.336020454837401950e-01
-2.335840708461522919e-01
-2.501210545847206146e-01
-2.540358316709508957e-01
-2.362864790697479511e-01
-2.382981183859371743e-01
-2.441260725391196096e-01
-2.398444068377304506e-01
-2.528346405750269144e-01
-2.556007190827542797e-01
-2.647496413399507698e-01
-2.757464855186883557e-01
-2.842032338417702642e-01
-2.987482105921149822e-01
-3.075730826048709288e-01
-3.242342283978080775e-01
-3.318648550857805080e-01
-3.407693144369173255e-01
-3.469107249155194972e-01
-3.147189828612655393e-01
-3.160110910922817595e-01
-2.916843449597616988e-01
-2.668208900469485334e-01
-2.645529850152814610e-01
-2.323648938758187676e-01
-2.392635429143197268e-01
-2.063540254066056900e-01
-1.766985208059368428e-01
-1.573516406477253604e-01
-7.418856080984624624e-02
-5.303196247253761514e-02
-1.416369657516178965e-02
2.881149429292337999e-02
3.952224519267939773e-02
6.959420681944503140e-02
6.982832543881913046e-02
6.682719591894314970e-02
7.542203920648681004e-02
7.333914825968311513e-02
7.438825484588854065e-02
7.721662910642179689e-02
7.359971722317271148e-02
8.094556640316796781e-02
7.632774799292345314e-02
5.659887736881837744e-02
4.650479541449079046e-02
-2.493137819202227191e-03
-4.350201345354515192e-02
-6.695333283865272100e-02
-2.123905192991166757e-01
-2.172597712915221579e-01
-2.519678701670448051e-01
-2.771830888498496015e-01
-2.490606829887634099e-01
-2.753737231122188045e-01
-2.934578556504405800e-01
-3.192397244592550809e-01
-3.432063199133975617e-01
-3.678004595620817940e-01
-3.561051593053795594e-01
-3.458607144342190076e-01
-3.348243067348070090e-01
-3.202448971729126015e-01
-3.143906959141248292e-01
-3.099297242283328147e-01
-3.058051613617138731e-01
-3.110319241792175449e-01
-3.103570349303463871e-01
-3.123409943928789345e-01
-3.183517248953294243e-01
-3.171726902207321896e-01
-3.199546513503940259e-01
-3.194856488514474235e-01
-3.164319532253050959e-01
-3.171661961807015206e-01
-3.141848997427407197e-01
-3.126080400593411746e-01
-3.116534962690425403e-01
-3.088056144869886777e-01
-3.074551142482563892e-01
-3.055332927186403258e-01
-3.029632886852799967e-01
-3.010529757593667366e-01
-2.988574855110576745e-01
-2.956910550781726155e-01
-2.936061121960374942e-01
-2.906777816624108168e-01
-2.866270553502585638e-01
-2.848274999056833456e-01
-2.798034400045652514e-01
-2.760329097108624730e-01
-2.735280428286320231e-01
-2.660169301776678097e-01
-2.645524655138710712e-01
-2.567200138679647803e-01
-2.525847018759007079e-01
-2.524228957498526604e-01
-2.425761291195902558e-01
-2.417260585682810825e-01
-2.301887234706048169e-01
-2.114578609924304131e-01
-1.921309290088622501e-01
-1.715852263038376291e-01
-1.501433814271471157e-01
-1.081899075996242687e-01
-9.883394500509613823e-02
-5.648827813615303617e-02
-5.334687107556075614e-02
-4.885350201800032349e-02
-3.598942108173722870e-02
-3.672393337880727748e-02
-3.098197389123436354e-02
-2.777803979015478625e-02
-2.556998834914646010e-02
-2.227129934330718611e-02
-1.985742749567643781e-02
-1.415336417962081636e-02
-1.324016291494438738e-02
-3.759348794179142618e-03
4.486366638511053370e-03
5.971492093563334283e-03
3.834513594470755071e-02
4.116173413430172096e-02
5.251133592507855469e-02
6.443364407821049189e-02
6.959980891993584884e-02
7.854373650247770122e-02
8.869499820640222576e-02
9.817631976611672362e-02
1.086825191143669656e-01
1.309341734083622477e-01
1.433516384330933702e-01
1.705338800067317806e-01
2.053503402593996330e-01
1.888625184634911414e-01
2.296440572964405791e-01
2.314366985421091316e-01
2.367582482184892589e-01
2.512284410452743089e-01
2.500487815593260832e-01
2.550167562491746365e-01
2.589035420645928176e-01
2.575739722084377514e-01
2.576665014827211331e-01
2.599403387734425808e-01
2.521579269516960875e-01
2.520126232872530458e-01
2.513613007888013673e-01
2.255054907303268019e-01
2.230469211620360326e-01
2.069258435004688590e-01
1.916126686026228820e-01
1.887907442791711132e-01
1.675572657772543550e-01
1.521737485681140256e-01
1.484010543615816580e-01
9.468014567489348166e-02
9.211150830908053366e-02
7.531404804806272890e-02
5.844545835064764161e-02
5.582469198544457584e-02
4.415218842524804704e-02
3.921337377117286443e-02
3.321051532187980354e-02
2.670593127776902179e-02
2.239423396297806484e-02
1.168745776215352090e-02
9.074139553954157014e-03
-3.152913583630177850e-03
-8.989913974466251165e-03
-8.958148560355613452e-03
-2.226451272861720496e-02
-2.144090998289415601e-02
-2.344638987825976850e-02
-2.668278260211238637e-02
-2.623599384260073483e-02
-2.770834636706633047e-02
-2.827823375636552214e-02
-2.838067358177217420e-02
-2.894076661251738375e-02
-2.902017425581408100e-02
-2.916748662764869979e-02
-2.932138952142885474e-02
-2.933915226375052865e-02
-2.941449851718673861e-02
-2.942999570242787674e-02
-2.942989094177713913e-02
-2.945063883974800845e-02
-2.937577789032682490e-02
-2.938432839301307470e-02
-2.931040509280841144e-02
-2.909596274280507738e-02
-2.921173392852144390e-02
-2.870423250183218658e-02
-2.846445772500181409e-02
-2.868351683029529350e-02
-2.665849321634611649e-02
-2.760850710974242783e-02
-2.612013571041857038e-02
-2.054756638769936888e-02
-2.186924195077174712e-02
