4.948369261282839320e-03
5.381884299670031818e-03
1.324323528225647938e-02
1.265051575492578961e-02
1.577756568493709002e-02
1.755392555973248753e-02
1.822959374902598587e-02
1.892875953556643134e-02
1.927568782418195500e-02
1.946231362212141533e-02
1.963579097655842806e-02
1.972863589523960251e-02
1.979446466761077689e-02
1.984698020553207071e-02
1.987707782644844434e-02
1.990083563634343147e-02
1.991702333145388415e-02
1.992736717627510354e-02
1.993492468545025875e-02
1.993896834330542017e-02
1.994242538185194563e-02
1.994172987828998073e-02
1.994115768450214002e-02
1.994096771272216295e-02
1.992871288668889018e-02
1.993032353063324547e-02
1.991577927185994926e-02
1.988025583905311811e-02
1.990251599415279737e-02
1.980684761957597628e-02
1.975974465730503254e-02
1.980651264773592227e-02
1.939096751351879200e-02
1.948131947315551865e-02
1.929982358804561635e-02
1.794360251929783684e-02
1.855904019628298179e-02
1.825034644346299612e-02
1.983621717137814405e-02
2.065775798787228626e-02
2.059094653935356067e-02
2.760304566687394462e-02
2.757782953050629676e-02
2.812396488985796292e-02
2.728339684877391369e-02
2.810804887216218281e-02
2.470671692379454790e-02
2.582311806274614416e-02
2.855685904600551578e-02
2.797324729134887528e-02
2.856133767820713543e-02
2.744345999635270164e-02
2.463335919861964554e-02
2.117030065415204110e-02
1.361740474451951163e-02
1.211573980667020323e-02
-5.214509687984468641e-04
-3.485412712516783220e-03
5.672395647635363088e-03
1.140232139191707560e-03
8.675882274010374498e-03
2.614110781933034686e-02
2.281030150451221136e-02
3.573317486087039530e-02
3.444871553019791116e-02
3.215023482014987832e-02
2.491604806785304924e-02
2.546900771632478605e-02
1.958822169600461099e-02
1.846897069013460346e-02
1.556106157260929435e-02
1.075979147735129163e-02
1.052561104755424769e-02
5.300934960502097330e-03
4.794385478918846387e-03
4.587943405708660820e-03
4.926992570357277730e-03
1.051766747240038928e-02
1.344970264548383740e-02
1.781404688634229128e-02
1.424181881171579858e-02
1.456148208303467174e-02
1.614770166497648055e-02
1.260176418850757034e-02
1.596547557792948532e-02
1.844863615571926130e-02
1.713624473993087191e-02
2.289942717196721128e-02
2.276138590377113982e-02
1.983106828376260053e-02
2.585997203650975199e-02
2.009446061000728923e-02
1.429530774389103920e-02
1.555380814104038133e-02
-1.043723522435952228e-03
-2.409135531892083511e-03
2.952916261036675656e-03
-4.712837915263707808e-03
4.056389754649746861e-04
-8.971572896904200789e-04
-4.920485055976352943e-04
2.046884845793218999e-03
-8.994586065941336537e-04
2.458730376333818825e-03
-3.552931322089480958e-05
-9.737516299296651578e-03
-2.589349512703442019e-02
-3.877838547380215578e-02
-5.042695477092179468e-02
-5.943947713085134810e-02
-5.604650446024844745e-02
-6.033280537650955594e-02
-5.602261284704771610e-02
-5.111189397128770157e-02
-5.924702116580802397e-02
-5.843788534579234806e-02
-5.854690021336738520e-02
-6.236482572268997604e-02
-6.084274288272375347e-02
-5.900785720179572286e-02
-6.055481427882031947e-02
-5.799242666663721735e-02
-5.216110225853641535e-02
-5.390059367035197890e-02
-4.907545899074745172e-02
-4.720412166634437717e-02
-5.506669517576132100e-02
-5.442193657164702547e-02
-6.132845549031609028e-02
-7.297597824055525317e-02
-7.884115581344627866e-02
-9.050954649928374951e-02
-1.023111494731831633e-01
-1.044232259093149789e-01
-1.174324691103732360e-01
-1.192353410158068366e-01
-1.206530323176628339e-01
-1.265922114351065997e-01
-1.226782081033783167e-01
-1.239161073521511114e-01
-1.223320236717494319e-01
-1.149313044525010624e-01
-1.107327670451947882e-01
-9.739069566488452179e-02
-8.661486542914371978e-02
-7.231558420036458823e-02
-5.484949885842962253e-02
-4.132195229948025517e-02
-2.959704257695721513e-02
-1.250034558209530376e-02
-5.724556148228606041e-03
-4.410629879794378955e-03
5.428853830222873066e-03
5.451005043242653468e-03
4.560902727563730975e-03
3.590964115917155523e-03
1.594951660135793736e-03
-2.260954014862801009e-03
-5.872913533511737831e-03
-6.881134899823865281e-03
-2.114160459559018268e-02
-2.328524645178114277e-02
-2.819246801354009097e-02
-3.463705884480026975e-02
-3.629076312764017292e-02
-3.838998360604996274e-02
-4.382720899707388124e-02
-4.197480882828127230e-02
-4.193197346345858834e-02
-3.959550066606471602e-02
-2.327300710349299723e-02
-1.882086375481356599e-02
-1.090095221495891373e-02
-2.668908940819249113e-03
1.209550565067176245e-02
1.647477070279649083e-02
2.318138808247680385e-02
2.231652626941012588e-02
2.198622420151654516e-02
1.783134088303752959e-02
3.769469703633237731e-03
-1.730043807347640683e-03
-6.694050631710131254e-03
-1.411503566625708223e-02
-1.315071880548996860e-02
-1.612853655972742647e-02
-1.994510713564641435e-02
-1.924335238068767412e-02
-2.782392330434585101e-02
-2.787446200212177067e-02
-3.448408566761033273e-02
-3.781505631993299643e-02
-4.165825938521210137e-02
-5.038800448757371764e-02
-5.079683719843645917e-02
-5.330023517975216590e-02
-5.515554881913515423e-02
-5.398153392531432337e-02
-5.440871634472414786e-02
-5.530763888093423453e-02
-5.475620956960790264e-02
-5.597479555265836432e-02
-5.649545895779650023e-02
-5.787164032200475816e-02
-5.875961255318080251e-02
-6.131699232380204839e-02
-6.330516970275545940e-02
-6.535323560149312871e-02
-7.098666938934368453e-02
-7.306297247051279919e-02
-7.961929969641658167e-02
-8.321988371607769164e-02
-8.659990509087453492e-02
-9.169549421460797267e-02
-9.204143945137642502e-02
-9.524367674562966846e-02
-9.356991003085497749e-02
-9.052555776577114743e-02
-9.093928397629329197e-02
-8.159136773896794037e-02
-7.538127331775464068e-02
-6.501190770699472044e-02
-4.246072076364458547e-02
-3.758231427825520221e-02
-1.054999750126284566e-02
1.760608854464479735e-03
9.434788543587541891e-04
1.703760221669058106e-02
1.277265973038663009e-02
1.719984775596569357e-02
1.649316803357292818e-02
-1.292945613222567982e-03
-1.615078494926625551e-03
-1.263393303363265392e-02
-1.742316782540670461e-02
-1.524680109857571436e-02
-2.016823790130001931e-02
-1.881939319161697252e-02
-1.944374253569492589e-02
-2.136158549580026780e-02
-1.785146292375721852e-02
-1.677675925598893017e-02
-1.683573728469433053e-02
-1.253316088708898886e-02
-1.145964683395415094e-02
1.554445309846516502e-03
8.470759304919110375e-03
2.004500103903881711e-02
4.188936963373334627e-02
5.177151185159874908e-02
7.254715137286300852e-02
9.104319596082566246e-02
9.558860640622589278e-02
1.091149553700128949e-01
1.080866529960127359e-01
1.106093777013475860e-01
1.142207161900755941e-01
1.046285969072044408e-01
9.535564988651609730e-02
6.541154354913816804e-02
3.475988919830581836e-02
2.241288386524653217e-02
1.208643851288121983e-02
2.573463077375103946e-03
7.130450657495265680e-03
-8.313158214773640024e-04
-1.014661715071530669e-03
9.373460988976444483e-04
-1.687945080822075491e-02
-3.866595675388282555e-02
-4.177863911504570149e-02
-5.808776731877457467e-02
-5.388683730781897163e-02
-5.455963678547155055e-02
-5.540196460595401412e-02
-4.293706361705942887e-02
-5.022180741370622231e-02
-4.119865031555172696e-02
-3.248577004350205327e-02
-3.415001155741073657e-02
-1.639933408438219026e-02
-1.378952964430939405e-02
-9.514270934554695802e-03
-1.384438266163087869e-03
4.102924508384923332e-04
2.931824518518865406e-03
4.069054535237211223e-03
2.538479330558732032e-03
-4.325458889374309349e-03
-7.838328169894780845e-03
-1.574683630350620298e-02
-2.561338029288354537e-02
-3.604046123763496312e-02
-4.212325934597430793e-02
-5.225060819082946034e-02
-6.115456580438894535e-02
-6.149845032171801645e-02
-6.855678692160464827e-02
-7.198730689739450683e-02
-6.566721542855878668e-02
-7.532906065362594827e-02
-6.544137328646447427e-02
-6.473996592508984849e-02
-6.699776298867332613e-02
-5.223948539966750959e-02
-5.688222778909051564e-02
-4.537930013063204426e-02
-2.990020437961465535e-02
-2.860233942088845002e-02
2.702213927474683176e-03
1.033546447627414593e-02
1.170292068939553405e-02
2.547373497768304351e-02
1.572290854565913318e-02
1.755129641590200823e-02
1.828768086837518139e-02
7.728865685173737753e-03
7.070044476797590280e-03
4.685993981198360685e-03
-1.767298062224205652e-03
-4.378985017128766456e-03
-6.250764657526768076e-03
-2.088073988851374060e-02
-2.270014982905659007e-02
-2.814642206308536065e-02
-3.454019623648109383e-02
-3.626328271735373282e-02
-3.862978940628528784e-02
-4.401583143995185105e-02
-4.242975626220868435e-02
-4.263657286200741442e-02
-4.029327069794275823e-02
-2.479992020982554543e-02
-2.034106588462323770e-02
-1.286763488415035642e-02
-6.632856725304507768e-03
9.900743472672668410e-03
1.203657606722051063e-02
1.773987364387067181e-02
2.363686082158952470e-02
2.247889677126561903e-02
2.480588485489112344e-02
2.168673323140171000e-02
1.491517780869632340e-02
8.876139778590671006e-03
2.347849068931226555e-03
-4.897787711165870785e-03
-1.214060134704520073e-02
-2.038054436627463606e-02
-2.349317859890773935e-02
-4.551379843827833144e-02
-5.041352621580458965e-02
-5.860261785343501978e-02
-7.158947980768132213e-02
-7.591125889366451274e-02
-7.636278758752414186e-02
-7.748042683558718779e-02
-7.358577252342811403e-02
-7.098088773074773261e-02
-6.875555028197562202e-02
-6.057949094882360969e-02
-5.564119353914244448e-02
-4.826605326190911566e-02
-3.183863193591555951e-02
-2.109152525963203448e-02
-1.450788768289525534e-04
1.791312722194687151e-02
2.862374362616991810e-02
4.784562932657735607e-02
5.928504091389127234e-02
6.796607143946113705e-02
8.123490421764979763e-02
8.331302439942304960e-02
9.142129626340096682e-02
9.767818075302825420e-02
9.539521142899688722e-02
1.031733213067683591e-01
9.182438326181666111e-02
7.896497150439769908e-02
6.501367456871343098e-02
3.181039307891726092e-02
1.344710312822349971e-02
4.554285035943672448e-03
-1.411615729585072483e-02
-1.331861622368117441e-02
-1.629522989123702650e-02
-2.166195341203195832e-02
-1.977612336495019468e-02
-2.343750574070167098e-02
-2.437667860380000537e-02
-2.414111317087782801e-02
-2.632746558504695314e-02
-2.647743241932690519e-02
-2.584279529162634981e-02
-2.792236489972356461e-02
-2.515174285396194753e-02
-1.915736858603430542e-02
-1.115355706167704859e-02
-7.114215945284518318e-03
1.923320876082425203e-03
1.174550548949079148e-02
2.052529005553539732e-02
1.973822878583305490e-02
6.624362119730465084e-03
5.432022569119888261e-03
-3.098575625484583512e-03
-6.803263008486541696e-03
-2.891084549228471225e-03
-4.254708808700976251e-03
-9.353822348363726889e-04
4.166296983537899450e-03
7.284254467392946818e-03
1.289016808243875767e-02
1.994562938083894663e-02
2.216481644887953809e-02
2.838616550995809798e-02
3.308630447525172380e-02
3.639015039578216010e-02
4.898276358928340540e-02
5.255869254824399595e-02
6.259289787988903120e-02
7.026838012889549678e-02
7.257972259317597985e-02
7.816435191934202609e-02
8.090147431450364635e-02
8.248275891767639645e-02
8.696954715197406649e-02
8.879760067609435148e-02
9.110666263488866046e-02
9.608182489447635033e-02
9.674912050467367186e-02
1.002714509599260395e-01
1.021069619457987271e-01
1.013431961834923428e-01
1.037114811682303822e-01
1.002522724526804937e-01
9.393367685478806739e-02
8.910974665201458478e-02
7.350114949796295039e-02
7.301361902393167791e-02
4.668731152790733113e-02
4.353010506101229193e-02
4.468693470372470111e-02
3.350545014906212982e-02
3.272383517365596434e-02
2.930102663668629828e-02
1.536941435215569834e-02
1.201150353362354442e-02
3.436650502382617139e-03
-4.373630946126254803e-04
-1.573555518654123214e-02
-2.534583553501453326e-02
-2.988350646405523586e-02
-4.406587741856903689e-02
-4.354703757357573923e-02
-4.696949641761375555e-02
-5.264164204738433495e-02
-4.944960076049983305e-02
-5.358025329877873222e-02
-5.432339038517077640e-02
-4.541943677455944489e-02
-4.557642883581345533e-02
-3.717017583313997342e-02
-3.171948048562527045e-02
-2.889068045594482548e-02
-2.036556638923426796e-02
-1.237550095624133026e-02
-1.046083289283820245e-02
6.771270551908367338e-03
7.258691416147741542e-03
8.977080812471730648e-03
1.436523104041137477e-02
1.358489057304810947e-02
1.540965644061003705e-02
1.644974711381121460e-02
1.651999721904501284e-02
1.742687461025754087e-02
1.746840334613307746e-02
1.812079748253341005e-02
1.825963925292040796e-02
1.805971575375133267e-02
1.778373851599402214e-02
1.798414295096863874e-02
1.624081245080647579e-02
1.619425372732837334e-02
1.571990514803731434e-02
1.517387345373223152e-02
1.513556300153617688e-02
1.487091640310453031e-02
1.475040911124388988e-02
1.470225439549931699e-02
1.461088810605206019e-02
1.458338452669440989e-02
1.455493321337101090e-02
1.452865726604068985e-02
1.451846204400641070e-02
1.450652014631835518e-02
1.449645917788852656e-02
1.449033486662434575e-02
1.448498100105245941e-02
1.447029995612909153e-02
1.446942217800481836e-02
1.445371022850519376e-02
1.441852096613864195e-02
1.443861342581859858e-02
1.434273456604317001e-02
1.431358775334086453e-02
1.433929189748174918e-02
1.394250750085255716e-02
1.424966885126179549e-02
1.366788667140225212e-02
1.294320411136913422e-02
1.328101559036378582e-02
