-2.802068007715769263e-02
-2.667132386139375866e-02
-3.709251414240997968e-02
-4.157774017244014048e-02
-3.386132402688759452e-02
-3.652493961604554723e-02
-3.482861588303508282e-02
-3.344805752033529894e-02
-3.407076379861377624e-02
-3.315609211298956721e-02
-3.308775685921783866e-02
-3.307113591322259627e-02
-3.280073137408506118e-02
-3.283173303981386237e-02
-3.276000817285808914e-02
-3.270508011080217742e-02
-3.270887519566970797e-02
-3.267577154434894021e-02
-3.266821086613405645e-02
-3.266398057570033681e-02
-3.265465582833700087e-02
-3.265492331314732988e-02
-3.265330459522360756e-02
-3.265386987549870335e-02
-3.265773684615499994e-02
-3.266134825260102320e-02
-3.267088351281202674e-02
-3.268196827743337363e-02
-3.269728615286852241e-02
-3.272844635549859021e-02
-3.275502590756108889e-02
-3.281146645748838492e-02
-3.289593963205370009e-02
-3.296237892116394425e-02
-3.316522874575819624e-02
-3.333389373970817998e-02
-3.348257363919822371e-02
-3.369889077019264101e-02
-3.313961170061232447e-02
-3.329944452209781386e-02
-3.360081608276299647e-02
-3.304797619229917632e-02
-3.396523392462476310e-02
-3.431213522016430401e-02
-3.313651568927182545e-02
-3.687565940038493167e-02
-3.224267439179517164e-02
-3.870452106357427646e-02
-3.724510644492960709e-02
-2.914372346505290576e-02
-4.376028660373583457e-02
-2.276410843710631460e-02
-2.672247468434573239e-02
-6.818485963573495123e-02
-8.343422980154159563e-02
-1.156014388734684512e-01
-1.496534062707511326e-01
-1.573341815464543714e-01
-1.629259858407018369e-01
-1.576182985924153290e-01
-1.416751628941126939e-01
-1.214319319212597975e-01
-8.962257985963711926e-02
-8.084447959006337003e-02
-4.378110439543737853e-02
-1.221781837203815557e-02
2.739706765808027494e-02
7.576346110346793283e-02
8.146010818101177831e-02
8.558874820625682334e-02
9.388061245406283117e-02
9.555218475257465371e-02
1.022324723808093333e-01
1.056965394966069838e-01
1.078896630033457371e-01
1.155006670236605748e-01
1.166167697446404278e-01
1.238857051771109635e-01
1.373396508280908257e-01
1.340051522938422723e-01
1.649352422861481982e-01
1.741149527422111709e-01
1.204655603406845216e-01
1.394399627237582484e-01
1.072822544159290487e-01
-5.286040021448424470e-02
-1.107709706441943748e-01
-2.073047376475989356e-01
-3.166850014801423363e-01
-3.165585162426612365e-01
-3.726489872089752131e-01
-3.772968445503865897e-01
-3.858140026924984367e-01
-4.161870485356944371e-01
-4.077834204068664370e-01
-4.216705078116327887e-01
-4.323660458366504478e-01
-4.137753476222446047e-01
-4.050257617463627335e-01
-3.734932307287407993e-01
-3.299550573281129773e-01
-2.986407466271617794e-01
-2.007241914273019123e-01
-1.847773566572003257e-01
-1.892104990124127417e-01
-1.654064209232087024e-01
-1.981816902644784884e-01
-2.027637457836047041e-01
-2.026312673936750686e-01
-2.452952090349602432e-01
-2.420385105564513695e-01
-2.284021846514030785e-01
-2.264814641673409124e-01
-2.077256683712501162e-01
-1.890822755842827552e-01
-1.754328031429413792e-01
-1.553038908750421498e-01
-1.255909900557478365e-01
-9.842223876420828910e-02
-5.093348510941798218e-02
-2.953470753854348096e-02
-7.789767299950641974e-03
7.143890324334547896e-03
8.861924237547048194e-03
1.968888050362430087e-02
2.287788788077675661e-02
2.555253189160109142e-02
2.606117891345574242e-02
2.098314983904478806e-02
3.046904338562520312e-02
1.507673573727146520e-02
6.042431113757597110e-03
-2.626010516919232915e-03
-1.139795997066055631e-02
3.504418992990546849e-02
2.798933875507231619e-02
5.700636289032701837e-02
7.199750402437017638e-02
8.201742754561178184e-02
1.018615173435975380e-01
1.066713358740666445e-01
1.286493788592545651e-01
1.332478957197731906e-01
1.321676405074831973e-01
1.383696158777674989e-01
1.391630712276231974e-01
1.366471465522263173e-01
1.387025042909668660e-01
1.392423856714711528e-01
1.246765541740010169e-01
1.257368000870441593e-01
1.096254119830042673e-01
9.739082218572994720e-02
9.838189636511003588e-02
6.485102632209245599e-02
4.968009818328492089e-02
6.078466968563667194e-02
-6.451380045729656655e-03
-8.748634352412038712e-03
-6.763914097686270221e-02
-2.047596267700851624e-01
-2.269790271172896778e-01
-2.703455124976839041e-01
-2.843543676450703828e-01
-2.907140344105514917e-01
-3.077414054083724149e-01
-2.870300219548486687e-01
-2.841363433397314231e-01
-2.832468017619351186e-01
-2.663014897913060786e-01
-3.111582046358057352e-01
-3.393660483725862154e-01
-3.850915585083462545e-01
-3.760732976302600394e-01
-3.694586785002738072e-01
-3.498725494946240966e-01
-3.342230749879033236e-01
-3.175480187250910857e-01
-2.917759618193980775e-01
-2.784732488608024359e-01
-2.499602511488935030e-01
-2.260750861028177627e-01
-2.344865810191604505e-01
-2.105572874273214379e-01
-2.207762234797497058e-01
-2.374092276887660447e-01
-2.403755856294427506e-01
-2.681463191410037861e-01
-2.807144792269515854e-01
-2.918676825136975461e-01
-3.134860291755202644e-01
-3.142954618786397702e-01
-2.916625513012671145e-01
-2.938010355003575769e-01
-2.785235438490684667e-01
-2.779392780380343653e-01
-2.901253701561486431e-01
-2.871329498179318040e-01
-3.020010503204468288e-01
-3.045750223867860207e-01
-3.143695343074999204e-01
-3.184820078910983177e-01
-3.162327370233133927e-01
-3.176619595471062429e-01
-2.938594405619238126e-01
-2.881762549229442971e-01
-2.694529831030021416e-01
-2.452211611784160528e-01
-2.369772319251422510e-01
-2.044193824494672240e-01
-1.875443043181843628e-01
-1.774068328119529081e-01
-1.473326087138698282e-01
-1.440437685578757343e-01
-1.452632404621645446e-01
-1.375626319016799715e-01
-1.528348856040476489e-01
-1.343833886689158041e-01
-1.423790456631316148e-01
-1.332837597369778970e-01
-1.125278757577064109e-01
-8.758930931737447800e-02
-7.935998457906780212e-02
-6.224434464777325177e-02
-7.583972656303927806e-02
-1.180196292105393507e-01
-1.513233794946692579e-01
-2.462257939870398371e-01
-3.026436865415171873e-01
-3.314500518461717116e-01
-3.695482494335072254e-01
-4.001989441793217805e-01
-4.106189633572742137e-01
-4.272601356206978673e-01
-4.334712480732287876e-01
-4.191699920931671874e-01
-4.233379894534121668e-01
-4.156951305451175860e-01
-3.987721215243804629e-01
-4.089711301845984637e-01
-3.805718878868428745e-01
-3.666971370443925515e-01
-3.483957052830520262e-01
-2.758843845722271926e-01
-2.496039064469831315e-01
-1.906141397358807055e-01
-1.219972702055736324e-01
-9.851791829860429006e-02
-3.731388714877274804e-02
-2.621572656360510872e-02
-1.338353641651225320e-02
3.130689832904596376e-02
5.439715975449081753e-02
5.843919545010132360e-02
7.495089726988767020e-02
7.615455035370675974e-02
6.583293161915688974e-02
1.047374892941189961e-01
9.822581579358981296e-02
1.275431986701306142e-01
1.380849451197581346e-01
1.331690327378238503e-01
1.488662608870684745e-01
1.533886669014246362e-01
1.447458721555094086e-01
1.599634335236120031e-01
1.250350750393806887e-01
9.629321323208057948e-02
6.723780462825044990e-02
5.802901057826694714e-02
9.408483394753552886e-02
9.740523896519259761e-02
1.157385153705437902e-01
1.235376327734326041e-01
1.279398474840197364e-01
1.310968119178044511e-01
1.274801321415711119e-01
1.326230961728766811e-01
1.121735453647192821e-01
1.019665175143014829e-01
1.169093419053580107e-01
1.115871479358953589e-01
8.043991659036864306e-02
7.975140771159668074e-02
5.672780684598374007e-02
4.000482314398245282e-02
4.279320772791123800e-02
1.774955131145751833e-02
3.419141958348171501e-02
1.467159672738611691e-02
-5.865154821349726974e-03
-2.558608100139490513e-02
-5.908450138016867886e-02
-9.850943386632468601e-02
-1.289080390603555004e-01
-1.886523971208422523e-01
-2.151091360390791352e-01
-2.463392822192305431e-01
-2.724046811945643465e-01
-3.013129588468342890e-01
-3.185672767322618171e-01
-3.355669525088339489e-01
-3.453533522133064304e-01
-3.487960015318538054e-01
-3.553649097052463124e-01
-3.471306943719924543e-01
-3.429933110628118897e-01
-3.133404993582578069e-01
-2.856066338592635478e-01
-2.467479904977037397e-01
-1.891109146840508626e-01
-1.609141468002887321e-01
-1.071411059304936131e-01
-8.777696258878646407e-02
-7.218076346780144537e-02
-2.766806629860579791e-02
-2.016037088676958522e-02
1.834385298540309669e-02
3.550764747679663325e-02
5.574434765082260379e-02
7.477654981711212567e-02
1.001532084076615786e-01
1.087313369928521595e-01
1.010585550936577703e-01
1.135976945408188055e-01
1.123008781186124599e-01
8.352800937902266076e-02
8.055081041249789742e-02
6.000958734421942692e-02
5.223568599577106675e-02
3.955870545985080977e-02
3.302590756728698840e-02
2.382236679085156239e-02
8.342492783408315179e-04
1.290181999231394469e-02
-3.025684780089542975e-02
-2.323098469447158407e-02
-3.237569265528179863e-02
-1.514845241994010050e-01
-1.578514855415148743e-01
-1.480236890754208778e-01
-1.748435041348100905e-01
-1.962919875880890785e-01
-2.313329415819975199e-01
-2.773928194939362379e-01
-3.188236762100822297e-01
-3.178126553890310291e-01
-3.366604871093899498e-01
-3.259808048537045089e-01
-3.202344559784754408e-01
-3.175777417958744464e-01
-2.988320232530481402e-01
-2.934055369026056237e-01
-2.872161889578163652e-01
-2.754685408045833284e-01
-2.712100776067067343e-01
-2.604421125077494015e-01
-2.556635039246056285e-01
-2.492272043302654894e-01
-2.333472454703130194e-01
-2.233026399745629831e-01
-1.892289906852915038e-01
-1.612615076301793793e-01
-1.218655220048771998e-01
-2.068020446616217201e-02
1.657392123292199086e-03
3.847379443954234562e-02
5.753309442883456498e-02
6.609666035038959386e-02
8.559729463765532176e-02
9.167545906220887775e-02
9.892534823476401007e-02
1.031120139576434530e-01
1.002939927379445928e-01
1.002516080980712793e-01
9.608297772771808021e-02
9.209203171141704114e-02
8.495084702215711936e-02
7.921557146986420161e-02
8.060394166737230859e-02
7.714043880043656987e-02
7.548767243076445754e-02
1.684122655338603919e-02
2.028496576368974888e-02
1.596194813802105303e-02
3.579852460287123034e-02
7.681195297331168403e-02
7.775655600806095913e-02
9.672113199529937255e-02
7.890020240410185182e-02
1.267647276771111386e-01
1.320805398953613097e-01
1.537337519330840008e-01
1.689977265217794677e-01
1.626520634585162384e-01
1.740131466639435187e-01
1.746171705607485469e-01
1.753793546117962121e-01
1.794788589730972328e-01
1.791808770930425621e-01
1.812452466314968258e-01
1.824263733092933160e-01
1.835826686237701788e-01
1.857267836107840964e-01
1.865430803821317707e-01
1.907155134853140699e-01
1.925809011507787494e-01
1.961933082526046979e-01
2.062426056528972040e-01
2.052717158451434210e-01
2.197445403755940718e-01
2.173946588546684655e-01
2.117720836708545107e-01
2.158638359434133513e-01
2.060868967208250302e-01
2.013115025066824493e-01
1.999154343186909377e-01
1.733527915363001215e-01
1.715855156229189604e-01
1.607708640053592541e-01
1.530876358698836648e-01
1.458688415496392776e-01
1.363473693411853815e-01
1.341431061393009716e-01
1.099538385436578530e-01
1.061667152271439096e-01
9.481649579512071990e-02
8.184062260717626935e-02
7.830814701223019758e-02
6.434952478519363750e-02
4.932325291021324998e-02
4.670778453223620869e-02
1.120540599153325989e-02
1.018155618048064912e-02
3.402815407556029730e-03
-1.065873642123042753e-02
-9.439207039814411990e-03
-2.350330816128851433e-02
-2.444903454369045173e-02
-2.551864169741231703e-02
-2.931623356978325934e-02
-2.902105825615395457e-02
-3.022973360023535269e-02
-3.099545155422537071e-02
-3.102938916250167975e-02
-3.153759331687727013e-02
-3.165974533276801756e-02
-3.175921733598545404e-02
-3.191059227863572711e-02
-3.193699539385663061e-02
-3.199375482195010445e-02
-3.203077387160030431e-02
-3.204333041337242144e-02
-3.206434099302471474e-02
-3.207257439123965131e-02
-3.207835197386280091e-02
-3.208193620175947558e-02
-3.208366763115483300e-02
-3.208150185094293255e-02
-3.207509175231444687e-02
-3.207574884194193399e-02
-3.205315546469172938e-02
-3.204269635520886478e-02
-3.203374577533928125e-02
-3.195020395914670991e-02
-3.197150925971894986e-02
-3.186213811621550068e-02
-3.166839026065116497e-02
-3.181919308323959833e-02
-3.117513649850029225e-02
-3.110990981695476928e-02
-3.123521403684997172e-02
-2.881906989554968226e-02
-3.054417364275971436e-02
-2.785596456780058128e-02
-2.198260966263702876e-02
-2.402645055922416478e-02
