-3.278971636764876213e-02
-3.152331673672190832e-02
-3.990083202202979185e-02
-4.381136712210704359e-02
-3.669728923121549913e-02
-3.877574577522932553e-02
-3.713818552495429248e-02
-3.574348479498020564e-02
-3.624301334692431320e-02
-3.531605585815277004e-02
-3.520367139398580120e-02
-3.515392669207055565e-02
-3.485912594111124224e-02
-3.487282152046392025e-02
-3.478461759154843902e-02
-3.471736976118733331e-02
-3.471407794805835001e-02
-3.467241486856065258e-02
-3.466024622347188555e-02
-3.465230005522960954e-02
-3.463907945317310638e-02
-3.463747105059486464e-02
-3.463353985756666836e-02
-3.463177454072377537e-02
-3.463443453331288557e-02
-3.463484188906540417e-02
-3.464131822534850802e-02
-3.464990113597823940e-02
-3.465547241815992996e-02
-3.468139607125253487e-02
-3.469542816979379052e-02
-3.472242969152026376e-02
-3.479773048945476038e-02
-3.480339079962616045e-02
-3.493924365208276456e-02
-3.507939216819137840e-02
-3.502621688991084531e-02
-3.521733986404439187e-02
-3.464642354225634657e-02
-3.474356513637609500e-02
-3.494382851813552376e-02
-3.439795764714044524e-02
-3.516067344926580851e-02
-3.522226125995046170e-02
-3.428162165372054815e-02
-3.712395601498464509e-02
-3.287926830195950917e-02
-3.897782439488604866e-02
-3.811674906406881808e-02
-3.117432234888276726e-02
-4.568777753020633603e-02
-2.809236059564394761e-02
-3.296993513582180402e-02
-7.069932355915123368e-02
-8.356463851806726628e-02
-1.131237981093493605e-01
-1.423789104633110536e-01
-1.487655789847799337e-01
-1.535451794799045921e-01
-1.483508487475397597e-01
-1.335239141435043131e-01
-1.147740327368054619e-01
-8.583989132902419827e-02
-7.689432825928795012e-02
-4.233681279937637210e-02
-1.283768450008348355e-02
2.427283775435606916e-02
6.865736719872193861e-02
7.554581443497147830e-02
8.169822941849551323e-02
8.932278834881811347e-02
9.208321402943510370e-02
9.900156850927012420e-02
1.026171266568281504e-01
1.050294069224103899e-01
1.126577006229943362e-01
1.136396097676766193e-01
1.199822532943356779e-01
1.327246253494059058e-01
1.280421591746006005e-01
1.549942384606127765e-01
1.620130607988846394e-01
1.087002264140738833e-01
1.200578110898599532e-01
8.762505797766566296e-02
-6.575765365699075271e-02
-1.224421406067047746e-01
-2.110435048140843206e-01
-3.127738191599475082e-01
-3.139269577963264557e-01
-3.631318042072557706e-01
-3.694346086880047064e-01
-3.766078987981203996e-01
-4.045985825957048032e-01
-3.985229037929310381e-01
-4.114625712670150204e-01
-4.236999028075736362e-01
-4.089851917652235769e-01
-4.028063134847523763e-01
-3.771182205276553123e-01
-3.417057044636658270e-01
-3.162980099299004255e-01
-2.327553826755488775e-01
-2.194423100427131956e-01
-2.213343648685711096e-01
-2.006031792093438404e-01
-2.262148410633442186e-01
-2.284150079315567516e-01
-2.263978860404824711e-01
-2.608161061722730767e-01
-2.570958749710310909e-01
-2.413698266232397749e-01
-2.382677834285986951e-01
-2.197522093230389328e-01
-1.999899162858496393e-01
-1.869385870842240893e-01
-1.641033129241015742e-01
-1.343715466115014134e-01
-1.068035933165796952e-01
-5.774557353238080060e-02
-3.671150354414910028e-02
-1.386902890796571849e-02
1.376149160658433944e-03
3.818167960952132886e-03
1.594429711405872044e-02
1.936018305914135804e-02
2.351082039920787334e-02
2.500584470452788324e-02
2.139405551455684715e-02
3.165842387419869758e-02
1.803849865645445680e-02
1.177693152155932614e-02
3.702576419762532416e-03
-3.243310656993834886e-03
3.875420390099847817e-02
3.237660321751890946e-02
6.077082461593274337e-02
7.479974557687990577e-02
8.441548257691962320e-02
1.036798395887242041e-01
1.084852604610977156e-01
1.279093084087786214e-01
1.330789915090205000e-01
1.324223582404378263e-01
1.384954583711539566e-01
1.394756327059554490e-01
1.374026520215491376e-01
1.395331556751680524e-01
1.395102923082807700e-01
1.273029499050035707e-01
1.273864709513819748e-01
1.119776375181170541e-01
9.864687961606760647e-02
9.795509767688087566e-02
6.437881165796950633e-02
4.660880725512574901e-02
5.251973495726545288e-02
-1.460392625705770817e-02
-2.629155593780989689e-02
-8.384312705642306407e-02
-2.153666701620057800e-01
-2.377168362218019526e-01
-2.797735426554056604e-01
-2.956280024204827606e-01
-3.026686908033840440e-01
-3.207745277812871776e-01
-3.036261526532236243e-01
-3.014955914911539026e-01
-3.003941384678681104e-01
-2.814310741840817531e-01
-3.167070883316939756e-01
-3.371822835361405479e-01
-3.734341610649684617e-01
-3.635460694981421659e-01
-3.548165800943284820e-01
-3.369013417568897939e-01
-3.223619747573114869e-01
-3.066712811642062775e-01
-2.845606589580442769e-01
-2.718453402647483808e-01
-2.459678785427481806e-01
-2.245735448134816292e-01
-2.318284209928301032e-01
-2.101555085160472791e-01
-2.186613903197309194e-01
-2.336835653072638075e-01
-2.361031836725585031e-01
-2.607356271062013509e-01
-2.724018878791453768e-01
-2.826220337515995551e-01
-3.045523898583001876e-01
-3.054966623423802652e-01
-2.890980830435191384e-01
-2.919945400209907338e-01
-2.785659773535313910e-01
-2.802160829550297549e-01
-2.906179396777159862e-01
-2.895557514277502520e-01
-3.032698398031561382e-01
-3.060419299572676444e-01
-3.169678155631363015e-01
-3.208994356904371070e-01
-3.216927979119202918e-01
-3.238575178416177591e-01
-3.033013423416463517e-01
-3.001891597514881882e-01
-2.832980283167922941e-01
-2.628605272733219866e-01
-2.557063408372658442e-01
-2.257756629583036190e-01
-2.113679276764623693e-01
-2.002821337053743711e-01
-1.723732815418996811e-01
-1.681770737948374284e-01
-1.658817698783692229e-01
-1.578999157572868739e-01
-1.686557234035557795e-01
-1.504856333318512485e-01
-1.551856854899923421e-01
-1.453351516093117357e-01
-1.229093424100197868e-01
-1.015270673748871477e-01
-9.318012222275630363e-02
-8.022568137043213643e-02
-9.222630904866618851e-02
-1.311826603157222881e-01
-1.627779356956418344e-01
-2.421803435994102915e-01
-2.942419827826701639e-01
-3.186216406691143033e-01
-3.524063576069955128e-01
-3.793521007129040390e-01
-3.887407322356590811e-01
-4.041764248558966099e-01
-4.092946003354965834e-01
-3.979203608422058891e-01
-4.023827948370530261e-01
-3.962959668218891673e-01
-3.844753048420680996e-01
-3.938521352004827336e-01
-3.713427149357165780e-01
-3.613709108649192370e-01
-3.452704492276035264e-01
-2.837951813425144687e-01
-2.601898558623961244e-01
-2.071586910942485038e-01
-1.442247420725717433e-01
-1.127366673005107400e-01
-5.038385090205500100e-02
-3.457160608802654217e-02
-1.768292557816788027e-02
2.563541624394029966e-02
4.888930338635423534e-02
5.557074485015180143e-02
7.419413440093287904e-02
7.855643912887975977e-02
7.208361077609830303e-02
1.069062106096837217e-01
1.024405925113976157e-01
1.281918705023659399e-01
1.385213834220959117e-01
1.345057926745289179e-01
1.495243196538405817e-01
1.532751666458910811e-01
1.469132942041132261e-01
1.609929377596866218e-01
1.298728660480676644e-01
1.076470092917039267e-01
8.155233616692564302e-02
7.366855478319746242e-02
1.038237831534146588e-01
1.058886968419888580e-01
1.220415136852253946e-01
1.285503237678437827e-01
1.321274382726941032e-01
1.352589733438787911e-01
1.319880220907914958e-01
1.356996711565559843e-01
1.188889076655968297e-01
1.091670813842718357e-01
1.196519543517009787e-01
1.142036175182069152e-01
8.650535298040543108e-02
8.454922054320274105e-02
6.268289806402703446e-02
4.649703288588191014e-02
4.698886570325253725e-02
2.207896236727747985e-02
3.299777240290007602e-02
1.181673535349071942e-02
-1.107822276731764907e-02
-3.309455217936171922e-02
-6.620608003237873906e-02
-1.079111208330943011e-01
-1.380386841406934795e-01
-1.928169847477888554e-01
-2.175566499792713493e-01
-2.469499340139161836e-01
-2.705102598890972709e-01
-2.970485342667892326e-01
-3.130357293882367054e-01
-3.282768429530071308e-01
-3.373277995281815378e-01
-3.404458414311561376e-01
-3.465838494491660926e-01
-3.395347296377737578e-01
-3.359782926335881381e-01
-3.098772020522027604e-01
-2.844173922173576785e-01
-2.497425638076341825e-01
-1.970566635188000515e-01
-1.698652409913705696e-01
-1.199760174692660469e-01
-9.837794185882815790e-02
-8.126660979139081753e-02
-3.652863544898382608e-02
-2.637978196547302243e-02
1.010014258514911785e-02
2.932084644711957164e-02
4.933140700101875525e-02
6.907017420679707753e-02
9.344853101637172477e-02
1.026515319113220082e-01
9.759162022802471415e-02
1.096878988117140213e-01
1.085659978292692202e-01
8.495483569491431297e-02
8.188531473155952201e-02
6.306902958812295179e-02
5.580506663747897278e-02
4.247644969079826527e-02
3.563465301516541284e-02
2.533360814774448730e-02
2.346668592528995591e-03
1.159884427085190566e-02
-3.080368648676882343e-02
-2.787962633446214658e-02
-4.048771042364861933e-02
-1.492329696009252193e-01
-1.581604663799759392e-01
-1.567367748889620382e-01
-1.812198234959476739e-01
-2.028340263891633966e-01
-2.343134494213226782e-01
-2.746787693938073649e-01
-3.112576280188348310e-01
-3.093176162527992434e-01
-3.247477168271187264e-01
-3.146717168656888441e-01
-3.089085570082525933e-01
-3.059189704137316168e-01
-2.880815954876598251e-01
-2.830497071091476746e-01
-2.765234699682737607e-01
-2.650332420750864393e-01
-2.609895005269891599e-01
-2.492095980624272622e-01
-2.447461946189609383e-01
-2.382810486460265331e-01
-2.217103889221519464e-01
-2.130302861596286290e-01
-1.796556426172591092e-01
-1.526642076202038012e-01
-1.164559058420952531e-01
-2.083554803790978183e-02
-5.704183256233864895e-04
3.351520391743263022e-02
5.165861175084310308e-02
5.900624286368032212e-02
7.758440678540512447e-02
8.335007177668658784e-02
9.031619034471510821e-02
9.507043082689384250e-02
9.252158891583581179e-02
9.429946520272167176e-02
9.114849296052132677e-02
8.846304529926780902e-02
8.386742407945192712e-02
7.883253285812076572e-02
8.280797813434523369e-02
7.890071883089028182e-02
7.822501936715769988e-02
3.197466164065564803e-02
3.028214183221892425e-02
3.186406900994244451e-02
4.849828246044083496e-02
8.426656896196020596e-02
9.055578305096123604e-02
1.050902356392297426e-01
9.358028522892226919e-02
1.375363906846697737e-01
1.426803154946836849e-01
1.640688861185419234e-01
1.790716439670893001e-01
1.747466594200513257e-01
1.867160057736352852e-01
1.881296517377705757e-01
1.898561775929114293e-01
1.946123127902208150e-01
1.948179117174721475e-01
1.974984543644209833e-01
1.990795241457325448e-01
2.005320068369334519e-01
2.030355297426389982e-01
2.039961302626138451e-01
2.080990930897047564e-01
2.100290297330051625e-01
2.131822295507245502e-01
2.220877256291917401e-01
2.211307024604357574e-01
2.329275536911795952e-01
2.307944479856651465e-01
2.255060224124908752e-01
2.286260026882953877e-01
2.197537331616544742e-01
2.154661947429533930e-01
2.130182061051240361e-01
1.911220514507734614e-01
1.883129574844953358e-01
1.771288120797084031e-01
1.697291289949602322e-01
1.606526686250039915e-01
1.495323595650021320e-01
1.463931340425868033e-01
1.196347002346312000e-01
1.149768993817917861e-01
1.023833732126075563e-01
8.764080551774797168e-02
8.343113972593067806e-02
6.818938675851234088e-02
5.282463798327970139e-02
4.937951125618011972e-02
1.486941846154269005e-02
1.305610251287304610e-02
5.160861470370857809e-03
-9.176779666161797092e-03
-8.563881218204158485e-03
-2.303827603286289633e-02
-2.437618475298470450e-02
-2.591418108418009833e-02
-3.008595928904791300e-02
-2.998568667048397141e-02
-3.146636101053323920e-02
-3.239725473167216763e-02
-3.253329335662650396e-02
-3.317464585665885757e-02
-3.335729368431901432e-02
-3.351493199647815474e-02
-3.371961560704939131e-02
-3.377068427915563831e-02
-3.385654406045213866e-02
-3.391240877677602350e-02
-3.393661581138254085e-02
-3.396979545680186424e-02
-3.398438714152854367e-02
-3.399550745961794213e-02
-3.400295048910198514e-02
-3.400641452190426156e-02
-3.400608161118603978e-02
-3.399902302165003221e-02
-3.399940454864477241e-02
-3.397644260008308298e-02
-3.396064180633182050e-02
-3.395223402749672492e-02
-3.386571233737042247e-02
-3.387286752930129818e-02
-3.377810628248360120e-02
-3.356882675365039509e-02
-3.369417214013147033e-02
-3.313734171243325893e-02
-3.296954651519390378e-02
-3.314363098590230455e-02
-3.104002105655651392e-02
-3.226348853349864793e-02
-3.035391664217671620e-02
-2.498971569531746595e-02
-2.654781039465321443e-02
