9.294740086035391171e-04
1.215857744297448636e-03
3.185225931312117998e-03
3.026910234267754778e-03
4.902482115852522561e-03
5.331434228068129833e-03
5.529359174070001652e-03
6.151601290378058869e-03
6.138662084399717708e-03
6.298293966728134123e-03
6.436144317654378041e-03
6.434449047930732371e-03
6.506873697333996794e-03
6.531130276393353092e-03
6.542272997030665511e-03
6.565741453813012281e-03
6.571560251328512417e-03
6.579767704422829350e-03
6.587186990819620877e-03
6.592500047038816688e-03
6.597254734624664364e-03
6.604674956043216430e-03
6.614760393884861270e-03
6.618623054644133530e-03
6.644462460038784261e-03
6.659727311646060355e-03
6.675223808156300655e-03
6.765844649828943284e-03
6.758093988999949384e-03
6.879336408845305485e-03
7.106728290974311142e-03
6.994845594960771157e-03
7.643624702069255067e-03
7.888097785159980599e-03
7.857091989647367603e-03
9.853755717058165081e-03
9.769049315482685250e-03
1.078297013955057879e-02
1.113904275665537555e-02
1.143811660071122026e-02
1.186404893926667863e-02
1.204822497647687826e-02
1.262911699168469369e-02
1.455509533586951849e-02
1.833471839370547779e-02
1.765957230620468152e-02
2.297270972619666618e-02
2.299396923617904112e-02
2.079642165975109647e-02
2.304296028886130068e-02
2.344551554490453826e-02
2.529600733588582839e-02
3.187194954647360606e-02
3.993003434458679973e-02
4.911092532297025443e-02
5.038521141165896999e-02
3.704613084631368236e-02
3.920923186863362053e-02
1.244093757176554203e-02
5.130072056231799876e-03
1.222266035903623671e-03
-3.605802913756900319e-02
-2.337963423176516592e-02
-1.430636731376562151e-02
-1.246340284615184320e-02
3.797199366224358885e-02
5.788274556296336970e-02
6.423064720802279526e-02
9.217335675609711343e-02
8.842763201452605304e-02
9.661378260583526612e-02
1.082805891458163000e-01
9.901250124314625589e-02
1.091430135197778151e-01
1.078710573026015335e-01
9.644837744595419204e-02
1.038768331143922058e-01
8.061535452895136900e-02
6.546755108071143636e-02
5.395524767011267153e-02
1.269916530482151709e-02
1.566424313865128837e-03
-1.066459297443391602e-02
-2.973842580688155698e-02
2.738421002144995659e-04
-4.763292720621254209e-03
3.160760773871599920e-03
1.376405053634021693e-02
1.172139950031497214e-02
1.574745130142755217e-02
1.681120673628882026e-02
1.919506244429005151e-02
2.804471053207317072e-02
2.979865048388845306e-02
4.297226336111575895e-02
4.547349514473066068e-02
5.261025408158533090e-02
5.448823757968689063e-02
5.186329276594079524e-02
5.471537686096637765e-02
5.740797401661482807e-02
6.044462132524248271e-02
5.737257485655015282e-02
5.975089837450208580e-02
3.274452258069992377e-02
2.168968087082146304e-04
-3.545795722513733067e-02
-6.429819250752921711e-02
-8.577269841570196729e-02
-9.048092011240813082e-02
-9.155885574070743438e-02
-1.041230898526288307e-01
-9.694689265682861212e-02
-9.848549195951164514e-02
-1.056565259682264724e-01
-1.015777824410367680e-01
-1.099083995836366290e-01
-1.129166786312713611e-01
-1.130196838020843947e-01
-1.201054357061996231e-01
-1.207429238983141612e-01
-1.174289356647490595e-01
-1.204016110534207318e-01
-1.097030704088737957e-01
-9.219345809915663326e-02
-8.818806949042008736e-02
-5.785569531635589846e-02
-4.823309085072861879e-02
-4.547481681929437664e-02
-2.836693730996669299e-02
-2.732954636790628500e-02
-7.439493500478301310e-03
6.137530688367268984e-03
8.932866834082890672e-03
2.273438798773276537e-02
2.374952343275021568e-02
2.811748151103907190e-02
3.358217271555739847e-02
3.242629393951052680e-02
3.450185859069287292e-02
3.511331317298564680e-02
3.220635205734850848e-02
3.169316892177288791e-02
2.533787655757589394e-02
2.050517815003534070e-02
1.228447414379783657e-02
2.817672434446812958e-03
-2.532340936182411652e-03
-9.643938034769442003e-03
-8.464712439175675965e-03
-7.951790651659910308e-03
1.185866931506791150e-02
2.091722141867550719e-02
2.832727653617822527e-02
4.819018799793992752e-02
5.168761453682593765e-02
5.702938284399690361e-02
6.599180296987670891e-02
7.191250320000044938e-02
7.431142255839560951e-02
8.930751360930498650e-02
8.851594570885873425e-02
8.787539776508160316e-02
8.864095465701293808e-02
8.842010911201210466e-02
8.374455258851278006e-02
8.034190874295785156e-02
8.277048441701100046e-02
6.454985854510647547e-02
6.267450660226786541e-02
6.482656127275100710e-02
5.574354841958002044e-02
5.451684284882737236e-02
5.087463632711570344e-02
3.813093994473614606e-02
3.570211890972592450e-02
3.413952664716332630e-02
3.919470933608135838e-02
4.201742382685322991e-02
4.925863013920516592e-02
6.453549647423489910e-02
6.640850190287772570e-02
8.523656991903091895e-02
8.441066693873268412e-02
8.429275387250551033e-02
8.660195984896341959e-02
6.456111521148545640e-02
5.889732988412053893e-02
4.145728940061180201e-02
2.850295553613575034e-02
1.675865364538863325e-02
-7.358506824442224460e-03
-1.233147619105090867e-02
-3.760480809302504945e-02
-3.362704930833222694e-02
-3.739093594435108359e-02
-3.814625287128640962e-02
-2.770346312619980864e-02
-2.312571838114852243e-02
-2.210186805902154134e-02
-1.421783301843899429e-02
-1.095749690686710631e-02
-1.068175381704299445e-02
-3.327370912599408870e-03
-3.321264535665396141e-03
-5.404797599653092186e-03
1.907781988541665513e-03
-9.256654441402474912e-03
-1.103809893076295595e-02
-1.957539408784268742e-02
-3.194155054933821292e-02
-2.771669153632327562e-02
-4.135173069472009716e-02
-3.278097168737330314e-02
-2.348786430070191195e-02
-1.506722142421228899e-02
2.621241478408679708e-03
5.944854865611832496e-03
2.169777440347112757e-02
2.067014679045608289e-02
1.714662031649967500e-02
1.302115050346780607e-02
-9.845314984879647430e-03
-1.168343423704487627e-02
-3.061980283928759233e-02
-3.602615551749604322e-02
-4.171283413427183569e-03
-1.100224667080492748e-02
2.493792742335867313e-02
3.516953358620751591e-02
3.098075530577478268e-02
5.194422865300087067e-02
4.735618136463008720e-02
5.226998802717668785e-02
6.059354272568871769e-02
4.963452281384141129e-02
5.489749087691744162e-02
5.237206488106183055e-02
3.314688679930354737e-02
2.931327157294897137e-02
1.437056467339293750e-02
-1.233634704164103275e-03
-8.377627484471142361e-03
-1.854434841397549841e-02
-3.752965896601428292e-02
-4.569514940909964740e-02
-6.036798188637963747e-02
-6.832773531798788658e-02
-8.807638433133027633e-02
-1.038566434611664646e-01
-1.233035050737040506e-01
-1.336818309539174465e-01
-1.418964641674252403e-01
-1.442274475342971429e-01
-1.412531489103256432e-01
-1.469936370981868856e-01
-1.370505654107704585e-01
-1.378599358595131441e-01
-1.172504493842638634e-01
-7.746743332997051146e-02
-4.143208920498054476e-02
-6.845817773405132173e-03
-1.921637164608990629e-03
2.108750575852210915e-02
2.507473260086356265e-02
3.040641662858498129e-02
2.980584347939775614e-02
2.460803309966650906e-02
-2.058653717919292636e-02
-5.479936559563770154e-02
-6.407976402106263514e-02
-7.943247424316665639e-02
-7.764078772410265561e-02
-8.278358277435131363e-02
-8.051741759454981995e-02
-7.249170131792034844e-02
-6.935260855135669256e-02
-5.916595187452815263e-02
-5.583157319977997968e-02
-5.053016553018926937e-02
-4.354645357233012659e-02
-4.060584276689149091e-02
-3.579492222308926913e-02
-3.135981453080796677e-02
-2.710969695942931287e-02
-2.436210293802660784e-02
-1.820688621888573097e-02
-1.533147401781931492e-02
-1.369728469227319070e-02
-9.363700270952431473e-03
-8.961012509990033681e-03
-9.169950758658871465e-03
-5.865904096288290619e-03
-7.720631982529051109e-04
2.856030528422027776e-03
1.771809780814350907e-02
1.034354452724333372e-02
2.306843019997773664e-02
3.490901624702701100e-02
3.214410484532904955e-02
5.337178624936496363e-02
4.661350868668769770e-02
5.283242721389591612e-02
6.135149156595424286e-02
4.871596755076713914e-02
5.993873879142974648e-02
5.002050232905080190e-02
3.793103429136766153e-02
4.046558888849956931e-02
5.582386041083802104e-03
1.041476586838456167e-04
4.315266997157416210e-04
-1.634959423910760379e-02
1.170306101433979049e-02
1.349906254055358197e-02
1.968890149564258771e-02
4.598571354290562768e-02
4.811611735514852162e-02
5.444647846445578587e-02
6.507567133485654687e-02
7.033613810713576497e-02
7.362654208556362878e-02
8.873235700883555510e-02
8.784386812417843693e-02
8.761888531833575411e-02
8.826706696869120183e-02
8.810927285951672405e-02
8.362068242569210830e-02
7.992878449386399409e-02
8.260841489848616548e-02
6.434978796490831154e-02
6.184555198977749468e-02
6.500390760295628179e-02
5.462730851666125487e-02
5.327415798451327900e-02
5.122895656960036598e-02
3.379743455425800180e-02
3.459917418606720668e-02
3.044801571171891139e-02
2.640601676601327455e-02
2.853011968862991660e-02
2.960950280037697585e-02
3.348404875483122073e-02
4.686406721056429053e-02
5.412285654786692241e-02
5.196196763842670513e-02
5.121545373704851356e-02
4.179104048997205750e-02
2.490597155399080012e-02
2.153601087277271300e-02
-4.577436167295562651e-03
-6.042177364076718564e-03
-1.454277792673632289e-02
-1.122651193926179312e-02
-7.992409073405898345e-03
-2.989861163424390681e-03
1.571858809275944110e-02
2.901092136484287320e-02
2.713547778475303499e-02
4.353314330645255414e-02
3.512510941222989069e-02
3.347642610985443468e-02
3.808404560843986486e-02
1.174834797807970850e-02
8.314384553718400309e-03
-1.954003473510214361e-02
-5.796695440300822511e-02
-7.139870053363621405e-02
-9.768862754185760056e-02
-1.125555848895506833e-01
-1.175459551189669133e-01
-1.328772425667814339e-01
-1.339138968311636146e-01
-1.418095313069616947e-01
-1.507093713893438991e-01
-1.481014324074825250e-01
-1.602290493764121915e-01
-1.451137409957324598e-01
-1.294130998598978788e-01
-1.055322466654325386e-01
-6.103054635466537842e-02
-2.418769362396220451e-02
8.661970297525259377e-04
3.470858927493120083e-02
4.311289549800832038e-02
4.316759862736356534e-02
6.659995471616599050e-02
6.462905578877949087e-02
6.915642404471901428e-02
7.649123134328639217e-02
7.416732480581753051e-02
7.943307498404160449e-02
8.046010064563151321e-02
7.905543590429685297e-02
8.582238477390424780e-02
8.263896827482850038e-02
7.341771912938892253e-02
6.966539186348749690e-02
6.371458160414729399e-02
5.776529580242001360e-02
5.464069027411536106e-02
5.099861161126610642e-02
5.285121057024599195e-02
5.950350387764065385e-02
5.664906955894163931e-02
5.870828288599062167e-02
5.471804388578520306e-02
2.543111433127070997e-02
7.116814410772025722e-03
-4.871695157149253351e-03
-3.586622953928568502e-02
-5.146343829272727322e-02
-6.128445588269447464e-02
-8.070236661688727497e-02
-7.538383326004753637e-02
-9.300842877599976855e-02
-9.975246077814997614e-02
-1.008205258378864488e-01
-1.280448101783237813e-01
-1.280854991467280379e-01
-1.371295995456393302e-01
-1.461650535289902297e-01
-1.439881734511679334e-01
-1.547105659367491171e-01
-1.565845629828994945e-01
-1.622148629194906100e-01
-1.721732773388499060e-01
-1.755588873892771906e-01
-1.869097931109942046e-01
-1.959883941125865892e-01
-2.044756475900325610e-01
-2.147198879160767127e-01
-2.184406657761023551e-01
-2.251015938768070324e-01
-2.256901964394308346e-01
-2.223941595280657657e-01
-1.844232555483969194e-01
-1.323918268007268362e-01
-7.398900131704191918e-02
-6.448575042344788233e-02
-1.546780827886687186e-02
-8.729598076012388963e-03
-1.424804812610411600e-02
8.081489230663048418e-03
4.610123842697391727e-03
9.730851510936798510e-03
3.148646295970301129e-02
3.130624494391776730e-02
3.983032832914707583e-02
4.584515973204950773e-02
4.391835515629843173e-02
4.236979625980474840e-02
3.186990087992414705e-02
1.056729462191680936e-02
5.901798160272578829e-03
5.890930285748588804e-03
-4.912042855558022142e-03
2.570483440661235075e-03
1.509416689436480965e-03
8.884020935330509293e-04
1.810191446621248895e-02
1.855710950543579610e-02
2.267267344766333778e-02
2.877991752240257467e-02
3.024441207208874299e-02
3.131400948879325963e-02
3.473278727714080444e-02
3.543719061488203453e-02
2.997295050478513898e-02
3.025997723446956222e-02
2.575295046503097915e-02
2.448103646646425033e-02
2.302744314769194015e-02
2.102352251869094371e-02
2.029861555655124855e-02
1.830985391082529806e-02
1.727915721792434856e-02
1.540416449165546778e-02
1.202577871007661989e-02
1.178644881201205800e-02
5.787034968882321523e-03
5.345469237247579483e-03
5.310957260930081192e-03
2.286025182938214179e-03
2.769864991446734093e-03
2.104352196847122242e-03
1.434324051949034977e-03
1.570119219152377480e-03
1.218579760370208870e-03
1.127748531516631954e-03
1.107066094607374101e-03
9.958660304578848942e-04
9.875222416206453756e-04
9.593678846414000969e-04
9.326564808020588885e-04
9.296591214835750417e-04
9.165781726814647545e-04
9.111765290860142363e-04
9.099398110247834811e-04
9.035643989127739454e-04
9.056137521908158095e-04
9.053964313875955024e-04
8.973987176240522936e-04
9.157872541149119933e-04
9.000598196182510186e-04
8.995609037327791362e-04
9.598344086254429570e-04
8.616134130089136414e-04
9.764131321843302989e-04
1.060565176086802333e-03
7.717337030171259916e-04
1.439288616176465259e-03
1.657858194708281951e-03
