8.471943137654056998e-04
9.742922117186651439e-04
3.185696333802669547e-03
3.224293243081500712e-03
3.638683941054088149e-03
3.993191162857425563e-03
3.628786521766619658e-03
3.844176685422676445e-03
3.815689943038059681e-03
3.768956481814291111e-03
3.829916166149333057e-03
3.800581967787562254e-03
3.806786816868844205e-03
3.815756437804244689e-03
3.807493935619474593e-03
3.812702396214414421e-03
3.812337878992821949e-03
3.811320617608690738e-03
3.812830177375507203e-03
3.812171585801029262e-03
3.812418846433863247e-03
3.812479569141890862e-03
3.812311006688674005e-03
3.812590928009367951e-03
3.811775533048147608e-03
3.812540937328355237e-03
3.811925112890451189e-03
3.809970318665261910e-03
3.813998737667348947e-03
3.807018158019280073e-03
3.808301401372831286e-03
3.817320987269159135e-03
3.785229408526763397e-03
3.822102294588972538e-03
3.802535432752906109e-03
3.716169709904080902e-03
3.820327803747898630e-03
3.800444915727192036e-03
4.051814000379306765e-03
4.201898016978963292e-03
4.169475277489409666e-03
5.377421156627659911e-03
5.358082471596943043e-03
5.980757169838272526e-03
6.168702255281872764e-03
6.303347896876433307e-03
6.965869563818462805e-03
6.974924685929201860e-03
7.001138084007935657e-03
7.224429785338532146e-03
6.719924171990257489e-03
6.690798073243437762e-03
6.257270090184229548e-03
5.611935271506134602e-03
4.572909105168435594e-03
5.060139102330355083e-03
3.354408693607556936e-03
2.408165183992074920e-03
4.006731303385794273e-03
1.058263766412227778e-03
1.848903822720578778e-03
7.067302976470082876e-03
7.227965585086044108e-03
1.777053467217120514e-02
1.840782359032728036e-02
2.092206937967201058e-02
2.081982739478161967e-02
1.903680747263335540e-02
2.128205748891175836e-02
2.094554246954807852e-02
2.308906724490735612e-02
2.490267421431609923e-02
2.586390400010056545e-02
2.917069107214449383e-02
3.024545780316927751e-02
3.245417075522168127e-02
3.344598879980758416e-02
2.920049054385740264e-02
2.594484861785067292e-02
2.291566566384753770e-02
1.797237145011962647e-02
1.619857773182330554e-02
1.522854236443075583e-02
1.413132814697764736e-02
1.368241970713335136e-02
1.176840316079809205e-02
1.154784683117423411e-02
7.854003132765446232e-03
7.841185565990732229e-03
7.382205234447298571e-03
7.103904181997475545e-03
6.596828010337014124e-03
6.209996275795601380e-03
6.311683103659562061e-03
2.610314611886580764e-03
2.343113169266619351e-03
4.343371956926051804e-03
3.453678663287727650e-03
4.886323891327089969e-03
4.228980238041392392e-03
3.937069213642375998e-03
4.524631631502764456e-03
2.787152647691219873e-03
3.737243435721740708e-03
5.723928549935179515e-03
5.240862532159770021e-03
3.980583355510489314e-03
4.532531197805520461e-03
6.898354985240495729e-03
7.338366849477704137e-03
9.162811415058445819e-03
1.026053208331454900e-02
1.073926574873139243e-02
1.047049619613600428e-02
9.546313714221474345e-03
9.053589093458238451e-03
8.773356541219167956e-03
7.665037748450144288e-03
7.967356405274060929e-03
8.021143046950219430e-03
8.510852802139954459e-03
8.302113023356245611e-03
6.596149523818145913e-03
6.298582167782410847e-03
6.495456457619375699e-03
6.213416808332215650e-03
6.471643738228006516e-03
6.330108727384644793e-03
8.146820471149248885e-03
9.135509951838746701e-03
1.089913586004780804e-02
1.485496214052075062e-02
1.677623859244407184e-02
1.681930791075223613e-02
1.629122424940290456e-02
1.564563329480167173e-02
1.537290973239518153e-02
1.470281463942472305e-02
1.457795705513454179e-02
1.376375316003586313e-02
1.374162128229816648e-02
1.369519337679274418e-02
1.369965063336132070e-02
1.456373619930251447e-02
1.417745724970157113e-02
1.478705011876041420e-02
1.468544325411924069e-02
1.434518336712748213e-02
1.494224763181432360e-02
1.409608873477183680e-02
1.486847336096576780e-02
1.227846587997142615e-02
1.216799997105999856e-02
1.166196235702901714e-02
7.800004144144161156e-03
7.578397495270854448e-03
6.886487947274742318e-03
5.827974393072024237e-03
5.723989194537186347e-03
5.366382407695529516e-03
4.594161260617487044e-03
4.598139831569313628e-03
3.771915304612639616e-03
3.316155443304914362e-03
3.332832617139486631e-03
2.281624470396624322e-03
1.859107274385503068e-03
1.999802190403700362e-03
-1.556124722590299103e-03
-1.354121261285670631e-03
-5.626496982525906482e-04
-1.855124033339427506e-04
3.368445184398789934e-03
4.032591285726258926e-03
7.559643445891917578e-03
8.191367941795523258e-03
8.306334750508393566e-03
9.312186735684752775e-03
9.288357808697141060e-03
8.513966507545940587e-03
4.896913762529720923e-03
3.722162024685148236e-03
3.697093320192081003e-03
3.310277163449178162e-03
4.845736491447201304e-03
4.852541693448311072e-03
5.867538853153365062e-03
6.728405690897706036e-03
7.846631075141463976e-03
8.486476523394041391e-03
1.028864887210022110e-02
1.162964199401866731e-02
1.300750969047448358e-02
1.778951513888624852e-02
1.793911455604046273e-02
1.928379632226124782e-02
2.002757781477438465e-02
1.946983885755888474e-02
1.963318095937701888e-02
2.006673118312834667e-02
2.003141338108829078e-02
2.031556807570950723e-02
2.060446185827983362e-02
2.097872873298938651e-02
2.101785943829230160e-02
2.198838931759170348e-02
2.224480240087717622e-02
2.283382083640996679e-02
2.533520136849021914e-02
2.617464233748557564e-02
2.819576270175127089e-02
2.960168003799895989e-02
3.086119829884051077e-02
3.226991691016565383e-02
3.321006605468256739e-02
3.339255543756081135e-02
3.234064537714799459e-02
3.113173661405222239e-02
3.034763929115026279e-02
2.832917103943965662e-02
2.443636970953326493e-02
2.197309355428871819e-02
1.919875678297499125e-02
1.717272095003413712e-02
1.368259775428479208e-02
1.269779531820553961e-02
1.145372654987878921e-02
1.109618468854075592e-02
1.012970392602011334e-02
1.051232979837808494e-02
9.624263625706744318e-03
5.646574639031573875e-03
4.887412539526236888e-03
4.215093822988953513e-03
3.860600694628264686e-03
5.200787653180598269e-03
4.799840616457611182e-03
5.766755257305129605e-03
5.582875115982584811e-03
6.809605306399765627e-03
7.896725016079152171e-03
7.935232384889693430e-03
1.272736135434429997e-02
1.355332008206849327e-02
1.495786808204160184e-02
1.556058674584494782e-02
1.652728342122713329e-02
1.821194321947619543e-02
1.989354109659382738e-02
2.515029812009885596e-02
3.584234814813558323e-02
4.487934891197759707e-02
4.538738354362003430e-02
4.945229714614158417e-02
4.851253298705299200e-02
4.594776791861295701e-02
4.306367030156765113e-02
3.730687664795752367e-02
2.536032799699656365e-02
1.321735443715616777e-02
9.588977355911038752e-03
8.073319359486290370e-03
5.969788606951261997e-03
4.626579327716070014e-03
6.117648733522668657e-03
5.077214975382135335e-03
4.564230127315454903e-03
8.409644009874588100e-03
5.266328203293714136e-03
6.584361802388871004e-03
9.291124207045768982e-03
1.003915857143920787e-02
1.220046722002541759e-02
1.411209070657530769e-02
1.629063138827998788e-02
1.566280063346659618e-02
1.837435637201571825e-02
1.694524307739743788e-02
1.452599944267409827e-02
1.455161801078658224e-02
9.430417292690913139e-03
8.569083159074283168e-03
7.975583160907219471e-03
6.249679697362796153e-03
5.763035485831622881e-03
5.399792308718238086e-03
5.607395545467220264e-03
6.116748166436917176e-03
9.463793985385620181e-03
9.808921066169498659e-03
1.328925184404758202e-02
1.790567710541716290e-02
2.266087352238897734e-02
2.504243040905099540e-02
2.687049682529114511e-02
3.057803803227815420e-02
2.917937467932627330e-02
3.432686361549586868e-02
3.723963794949820133e-02
3.690373877293579019e-02
3.742101996569291433e-02
3.612958387405425242e-02
3.461232994470198748e-02
3.438685757882549432e-02
3.151317059185618219e-02
2.992430082339108885e-02
2.837622024082508618e-02
2.246042408256156489e-02
2.051580203278529149e-02
2.047680460067321725e-02
1.791322082449664857e-02
1.403726936413676220e-02
1.289565336062936489e-02
1.129944867331595347e-02
8.172862426927465090e-03
7.853246867858666366e-03
5.441082889357429578e-03
5.410012602338732345e-03
5.647830111530333964e-03
4.920887607105042111e-03
4.974352496381353149e-03
4.943221442465756121e-03
4.167804436892187138e-03
4.318559814177824578e-03
3.582454485185411919e-03
3.139438833304539125e-03
3.212511663562912876e-03
2.158420398711828180e-03
1.745027403560688679e-03
1.870126449308899931e-03
-1.735138834474919504e-03
-1.538543363399740927e-03
-8.897118858900364110e-04
-5.703989232064466839e-04
2.866840185849591632e-03
3.100006282483061884e-03
6.715535814407424219e-03
6.829596768079744182e-03
6.225539436417422585e-03
7.410648086746826450e-03
6.131723284188152559e-03
6.715091570085353345e-03
6.026729455177412889e-03
3.471964802688446219e-03
1.702937002860053844e-03
1.266832230624188437e-03
1.358289274076721325e-03
2.943491343829294365e-03
4.854709748129208344e-03
5.385275159211282310e-03
1.081554060886770301e-02
1.336535399157508068e-02
1.612247071298680487e-02
2.091974606012524801e-02
2.394971329552450512e-02
2.703372055607067281e-02
3.063526532269233299e-02
3.521636056405156451e-02
3.459518185005674984e-02
3.698521041912544022e-02
3.535800387606688466e-02
3.161918615318922571e-02
3.143844291519847650e-02
2.553787885065523025e-02
2.213126377343889450e-02
2.431661307929360374e-02
2.193774896031398802e-02
2.443947570071641068e-02
2.826266977392329072e-02
3.137344658606817244e-02
3.806749484380976545e-02
4.103514292016129106e-02
4.270379435802903328e-02
4.393808262987422553e-02
4.432606314423529620e-02
4.347187640686785842e-02
4.299327713941438617e-02
3.242884388304206889e-02
2.213303509635020788e-02
1.491949148226768065e-02
7.766354997442334943e-03
2.905971608985834231e-03
1.567070069849738892e-03
-7.351932432711465876e-04
-9.424800571523977120e-04
-1.358466513739121353e-03
-9.696550562373903266e-04
-6.128832577718283442e-04
-3.407769909968450688e-04
-4.684520923837777993e-05
2.723759122011214901e-04
-1.352416050790703460e-04
8.806763495127327163e-04
3.175673764984207007e-04
-5.684263696495902565e-04
7.651130979057994526e-04
4.171893698822486292e-03
6.701449489261501920e-03
6.703498359345425386e-03
9.134384349773150280e-03
1.055099420051739886e-02
1.189692792969608559e-02
1.030656031055151266e-02
5.162873883257537537e-03
4.405604428453088577e-03
1.697275355082785916e-03
1.421695156174713516e-03
4.378407164933827839e-03
6.161795701630275006e-03
5.079412023372662476e-03
3.933541206501488252e-03
1.841452072144554586e-03
1.527790330189018496e-03
2.461163033628703273e-03
2.825662643195178594e-03
3.864865511976434218e-03
6.392402808901100769e-03
7.549008849209709777e-03
1.141177069975815410e-02
1.391431351313516564e-02
1.868020288951003499e-02
2.348226953274097639e-02
2.484709986535945866e-02
2.934802445670060128e-02
2.945240400784597534e-02
3.048078690186598744e-02
3.131194304714960547e-02
3.056863755479458794e-02
3.118182273386359629e-02
2.898296251080628022e-02
2.815859214655383816e-02
2.693174869590718098e-02
2.511889296811454023e-02
2.452182943080923397e-02
2.262855697296442883e-02
2.110983879229482926e-02
1.936130248264886222e-02
1.453300733837363350e-02
8.284923399746239175e-03
9.743260771801964468e-03
3.500194036374825769e-03
3.879684013646200486e-03
4.547623313759041087e-03
3.456320813868055120e-03
3.802127674008377953e-03
3.962252659200671788e-03
5.218503784507105316e-03
4.802773341822458991e-03
4.246932114099059331e-03
4.232836717959579179e-03
1.094708574283598116e-03
-2.347064884920660509e-04
-6.070728250107227742e-04
-4.285798742299991608e-04
-1.743023309086753653e-04
7.847728294014642706e-04
1.088519248623934623e-03
1.275338332836281315e-03
2.303299511108891293e-03
2.341995224303807226e-03
2.293068407488223822e-03
2.136478455938880649e-03
1.801839541059330543e-03
1.766514805156263771e-03
1.499962649016965037e-03
1.691776716084164274e-03
1.291664587251315595e-03
1.279515368787765249e-03
2.218723620852184036e-03
2.333738023444901968e-03
2.658784072810776913e-03
2.894779006598509601e-03
2.952941672897974046e-03
3.104958608782907008e-03
3.141790578304939300e-03
3.204588346111274591e-03
3.304433043224333250e-03
3.232694066170004737e-03
3.466031294454750573e-03
3.447498040523855334e-03
3.163962344350548708e-03
2.940018124385268983e-03
2.787511402827090156e-03
2.364559156301913271e-03
2.342397075319761681e-03
2.265131556921464329e-03
2.166306657066581921e-03
2.162028648530719879e-03
2.120295207922888881e-03
2.100321601099512658e-03
2.093555511750493960e-03
2.079070505104248495e-03
2.074647337479821642e-03
2.070239682170972248e-03
2.065875009606784989e-03
2.063853961258100070e-03
2.061643936908718732e-03
2.059232908017089286e-03
2.056881979847210735e-03
2.055208951430328394e-03
2.049513123510886183e-03
2.046300726810367995e-03
2.040929402814608846e-03
2.022984653400498878e-03
2.022885675109228811e-03
1.991465798833389183e-03
1.950772515463301089e-03
1.962607737315893129e-03
1.808779062138887728e-03
1.791152505287169593e-03
1.741685107606912291e-03
1.167961402765401238e-03
1.257010115432419728e-03
