-5.039718246948444655e-03
-4.999426395081173896e-03
-1.084607496039773945e-03
-1.360866834879678050e-03
-3.515268766519295297e-03
-3.070635303793169384e-03
-3.356167962265642780e-03
-3.755227811103978124e-03
-3.620703640948508533e-03
-3.812205941955422884e-03
-3.856318570350371604e-03
-3.854426667702912698e-03
-3.917083802044833349e-03
-3.917409318192168963e-03
-3.931033447507838521e-03
-3.945927815149727347e-03
-3.946686579551259011e-03
-3.954076170432230773e-03
-3.957426776497822637e-03
-3.959831791417720882e-03
-3.963230623879718598e-03
-3.965619769307093812e-03
-3.970258129846664617e-03
-3.972817297817326371e-03
-3.980569418431211329e-03
-3.990311739681914535e-03
-3.994786711810137912e-03
-4.025217656241883088e-03
-4.037874245954292847e-03
-4.063597989307010834e-03
-4.161909115868235240e-03
-4.144486887604376460e-03
-4.318148788714357665e-03
-4.523894868397017148e-03
-4.408906229985607578e-03
-5.290001795109205811e-03
-5.381268179288517875e-03
-5.642970341410838593e-03
-6.426809842482871134e-03
-6.365941063358788662e-03
-6.632147617870037815e-03
-8.924212960967804406e-03
-8.825966383177901928e-03
-1.019271525072995045e-02
-9.077283297459163430e-03
-1.011489358360071616e-02
-1.062260788071619187e-02
-9.203664776658071478e-03
-1.215062419090214008e-02
-9.194648676826887648e-03
-5.261257206528500985e-03
-2.410758243177419052e-04
2.283167563148562568e-04
-9.177195217296324134e-03
-1.170167019886529311e-02
-1.953737408576887782e-02
-2.091359897606077586e-02
-2.778815330926641403e-02
-3.274584110237037382e-02
-3.050484459732923787e-02
-5.389533645428781772e-02
-4.962348025476925190e-02
-2.309757692740454713e-02
-1.021246273839736957e-02
-9.854506531615295477e-04
2.127821273382767345e-02
2.739864771367027732e-02
3.704762951510041924e-02
4.910887826119632316e-02
5.140087300659477304e-02
6.031355404735207204e-02
6.590945801856117059e-02
6.789337968303672810e-02
7.441954364437088076e-02
7.693654053396098424e-02
7.767111167492624091e-02
8.243444232747054734e-02
8.082882725406560775e-02
7.852780853649200810e-02
7.813244233737508260e-02
7.449622811875634965e-02
7.366908697793975169e-02
7.303578884991701603e-02
7.025787133144514862e-02
7.198135080152130716e-02
7.080916513073040597e-02
7.058135875424496886e-02
6.002336170077232635e-02
5.152131474409450684e-02
4.037808348027058930e-02
4.761560218428279034e-02
4.693053087435548887e-02
3.978274825493745281e-02
3.574148874352068433e-02
3.302499760413449281e-02
8.647747679064623008e-03
9.036231087630847494e-03
5.097474356844051112e-03
-2.571290101866865584e-03
4.779824660260276691e-04
-8.537295633930987865e-03
-1.102991309338138305e-02
1.193756695549112257e-03
-2.488087727831312084e-03
-1.689627006450559240e-03
-1.068451644713456225e-03
-6.606991194136442591e-03
4.138993863079976077e-03
3.202166996525447010e-03
6.955942249839410993e-03
1.995872155627277655e-02
1.449528772836455176e-02
1.740840814611244181e-02
5.295922082909983349e-03
3.608552637730697357e-03
3.494867463576176170e-02
3.068125455947744509e-02
4.551784018644951940e-02
3.992932082396349891e-02
2.059487499901910962e-02
1.834045108172404140e-02
-2.090638250456693277e-03
-1.414289236196280934e-02
-1.162720526727210879e-02
-2.142723707380178241e-02
-7.991646297176354524e-03
-8.955808634829790296e-03
-3.822561384532943609e-03
-1.020951526167292872e-03
-3.768481732018528867e-03
-1.905348080072116323e-03
-1.518450147697752647e-03
-2.022041791638300081e-03
-1.135956295914262310e-03
2.879288732053922068e-03
7.058205873295821629e-03
1.118857679616351401e-02
2.003131303019362736e-02
2.371951485560388692e-02
2.938633228476405373e-02
3.029421645804120794e-02
4.019313575558014495e-02
3.102417268321006755e-02
2.136331219737022322e-02
1.282819267314171639e-02
-2.711679703408662045e-02
-3.304402989899831583e-02
-5.037680120492232794e-02
-5.932618714263772353e-02
-6.611992695757654137e-02
-7.083376466400273519e-02
-7.547286436845136726e-02
-7.898688453287901201e-02
-8.115822068808301037e-02
-8.371308511976226219e-02
-8.562686173859383743e-02
-8.587450109613543880e-02
-8.820390013517770411e-02
-8.798942980884011389e-02
-8.770718135144024707e-02
-8.974765782279024717e-02
-8.616939477391273583e-02
-8.683046010742016818e-02
-8.453626238732067644e-02
-7.627698679512139035e-02
-7.356062225244509867e-02
-5.935540239738727741e-02
-5.372730609054689882e-02
-4.705122222515324693e-02
-3.865750102716578734e-02
-3.653890223904445594e-02
-3.162206819074398628e-02
-2.909105778259673050e-02
-2.798554243996724880e-02
-2.597410272240754242e-02
-2.376379963857099681e-02
-2.722939770123534650e-02
-2.254938840798209956e-02
-2.484188254627418130e-02
-2.373458152647472258e-02
-2.074541692414893709e-02
-2.779329337127026817e-02
-2.765806678013765091e-02
-2.888975687622961919e-02
-2.359962835650714422e-02
-1.271552433962587492e-02
-9.906750079194582073e-03
-1.406708272802575238e-02
-1.142509361769861696e-02
-1.886750653720568882e-02
-1.757960380531780470e-02
-2.053592790060963097e-02
-1.984357631152127571e-02
-1.634535863756334320e-02
-1.754576431435888109e-02
-1.534469749171206779e-02
-1.556142415926314339e-02
-1.324808961138232780e-02
-1.347975688477362488e-02
-1.257995142571547049e-02
-5.481359876303426408e-03
-4.706739583159099717e-03
-9.881061161322083307e-04
2.172251898828615719e-05
-1.208002936969710707e-03
-5.223297963292733350e-04
2.362273357862176924e-04
8.505923964648986753e-06
1.169177144391827464e-03
1.759729905277356357e-03
2.108273527511861801e-03
4.719015173652931459e-03
4.843625433590575610e-03
5.337323932911272259e-03
5.356925529719655521e-03
6.110317283853921796e-03
5.943142607032409798e-03
4.703352438529828823e-03
8.086294923549194533e-03
3.180836377479027890e-03
5.043140995618151934e-03
9.750181996110622931e-03
-1.215498796735885526e-02
-1.082418177461750251e-02
-6.616551869849625518e-03
-9.683207528670806016e-03
4.150841256773157156e-03
4.852199989123865027e-03
-1.243601695237233230e-03
9.941995123778434029e-03
-7.143867281910550385e-03
-1.278914189177286082e-02
-1.846803235376303504e-02
9.893738592657685960e-03
1.616284892899812198e-02
3.760185679082762855e-02
4.148825773054788668e-02
4.037746875548029607e-02
4.623025389958462100e-02
3.147474164995014284e-02
2.648569948519685982e-02
3.770100518517936674e-03
-1.145467718984406920e-02
-2.619445171303812214e-02
-2.342681167316840521e-02
-1.595394626149177625e-02
-1.725757391954975406e-02
-1.198805295993826334e-02
-1.168816422870553630e-02
-2.971487408160230353e-02
-2.507499542279627985e-02
-2.787778341254963654e-02
-2.345165275853184836e-02
-3.595667236638462063e-05
9.241665168046687279e-03
1.313050025566887651e-02
2.535193701049648710e-02
3.269286630865229915e-02
3.498851354066163238e-02
4.304978192548111759e-02
4.099717702580924633e-02
4.196915917170752908e-02
4.485379305992957810e-02
3.956135873712227080e-02
4.242501650222343934e-02
3.906476619769560371e-02
3.129959498889561126e-02
2.981510878757765576e-02
2.020692407676021041e-02
1.527842999944748793e-02
1.080202901733428276e-02
1.295445879787539365e-03
-1.484147409275481675e-03
-9.796465446618076583e-03
-1.793840907796364487e-02
-2.216078900630619880e-02
-3.585379792056103687e-02
-4.355196875939504331e-02
-4.067441955588398106e-02
-5.135202367721485028e-02
-4.561141514238976902e-02
-4.055390872218561649e-02
-3.893481420268291027e-02
-2.985934180380452746e-02
-2.846500985705193928e-02
-2.478455023793224576e-02
-2.134712690383647887e-02
-1.923399641182777994e-02
-1.760373516103069455e-02
-1.360313738823909144e-02
-1.254599498828399239e-02
-1.090385091325890739e-02
-8.249869456234619480e-03
-6.479978084710649906e-03
-7.202676632012489089e-03
-3.222556242624030360e-03
-3.615274074648297444e-03
-1.233522732875315213e-02
-1.185739268740811439e-02
-1.174898132673568747e-02
-9.418363621782837800e-03
-9.992324344745236175e-03
-6.300784530582459290e-03
-5.742655592377831839e-03
-4.919989630277319531e-03
4.292085581627744402e-03
4.579176582444105872e-03
-1.039736441153197959e-02
-9.235706044253519029e-03
-1.883182027404525435e-02
-2.283846713523423472e-02
-1.785673113317413213e-02
-1.846443911825577586e-02
-9.675481402473399759e-03
-5.745534089706291064e-03
-2.270510642007889449e-03
6.452724160766100045e-03
1.677007499543150398e-02
3.733775118183188524e-02
3.561902109994333210e-02
3.401806432057308954e-02
2.919959154080575131e-02
1.971200649967392096e-02
1.645275837732164403e-02
5.283567324231397237e-03
-1.224439185905018285e-03
-5.802175422253133194e-03
-1.652493892122925551e-02
-1.739355348752748970e-02
-2.429481240703914441e-02
-4.375393590464960597e-02
-4.586507775923689967e-02
-4.609949056074675450e-02
-4.621560222713525651e-02
-3.954674181654923432e-02
-4.209525049602758084e-02
-4.596452905763418612e-02
-4.704568748557370200e-02
-4.983398946340623914e-02
-5.188497290995144895e-02
-5.342166662672973021e-02
-5.557296010794577495e-02
-5.635891728233526771e-02
-5.635818511139409348e-02
-5.549791938783282114e-02
-5.223830663464557739e-02
-4.447858383310599600e-02
-4.011437588625917788e-02
-1.848208315513468272e-02
-5.160151760757480249e-02
-6.117166760118940977e-02
-5.163319350318836681e-02
-4.275768194316436482e-02
-2.459686579983270255e-02
-1.610379182542800297e-02
-9.691687363591995966e-03
1.071371079212894360e-05
-2.979550977512896229e-03
-5.576734556490954738e-03
1.138256537570418335e-03
-3.267359392494934185e-03
4.751796892288699496e-03
2.193438098046415416e-03
7.845447188030277080e-04
7.121643123835617525e-03
9.399938945867222697e-04
-9.414018684879264538e-04
-4.515013333791918597e-03
-1.803477589519588212e-02
-2.117830623883302024e-02
-1.804091439598067004e-02
-2.424610095509326449e-02
-1.918030157153696041e-02
-2.174718272854358342e-02
-2.391787410891343599e-02
-2.180163936275938616e-02
-2.442671170203132222e-02
-2.455119255781677487e-02
-1.661544129377551249e-02
-1.652774754421355852e-02
-9.519350702854445859e-03
-7.253944705725271641e-03
-1.327996365343103030e-02
-1.081022535241601967e-02
-8.624822637091451513e-03
-1.095241864030496379e-02
-6.667427428097794269e-03
-6.562218622465377724e-03
-7.445018957131887931e-03
1.686647606245043852e-03
2.269401249344004095e-03
6.406503935229305481e-03
1.195420375229965318e-02
1.217092908514562019e-02
1.393304723956386576e-02
2.646318349199693054e-02
2.053423956118185026e-02
2.122438136228946975e-02
1.494765774421853190e-02
3.456686726291119307e-03
2.734960894674268519e-02
3.117864266667050993e-02
3.469095122411138682e-02
3.395171545318827200e-02
1.207190239562225785e-02
1.385242054328634327e-03
-1.249653886842325319e-02
-2.791777617898019009e-02
-3.104400407368958920e-02
-3.556283289363445371e-02
-3.805407371402950295e-02
-2.373256530568900943e-02
-1.876446073972784512e-02
-1.734384264024167385e-02
-8.854278225239473055e-03
-8.962981321279640118e-03
-6.323110587629840462e-03
-5.274847619948313214e-03
-5.774633590263306485e-03
5.822524230415416927e-04
1.521489565055541247e-02
2.404541548724344752e-02
3.677839387359616019e-02
4.964731433299243712e-02
5.561152483580439343e-02
5.043800560906870623e-02
4.799079856686083029e-02
3.942055835824216647e-02
4.156318501289593681e-02
3.614525748016418627e-02
3.140465310669503241e-02
3.155203105666194024e-02
2.151080652444154265e-02
1.851646601026617905e-02
1.246444270916653024e-02
-1.568008503275211078e-03
-1.964507720765004423e-03
-1.553448276688376532e-02
-1.704481138752576147e-02
-1.729503652856683241e-02
-2.471284552992619038e-02
-1.872221374775606684e-02
-2.063868463213402657e-02
-2.003645430266687982e-02
-1.074566744797795549e-02
-1.229519537641033874e-02
-9.209496233826662201e-03
-6.723476996204767048e-03
-1.005889366866825028e-02
-8.489667954428924135e-03
-1.243143425739990683e-02
-1.741686709604210737e-02
-2.236011100937978016e-02
-3.468487212505286243e-02
-4.065345215347335867e-02
-4.889820749362284308e-02
-5.353139404128821888e-02
-5.661389074355439172e-02
-6.172976444405937207e-02
-6.384387607608012216e-02
-6.735531608106537504e-02
-7.046126459685039811e-02
-7.248256377273873396e-02
-7.536699447972343424e-02
-7.644167851979370709e-02
-7.650693682711386112e-02
-7.717494399253288506e-02
-7.494422248122734054e-02
-7.472775090911482065e-02
-7.309907569728189836e-02
-6.903564343035070716e-02
-6.922743864507997780e-02
-6.303483121137097578e-02
-5.955696235270776379e-02
-5.695745062494009248e-02
-4.544411303684055270e-02
-4.340323746236716962e-02
-3.730648413212014902e-02
-3.214622180978415900e-02
-3.383473158422631299e-02
-2.441463367650733088e-02
-3.123505222243485452e-02
-2.674930022974736712e-02
-8.538055572144511579e-03
-1.063065896145440857e-02
-8.207381570328629514e-04
1.390496019030709697e-03
-9.101061795792002307e-03
-6.017728978020098034e-03
-1.184061353083467640e-02
-1.888696326976458534e-02
-2.028452853587709923e-02
-2.745726899863083423e-02
-2.837058975200815528e-02
-3.488363971871356883e-02
-3.728771041752028392e-02
-3.580413392580346355e-02
-3.557972291762393630e-02
-3.055654124061849344e-02
-2.972234143667482412e-02
-2.674963939186755096e-02
-2.531870203040949285e-02
-2.180777546273962239e-02
-1.834779558900353005e-02
-1.763715402041191385e-02
-5.487176520310177615e-03
-5.003451857257828865e-03
-2.434083059382402721e-03
7.233874756067769753e-04
9.246110908127922780e-04
3.046258721272481450e-03
2.945106869518055934e-03
4.780274060467464524e-03
5.367610644986010003e-03
2.940592497104429354e-03
2.747777654147515961e-03
1.077207151097681840e-03
5.046920392915859883e-04
1.443595810834479248e-04
-5.501544022357052113e-04
-4.704208704739282752e-04
-1.022485548212901134e-03
-1.160802425272936932e-03
-4.718261513919813134e-04
-4.421629499259513343e-04
-1.343332842818835318e-04
2.443897439790141448e-05
7.385807258148870808e-05
1.835787334015857419e-04
2.174023714999031361e-04
2.488466038498637163e-04
2.802729944299157754e-04
2.906126612499722469e-04
3.041609326943679075e-04
3.124559625734338862e-04
3.167016903875573058e-04
3.213505920885537819e-04
3.236585020068938421e-04
3.252744700464445466e-04
3.265600654114443179e-04
3.272741925194195796e-04
3.272521945674524715e-04
3.275482142712744316e-04
3.273218505730202121e-04
3.253095174231334448e-04
3.263991921451836107e-04
3.223655973488663020e-04
3.181861789410736887e-04
3.224159841001693512e-04
3.008995791783888765e-04
3.056547796185766033e-04
3.026392415514188414e-04
2.287939410677170828e-04
3.044919391650722043e-04
1.813388445930223824e-04
5.966690837639493112e-05
3.462693345414395414e-04
-5.018246077196757962e-04
-7.568261171202675256e-04
