-1.335689850018261437e-03
-1.473409329867288826e-03
-3.687626684043046870e-03
-3.735693388216894829e-03
-4.454032569054197990e-03
-4.797552707489050050e-03
-4.514479791920674931e-03
-4.794398320664262567e-03
-4.769703497062355822e-03
-4.759276443926345988e-03
-4.831437654706325670e-03
-4.809466427503653226e-03
-4.826662807549525307e-03
-4.838251842601008941e-03
-4.834074097343329414e-03
-4.842112280735240588e-03
-4.842931439622433915e-03
-4.843540383597914195e-03
-4.845931377452957281e-03
-4.846007848702637948e-03
-4.847028446391924046e-03
-4.847850698865657955e-03
-4.848443353352008267e-03
-4.849863155732432422e-03
-4.850671598682218359e-03
-4.852946510439663103e-03
-4.855914266202042417e-03
-4.857702686483588925e-03
-4.866387120192093921e-03
-4.871119258439159105e-03
-4.879524340806492069e-03
-4.907711034697403302e-03
-4.907523530460936902e-03
-4.957309214480478538e-03
-5.019713306264934720e-03
-4.995222628890917324e-03
-5.188466925442804072e-03
-4.987594859747314716e-03
-5.350683854880176372e-03
-5.580251544329119587e-03
-5.487133690082814617e-03
-7.094700342399599784e-03
-7.137463631488843128e-03
-7.624218189726368611e-03
-8.484032631029404803e-03
-8.320905516734672380e-03
-8.873234956707793525e-03
-8.857266715600848467e-03
-8.207064506377387963e-03
-8.790230862600919085e-03
-8.162957118122175434e-03
-8.061275172071226749e-03
-7.894141923618180554e-03
-3.873066079589566803e-03
-1.579022100984734701e-03
2.275663545867652601e-04
8.538168753719396417e-03
1.003003989447693277e-02
1.275257942059994203e-02
1.836213325099292359e-02
1.856922998717813744e-02
2.203087177804421287e-02
2.175555905664242756e-02
1.973102103546972227e-02
2.044666710402721910e-02
1.929025241648145428e-02
2.114401763393366010e-02
2.147040754212347843e-02
2.252556531780990079e-02
2.297826134579839322e-02
1.804413070643901690e-02
1.920569448436761431e-02
1.417194448942111530e-02
1.160217330226409778e-02
1.008061829182744368e-02
1.818899946985442280e-04
-2.329011202880191134e-03
-8.160103589885706402e-03
-1.638929614674644944e-02
-1.765919046926442415e-02
-2.531923226402777935e-02
-2.821178476996961948e-02
-2.277334356622641096e-02
-2.410325997412717317e-02
-1.813984441968005679e-02
-1.429651867350335143e-02
-1.292746562655725136e-02
-7.025252306780885476e-03
-6.775399287290254612e-03
-7.703091732186281675e-03
-6.830840409640399208e-03
-6.218214523766476057e-03
-7.943158956266873488e-03
-8.260484584821897736e-03
-4.081801065977000258e-03
-4.428669496856732501e-03
-6.983730935087657105e-03
-7.838264947341111108e-03
-8.279340037180228998e-03
-8.101870023872612819e-03
-6.974550451716726024e-03
-7.960747687981000950e-03
-6.852787714896698204e-03
-7.682201687046144416e-03
-1.361848970363531246e-02
-1.848290934531413368e-02
-2.549056174965327881e-02
-2.953202638939999777e-02
-3.430039923255415873e-02
-3.733134393177933025e-02
-3.927607305606118510e-02
-4.276431432381396641e-02
-4.325000069857023316e-02
-4.316627480277029916e-02
-4.773002882625514143e-02
-4.794914650874208123e-02
-4.857597175867558320e-02
-5.019089681315944823e-02
-4.952997553644458706e-02
-4.632601055893842412e-02
-4.584648832099254973e-02
-4.014671221777514620e-02
-3.552136518625821637e-02
-3.302140788632645929e-02
-3.020039657494395791e-02
-3.035397241944823299e-02
-2.942941748474387637e-02
-3.199456963829536149e-02
-3.754469700905318369e-02
-3.977765458923217257e-02
-4.224459103638838336e-02
-4.532810612750696327e-02
-4.520372919594396743e-02
-4.752252974256902102e-02
-4.620071086418479911e-02
-4.670512842265418102e-02
-5.006965248687640646e-02
-4.922131094145081043e-02
-5.277637633743527401e-02
-5.465157613914621570e-02
-5.539113478453760314e-02
-6.082126221610972827e-02
-6.031936382891670695e-02
-5.734317632985799079e-02
-5.778802885488933810e-02
-5.073554371394010248e-02
-4.674255776301141502e-02
-4.319883188907202437e-02
-3.845875111410516911e-02
-3.221635776088978970e-02
-2.911482369831419961e-02
-2.468554957958616486e-02
-1.947314381667377206e-02
-1.747088819386229813e-02
-9.715478556165132659e-03
-8.782099598339412547e-03
-9.126554802102662331e-03
-7.002104829023943558e-03
-6.577634815030261768e-03
-6.400854610201175271e-03
-5.678939073295850327e-03
-6.458075832449301952e-03
-5.731741460256121676e-03
-5.709512065888797810e-03
-5.917629602335178034e-03
-5.446046049792518592e-03
-5.532030450297821013e-03
-5.776771530128602464e-03
-4.773382975769732001e-03
-5.377037381547186516e-03
-8.758822585309002096e-03
-9.039841473565702126e-03
-9.256704138834752002e-03
-1.048643925758466211e-02
-1.046164743772554431e-02
-1.026302913286741836e-02
-1.154063114019810918e-02
-1.182611442684523319e-02
-1.242464105711579142e-02
-1.061643850926707530e-02
-5.341591037831196209e-03
-3.932656806112263398e-03
-4.293980922585535071e-03
-4.686540871594277111e-03
-7.003358202785786753e-03
-7.746517590054434639e-03
-1.490132793346992703e-02
-1.745682710526701500e-02
-2.030936927441348919e-02
-2.320198632153907051e-02
-2.583485872247534912e-02
-2.826631406074236325e-02
-3.046167076834249698e-02
-3.635436135165325683e-02
-3.688060657539682374e-02
-4.007916204907392005e-02
-4.127951841004433992e-02
-4.140481999932435486e-02
-4.260707459457705598e-02
-4.324786859094473940e-02
-4.416801545975063831e-02
-4.537407617164467000e-02
-4.594811164162312250e-02
-4.798601312706639310e-02
-4.868204794058098722e-02
-5.061285483790132350e-02
-5.329160261909950819e-02
-5.376705752325802029e-02
-5.824085283477456465e-02
-5.900811197671010366e-02
-5.952112528093396471e-02
-6.268589824824266632e-02
-6.136768766353940807e-02
-6.406436241427883316e-02
-6.639793397651751194e-02
-6.713046433412921121e-02
-6.923830389062349266e-02
-6.753944398995744003e-02
-6.903212304788679254e-02
-6.721702354485030451e-02
-6.094435025731530925e-02
-5.794500791599977579e-02
-5.057261922238302093e-02
-4.657457064962437776e-02
-4.055218910485224038e-02
-3.553614010039328475e-02
-3.095006071951872037e-02
-2.845905059376012750e-02
-1.860324235337072404e-02
-1.628966758718134941e-02
-1.534641553597968118e-02
-6.611982948253426924e-03
-6.820063329326529929e-03
-6.597585871870099983e-03
-4.475231899759877369e-03
-7.502363040532984695e-03
-6.224434034106343661e-03
-7.170402356996702364e-03
-1.225471835620791164e-02
-1.454916040003880959e-02
-2.045422600803139743e-02
-2.436527613003120277e-02
-3.055884170860825172e-02
-3.370626692938642061e-02
-3.606775356471448452e-02
-3.608082191896844204e-02
-3.758008209320481269e-02
-3.423353564303106833e-02
-3.473230403826877560e-02
-3.472625211053458755e-02
-3.330564386170102587e-02
-2.933207500346493926e-02
-2.930882612031098650e-02
-2.746265587776510614e-02
-2.525557142736201133e-02
-2.702565216169653187e-02
-2.340956700383969163e-02
-2.463482137136957517e-02
-2.269859533059873091e-02
-1.970660486692253632e-02
-1.802070023844035140e-02
-1.388026070993837909e-02
-1.239114042344140881e-02
-1.266654129494857416e-02
-1.227230800549569852e-02
-1.035335380846009838e-02
-1.031954828487316976e-02
-1.291948837099337472e-02
-2.090291023083375860e-02
-2.545122504911389791e-02
-2.839283178415056771e-02
-3.070827654373053939e-02
-3.259718452958854790e-02
-3.216229302106110577e-02
-3.192344688424341576e-02
-2.840835999030532494e-02
-2.403406620858996451e-02
-1.985981303278938626e-02
-1.553897209769098189e-02
-1.277461091769323438e-02
-9.257110807675618044e-03
-7.755902777257865990e-03
-7.230097957562479395e-03
-5.652422532846979042e-03
-4.779109562699952740e-03
-4.617831807959862402e-03
-2.311927651329766242e-03
-8.986100048992419183e-04
-4.073141071531431560e-03
-2.115335383946157725e-03
-5.383202847565801523e-03
-1.344195330024232707e-02
-1.827639850643499042e-02
-2.549148186065277460e-02
-3.094306965524434155e-02
-3.493692855726434482e-02
-3.765935335038779475e-02
-4.093227807281311914e-02
-4.221568215789811562e-02
-4.411355048704519027e-02
-4.670288433986965332e-02
-4.471890437648655403e-02
-4.516589679507689026e-02
-4.567464140900850261e-02
-4.139274053668563075e-02
-4.199171326486255545e-02
-3.860810796435104608e-02
-2.979732830901481860e-02
-2.737802939482867487e-02
-1.973981176870650070e-02
-1.629283770033400705e-02
-1.472592616372627936e-02
-1.148931119365510962e-02
-1.066947936178264111e-02
-9.899669032520977061e-03
-8.504665445734648638e-03
-7.772952141857038776e-03
-6.823357147218079254e-03
-6.887828619559745007e-03
-6.583975288794867951e-03
-5.514204161640934992e-03
-5.822575388232449634e-03
-5.370954458107993212e-03
-5.935832728383824870e-03
-5.520889648199290428e-03
-5.446271661748445896e-03
-5.673967693999214246e-03
-5.257038750720105340e-03
-5.281085420424322559e-03
-5.559475218386605161e-03
-4.424522664508019100e-03
-5.033359235607561509e-03
-8.313023509726794741e-03
-8.346274188956028656e-03
-8.687544864730787145e-03
-9.316227617705639952e-03
-9.204747095645384944e-03
-9.095430531542110508e-03
-8.605449789881296913e-03
-9.089683663826461993e-03
-8.105610607815071783e-03
-8.828450698318500087e-03
-7.860083104463426104e-03
-3.027695998386731747e-03
-6.043061377505519191e-06
1.699839866181919240e-03
3.973286460001571041e-03
2.190687302553544474e-03
-8.581754147247132054e-04
-2.051959004743015452e-04
-8.815308712561250454e-03
-1.027429308514407093e-02
-1.784023641759152276e-02
-3.074279584870090454e-02
-3.903582793474748985e-02
-3.999499858596207436e-02
-4.340213436687857806e-02
-4.462201078862460674e-02
-4.544144497394236176e-02
-4.919157808867820336e-02
-4.646100614997471234e-02
-4.571012817861795641e-02
-4.431087039747091255e-02
-3.702493375143005999e-02
-3.378066560046071032e-02
-2.991087835296832656e-02
-2.745933194000210742e-02
-2.667938243461005776e-02
-2.566588487584076789e-02
-2.522682643538266475e-02
-2.416057471382138805e-02
-2.432857936225400752e-02
-2.360069244890732748e-02
-2.226523511423462304e-02
-2.228398076694154684e-02
-2.037849153714557313e-02
-2.042379289167819620e-02
-2.014155404086176437e-02
-1.976332504654348954e-02
-2.015633135125410522e-02
-1.611015056037856316e-02
-1.382093050432170109e-02
-1.108310292488236780e-02
-8.857849603172802608e-03
-7.810637241148631060e-03
-7.873591044931767605e-03
-7.186129008431309771e-03
-7.788787519907827868e-03
-7.735456849380269173e-03
-8.243685903618378635e-03
-8.521673008967145177e-03
-7.712915039687933370e-03
-1.021312048079278667e-02
-7.741144027756929717e-03
-8.432567863922322757e-03
-1.005896764296154537e-02
-7.999218705308055663e-03
-1.086079374325911277e-02
-1.018770402916048187e-02
-1.234948116540227417e-02
-1.599916028556721062e-02
-1.739882684110615266e-02
-1.563080492715977071e-02
-7.523951677699699386e-03
-6.924889590816033294e-03
-7.139113567532851326e-03
-5.866049105963976225e-03
-1.498213540914361541e-02
-1.865112179328215838e-02
-2.430443804756356532e-02
-3.348488143323750249e-02
-3.891373702478565649e-02
-4.231445085023448349e-02
-4.659731148854993205e-02
-4.737980232210629861e-02
-4.858049250432359273e-02
-4.807763386559802538e-02
-4.666596935663297474e-02
-4.588553726196170635e-02
-4.407067949746392571e-02
-4.138872411214339353e-02
-3.943290493629987570e-02
-3.841573679126168706e-02
-3.725617658625327705e-02
-3.653514938224940167e-02
-3.643312661837302957e-02
-3.556129143969558731e-02
-3.531129678113727882e-02
-3.504466102557170226e-02
-3.356194657930696573e-02
-3.293888761266521026e-02
-3.116508096310611001e-02
-2.834695181364919186e-02
-2.784378910667974563e-02
-2.416587017879416252e-02
-2.208862025050352743e-02
-1.726238167175701485e-02
-5.990423289874636376e-03
-8.021596898798727805e-05
-3.512848041798704961e-03
1.018011286860384494e-03
-5.188877641629674898e-04
-1.452824829065468533e-03
7.154180611104024915e-05
-2.843298928510676078e-03
-2.492692585726588670e-03
-7.697710149743054731e-04
-1.154191520454118762e-03
1.383621210145984015e-05
5.767080504388662947e-04
-2.795962637665075183e-03
-3.829886204821086101e-03
-1.007838093777592946e-02
-1.917114182005504389e-02
-2.211794371789110175e-02
-2.521548621446320637e-02
-3.047110396848055555e-02
-2.919048349742152382e-02
-3.516831252607011821e-02
-3.581376317434818712e-02
-2.995191605497168896e-02
-2.911160587639162120e-02
-2.416125728147938689e-02
-2.102531428761813745e-02
-1.903241081348668387e-02
-1.569686591758927621e-02
-1.107590559285391747e-02
-1.001817492161713972e-02
-3.768566021611793188e-03
-3.802144068441958187e-03
-4.220228850211591581e-03
-2.615858347952561714e-03
-3.084565382989627041e-03
-2.735575332566279709e-03
-2.472993681406335589e-03
-2.596208681247412671e-03
-2.377839893292913679e-03
-2.490428056384369222e-03
-2.397630391561861047e-03
-2.402605048327105704e-03
-2.855960857428709466e-03
-2.971633049443458442e-03
-2.998319696960577083e-03
-3.179832729465836751e-03
-3.161558040629347185e-03
-3.197818291206788125e-03
-3.234576331992886165e-03
-3.230535439731787098e-03
-3.249179926134037558e-03
-3.254723131607081734e-03
-3.256643169477965987e-03
-3.262500241294509756e-03
-3.263157212119376354e-03
-3.264735193575997192e-03
-3.265915556800888693e-03
-3.265706519066493511e-03
-3.266266217840109974e-03
-3.265265930333383082e-03
-3.264457261056310806e-03
-3.263980235746690491e-03
-3.259029136628358893e-03
-3.259057625668354899e-03
-3.253072872238823784e-03
-3.239397830633003982e-03
-3.246189982166953255e-03
-3.208960584502642318e-03
-3.193350174380696696e-03
-3.205328971423443765e-03
-3.047401523810692667e-03
-3.125608572832009897e-03
-2.990860767233115280e-03
-2.514270430694642150e-03
-2.596669214354062078e-03
