-3.524374414713099535e-02
-3.382804351817067512e-02
-4.514639872483657002e-02
-4.959792148531650541e-02
-3.804181524369990713e-02
-4.055724755330424036e-02
-3.696462095201826642e-02
-3.432988429044717127e-02
-3.468947489364691134e-02
-3.271640417641085569e-02
-3.232302571137495029e-02
-3.198844827023148568e-02
-3.129381446991961330e-02
-3.120935802495892336e-02
-3.092902282825616203e-02
-3.073220370836327736e-02
-3.066900839718611146e-02
-3.053823690372345009e-02
-3.048566555066288888e-02
-3.044385760447925610e-02
-3.040236817830788835e-02
-3.039067124202732978e-02
-3.037771787090771947e-02
-3.038443996601703292e-02
-3.039128160530564157e-02
-3.041681344270712878e-02
-3.046485195959136930e-02
-3.048893886333978176e-02
-3.060311454236891091e-02
-3.068601921247223960e-02
-3.077191835933813097e-02
-3.110631253201742025e-02
-3.114232208959577877e-02
-3.157414702409717944e-02
-3.225586105239560547e-02
-3.205529162260509907e-02
-3.381679076100784637e-02
-3.345185806395419709e-02
-3.289448148535576572e-02
-3.333154884492044862e-02
-3.178685278828068811e-02
-3.118461970916736048e-02
-3.059699239469570661e-02
-2.656762262183843051e-02
-2.717006562384695345e-02
-2.318723645045650886e-02
-2.146819906064996800e-02
-3.957173052629512494e-02
-4.512058777992948577e-02
-4.760137346418687881e-02
-8.344691305928400582e-02
-8.031335165816805288e-02
-1.048898533814361100e-01
-1.743421900133432234e-01
-1.688918981194937330e-01
-2.117784411763150854e-01
-2.128246658562315818e-01
-1.960366626447608007e-01
-1.930048227579081732e-01
-1.845313953590392020e-01
-1.691641044399440630e-01
-1.637145195949523679e-01
-1.494433317395543193e-01
-1.427059506310304204e-01
-1.366693529618151770e-01
-1.268415186943397943e-01
-1.489927012392485428e-01
-1.685875101477704585e-01
-2.015335315149477113e-01
-2.205735466714191795e-01
-2.471016270533350490e-01
-2.528554838882453581e-01
-2.511764080701165414e-01
-2.595731969803295458e-01
-2.568732766417432534e-01
-2.526218618479095790e-01
-2.543105939222229939e-01
-2.433871017423432370e-01
-2.331040099551391631e-01
-2.325857485237380895e-01
-1.965410912829586298e-01
-1.812956267142610822e-01
-1.949121886495832900e-01
-1.601669028199422529e-01
-1.595056187159847871e-01
-1.995224181655712026e-01
-1.914013221056166669e-01
-1.711808246493732866e-01
-1.650214178753365013e-01
-1.457957496886553017e-01
-1.292441509204816097e-01
-1.250483156119505668e-01
-1.131469879685523677e-01
-1.184055572892745156e-01
-1.127363663462304239e-01
-1.148430827082216610e-01
-1.335156997452164596e-01
-1.286596796882216454e-01
-1.473791762003832662e-01
-1.531450184996619168e-01
-1.209153889288289846e-01
-1.327293893921631107e-01
-8.281101845124948235e-02
-5.909278072629345346e-02
-4.105248233055053958e-02
-3.431671512725476686e-02
-4.711058035838024821e-02
-4.476304741246565910e-02
-4.097148579821615483e-02
-5.875803535261662353e-02
-5.323453304083641119e-02
-4.857703456218008531e-02
-5.173825920290775482e-02
-2.354773250930881565e-02
-1.468724076072078222e-02
1.111450228536123470e-02
3.500920128270914450e-02
7.282754523298294591e-02
1.151905253837506860e-01
1.599309325016695649e-01
1.714179162832046299e-01
1.855276022042473272e-01
1.826996814852728523e-01
1.901177908594831600e-01
1.912626587960001567e-01
1.863444078327457509e-01
1.947662009137618999e-01
1.837713340749994040e-01
1.845701467677399732e-01
1.698159076883028751e-01
1.214874832407515926e-01
5.482193874618232488e-02
4.619398871843523324e-02
-6.536256956338098827e-03
-3.329351981612446720e-02
-4.847311109611662089e-02
-1.054122512210496215e-01
-1.124634729748677370e-01
-1.285571208002470323e-01
-1.588623762100775938e-01
-1.600003379094714073e-01
-1.809641629479033509e-01
-1.856104143352270697e-01
-1.819165979179686587e-01
-1.863290633843597832e-01
-1.851507603450769368e-01
-1.761849077379676054e-01
-1.730250738106609010e-01
-1.686301171044096991e-01
-1.392068315160356617e-01
-1.350666602059790722e-01
-1.197769108113595632e-01
-9.724621662088195340e-02
-9.807090282629835065e-02
-6.652314405206126435e-02
-5.921355283577407758e-02
-2.294872944361680059e-02
5.542477179493837669e-02
8.165630757222983038e-02
8.820226920801094161e-02
5.812418015449655195e-02
4.220295171139111512e-02
3.430255440133935657e-02
2.249319526585688567e-02
-9.882835853727890436e-04
-1.400619256288098378e-02
-3.549198120464932410e-02
-7.041671623607696773e-02
-1.085125858359104883e-01
-1.793396886720043104e-01
-2.186238930174936312e-01
-2.571197365150379444e-01
-2.878376789246617218e-01
-2.636075558449934020e-01
-2.601706053629714854e-01
-2.346702411753538720e-01
-2.220744834457270001e-01
-2.170252041159842493e-01
-1.886870816904701598e-01
-1.916256667795488977e-01
-1.847193799108282353e-01
-1.785278448652644623e-01
-2.118837837104133870e-01
-2.121897354395331503e-01
-2.390831197434003519e-01
-2.832300615321878823e-01
-3.049136213599491496e-01
-3.168774335124879271e-01
-3.444239308222339369e-01
-3.406281243273477921e-01
-3.315449249244281082e-01
-3.274545010707629600e-01
-3.138808015956596753e-01
-3.078408943237089246e-01
-3.144987194882089554e-01
-3.098793212122578633e-01
-3.206882872271298868e-01
-3.299735942743074468e-01
-3.304791661443314821e-01
-3.491822427602361278e-01
-3.558968498313035411e-01
-3.645372670482473487e-01
-3.928761668368401794e-01
-4.000317375963901578e-01
-4.004801844661390331e-01
-4.151626447642315365e-01
-3.988856978767180705e-01
-3.973872089933305207e-01
-3.880596616770409235e-01
-3.536699612491627787e-01
-3.415549063337939284e-01
-3.212412971101082371e-01
-2.934492778479645403e-01
-2.882714673914095194e-01
-2.592255646793067414e-01
-2.412325533851182036e-01
-2.268383629688601466e-01
-1.794737626200069436e-01
-1.519530062502985612e-01
-1.388368713226135198e-01
-9.643937768303081914e-02
-7.360047287217968970e-02
-7.036183365588140337e-02
3.840497783166153464e-03
-8.788515360509428082e-03
-1.983800304434114870e-02
-3.488121131045950757e-02
-1.127129911228249848e-01
-1.525929011549738701e-01
-1.826761667109995657e-01
-2.271019245640810424e-01
-2.667729145360591136e-01
-2.815819420774166582e-01
-3.130904770273211790e-01
-3.236630179673989360e-01
-3.248197293918080319e-01
-3.420539397645084856e-01
-3.340255538160150639e-01
-3.325270703536718497e-01
-3.302284436189427685e-01
-3.099090452690557718e-01
-3.020063436766721732e-01
-2.831003235159545994e-01
-2.558365708226740254e-01
-2.386181979417089372e-01
-2.050953723269526019e-01
-1.676274204796351919e-01
-1.412261569327256383e-01
-9.886484795216582411e-02
-9.208184184189553700e-02
-9.643490274796079342e-02
-1.277213293945237416e-01
-1.298516788120833154e-01
-1.601513845040670736e-01
-1.908345904213131494e-01
-1.662168587031732370e-01
-1.766824764833354877e-01
-2.036145609013701174e-01
-1.976310511455036945e-01
-2.198318881803127955e-01
-2.199486153619701068e-01
-2.182694459810808896e-01
-2.278157351853037638e-01
-2.200207919521086353e-01
-2.289818191459981611e-01
-2.151937017630220217e-01
-2.325178016476698306e-01
-2.466729020474451861e-01
-2.527287743084623006e-01
-2.443172801073587030e-01
-2.129050983753869863e-01
-2.027209667381904001e-01
-1.965339033232476329e-01
-1.796863513611359764e-01
-1.739124504784762271e-01
-1.590885794760516503e-01
-1.501612434634986004e-01
-1.344637036458349033e-01
-1.146208194259494551e-01
-9.870326574997632940e-02
-5.612107386568283840e-02
-4.432672894279131998e-02
-2.802333735369988161e-03
1.417257453669718351e-02
3.069727451412997132e-02
4.596000835603076401e-02
6.240692620131593760e-02
7.651791637281186997e-02
8.639392986144071862e-02
8.115557049519943333e-02
3.481760855882266859e-02
3.125026766817574908e-02
3.896603055311471248e-02
1.207685204893209872e-02
4.003629491382744432e-02
4.874349148607634574e-02
7.722085142285251003e-02
1.133427769154098513e-01
1.286029117184888937e-01
1.651249877116399145e-01
1.773799587214211493e-01
1.917349747534837223e-01
2.003533614868233115e-01
1.960944705050821635e-01
1.996032591132893275e-01
1.838934367219831612e-01
1.716887437839741681e-01
1.545051133846535307e-01
1.267177112808344774e-01
1.084017545574523095e-01
7.780714783544934177e-02
5.459342325563921322e-02
2.995479792773498434e-02
1.099280572182663798e-02
6.692712773183853063e-04
-2.513435157959410110e-02
-2.599903356000188639e-02
-4.295304643335417366e-02
-5.153887946191902658e-02
-6.328718641215706764e-02
-6.622728017123342970e-02
-5.427851631048841857e-02
-5.380870196572786618e-02
-3.592152601640152820e-02
-2.199447261977156495e-02
-1.954387991046350331e-02
1.840142766223073698e-02
1.689028285184090289e-02
2.586048622701038815e-02
3.722120608787615054e-02
2.967735579956736966e-02
4.154220080742780652e-02
3.159494960361596688e-02
2.651359803949001129e-02
3.659153786727640384e-02
-4.355995904744497729e-03
1.455716199821559427e-02
-5.529834308104421281e-02
-1.761438587402816280e-01
-2.081281502389654425e-01
-3.247038342512252873e-01
-3.180025754214784173e-01
-3.476622651471076852e-01
-3.422073184697229653e-01
-2.858660747345965203e-01
-2.728450225989339506e-01
-2.427193510706328328e-01
-2.056606579626890086e-01
-2.017066346557061796e-01
-1.859181068249783353e-01
-1.861179386318423112e-01
-1.921655748598929125e-01
-1.998947421436161609e-01
-2.006482546932623623e-01
-2.046482261300510419e-01
-2.168155106756742556e-01
-2.076048997733847268e-01
-2.185966300121532369e-01
-2.160044376242369057e-01
-1.916108552648082552e-01
-1.951599391869791311e-01
-1.577913159205621141e-01
-1.267541591013522928e-01
-1.038505530052232229e-01
9.073161833573187632e-03
2.200391921605078516e-02
4.646647999173386667e-02
6.224273404470543475e-02
6.821454891894122852e-02
8.947741605954241673e-02
9.468439922801168140e-02
1.081490481600393683e-01
1.265031639797015717e-01
1.338002485707180944e-01
1.517424888141988559e-01
1.611979014411049627e-01
1.708557273854089398e-01
1.843915187541782519e-01
1.912974614248264815e-01
2.098352646682861977e-01
2.075668346362322669e-01
1.973882323013402551e-01
9.242529456909513719e-02
2.395066583200061716e-02
-2.809942206361076833e-02
-5.048120728502408783e-02
-8.049835909798075395e-02
-9.691409968944408870e-02
-8.205461105421135715e-02
-6.236592186777626529e-02
-1.204777478008857983e-01
-1.103175967460671009e-01
-1.334926804664980649e-01
-1.459899041673809184e-01
-1.321787218572240408e-01
-1.473207920986610298e-01
-1.433715551202860983e-01
-1.421006215036412224e-01
-1.470204859186267365e-01
-1.419055823065464850e-01
-1.425609747341203826e-01
-1.413740347814699538e-01
-1.360824703508375089e-01
-1.354612612422625151e-01
-1.296152512585304339e-01
-1.227264513291492082e-01
-1.208324747681177036e-01
-1.064899528098025017e-01
-1.007368361991891198e-01
-9.257104642780807080e-02
-6.254143560135569380e-02
-5.515713427465299828e-02
-3.037446790377039754e-02
-1.530400582699266605e-02
-1.293454120858410824e-03
2.450508097310266295e-02
3.018278081698242549e-02
5.865498318105814846e-02
6.395588368699968440e-02
6.442668409707150157e-02
7.632689566547440352e-02
7.242512344396506707e-02
7.349725708552359849e-02
7.615628715782432612e-02
6.431983671082176779e-02
6.525159251112920555e-02
6.116497559406487705e-02
5.404641554782226021e-02
5.370346010784726037e-02
4.493978033554671403e-02
3.814316574062555365e-02
3.619583507666043060e-02
1.576970693895320130e-02
1.438532117860849210e-02
5.173017788007753907e-03
-4.677550756002533082e-03
-5.659522294225654421e-03
-2.009700848515881891e-02
-2.162480656055216707e-02
-2.477387840215675152e-02
-2.929661463661883958e-02
-2.972300655456987933e-02
-3.190967259969289260e-02
-3.309863480661744822e-02
-3.358795708382352613e-02
-3.454289570524946701e-02
-3.487937535165864383e-02
-3.523195883808523388e-02
-3.557108552959798581e-02
-3.570949893245141393e-02
-3.589028482001127562e-02
-3.600344675745159595e-02
-3.607471458051261792e-02
-3.614905715390484553e-02
-3.618883545902459864e-02
-3.622258692948063935e-02
-3.624471183298449972e-02
-3.625993671432367615e-02
-3.626600348241073440e-02
-3.626125977912336013e-02
-3.626800129819707230e-02
-3.623486859156575118e-02
-3.622253360814879641e-02
-3.621124076582195317e-02
-3.609634843982139490e-02
-3.613304676623236428e-02
-3.599089900491036359e-02
-3.577786975584908852e-02
-3.596641740040997653e-02
-3.525926413583563984e-02
-3.530288286539473575e-02
-3.539792807677064057e-02
-3.324092317278117686e-02
-3.514228154204998567e-02
-3.250505659650965162e-02
-2.866944110798049297e-02
-3.061193284351756277e-02
