-7.048679960612161399e-03
-7.201120693787082562e-03
-6.390597587781035246e-03
-6.981671317822817600e-03
-1.055312452967090142e-02
-9.512940764500349422e-03
-1.074374384968667523e-02
-1.131064476342386570e-02
-1.105548527601617377e-02
-1.154111191347503666e-02
-1.155497072516630842e-02
-1.158060654224599660e-02
-1.170943954800383532e-02
-1.169555856757465567e-02
-1.173218025701771791e-02
-1.175665533592867851e-02
-1.175447655848060706e-02
-1.176807986619345277e-02
-1.176911935585720458e-02
-1.176407990113254899e-02
-1.176516475657738564e-02
-1.175252133789929376e-02
-1.173385424338883876e-02
-1.172945734571166805e-02
-1.167108950261941565e-02
-1.164128597404406537e-02
-1.160706906929484528e-02
-1.139906443734625512e-02
-1.143129245487008172e-02
-1.114193640496197873e-02
-1.062808375268817045e-02
-1.091772275294628468e-02
-9.341919364372185813e-03
-8.803950005376478399e-03
-8.850315258852530648e-03
-3.732416019239451731e-03
-3.691600247173329723e-03
-1.114066931647970070e-03
4.618346990080612690e-05
9.913299008295695710e-04
1.486663962622491748e-03
9.390517421051563975e-04
1.715475556654989624e-03
-2.239635324354399912e-03
-3.253166005411168953e-03
-3.316863904759192235e-03
-1.444612933782073345e-02
-1.122145339338726303e-02
-1.608251472607086577e-02
-1.926337520289046062e-02
-9.114684109103803750e-03
-1.509813967261777919e-02
-5.439983735052128337e-03
-1.038000645773803866e-03
4.022485598963359069e-03
1.760431168523854395e-02
-8.902758064764039816e-03
-9.715819316846840970e-03
-2.295447231853799813e-02
-4.046532672647042139e-02
-3.888978043450792843e-02
-4.121937060452531693e-02
-3.876983191756427916e-02
-2.495985620067462524e-02
-2.919783274293274999e-02
-2.428297030562550501e-02
-3.659300305943417875e-02
-3.562675508711478367e-02
-4.180192719599694351e-02
-4.700721583628833522e-02
-4.285541355610783532e-02
-4.904503483640806211e-02
-4.707971190212743851e-02
-4.612488773297865330e-02
-4.992389400280115158e-02
-4.616066241495946770e-02
-4.856036531176410875e-02
-5.007519354588992055e-02
-4.484717036841592841e-02
-4.614052181397486352e-02
-3.584651347684041089e-02
-2.987596949237196486e-02
-2.529411792562964376e-02
-1.959605704277477684e-02
-3.168310737841532193e-02
-3.488771736368501131e-02
-3.686284506085905216e-02
-3.101832110214948132e-02
-2.934185980458534071e-02
-2.371938506736822813e-02
-2.254464509122157748e-02
-1.759458446583285485e-02
-5.903705059567812032e-03
-8.574636529014778227e-03
1.364376517783784555e-02
1.769946399105580895e-02
1.358361601222951402e-02
2.232406137854521175e-02
1.264827328461501713e-02
1.454129737624641587e-02
1.569823318882273416e-02
1.163676252541278114e-02
5.815279240488969471e-03
5.234429974785369255e-03
-1.612404712359835970e-02
-2.855153262007076656e-02
-3.102102033391176961e-02
-4.887585335617130461e-02
-3.238559492732406841e-02
-8.333962527620690508e-03
-1.327023527940036571e-02
6.662912123178171440e-04
-7.585148664712237400e-03
-3.230299616956545938e-02
-1.372027441157712586e-02
-3.647143903737021936e-02
-2.116974311733830008e-02
-1.580464905211389701e-02
-1.768245417295852620e-02
2.063629738363409460e-02
3.146904550063828188e-02
6.381239660400384039e-02
9.682481326194060378e-02
1.048874191980136567e-01
1.016423526355042795e-01
1.040861993364417121e-01
8.213738948612041291e-02
5.436364338807308377e-02
6.399346713744001602e-02
3.644639607708315132e-02
3.926320984776153489e-02
4.543402931057582278e-02
3.424151458052865360e-02
5.140609153054605945e-02
5.043870171438390865e-02
5.437207959649045103e-02
6.665924759173322278e-02
6.426849427544585602e-02
7.327099606884023009e-02
8.128421263689580845e-02
7.550008323999267412e-02
8.416438489866209793e-02
7.610751224850632879e-02
5.579375553321663794e-02
5.396158289768433758e-02
2.247445252926255979e-02
2.982087681969006025e-03
-8.123884339868549589e-03
-3.623346286854707554e-02
-4.099896743492963819e-02
-5.176640090546933554e-02
-3.287308563273777517e-02
-3.624932951176036700e-02
-3.221179349758982596e-02
-2.253116746516087635e-02
-1.526138863590160467e-02
-1.143403551228982726e-02
6.605678570099755842e-03
2.101300377234247702e-02
2.373815104618574173e-02
8.698669497848009191e-02
9.421500766972490393e-02
1.123812701323946006e-01
1.406593920714480084e-01
1.449424744005952392e-01
1.534357315070389305e-01
1.788828306175626881e-01
1.647923266296345002e-01
1.724305426002541441e-01
1.619935864918684854e-01
7.879498839784714048e-02
7.636518280455151242e-02
4.932088163773266226e-02
2.428596687736368429e-02
4.841468829164878931e-03
-1.835646791294841739e-03
-7.460434386732942708e-03
-5.606513620514293195e-03
-1.428406216208350605e-03
-4.992856452318623905e-03
9.031296452277801437e-03
9.533266946522159571e-03
-5.704939633081883808e-03
3.848475602980003674e-03
8.746859243071884726e-03
7.950426473916102563e-03
3.394717262804691077e-02
4.071553304155269004e-02
4.674680709637876741e-02
6.135237400629933724e-02
6.463843838343752424e-02
7.946149323327135472e-02
8.325027342760814297e-02
8.930519719359686359e-02
9.176159665166579160e-02
8.135342838999369552e-02
8.242716213204744069e-02
8.301437265765852780e-02
7.752428743584879878e-02
9.026628978616246801e-02
9.227732266519905746e-02
9.737038335778602782e-02
1.154689486278756005e-01
1.199552078093912011e-01
1.354036581753418900e-01
1.582229864056828861e-01
1.655943593082573884e-01
1.952438579047948986e-01
2.161764607157380391e-01
2.343810168230221480e-01
2.479235986323376217e-01
2.491536622388695332e-01
2.484267714870183885e-01
2.363711737803378399e-01
2.111636301349667788e-01
1.826388833575465220e-01
1.655918077731531601e-01
1.304560805344313346e-01
1.090406307622653476e-01
9.001874893494543617e-02
5.149102341205439443e-02
4.144836928501925699e-02
3.016697101742128219e-03
-1.642738362778970590e-02
-3.048428256562249472e-02
-5.651007646196123252e-02
-2.183793269021862618e-02
-3.066521916110872756e-02
-7.866471581797894463e-03
7.516805698065197328e-03
1.286526992277247858e-02
3.764005397004035330e-02
3.786960570788745067e-02
5.606385176313855023e-02
6.581670208939384425e-02
8.032932497491122870e-02
8.535319567996912937e-02
9.229320635015003660e-02
8.689370933067040725e-02
6.911406228511157712e-02
5.235803071584509832e-02
2.378412771205093423e-02
-2.263092012592550148e-02
-3.646484735859968629e-02
-8.295813833132703596e-02
-1.041286670056238012e-01
-1.114438524624020987e-01
-1.323183894632216917e-01
-1.396046714960040569e-01
-1.526710105701217235e-01
-1.319038349275814814e-01
-1.479362103686271690e-01
-1.410661847523404233e-01
-1.184194730829356002e-01
-1.344141418150273937e-01
-9.935686371950111506e-02
-8.924639873530783307e-02
-8.770426841376906257e-02
-3.263053580866726727e-02
-5.411175193782793297e-02
-6.744990116870036578e-02
-4.538873742216829876e-02
-4.723756998713952299e-02
-3.109091086737109447e-02
-1.821332476297134878e-02
-1.302002109258411540e-02
-2.277605269828270398e-02
-1.276777988659192307e-02
-4.123900731135936304e-02
-4.159296385841119298e-02
-3.404401382013005906e-02
-2.160185527990179585e-02
-1.367193586316726300e-02
-2.270754690899874639e-02
-2.810648503776595405e-02
-5.862536664715362056e-02
-6.779125760881686558e-02
-7.514384741888835428e-02
-9.990001081518591619e-02
-9.570744689876752032e-02
-1.032370679484403142e-01
-1.060129113952738844e-01
-9.367174099936098619e-02
-9.222714913114912760e-02
-8.437256880565732753e-02
-7.448402240619635128e-02
-5.995571062342766600e-02
-5.150672053496040820e-02
-2.767776136969221298e-02
-9.717414904010365437e-03
-9.870223955010216325e-04
3.294148493518338910e-02
3.873958109055659210e-02
5.937348677490297127e-02
8.649595886413896650e-02
9.811358698009460533e-02
1.116010607640179203e-01
1.294234794642331599e-01
1.354524672842267463e-01
1.428835765309177386e-01
1.696999619692336203e-01
1.511644221211418115e-01
1.674188919775403683e-01
1.699953475877808984e-01
1.437142341171067372e-01
1.626889950273593954e-01
1.290322215789920790e-01
1.040906071667173360e-01
9.712843896765731289e-02
1.865075031516112702e-02
2.671875814210677384e-03
-2.990281469668343295e-02
-7.639549598056213919e-02
-3.277776866405326950e-02
-5.523404939501149608e-02
-4.995568912003305051e-02
-2.530328619008043178e-02
-2.125373494512777101e-02
-1.550422725503158849e-02
5.915074738673860126e-03
1.862377906471666261e-02
2.297684741880043693e-02
8.646248129890106437e-02
9.331663435889814284e-02
1.122550370977983825e-01
1.403585866554228345e-01
1.447163104845819170e-01
1.535748796938784244e-01
1.787764594068370350e-01
1.649638279511479733e-01
1.729485754311361756e-01
1.618971518624234274e-01
7.996926074827398478e-02
7.703084372665848500e-02
4.963197959685243521e-02
2.781240382103228673e-02
4.384434600115689334e-03
5.062130791687107986e-04
-1.452232960706273781e-03
-1.094645788070740255e-02
3.262528080157132884e-03
6.114570937211194664e-03
6.835702654750841142e-03
4.519193683249441568e-02
5.359838579339321757e-02
8.150783616986133351e-02
1.377611620159157335e-01
1.449707017551237209e-01
1.765463222950672539e-01
1.909685186060921247e-01
1.779709918451415351e-01
1.681369918243657280e-01
1.387683869508290202e-01
9.599184862341668401e-02
7.938779866997680568e-02
7.028035986938428736e-02
8.418858130026415920e-02
1.129974421609214186e-01
1.069664079779690802e-01
1.443492456389958156e-01
1.362552213813836843e-01
1.285964383697186242e-01
1.448429854594583122e-01
9.404344854024285216e-02
8.652825512492783033e-02
4.112000386343797609e-02
-3.147202782302362112e-02
-5.305027353805540080e-02
-1.027471403736503197e-01
-1.197196371761727329e-01
-1.297063750627472367e-01
-1.515618879580699352e-01
-1.485706705904682734e-01
-1.612462121073258148e-01
-1.599172986304492894e-01
-1.519639675179622063e-01
-1.531394111798269619e-01
-9.901764954314942746e-02
-8.136064349150649855e-02
-7.360849935039583125e-02
-4.901934013564154119e-02
-4.591936981932414480e-02
-7.515942476172922555e-03
1.889839050846791810e-02
2.724868846374984763e-02
2.699052014801190183e-02
2.597988989103686835e-02
2.183992403088592590e-02
2.616777780629144304e-02
2.384206188732279283e-02
2.196224594910502551e-02
2.792497209941827846e-02
2.385487252140813114e-02
2.525681743364067283e-02
3.799854972697298133e-02
3.851552870017938002e-02
4.085578015634784566e-02
3.543093556263885585e-02
3.804643327972184741e-02
3.402618821194446780e-02
2.494388763983007920e-02
2.089896746875849823e-02
1.136623956730766979e-02
1.680216003399482433e-02
1.764213397821536022e-02
1.125700437096309285e-02
1.708430875414074929e-02
2.916566649676046244e-02
3.271284663166881823e-02
8.309134306090761382e-03
-2.889794781257994712e-03
-1.882112914850512728e-02
-7.864003046614434153e-03
-4.089989453303995853e-02
-2.244415318916450838e-02
-5.160105563835178794e-02
-7.320970124610069740e-02
-7.141767065002442572e-02
-1.184061349112546513e-01
-1.161778187794471617e-01
-1.107921152796987468e-01
-1.171766786682818390e-01
-1.135169082870057800e-01
-1.209637848507400387e-01
-1.270217477638901082e-01
-1.247307744027498916e-01
-1.303850120367879561e-01
-1.278556656933172997e-01
-1.260415766296520135e-01
-1.231169189461101682e-01
-1.156218863070222619e-01
-1.142883336882583173e-01
-1.057093212300268675e-01
-9.989004906529025396e-02
-9.274969718658661322e-02
-7.970683889358719243e-02
-5.570289248872383608e-02
-3.440813445228287082e-02
-2.117457206679486045e-02
-2.589636817905788951e-02
-2.470286900273656328e-03
4.748454237599267561e-03
7.553084936306798426e-04
1.297370447225948582e-02
1.408178331025897005e-02
1.428390395777077646e-02
2.316981527661686815e-02
2.077378005992719726e-02
2.002218518012732762e-02
2.439008670404834572e-02
1.251544778791497704e-02
8.664956407997649254e-03
-4.820733787971625238e-03
-5.596701338360272893e-02
-6.492405549464888570e-02
-9.695440393323731532e-02
-1.229198280550697492e-01
-1.276283888009067669e-01
-1.571059048813178705e-01
-1.625458863876056426e-01
-1.587611187371111565e-01
-1.627422504328862318e-01
-1.459438129488903613e-01
-1.417023862866705064e-01
-1.368468927185125250e-01
-1.210813484649524013e-01
-1.105221193678359859e-01
-1.067418705212778846e-01
-7.069130847476980117e-02
-6.970167944109487146e-02
-6.176048495712666009e-02
-5.092094961129673553e-02
-5.037761070716949979e-02
-4.480288116705000850e-02
-4.180850802984008990e-02
-3.851124289270894258e-02
-3.560560791090967153e-02
-3.164182816069742443e-02
-2.488369982500941713e-02
-2.421578151431467638e-02
-1.205605947168272157e-02
-1.197427788367549754e-02
-1.083178306321063225e-02
-8.217343579764760722e-03
-9.069890157082720686e-03
-7.981916047621767998e-03
-7.777620643596773811e-03
-7.835104636038333834e-03
-7.480962966014603234e-03
-7.515211927639090482e-03
-7.445697673840923417e-03
-7.370043114775822260e-03
-7.379260801589471348e-03
-7.342500650249488871e-03
-7.331454824769156886e-03
-7.330141227263060888e-03
-7.318970889874873605e-03
-7.320586139197476049e-03
-7.324014028683117732e-03
-7.320964170315844878e-03
-7.337396591834246910e-03
-7.347047979425555195e-03
-7.348856747702938591e-03
-7.417205385677207684e-03
-7.404292027262109922e-03
-7.467640708275135805e-03
-7.664779924940187845e-03
-7.504950525065274929e-03
-7.954293456674792900e-03
-8.274522921336256720e-03
-7.640062405350207808e-03
-9.619583498681680278e-03
-9.999030178281215209e-03
