3.798540948201823580e-04
4.894044616961110627e-04
3.419845501651464208e-03
3.537097703332717918e-03
4.214046708845456228e-03
4.689244285699657906e-03
4.086988068513080358e-03
4.410375700937595525e-03
4.338649135662069230e-03
4.259160676877924920e-03
4.345364647761237008e-03
4.292572762963680656e-03
4.299770240034043491e-03
4.310173506460858971e-03
4.295619173423199932e-03
4.302633537992846605e-03
4.301067950167106017e-03
4.299191415798668883e-03
4.301369031745282817e-03
4.300496731859492286e-03
4.301371876885212026e-03
4.302278906126511156e-03
4.303363770022041943e-03
4.305724308386498986e-03
4.307367880584465902e-03
4.312754867106423362e-03
4.317644446852931216e-03
4.323487880857520595e-03
4.341950978657076188e-03
4.348586589057029488e-03
4.377065734718275231e-03
4.426081059094321563e-03
4.429279172957139438e-03
4.564160586212857168e-03
4.636232618352611849e-03
4.680255420008895204e-03
5.202395522610733618e-03
5.197157223539027558e-03
5.159019947273635331e-03
5.250941333221213932e-03
5.138653456082550169e-03
5.158722200166779986e-03
4.964342660460211755e-03
4.833251591929705118e-03
4.739842660138741601e-03
3.898320333706123322e-03
3.676424890873632861e-03
4.153246235261547417e-03
4.186241612470538963e-03
3.834034670744737583e-03
5.206979889025772738e-03
4.892277054650775656e-03
4.827989971920685838e-03
9.959537402987914817e-03
1.037607591727781643e-02
1.144072709984082781e-02
1.434827300263493907e-02
1.203119255853530439e-02
1.052870903227223071e-02
8.877904237784813371e-03
3.089352646735546264e-03
-1.174192463605496558e-03
-6.302288773524022253e-03
-7.938483956909046443e-03
-5.489383741192514939e-03
-6.519374584033042069e-03
-2.161113769007504039e-03
4.745788950512073480e-03
8.714552753581862252e-03
9.580362465961693094e-03
1.171001277715136638e-02
1.142955553606488095e-02
1.167599157568448807e-02
1.204696091881809865e-02
1.199364279745548066e-02
1.222378674948929739e-02
1.201938488776508815e-02
1.258956196367569565e-02
1.207543999408861035e-02
1.223274288526235085e-02
1.399413857823046670e-02
1.423232436460693598e-02
1.647737725701345357e-02
1.823821981511625917e-02
1.826341103692707968e-02
2.220906192238209648e-02
2.076033615126519558e-02
1.795197811387663767e-02
1.624548083354724129e-02
1.523248692322321310e-02
1.550389599135518562e-02
1.491253067897883172e-02
1.582759529314530650e-02
1.608881767041403857e-02
1.540144646593289042e-02
1.649373762132527732e-02
1.550305374348439659e-02
1.462708808112064655e-02
1.413434423719829060e-02
1.289604394139305665e-02
7.168577115816418717e-03
4.450113951299846521e-03
1.961536789223680168e-03
3.482707051342661710e-03
6.515870823294904468e-03
5.580585437834528935e-03
8.331068676096385975e-03
4.995907157159818097e-03
5.021076836890696685e-03
-2.662205711350115050e-03
-4.574132904663607765e-03
-6.555558199389008951e-04
-3.193751280815763319e-03
-7.688339536288719576e-04
-3.390054410027983772e-04
-2.570110832256771762e-03
-3.839735594938599623e-03
-2.126911990709054283e-03
-2.957430269258691773e-03
-6.119658333584826471e-03
-2.908982695104580726e-03
-4.548724726272853139e-03
-1.893589820123105271e-03
-1.350723709330885983e-03
-1.449910840314540825e-03
1.531804674874580807e-03
-6.234446185646279478e-05
1.339497220781744055e-03
-6.188624561766164177e-04
-4.406028990354186013e-03
-1.530319043747671755e-03
2.202678694403299633e-04
-6.333728713209232832e-04
2.352551026049864123e-03
7.667681263926466595e-03
7.762716800490366935e-03
1.192587414703090952e-02
1.138074288434569835e-02
9.437976444860989023e-03
9.878749841246188199e-03
8.753467601933229841e-03
8.198996011448507135e-03
8.538951347649778242e-03
8.992099367603385157e-03
8.806952168524196170e-03
9.380976576553267873e-03
8.777701548025439865e-03
9.044839940839903211e-03
9.152079432200050518e-03
6.540856382944858390e-03
5.692173039573963055e-03
5.080513787537517013e-03
2.238923800260932476e-03
2.495829991608800470e-03
2.580837524434010429e-03
2.684126128428463830e-03
5.242237528725213203e-03
-8.091574473910694140e-04
-2.258682384409158288e-03
-4.968759356079880535e-03
-6.915273547378692279e-03
-6.186977880817827284e-03
-2.368439711825903737e-03
-1.362666877899385790e-03
-9.970076277778238492e-06
2.073553612507940316e-03
2.328564882479427188e-03
1.823922908299985745e-03
2.432020111066555274e-03
6.981990263007716068e-04
1.054102877792888887e-02
2.595919342821428194e-02
4.334208464633844404e-02
4.485550224388006046e-02
5.009813274167218555e-02
4.814004179647321524e-02
4.885886627961014833e-02
5.026612164085440815e-02
4.783083430226824778e-02
4.970371986286245547e-02
5.097997836672101685e-02
5.286435092140085584e-02
5.027356395323186872e-02
5.115030401132680121e-02
4.959829406371989158e-02
4.438032638826722859e-02
4.459182117836166248e-02
4.014629661920787740e-02
3.924874778017256594e-02
3.756204077361410126e-02
3.054950203646076418e-02
2.885278738793265949e-02
2.157128986339723609e-02
1.866387878005311418e-02
1.662065268575398103e-02
1.353879094636280776e-02
1.494057252930745469e-02
1.303654929017084886e-02
1.233251805239314776e-02
1.281034935221641094e-02
1.057919303772480828e-02
1.100483391144119368e-02
1.116891712920120225e-02
1.132762619852312712e-02
1.216610938154934381e-02
1.260882404674761037e-02
1.273311686520773971e-02
1.311162635473405412e-02
1.352212268975750906e-02
1.236324487652764800e-02
1.250432679812148173e-02
8.930785556313726101e-03
5.514207931091382950e-03
2.106513657220878809e-03
3.327832103840008989e-05
-3.627260871501162675e-03
-4.241903717604108941e-03
8.944810559823102893e-04
1.323206087796736192e-03
8.643648421548285731e-04
1.070572607041324212e-03
2.516560095097403194e-03
1.303642132049886689e-03
2.535917458923043610e-03
1.687427945798303415e-03
-4.746214460947978907e-03
-5.307896747468422542e-03
-7.758518338333963114e-03
-8.721020667774423765e-03
-1.075463327158044519e-02
-9.294654044865206452e-03
-7.652954362406717490e-03
-2.929274745351152700e-03
6.038061877340367839e-03
1.243658143967881109e-02
1.174424477001408292e-02
1.939388340432399507e-02
1.896090440915913777e-02
1.722279108384554627e-02
1.831434925213392892e-02
1.387629419958287535e-02
1.206562381574080578e-02
1.027323282586335360e-02
5.384027387341154373e-03
4.215261984129813760e-03
2.726359773145597704e-03
9.220237279039000290e-04
7.398604824271910740e-03
9.578769960410671996e-03
1.157918476626064973e-02
1.224897071246888909e-02
9.063152088704434090e-03
8.133374186713409129e-03
1.255696218073912816e-02
1.131470394086072848e-02
1.273507168038354696e-02
1.235356433745210016e-02
1.161131785004853104e-02
1.104758162837030620e-02
1.007616906371701718e-02
1.028984149812886030e-02
1.074539116871070510e-02
1.173650979933999264e-02
1.129799388358851929e-02
1.150617566465904351e-02
9.696827501205568245e-03
9.450808525188550413e-03
1.073299310947917022e-02
9.464286889052554372e-03
8.415202321139023459e-03
8.381277973380731397e-03
8.175452686556720916e-03
9.924962147542903956e-03
9.442434152820084262e-03
1.047190031339404089e-02
1.037366003668566475e-02
1.001078392352497057e-02
1.134359420355101657e-02
8.335660707230786032e-03
8.253312753707392133e-03
1.261833031116147211e-02
1.177573378531461545e-02
1.161213840819212521e-02
1.262949212699036178e-02
1.147624404868064808e-02
1.287031175600581237e-02
1.231093065034496829e-02
1.192688361437052764e-02
1.225363141393475200e-02
1.136584852876587788e-02
2.108487190507613018e-02
2.231733104900620809e-02
2.336401414427185380e-02
2.539153314327903185e-02
2.612867385782429233e-02
2.047575641109201927e-02
1.938088191368343011e-02
1.933965358859281516e-02
1.393141818823948400e-02
1.463047937262479566e-02
1.119861855526164095e-02
2.284594708906831709e-03
4.871217714834422076e-04
-6.441674723421847264e-03
-1.194292226991581357e-02
-1.366647077638786373e-02
-2.075029369024027071e-02
-1.976053359965440279e-02
-2.031913923427219881e-02
-2.178619766333388108e-02
-1.876061427317092176e-02
-1.931091134523403238e-02
-1.840174107206160939e-02
-1.580585528084972255e-02
-1.666072128628644580e-02
-1.121474526283915488e-02
-1.092236331603980634e-02
-5.216154396847466103e-03
3.452338896510995323e-03
7.718023259121300876e-03
7.362439355506382281e-03
1.089585317055217356e-02
1.039429922476511892e-02
1.101946311882294992e-02
1.198312027238236308e-02
1.185881356349742684e-02
1.165282146271472662e-02
1.156021719408001705e-02
1.116173489951249008e-02
1.088584569438988577e-02
1.054166324092471740e-02
1.056593960556065533e-02
9.359221675585758377e-03
9.522277663764889405e-03
8.833127221727354872e-03
5.023024929222675433e-03
4.694690093579943768e-03
1.237173898042732458e-03
4.121970860498908973e-04
-1.128635334042165468e-03
-1.486165220685448443e-02
-1.871890266425553853e-02
-2.075490269782498398e-02
-2.730607028670853018e-02
-3.099925312382237341e-02
-3.747361396930760230e-02
-3.424080323652877594e-02
-3.106540583597796820e-02
-3.010355533970842171e-02
-3.026408966334432835e-02
-2.935336845619720969e-02
-3.269417349259110678e-02
-2.938082573939503409e-02
-2.555262289753195207e-02
-2.239208085891529129e-02
-1.276909326269903139e-02
-1.173120694849492593e-02
1.165913620174872803e-03
3.226096048889311781e-03
-1.118636596601603407e-04
4.087019293112493373e-03
-3.931395100597535365e-03
-5.485310814835372105e-03
-8.389542526707963535e-03
-1.340525916560864235e-02
-1.220387699422388270e-02
-1.549341121937601595e-02
-1.607559633452051995e-02
-1.624441861993802111e-02
-1.853952363990478414e-02
-1.882404327128633231e-02
-1.996605668311512982e-02
-2.186180826210991357e-02
-2.217749183855234271e-02
-2.288615634470792665e-02
-2.326784519891206618e-02
-2.352887756122592697e-02
-2.279818757639866939e-02
-2.299892411154718513e-02
-1.795283311609208177e-02
-1.360363232082916103e-02
-1.164931711709893576e-02
-1.009726068738075501e-02
-7.417897555564594882e-03
3.116022663362272641e-03
2.432329708858421615e-03
1.784768558168618909e-03
4.910793456981055530e-03
3.456778060701645727e-03
-3.778622167736346224e-03
6.193412876587377908e-03
7.198284580022660216e-03
1.182847287369694772e-03
3.226314551469472609e-03
8.926276772805233350e-04
-2.232876142874830414e-04
1.340651557407572839e-04
-1.078449152261853070e-03
-1.089973632644143176e-03
-1.287306111428509862e-03
-1.689641086217693331e-03
-1.671629544984946057e-03
-1.867871359823630641e-03
-2.023956897990252836e-03
-2.065094550467992326e-03
-2.234489868247206430e-03
-2.423827414110039588e-03
-2.458402704228222335e-03
-2.850044463522039689e-03
-3.060569285348780592e-03
-3.016348838513505451e-03
-3.198106634097645957e-03
-2.808306792054944198e-03
-2.532276473555986063e-03
-3.118947673527169319e-03
-2.536255593053399638e-03
-2.510493616966348596e-03
-4.670466819124762664e-03
-4.682034518849379108e-03
-5.691237550055708479e-03
-6.633193079025281012e-03
-6.111068193663441936e-03
-7.222007462530553694e-03
-7.360851144496954185e-03
-5.116105836442234184e-03
-4.982147237089506152e-03
-3.737517009835862256e-03
-2.922283172134694431e-03
-2.610198264480070428e-03
-1.750153328658327501e-03
-7.879461442363594904e-04
-6.131164854197094496e-04
1.444178193122542435e-03
1.405602380430561772e-03
1.470886921441550040e-03
2.037082226756205781e-03
1.916127570295222829e-03
2.208167630726831036e-03
2.274488568598781631e-03
2.304185324120579161e-03
2.393747469394089892e-03
2.401589092603140414e-03
2.427911499145444206e-03
2.449006244786322388e-03
2.452961512763611549e-03
2.464007890483792436e-03
2.468527410109727302e-03
2.471181439476834510e-03
2.474673583901157610e-03
2.475826048944150364e-03
2.477092549436974833e-03
2.478048867631295425e-03
2.478454983599655444e-03
2.478909946296183834e-03
2.479161082738784265e-03
2.479297236239407908e-03
2.479378869993748014e-03
2.479455509046712101e-03
2.479351882636506715e-03
2.479259415990042043e-03
2.479274641031834012e-03
2.478587918496838894e-03
2.478654277343961872e-03
2.478087206214368409e-03
2.475984076886662485e-03
2.477491589261391920e-03
2.472689988891504410e-03
2.469856000428915892e-03
2.474362828227325613e-03
2.451049865770316399e-03
2.462628318570673873e-03
2.453675504327223426e-03
2.383056220943430368e-03
2.476409284154692560e-03
2.315910811047353860e-03
2.225716554519057821e-03
2.317616125567619877e-03
