-2.981367986970968019e-04
-4.967534448361584878e-05
7.797244356428562062e-03
7.878476098269212788e-03
7.964810805212137537e-03
9.155102203307716180e-03
7.801686010852010647e-03
8.215182883576839859e-03
8.152379774296992371e-03
7.893552060200988152e-03
8.051051972647559757e-03
7.956190052578379288e-03
7.970456892960636752e-03
8.012582770018357101e-03
8.017352049079823698e-03
8.135291685383683191e-03
8.146866628940749311e-03
8.353583281258181170e-03
8.600802061244059576e-03
8.591600868151782686e-03
9.522094482261347220e-03
9.459851890451873718e-03
9.460149888754631683e-03
9.658297850077839433e-03
9.409963593812339933e-03
9.401987057570627623e-03
9.241645285990076827e-03
8.595088216089792621e-03
8.680927688210729465e-03
7.421270355588962565e-03
5.883771315190891929e-03
4.158459244217404746e-03
-2.880154562664004585e-03
-4.593887184642256837e-03
-7.963633673387437301e-03
-9.642962024115972822e-03
-1.317307133776110008e-02
-1.273193017080681382e-02
-1.368689168083010201e-02
-1.296036472745045083e-02
-1.309121846064275826e-02
-1.220938492043047510e-02
-1.260898768746746695e-02
-1.306767920659314061e-02
-1.302654856150988957e-02
-1.330070430674927182e-02
-1.379088287615406680e-02
-1.389439683679268185e-02
-1.425565938877099668e-02
-1.563616368699263445e-02
-1.544139899902021579e-02
-1.685384613061519793e-02
-1.751013535601532792e-02
-1.743580588508104531e-02
-2.203847364779866480e-02
-2.162873232352702582e-02
-2.561844851899682321e-02
-3.407474218180858022e-02
-3.627640204211636521e-02
-6.364250135064294933e-02
-7.467698643068373943e-02
-6.214347102241155746e-02
-6.635148208131727565e-02
-6.154970891767821278e-02
-4.241681374993555576e-02
-4.358212612324769558e-02
-5.223324650584063034e-02
-4.608042514026684799e-02
-4.832372857603509098e-02
-4.721516022611845637e-02
-3.366499683671252130e-02
-3.302882167889608506e-02
-2.684153121873858461e-02
-1.786737606205603818e-02
-2.154027491379409062e-02
-1.065857073505978997e-02
-1.352880587795321846e-02
-2.059185111501919685e-02
-2.241184146970293112e-02
-4.020301746928245379e-02
-4.713916778061551932e-02
-5.773600637329551893e-02
-7.343791213720193833e-02
-7.724854088681432085e-02
-7.771138060614773968e-02
-8.025819617837391673e-02
-7.773792003673014872e-02
-7.603460259525500475e-02
-6.883948719307708686e-02
-6.259154109483427986e-02
-6.191392901065910503e-02
-5.599669372986239291e-02
-5.803532491558138773e-02
-6.074310813713034579e-02
-6.169623111651829223e-02
-6.791761245057623131e-02
-6.836997020589473395e-02
-5.791998730176522309e-02
-5.563916925480157788e-02
-4.707280729131630564e-02
-4.034221685847073219e-02
-4.337705017401929236e-02
-4.496398249685022025e-02
-3.935659224265296990e-02
-4.277599182691321777e-02
-4.401834240558721856e-02
-4.621649375531453052e-02
-5.995505359191548311e-02
-6.013177892671668634e-02
-6.336584058766316085e-02
-9.311161352528958546e-02
-9.197764524703799793e-02
-1.005428380725940790e-01
-1.001755221460252365e-01
-8.764527317055686995e-02
-8.965557287399887609e-02
-7.586641359849148614e-02
-7.362659469586294025e-02
-6.859160756730366126e-02
-2.443752844369683624e-02
-2.351025245575715655e-02
7.924679611964104836e-03
1.241303647678698371e-02
1.045021041551524735e-03
1.109496252932337668e-02
6.133230912458664114e-03
-9.537073333181801671e-03
-1.311052902311002528e-02
-2.035258536723350692e-02
-3.007594504260578672e-02
-3.327188904947867704e-02
-4.241511141045497396e-02
-4.269148039121060251e-02
-5.924053429757440703e-02
-6.706902916212313659e-02
-8.268400277859754011e-02
-1.130412798935737095e-01
-1.123402714131800650e-01
-9.346800283023444511e-02
-8.849809555096707636e-02
-8.747323767674015926e-02
-7.626827586224316224e-02
-7.978177932814707607e-02
-7.761065206898348778e-02
-7.426137065547062932e-02
-8.055375834582499672e-02
-7.568174584850077824e-02
-8.120116142479755217e-02
-8.715754648808746174e-02
-8.917441823229931008e-02
-9.555783905742476492e-02
-9.560597069053153318e-02
-9.842053862286379018e-02
-9.688370589147261847e-02
-9.015094206587286052e-02
-9.037523995512543318e-02
-7.401916566356885052e-02
-6.658357334121285664e-02
-5.289442750091682965e-02
-3.705933074475854100e-02
-3.245924264827598077e-02
-2.060386177323248955e-02
-1.867276218995741338e-02
-2.081974951316032177e-02
-1.494603190775757595e-02
-1.491238975953282885e-02
-1.440869035318926433e-02
-1.853142548853531964e-03
-1.138495586222236121e-03
2.982210481720692745e-03
7.836694702443528643e-03
8.532553988417989829e-03
1.066938416805035886e-02
1.619717545857454061e-02
1.349879267232720337e-02
1.792484683635200624e-02
1.628296073005677455e-02
-1.733873066533188692e-02
-1.235985927176681300e-02
-1.124586074133650249e-02
-1.842100418420152333e-02
-3.547212324871945859e-03
-4.269107889853591270e-03
-2.656856349179945349e-03
-5.001910782574656481e-05
9.793857735001798570e-04
2.775339628055999500e-03
-2.099987955785290097e-03
-4.420956568907954791e-03
-1.018782524083430667e-02
-2.104588705227487810e-02
-2.298360597790254090e-02
-3.495890180677534154e-02
-3.838876284408721667e-02
-3.532219611305012497e-02
-3.643713141523569760e-02
-4.222539205252730243e-02
-4.241299031866369723e-02
-3.900256503253600460e-02
-4.184561873841975699e-02
-3.033461972219941155e-02
-3.124745541316974531e-02
-2.891924450913979650e-02
-2.904024892839971589e-02
-3.541537703822461580e-02
-3.493780525867024728e-02
-4.077959048456153424e-02
-4.314929823707453621e-02
-4.531211642447354609e-02
-4.889723123802048460e-02
-4.933582546158241794e-02
-5.247585605364404188e-02
-5.411906227205558195e-02
-5.566167634457443170e-02
-5.920328086070954232e-02
-6.019865707862937648e-02
-6.415159163446695900e-02
-6.714018935028590040e-02
-6.960095005695687842e-02
-7.570643668850932095e-02
-7.767527311592518913e-02
-7.797537867494314101e-02
-7.873203824591189226e-02
-7.709153124343190444e-02
-7.579590708543824940e-02
-6.821933308019123565e-02
-6.149326116475058862e-02
-4.669799181760312529e-02
-2.974566520837644557e-02
-2.515464391898661681e-02
-8.662091061874132789e-03
-8.632994874488411977e-03
-1.379640349592673593e-02
-6.853119009213396069e-03
-1.272417581889834053e-02
-1.623563466104584185e-02
-1.748414447271009683e-02
-3.328876639857589192e-02
-3.365553910372095364e-02
-3.570888511767038309e-02
-3.532465995877277776e-02
-2.688701408990146549e-02
-2.708885454832105424e-02
-2.500289976549335477e-02
-2.428795178468838231e-02
-2.278286967123556092e-02
-2.416206499388365986e-02
-2.486787765497068189e-02
-1.720680305691695347e-02
-1.785281737353904344e-02
-1.755241531347509834e-02
-1.449480996781356452e-02
-1.507278379673347886e-02
-1.287734930417339455e-02
-1.040151450024259273e-02
-1.034245218213087486e-02
-4.914628300649610988e-03
-4.848875589458036955e-03
-4.823485370371898701e-03
-3.949074117339783190e-03
-3.854282159459240624e-03
-5.121437970830660172e-03
-5.369173289508022244e-03
-5.069211212866697909e-03
-1.113221183906503223e-02
-7.916130347354340124e-03
-1.458350508454977178e-02
-3.003666151691615147e-02
-3.347758552541809512e-02
-6.049148520990113576e-02
-6.616322091274266792e-02
-6.142676605549027974e-02
-7.187818992135908136e-02
-6.958839592016549669e-02
-6.994171487170462720e-02
-7.268612139130206651e-02
-5.774822235096543216e-02
-3.033925811136662515e-02
-1.688367021660056380e-02
-2.426157647228322292e-02
-2.474745685301072903e-02
-3.782722708391515754e-02
-3.841653858641656816e-02
-4.360238229407822907e-02
-5.247870414392088317e-02
-5.023559081764159689e-02
-5.874326001845746326e-02
-5.975518768576060930e-02
-6.122557877258644199e-02
-6.787089735388718292e-02
-7.336021909099825489e-02
-7.237786820046465674e-02
-8.285908548407390495e-02
-8.414848967987882677e-02
-8.969796060547446936e-02
-1.038664994715881862e-01
-1.148044896058616482e-01
-1.222232616247399539e-01
-1.369941156876718913e-01
-1.366042601480761398e-01
-1.414941459915456945e-01
-1.418923361907824809e-01
-1.380681984174410015e-01
-1.385161912927483641e-01
-1.294917087031119129e-01
-1.284193226459467985e-01
-1.264677294073124070e-01
-1.226277070954617937e-01
-1.243073360628038221e-01
-1.212899068329270080e-01
-1.240264812535355754e-01
-1.247503882341358256e-01
-1.216212741034224387e-01
-1.230017557478360057e-01
-1.143843084078618733e-01
-1.062785672309179280e-01
-9.230263955013140453e-02
-7.050252738094259231e-02
-5.667933895118808241e-02
-4.147666772201681618e-02
-6.375799750729767117e-03
-5.014812744931386110e-03
9.485531110808689869e-04
7.743186370003656178e-03
1.975468683321506772e-03
3.010304918608110690e-03
-6.354988127358455162e-03
-1.109133050048873026e-02
-6.904177308714062834e-04
-1.137896094330642129e-02
-2.814498805601023303e-03
-1.789185685608040560e-02
-5.462291672896389672e-02
-6.085875139809147211e-02
-9.072585603937863286e-02
-9.789555490999563014e-02
-8.478307433735425558e-02
-8.421224892180664834e-02
-6.339919587167554271e-02
-4.800260333256396728e-02
-3.181296587732803521e-02
-3.167260010426919264e-02
-3.409455654768289018e-02
-3.939445076026779069e-02
-3.875494622440951720e-02
-4.355168226812902027e-02
-4.655020005255042920e-02
-4.718967651613106828e-02
-5.364563259784985161e-02
-5.494046151477675888e-02
-5.509135570264342419e-02
-5.912772075345434919e-02
-5.829388544888544632e-02
-5.659559254646066850e-02
-5.831693620527798883e-02
-6.189003409257026050e-02
-6.558023291332559790e-02
-6.963403961064783265e-02
-7.181273527931024414e-02
-7.951020206318477890e-02
-8.461157407973519951e-02
-9.481398258285658742e-02
-9.717122040339634670e-02
-9.870903085767782081e-02
-9.184981544370315887e-02
-8.345998079017144522e-02
-7.776238799667205270e-02
-8.172483362732192724e-02
-8.167002773138358485e-02
-7.750846509529797645e-02
-7.695507952422200870e-02
-5.908769683672580181e-02
-4.934533615094069403e-02
-4.678251306281679817e-02
-4.449214890276351198e-02
-4.821296616830100107e-02
-4.520841886908776724e-02
-4.944119209010620214e-02
-4.849158153524885800e-02
-4.919630452249664637e-02
-5.971409174024530642e-02
-6.279976606698271790e-02
-8.186927900877526143e-02
-1.006589903716185314e-01
-1.049518871235412404e-01
-1.229774159157191737e-01
-1.254684270811319557e-01
-1.262772025936526321e-01
-1.270956986451103055e-01
-1.243206602799298843e-01
-1.229042164738632370e-01
-1.220492666389020736e-01
-1.178636915044903033e-01
-1.167256578805491857e-01
-1.147155088569069004e-01
-1.091958756832204364e-01
-1.107220265413005333e-01
-1.068204014830398396e-01
-1.074683989347640367e-01
-1.133262824686405712e-01
-1.104316996373296278e-01
-1.178217922989341082e-01
-1.190905777218746048e-01
-1.027045828015279993e-01
-1.025535985114000986e-01
-1.041884884677573564e-01
-1.005123788314772892e-01
-1.022482861910753577e-01
-6.439462976535714755e-02
-9.380228793981310390e-03
2.870351195198447714e-05
5.474610341642658154e-03
1.596839830217807593e-02
1.166088124143965310e-03
-5.983900960807806693e-04
2.253483158760930753e-04
-4.986200158144002761e-03
-4.461545555029180522e-03
-5.978287568962088912e-03
-7.260808851825277521e-03
-7.786993228270376426e-03
-9.177863623568953064e-03
-9.428165772284193696e-03
-1.205042934403035074e-02
-1.237936736486079312e-02
-1.319527700361641971e-02
-1.363691317609644349e-02
-1.005401349802838643e-02
-1.289531333622067309e-02
-1.090064573242868935e-02
-9.903208644882159975e-03
-1.879126295351511711e-02
-1.892218621056421593e-02
-2.624373859567023098e-02
-2.353681047456892064e-02
-1.446332416150744420e-02
-1.578127672520045210e-02
-6.860586233309598318e-03
-3.845499688513671910e-03
-9.352855546365969591e-04
1.186707637049253227e-04
-5.859549712753885781e-03
-4.687957926885303293e-03
-6.447656385582188968e-03
-7.184841669970876490e-03
-7.801693413671356020e-03
-8.311059867990669772e-03
-7.826921030193282475e-03
-1.126536543009243677e-02
-7.634346265646287273e-03
-1.177380822143561830e-02
-2.003775165169707773e-02
-2.157898993929953727e-02
-3.666875329535036060e-02
-3.506289809170429900e-02
-3.823467930259954323e-02
-4.195068796455973109e-02
-2.779269117564928462e-02
-2.723980698054707245e-02
-2.180406281231073162e-02
-1.732373455299234671e-02
-1.650494776664315419e-02
-1.333344403753601234e-02
-1.247890906435906999e-02
-1.091744428081366410e-02
-1.019065554075429883e-02
-9.651456511046889800e-03
-7.570249903594957787e-03
-9.571021634712444798e-03
-6.074575781677429842e-03
-6.294361386124216855e-03
-1.278977212798105417e-02
-1.345599786057847386e-02
-1.820644713590627642e-02
-1.927890407253848859e-02
-2.052034320995756167e-02
-2.233144290722400074e-02
-1.959035970241214397e-02
-1.922567267113450482e-02
-1.802856427335031153e-02
-1.528382165300029051e-02
-1.423365516622057854e-02
-1.300615903360286853e-02
-4.780339428570479221e-03
-3.882919070524377004e-03
-6.536790956404158349e-04
1.221784559669262821e-03
3.756664287868463278e-03
4.321443875198437493e-03
4.880387890979623333e-03
5.543047034517857054e-03
5.690882450912737242e-03
5.960864929375441802e-03
6.123067170849305456e-03
6.192541431952120964e-03
6.288673572515402106e-03
6.330062866534326080e-03
6.362355447532642982e-03
6.391318090700599808e-03
6.404152293945520463e-03
6.416530669643953286e-03
6.424156758758407977e-03
6.428802744917872999e-03
6.431120721225275054e-03
6.432372585893527707e-03
6.433226008934764609e-03
6.426706794968013205e-03
6.428683280057400154e-03
6.419397803065898800e-03
6.399479052286594777e-03
6.413748687124240684e-03
6.352029868386180160e-03
6.337174840283162601e-03
6.358356960715532205e-03
6.102878256649893127e-03
6.268516989109180863e-03
6.023930056347462543e-03
5.291051138708898274e-03
5.413426181473973697e-03
