2.416012431164506809e-03
2.307886307802329510e-03
2.767785373038529791e-03
2.789687976066015668e-03
3.644620510994516557e-03
3.231204510179941369e-03
4.285710706532832107e-03
3.653278327257843475e-03
3.754361049409908353e-03
3.893517792138770795e-03
3.637711546081576729e-03
3.753062914594204342e-03
3.713769321257679324e-03
3.672234941145873822e-03
3.704856928584688170e-03
3.678747016986515499e-03
3.679310318635466408e-03
3.682500487489600779e-03
3.674814097818179543e-03
3.677139922680298326e-03
3.675963366212447059e-03
3.674324212040240914e-03
3.675503554530453344e-03
3.674332901670691442e-03
3.673940436077257742e-03
3.676069753981356641e-03
3.672414725975385423e-03
3.675505262253025637e-03
3.677748498334399135e-03
3.665825447987985843e-03
3.684891489304238654e-03
3.660483435531812404e-03
3.650876644535410234e-03
3.653040898382533923e-03
3.471890047280358927e-03
3.552905152256070898e-03
2.903641189385746876e-03
2.878110233121886508e-03
2.712466709012766215e-03
2.556364266495303461e-03
2.282699880446504345e-03
2.368141163238332830e-03
1.723145934320611692e-03
1.527515487027925490e-03
1.446207110647381800e-03
-2.143307147992243571e-04
-6.245981386139304184e-04
-2.619973477901227539e-03
-5.021686183871967163e-03
-5.638049840017336084e-03
-9.061584027191767199e-03
-1.317645417225114454e-02
-1.358922585057233817e-02
-2.331991405007243987e-02
-2.565563517139972730e-02
-2.820655574218876652e-02
-3.483570348517641552e-02
-3.690770647662967169e-02
-3.999656018759154691e-02
-4.178386022684135725e-02
-3.859242945367911265e-02
-3.541417752055293217e-02
-2.990938962706402027e-02
-2.564839156938389375e-02
-1.955437471004603175e-02
-1.109510348659371523e-02
-3.675163877838775149e-03
8.471567813839099570e-03
1.172376084769436756e-02
1.270044143799628489e-02
1.319485430654167291e-02
1.210905941156766724e-02
1.362014205454822706e-02
1.313320145973238297e-02
1.349902713846783120e-02
1.466237456109461927e-02
1.417211518349909861e-02
1.620503311078102734e-02
1.768690792385186478e-02
1.719235001512204111e-02
2.468746047750606729e-02
2.624890474626189255e-02
2.314602065982267545e-02
3.006744525002620280e-02
2.343513319057306810e-02
1.555426264711616026e-02
8.120080386673264594e-03
-1.684790907199471000e-02
-2.919457381701114421e-02
-2.962118884095607876e-02
-3.963255906982596222e-02
-3.592264431158137539e-02
-3.685426445313177979e-02
-3.986570166406483429e-02
-3.502129526343165933e-02
-3.729102967770845517e-02
-3.689089844199216345e-02
-3.125243165068932599e-02
-3.750754555932723361e-02
-3.234951870412994951e-02
-2.067605575769370166e-02
-2.282006647081946324e-02
-9.399386467021745087e-03
-7.716656562494123017e-03
-1.124220174381306003e-02
-5.429016641567971542e-03
-1.248657504416428483e-02
-1.369271870832388521e-02
-1.606864865274438073e-02
-2.944656011195196862e-02
-3.322428803738244202e-02
-3.971869906515790999e-02
-4.602600641603084297e-02
-4.598526323199900179e-02
-4.578939575694426084e-02
-4.857171670031416172e-02
-4.612344033347799688e-02
-5.021839926602231219e-02
-5.674984627627738948e-02
-6.353583509026819454e-02
-6.732669489181389300e-02
-7.013453260919542964e-02
-7.193882936215366397e-02
-7.360830061145000325e-02
-7.375263038843292429e-02
-7.604282324433137008e-02
-7.468119012524679357e-02
-7.407822274640921134e-02
-7.418023098097670243e-02
-6.238374779941811832e-02
-5.764746718815463161e-02
-4.967559477078369728e-02
-3.503544907167726458e-02
-2.926233589017496542e-02
-1.456634715202516014e-02
-9.833619144130719553e-03
3.432793031587477815e-03
7.441775018583903813e-03
7.632565833428098245e-03
1.337708949406507010e-02
1.269696787315673613e-02
1.396904510763025825e-02
1.499434916554934216e-02
1.531953425133897491e-02
1.691049950703610305e-02
1.720132728247605533e-02
1.916960887344189290e-02
2.141451526248723189e-02
2.136895855681388706e-02
2.678914178196947424e-02
2.806354783263112843e-02
2.054053028462658054e-02
1.915203850843526234e-02
1.611589537474044168e-02
-1.654509023409736143e-03
-8.088409015603178001e-03
-1.224631084923289565e-02
-3.046779263969367699e-02
-3.235692242091225274e-02
-3.969295879015163203e-02
-5.204897567135349096e-02
-5.302883800406825443e-02
-6.122661955319445154e-02
-6.180288144276995660e-02
-6.181982984004639331e-02
-6.322259372848879067e-02
-5.882585479122073163e-02
-5.726218998058509035e-02
-5.009848281671590298e-02
-4.488592450983335674e-02
-4.463062149374204951e-02
-4.196128024500302145e-02
-4.484629986780186428e-02
-4.486718489620784150e-02
-4.601844893668945169e-02
-4.794146763187769056e-02
-4.803065645152741758e-02
-5.060079320347617843e-02
-5.176720182828421085e-02
-5.312759089282111796e-02
-5.750823777659395258e-02
-5.957547236675087704e-02
-6.516347874396276330e-02
-7.140689926586188396e-02
-7.379453553362895490e-02
-8.095869465965825629e-02
-8.460417403996448038e-02
-8.136961810255718963e-02
-8.482067648398880499e-02
-8.354529067385718655e-02
-7.809243514363042871e-02
-8.095605630916848094e-02
-7.819261575423536170e-02
-7.716058481358302468e-02
-8.289130623718765634e-02
-8.101578006328545578e-02
-8.323967530866488440e-02
-8.422676763683564771e-02
-8.313368057185248350e-02
-8.261358372323746035e-02
-8.110451891777277489e-02
-7.864806676499505600e-02
-7.425795135100050903e-02
-7.139323602002463354e-02
-6.489819069804587948e-02
-6.152879929159751210e-02
-5.554725494904869110e-02
-4.915868324617910651e-02
-4.568767789003891355e-02
-3.461447876094623372e-02
-2.960970669940147376e-02
-2.056176872809413123e-02
-1.174587587361233462e-02
-6.618425053302123828e-03
-4.064143224858919774e-03
-1.092235815517411191e-03
-1.319330511669886651e-03
3.316033082538052696e-04
2.070898900061574153e-03
-1.075276487600646718e-03
-2.323598251753554705e-03
-6.550779756869227512e-03
-7.000130628742022229e-03
-7.045828820633330894e-03
-1.116663506488837533e-02
-1.304604807080678858e-02
-1.905340054291877402e-02
-3.810833786985279997e-02
-5.096562386113017568e-02
-5.815883437696258568e-02
-6.845550844818237834e-02
-7.114286662323382471e-02
-7.249260944101497406e-02
-7.134253623775099751e-02
-6.778063770104311714e-02
-6.140830541912067203e-02
-5.644257260959188727e-02
-5.052961883751792838e-02
-4.461602464277878571e-02
-4.120494075476944379e-02
-3.802272959735263774e-02
-3.556553013817952136e-02
-3.288638809374221095e-02
-2.774069759976352870e-02
-2.614374358681641544e-02
-1.637628685860259212e-02
-1.313458931812384531e-02
-8.915600796719812607e-03
-7.381856091848120263e-03
-8.509900300119496025e-03
-5.080759754662125989e-03
-3.024668794205061847e-04
1.917087988606482963e-03
1.309417365772987292e-02
1.431685108456921297e-02
1.503340557478240018e-02
1.569332956682906524e-02
1.625587367160525806e-02
1.575503011376729740e-02
1.810800663465819346e-02
1.752300827955429949e-02
2.084701844903997722e-02
2.265173147924901334e-02
2.432824420554575984e-02
3.235135265534709592e-02
3.577559711312324614e-02
3.289320135579956034e-02
2.927432034286099952e-02
2.421581309494246631e-02
2.033383365052903943e-02
2.477078691320022674e-02
2.368893773221078525e-02
2.708024047942432511e-02
2.704096633394925675e-02
2.847268421867862193e-02
2.576822854055353662e-02
2.396925442048827501e-02
2.453769330827074158e-02
1.122122083627082045e-02
1.341726765965918500e-02
1.073172610023040603e-02
7.217541449326401667e-03
1.380429951931285912e-02
1.222831915481729925e-02
1.153757143901893052e-02
1.323636300259192246e-02
1.203636121255010488e-02
8.859860887277195077e-03
8.273598894636375461e-03
6.156656671356664640e-03
5.169542438019773291e-03
4.496617141206255518e-03
3.893157294350540424e-03
4.641950079743748653e-03
1.369662040728276010e-03
7.358175976307296728e-04
-3.550810986014214885e-03
-1.194872789950948526e-02
-1.474159889803144594e-02
-2.281520555081579388e-02
-2.642793132618766541e-02
-3.045711485954292683e-02
-3.517015083176946999e-02
-3.353816250145907202e-02
-3.723409240641163687e-02
-3.686953391086325582e-02
-3.465227201805647084e-02
-3.718804060716411619e-02
-3.159195561490198839e-02
-3.028827272848056903e-02
-2.752747459655353543e-02
-1.832785077117420058e-02
-1.554363974380694458e-02
-1.351904828597955653e-02
-9.049425477815613295e-03
-8.046124841761127799e-03
-5.918011424990878358e-03
-1.653541164808642770e-03
-2.134335917294753835e-03
2.439259225047413909e-03
2.631789630930834751e-03
2.658670011924549586e-03
2.309080388100129104e-03
3.870327549056839286e-03
4.852557313573854780e-03
4.770434888999187245e-03
1.138106429642408990e-02
1.113450406951653655e-02
1.248660186767120567e-02
1.430566405105050849e-02
1.358062021488989912e-02
1.500420069698254338e-02
1.327569676159506655e-02
1.332959888630032112e-02
1.353081680579126811e-02
6.990187019300231688e-03
8.500422545400610624e-03
2.414416966337634435e-03
-4.506361262067759381e-03
-4.713424704709051442e-03
-2.363342656555444954e-02
-2.513044751234644672e-02
-2.395090158153570514e-02
-2.831006516957622343e-02
-2.860554680223589830e-02
-2.963900213259500205e-02
-3.038555827576506357e-02
-2.945236369897340570e-02
-2.813421242774086575e-02
-2.622923524586161584e-02
-2.452758401176668296e-02
-2.128714524449283260e-02
-2.021203513391096190e-02
-1.950030516673259204e-02
-1.910020199989968456e-02
-1.961381676212949066e-02
-2.011768769086317438e-02
-2.281135337850330111e-02
-2.400851469944968730e-02
-2.581204870691814271e-02
-2.930717702608472142e-02
-3.119469271996919493e-02
-3.648709769030445554e-02
-3.877464023707367230e-02
-4.062456692442741740e-02
-4.164583411663514562e-02
-3.916895633987767245e-02
-3.828648570518478761e-02
-3.602926120649681263e-02
-3.324418575876719045e-02
-3.133854576260046432e-02
-2.846065237125050551e-02
-2.626948400789375429e-02
-2.406375877381498884e-02
-2.353640704277923726e-02
-2.333022751628624145e-02
-2.178339421357606762e-02
-2.363633254312253254e-02
-2.324355055003950524e-02
-1.829593411710820836e-02
-2.032288743925431476e-02
-2.104497818639745194e-02
-1.655615709727485327e-02
-1.207371302990344411e-02
-1.191662673311294322e-02
-5.137969858018024728e-03
1.370523121823698492e-03
4.712170176693592871e-05
1.357021045129332831e-02
1.298535570385504941e-02
2.047624994085997172e-02
2.850622305355714897e-02
4.154566553015359015e-02
4.636979516053947592e-02
5.096615418534489877e-02
5.599554923038924104e-02
5.746814604466597698e-02
5.989891652551484341e-02
6.147759317708557242e-02
6.222321785617065948e-02
6.351188309622421424e-02
6.406183066481140054e-02
6.476255234281326489e-02
6.589446549877517323e-02
6.607843544161645655e-02
6.776601094348168319e-02
6.900658298968308235e-02
6.922619768330018353e-02
7.335126795318017145e-02
7.202076040386318212e-02
7.256578421798810796e-02
7.095807672534466815e-02
6.316274091625675990e-02
6.350278524191320384e-02
5.467682169504550771e-02
4.742687412343343789e-02
4.625499478953092741e-02
2.554304255212720351e-02
2.462454481064530604e-02
2.010056295338429749e-02
1.284954147023710004e-02
1.317064213329013564e-02
8.085096524887147584e-03
7.032814134423929532e-03
4.915857140094581808e-03
4.153151327772751540e-03
4.297960193186176232e-03
3.895320557677751060e-03
3.934923745723313722e-03
4.365496592237898439e-03
4.670016506524932165e-03
4.759936316916593864e-03
6.090234325955414495e-03
6.060138676178968356e-03
6.761949997933767477e-03
7.458904580458416284e-03
7.447024633725555544e-03
8.745616592495172176e-03
8.832806458573689776e-03
9.129368202047226724e-03
9.512375615549044025e-03
9.529417522835863241e-03
9.697377499159992933e-03
9.779562271929933756e-03
9.804871524906683816e-03
9.864323353359474855e-03
9.881364782657046930e-03
9.897990555902824381e-03
9.914752909363855685e-03
9.919896969691531161e-03
9.927098721803372799e-03
9.931377597640581034e-03
9.933515001745401099e-03
9.935961407453303834e-03
9.936957825218752441e-03
9.937839608455399307e-03
9.938317351071005931e-03
9.938197693482571024e-03
9.938621082340743512e-03
9.937375865720016535e-03
9.936908315589954716e-03
9.936800439883012800e-03
9.931194917927215968e-03
9.933448379605207615e-03
9.926995833595622307e-03
9.912928722018887057e-03
9.927586467605536286e-03
9.883017562142290199e-03
9.877870266471992441e-03
9.898480127667806314e-03
9.732786956465917100e-03
9.847350853467070828e-03
9.672718241867868036e-03
9.477587296054336419e-03
9.621207053771405407e-03
8.724791637782145642e-03
8.691110956431248591e-03
