2.378995053984838369e-03
2.275218543339373352e-03
2.737405587597463788e-03
2.752072935273685694e-03
3.618193907354092052e-03
3.215546579779099846e-03
4.270924024283162014e-03
3.643731284221352063e-03
3.745515768349110507e-03
3.884750067831789846e-03
3.629299618222535124e-03
3.744646052745360075e-03
3.705303567749851541e-03
3.663746412796411913e-03
3.696391746871779092e-03
3.670245962290364945e-03
3.670810742706016091e-03
3.674004044783546041e-03
3.666306329231087523e-03
3.668635629705209802e-03
3.667457212296340065e-03
3.665815594310488194e-03
3.666996628047394964e-03
3.665824300366556533e-03
3.665431225110520313e-03
3.667561902540865566e-03
3.663903346005118258e-03
3.666992906550033387e-03
3.669214472684568205e-03
3.657291733002181102e-03
3.676265593056137360e-03
3.651603096921340972e-03
3.642034322282189807e-03
3.643057978901316669e-03
3.460728464978623901e-03
3.541708153228254920e-03
2.888287885743828342e-03
2.862923834965024495e-03
2.696579391109174290e-03
2.539269471161720998e-03
2.266081497170860555e-03
2.350448403508989016e-03
1.707333538763674196e-03
1.512490822137883828e-03
1.429772104125985989e-03
-2.218860427842672819e-04
-6.332117069762899621e-04
-2.625527587385188561e-03
-5.027369824440737316e-03
-5.645866385123184464e-03
-9.068908532772658113e-03
-1.318489913301934026e-02
-1.360137537461573315e-02
-2.331827699282074118e-02
-2.565314059821920123e-02
-2.820313295806725976e-02
-3.482315671239871041e-02
-3.688626531520076274e-02
-3.997303884866257317e-02
-4.175604311168618771e-02
-3.856821035253127361e-02
-3.539854718848520904e-02
-2.989887844745548265e-02
-2.564131793253526456e-02
-1.954805581991108515e-02
-1.109589590969816027e-02
-3.683307060855195263e-03
8.447098863773549321e-03
1.170183439454395603e-02
1.269177479708681090e-02
1.319071511235463470e-02
1.210960731710613789e-02
1.362097049577215557e-02
1.313492840870143959e-02
1.350106452674578600e-02
1.466607968291984941e-02
1.417570318800327397e-02
1.621003409283051921e-02
1.769635348788493878e-02
1.719894603676042771e-02
2.469630770788499088e-02
2.625437672400447731e-02
2.314837735646727013e-02
3.005753596902431546e-02
2.341723393090005059e-02
1.552240702679971197e-02
8.100099424123419906e-03
-1.682488610300855031e-02
-2.916132135805257070e-02
-2.959624851144531874e-02
-3.960169323541624931e-02
-3.590402402983726426e-02
-3.683803432633969699e-02
-3.985469474529582112e-02
-3.501711046337162292e-02
-3.728245461960948831e-02
-3.688563251277239552e-02
-3.124715588338797603e-02
-3.749180103125519803e-02
-3.233738808182387570e-02
-2.068244208992732133e-02
-2.282493932331032191e-02
-9.422965864064932612e-03
-7.746091110074502552e-03
-1.126637401968101290e-02
-5.455743868983505690e-03
-1.251130616968849744e-02
-1.371663541517445691e-02
-1.608629703239477030e-02
-2.944130346817292604e-02
-3.320866264621734343e-02
-3.969345526474218899e-02
-4.599614770263685259e-02
-4.595667916620399529e-02
-4.578574019935716805e-02
-4.856839612897701636e-02
-4.614398844565002072e-02
-5.024608578773851614e-02
-5.676938588200185903e-02
-6.354729305528264427e-02
-6.734108123184784356e-02
-7.014789756260692011e-02
-7.195545693958407818e-02
-7.362791836736436168e-02
-7.376988763543243510e-02
-7.605367965359075000e-02
-7.469023419068920866e-02
-7.407269295063988179e-02
-7.415753486728139665e-02
-6.237349530520561874e-02
-5.762068306414783181e-02
-4.965202855552604960e-02
-3.503811495217706157e-02
-2.926028303097967173e-02
-1.457950416385939488e-02
-9.850927400702664399e-03
3.402391776979085507e-03
7.421945195713855817e-03
7.624578823561154947e-03
1.337137694172639731e-02
1.269549559134964221e-02
1.396902308286866561e-02
1.499684227230374360e-02
1.532168183579523356e-02
1.691480333284807805e-02
1.720596468419845204e-02
1.917272500671320448e-02
2.141899725640796295e-02
2.136918430311050832e-02
2.677664286478722427e-02
2.804849789403028593e-02
2.053239749603882544e-02
1.913446290629645594e-02
1.609757508194244874e-02
-1.653917992191467632e-03
-8.089700471235843765e-03
-1.225445055555107396e-02
-3.046294240534080586e-02
-3.235743458217415353e-02
-3.969559332960383158e-02
-5.204468080718120671e-02
-5.302280153335060808e-02
-6.122150102081389683e-02
-6.179565735202671717e-02
-6.181461365095104049e-02
-6.322025227492691912e-02
-5.882424293508541069e-02
-5.726853075937950177e-02
-5.011195470681174824e-02
-4.490765194810924371e-02
-4.464952241755308637e-02
-4.197679833276617145e-02
-4.485548227867850596e-02
-4.487326216659445061e-02
-4.602103984475833937e-02
-4.794486466573274347e-02
-4.803421204230471503e-02
-5.060428270850853005e-02
-5.177309393479970212e-02
-5.313362641014943849e-02
-5.750666943704983020e-02
-5.957485840068254407e-02
-6.514888184304606922e-02
-7.137899172942299697e-02
-7.376441657510141026e-02
-8.091223105033204521e-02
-8.455193495915475088e-02
-8.133312113872245841e-02
-8.478372697162463167e-02
-8.351705677339724132e-02
-7.809840795899355981e-02
-8.095797832186270304e-02
-7.820506859609682726e-02
-7.718058696289976928e-02
-8.288946816834015519e-02
-8.101584296443845035e-02
-8.323173544224476972e-02
-8.421235232792696757e-02
-8.311665102813473038e-02
-8.259888675164336891e-02
-8.109337814000967815e-02
-7.863501965515129477e-02
-7.426198294400275512e-02
-7.139355068751571110e-02
-6.490552841412226825e-02
-6.153814870997911801e-02
-5.555218284369140003e-02
-4.916587515819228343e-02
-4.568964744510101844e-02
-3.462252200849669920e-02
-2.961884422351429569e-02
-2.057874360954325271e-02
-1.176952419778618149e-02
-6.647096032729814426e-03
-4.082415287522350375e-03
-1.106056341231649934e-03
-1.325161288268500697e-03
3.217457170438210918e-04
2.056581680652634983e-03
-1.084998074891520498e-03
-2.332951538096102607e-03
-6.551740498104770445e-03
-7.010386809565944191e-03
-7.061634549297535202e-03
-1.118639923598509223e-02
-1.308061039458590508e-02
-1.908894249965467638e-02
-3.810986401929059020e-02
-5.095680291022336439e-02
-5.814437965666115204e-02
-6.843586284053126967e-02
-7.111919190204252228e-02
-7.247231953994769105e-02
-7.133215886585717036e-02
-6.777376517286794189e-02
-6.141895661639490411e-02
-5.646122577893614852e-02
-5.055466058886821240e-02
-4.464410427913458046e-02
-4.123231772813484158e-02
-3.804009212429255299e-02
-3.557782475944262085e-02
-3.289021801747697704e-02
-2.774245623147387346e-02
-2.614146083172011470e-02
-1.638610255924976764e-02
-1.314717237843337182e-02
-8.929078187430779245e-03
-7.384713599172903348e-03
-8.502403486712110242e-03
-5.070671242162390520e-03
-2.966878475736123288e-04
1.916135337855007226e-03
1.307523880265332172e-02
1.430341648434433309e-02
1.502471856326282468e-02
1.569347505874660667e-02
1.625931701718736147e-02
1.576353375600118498e-02
1.811444756403904344e-02
1.753147613173133834e-02
2.085458370758186061e-02
2.266213081356216810e-02
2.433394747189485119e-02
3.234770425912573272e-02
3.576130147123932068e-02
3.288581149152142169e-02
2.928703957821935516e-02
2.424189789638734466e-02
2.036693869552447592e-02
2.478958749500695391e-02
2.370339511463200391e-02
2.708761327578075237e-02
2.704389494600806590e-02
2.847465174289834713e-02
2.576952724335782388e-02
2.396642033363191593e-02
2.453700194686306638e-02
1.123310337488994844e-02
1.342899660666973041e-02
1.074153464311546242e-02
7.226484332032067671e-03
1.379774916231901391e-02
1.221883794027544580e-02
1.152906292470592259e-02
1.322505478534846159e-02
1.202399121256795926e-02
8.859285419022065039e-03
8.274644231849044573e-03
6.158179315914977074e-03
5.176127555882523157e-03
4.500767141477125290e-03
3.891750443245890756e-03
4.636161926043334651e-03
1.358606307973533010e-03
7.146984687650767163e-04
-3.573076960119650567e-03
-1.196264767712752752e-02
-1.475109244422269546e-02
-2.281688015501654593e-02
-2.642557784764680562e-02
-3.044750005120544500e-02
-3.516096890857508400e-02
-3.353045088039330324e-02
-3.722276632909820443e-02
-3.686573970206756534e-02
-3.464840444016067944e-02
-3.718123260919801304e-02
-3.159291491341458674e-02
-3.028629530587840374e-02
-2.752643808039356710e-02
-1.833967230311546459e-02
-1.555736952880808384e-02
-1.352777205620454490e-02
-9.057142387691214866e-03
-8.050714114241202049e-03
-5.915886830143389334e-03
-1.652303834819997567e-03
-2.134813768055551179e-03
2.433142204971902849e-03
2.626725491521936760e-03
2.656573787048723250e-03
2.311290601642554919e-03
3.871966506936556657e-03
4.856001389853033083e-03
4.774378742395135079e-03
1.137093988440191807e-02
1.112408594175723180e-02
1.247678445409440215e-02
1.429421207316558182e-02
1.356870637115414717e-02
1.499290409148671538e-02
1.326453996132415276e-02
1.331659703670364826e-02
1.351633380654468537e-02
6.982442244046148036e-03
8.487295866324696611e-03
2.401526499087617769e-03
-4.517914855165163120e-03
-4.724002069294903731e-03
-2.360818229247662117e-02
-2.510496197682651406e-02
-2.394109636197374810e-02
-2.829612499141410595e-02
-2.858831704133559318e-02
-2.962564900502956747e-02
-3.036983987172882718e-02
-2.943612327853745159e-02
-2.812383641649127478e-02
-2.622283774797683209e-02
-2.452463550754918967e-02
-2.129193768092070907e-02
-2.021967619386358384e-02
-1.950935329055395254e-02
-1.911129574307684695e-02
-1.962423210273398985e-02
-2.012789662671860685e-02
-2.281918712726357587e-02
-2.401464987792874956e-02
-2.581655484656451838e-02
-2.930549616238213931e-02
-3.119192012367635186e-02
-3.647711246054533701e-02
-3.876157352985722115e-02
-4.061197660851192243e-02
-4.163217885461013151e-02
-3.916437639094796225e-02
-3.828442756496738125e-02
-3.603314727116898458e-02
-3.325283553518346841e-02
-3.135044925580510178e-02
-2.847411552409935542e-02
-2.628142726039313717e-02
-2.407844916836489671e-02
-2.354230300714913598e-02
-2.333455308700740222e-02
-2.178729517140032962e-02
-2.362939874603526072e-02
-2.323574562427322548e-02
-1.830157160444091310e-02
-2.031458840905749422e-02
-2.102849941981673604e-02
-1.654570379796026919e-02
-1.206420132879150973e-02
-1.190598045488333416e-02
-5.132824377292483954e-03
1.367583895918353517e-03
5.433095203134182579e-05
1.356323664173749409e-02
1.299506826736490650e-02
2.049095524775915514e-02
2.851812772428044887e-02
4.155576418881806733e-02
4.638424178254407088e-02
5.098809410826340288e-02
5.602221964594434472e-02
5.749798175965901287e-02
5.993265875841528173e-02
6.151354381715231495e-02
6.226045442274609487e-02
6.355107156173225857e-02
6.410186521627043998e-02
6.480361898635728091e-02
6.593707020771993887e-02
6.612132942588526408e-02
6.781005244271151589e-02
6.905058550902060110e-02
6.926802696023830197e-02
7.338695907715611644e-02
7.205026631904770662e-02
7.258226601287830204e-02
7.097514908829918867e-02
6.318110528398029890e-02
6.351857254946499665e-02
5.469038911176620638e-02
4.743585650349618765e-02
4.626404495029113467e-02
2.556393777377485507e-02
2.464407858389382547e-02
2.011256853356619551e-02
1.285996599062130992e-02
1.317836674260410186e-02
8.090702961454225225e-03
7.037256850822823200e-03
4.917350980196515120e-03
4.152089385253888119e-03
4.295178483825418288e-03
3.891163671836017808e-03
3.930205838342235893e-03
4.359462597868429823e-03
4.662842902299281674e-03
4.753153849266576747e-03
6.077852308966742723e-03
6.048217150707383034e-03
6.748977882846912517e-03
7.444881737798034887e-03
7.433260770286897329e-03
8.730519573609006601e-03
8.817801931522963044e-03
9.114504598465409876e-03
9.497511817836548631e-03
9.514666260143555751e-03
9.682809603790195480e-03
9.765072524428698025e-03
9.790436692237450972e-03
9.849970665481339732e-03
9.867036540827631846e-03
9.883689156964668016e-03
9.900476427393643114e-03
9.905628399191603040e-03
9.912841229901821899e-03
9.917126604215967256e-03
9.919267284260631368e-03
9.921717430782397637e-03
9.922715369683554956e-03
9.923598500769879177e-03
9.924076975022594338e-03
9.923957132938707529e-03
9.924381162673752421e-03
9.923134079768088089e-03
9.922665740902541359e-03
9.922557699391029717e-03
9.916944192010706399e-03
9.919199336896415350e-03
9.912739173609396229e-03
9.898655111807447976e-03
9.913310373675701323e-03
9.868726026621466724e-03
9.863552848558427774e-03
9.884012491967903227e-03
9.718651801854431838e-03
9.832656239166967863e-03
9.657636937833348131e-03
9.464969523187703390e-03
9.603973920756422519e-03
8.711959906351970928e-03
8.680942941000632102e-03
