3.626167840104685056e-03
3.735948680383069549e-03
6.832402060786977455e-03
6.486856905690049045e-03
9.132352336491091765e-03
9.459397990452478311e-03
1.092270456740184609e-02
1.052141582313363341e-02
1.070964859718513337e-02
1.090949910674217024e-02
1.062090897384951500e-02
1.076601333995426749e-02
1.071658391606033871e-02
1.065172102141808200e-02
1.069774720598263770e-02
1.061422963349322943e-02
1.060164598945713930e-02
1.047588016231385671e-02
1.016041502426147380e-02
1.020374143418797779e-02
8.700623844284013572e-03
8.802549064711869334e-03
8.231565388240531453e-03
7.995884413368700358e-03
7.750891714292524638e-03
6.953740304535055948e-03
7.020700119900781522e-03
5.932395195736847766e-03
5.000359989951790041e-03
5.307100483686274552e-03
3.027549951186063112e-03
3.145779571819458127e-03
4.038161217396386664e-03
6.188426656327355654e-03
1.018172251929387942e-02
1.956757939738567806e-02
2.288895820615882704e-02
2.333594692690525024e-02
2.955044456645623471e-02
2.959132872320565169e-02
2.886814375607337640e-02
2.997656391430473036e-02
3.054259941014821761e-02
2.975334676207441742e-02
3.310298876761631759e-02
3.438317808629080818e-02
3.319418441178929868e-02
4.313857062922669960e-02
3.827022785564784119e-02
3.351982854139314016e-02
3.556158428967078067e-02
1.753723688907985953e-02
1.436898550087240337e-02
1.080978755812629297e-02
1.217099554859167859e-03
-2.810017146352694877e-03
-7.253017201217275105e-03
-1.418587458244655736e-02
-1.572463590547438367e-02
-1.135621533173306746e-02
-2.477204075134996526e-03
8.622141669906605932e-04
1.203915652247478443e-02
1.593732056819671672e-02
1.788609913107064645e-02
1.577264371655797900e-02
1.367906800194047291e-02
6.170499523881356994e-03
-6.581092683459086393e-03
-2.132617305154295428e-02
-2.636002369755957239e-02
-3.581080684263984737e-02
-3.713163476849264122e-02
-3.899627925082207319e-02
-4.210695812530138027e-02
-4.185703532057886284e-02
-4.557378777057644742e-02
-4.349350462488819208e-02
-4.373128407508111021e-02
-4.336801216931496922e-02
-3.699805364952095388e-02
-3.582174805463192446e-02
-3.165830735914029748e-02
-2.758940859017479721e-02
-2.624070679618574486e-02
-2.119485161943092041e-02
-1.748034306880085972e-02
-1.518582269107612674e-02
-9.776288982815810671e-03
-4.901221010022834869e-03
-3.250442890587123233e-03
2.755724479421374322e-03
3.297832696358446707e-03
3.123984879016935851e-03
3.053679484299614850e-03
5.090367971627744563e-03
1.557368312949094754e-03
1.676960410033790684e-03
7.429421033302894585e-03
4.636987654973241842e-03
5.979987210358185708e-03
6.790873942921873616e-03
-5.553588006458418525e-05
7.007812894714889182e-04
-2.972619284504362473e-03
-4.461958466941758940e-03
-6.363226388697774960e-03
-1.211063019654635108e-02
-1.278028526770675147e-02
-1.973745838100008851e-02
-2.029849336536870830e-02
-2.338059214356617843e-02
-2.504367497160266479e-02
-2.454491358006590310e-02
-2.970763436475911193e-02
-2.924454970633686562e-02
-3.250551604775484688e-02
-3.483728104702556866e-02
-3.385488266825899956e-02
-3.452321524523891544e-02
-3.180858032664048152e-02
-2.878821661798654577e-02
-2.992015989901939885e-02
-2.541851481272875204e-02
-1.861676054498071636e-02
-1.230102739890297746e-02
-6.841347389289102916e-03
-3.755091730200177998e-03
4.710967543363105310e-03
1.466760193635716775e-02
2.342075387711079620e-02
3.179921072644553010e-02
2.996554254084043273e-02
3.282425424982089723e-02
3.220364179873990568e-02
3.263498613272611953e-02
3.348994817529024615e-02
3.345007074818524134e-02
3.486705513893106206e-02
3.520687015561047711e-02
3.679452699835307483e-02
3.924192210439068212e-02
3.888089621265421181e-02
4.327245929646308942e-02
4.492393998493044577e-02
3.587743487695177480e-02
3.475762082038170303e-02
3.129281763904222247e-02
1.351836137121418570e-02
1.142204943624110410e-02
5.143382729532309725e-03
-2.889265593248423278e-03
-6.629944988116224722e-03
-8.767040048545796105e-03
-1.260761508042196506e-02
-1.419847376260359277e-02
-9.260730191923494461e-03
-1.129302639040421184e-02
-6.208887613731727505e-03
-1.849920668021956234e-03
-2.952872973035001146e-03
-3.149385750691172841e-04
-4.743202068653258607e-03
-6.922178822380819878e-03
-1.510689198566793172e-02
-2.600141179429915975e-02
-3.328799687228473775e-02
-4.301075994296563870e-02
-4.818227370062350828e-02
-5.586284907566795022e-02
-5.882222342305654106e-02
-5.898617519272827264e-02
-6.292238203365198290e-02
-6.050737546455620119e-02
-6.328217270885896917e-02
-6.050731666864401365e-02
-5.510028382049137613e-02
-5.093861627902126349e-02
-4.361630563093622792e-02
-4.268154548601528486e-02
-3.799750270631703508e-02
-3.797985177754014535e-02
-3.746545439286387558e-02
-3.538497539269244013e-02
-3.785901540327493708e-02
-3.512305334779228932e-02
-3.643847880496246111e-02
-3.812402063251297407e-02
-2.924788130846820572e-02
-3.059194749677395658e-02
-3.119548504019698659e-02
-3.187868604520557175e-02
-3.398753148391002454e-02
-3.463596137553464488e-02
-3.999373214022933221e-02
-4.032814148758800260e-02
-4.386896826204329802e-02
-4.762827763604724624e-02
-5.079044235517388844e-02
-5.895504781757580914e-02
-7.007982276438808056e-02
-7.613212466372230869e-02
-8.166060638857410015e-02
-8.450224494260423491e-02
-8.385033594099644549e-02
-8.712521384164476079e-02
-8.397748688948464268e-02
-8.343119045692326541e-02
-7.994137563877684594e-02
-6.602975653278739254e-02
-5.867020972092820003e-02
-3.953868028802875328e-02
-3.227560880722846193e-02
-2.348179649046668732e-02
-1.573806485324674015e-02
-1.214639508195499741e-02
-8.610037779867912508e-03
-3.557826849017962315e-03
-4.402351426520254756e-04
-1.403671449422099361e-03
7.484320697279626001e-04
3.727801493472640559e-03
7.300762554369891709e-03
6.109951667930807635e-03
1.196765152043388625e-02
9.515225003360276018e-03
3.927571617111797787e-03
2.985541077058302423e-03
-6.170804074681251854e-03
-6.752915332305217157e-03
-1.094051903652073186e-02
-1.064103897082538386e-02
-1.212772991134252430e-02
-1.512759173098231734e-02
-1.637111426289341795e-02
-2.194274049703093254e-02
-2.526228383222494170e-02
-2.916216922174974177e-02
-3.581738871654534251e-02
-3.975095981953880031e-02
-4.640244927015962917e-02
-5.069481119526490775e-02
-5.101414351617199888e-02
-4.996494127019035503e-02
-5.019788974351479388e-02
-4.592534008856414413e-02
-4.450462103400878305e-02
-4.092740689257879511e-02
-3.575744864500525477e-02
-3.421575344176406436e-02
-2.757701639707037591e-02
-2.414058595207079633e-02
-2.420099455358070903e-02
-1.975036317898317198e-02
-1.751100201379341900e-02
-1.704035104465547942e-02
-1.250548772007454776e-02
-1.007990921603817147e-02
-9.046458442864510965e-03
-4.185351721429504158e-03
-3.009282300448420325e-03
-1.902732269039020957e-03
2.072960633823652844e-03
3.886458914273486099e-03
4.738788719216504783e-03
1.424450758060564516e-02
1.544776949360545520e-02
1.733339415233698180e-02
2.124576759455167746e-02
2.217721178928404313e-02
2.144030039413443584e-02
2.584033355836352561e-02
2.295506068022245064e-02
2.052301548000564843e-02
1.967630745088181851e-02
6.794782638205006282e-03
8.461545077601877185e-03
4.431102744138631054e-03
1.115607970501246871e-03
7.429485730923830571e-03
6.982319704661573735e-03
1.162097077792583269e-02
1.774493177105865641e-02
2.068126291270092412e-02
2.198694610335404434e-02
1.781894280985423656e-02
7.408663765944358513e-03
-3.285232420815516023e-03
-1.565384236467402823e-02
-2.565084182010772193e-02
-2.593731058094624758e-02
-2.668830237074042155e-02
-1.985706571038735671e-02
-1.123431439855667770e-02
-6.362429659404396712e-03
2.057102737829510485e-03
1.506163734452192239e-03
5.846845251528167905e-03
5.658932081617145532e-03
1.007646461280032463e-03
3.495836731276566315e-04
-1.973838273868826817e-03
1.099649243636314751e-03
-1.004065535063035711e-02
-1.617641249448185589e-02
-2.496409555124426763e-02
-4.865460074638819354e-02
-4.954543686000771607e-02
-5.986487106595006491e-02
-6.603005179596793672e-02
-5.839102353650636734e-02
-6.073630013007948886e-02
-5.547679160490060629e-02
-4.844507662811242676e-02
-4.849014670878838001e-02
-4.025944107332055100e-02
-3.801495730810103280e-02
-3.560979635111800878e-02
-2.954047352694248035e-02
-3.007508157695500117e-02
-2.553092384647548396e-02
-2.306828963400949992e-02
-2.366544911667999712e-02
-1.840597512459655680e-02
-1.968889618464330846e-02
-2.191684719744838375e-02
-2.139578983553524702e-02
-2.833276210292504441e-02
-3.140631286403849226e-02
-3.628713406636999150e-02
-4.305922818635540827e-02
-4.541853708902197223e-02
-4.351879672964489854e-02
-3.755804232334081921e-02
-3.151057758892746724e-02
-1.829005692139025127e-02
-1.152703579415366962e-02
-3.358015570937868816e-03
3.793968675411334493e-03
1.113216820982862280e-02
1.522561753274780973e-02
1.846103006296333920e-02
2.233982217690223468e-02
2.266248355762057187e-02
2.779778012351593816e-02
2.550918648566794303e-02
2.437101987046587023e-02
2.476633541827760396e-02
1.320491846855766614e-02
5.932280860246868376e-03
-3.404539856694322516e-04
-1.807745491801759918e-02
-2.459922125928834871e-02
-3.257191972585814221e-02
-3.955288152451076622e-02
-5.206370589297401597e-02
-4.952562203205961022e-02
-5.742248404146634705e-02
-5.794034431372949157e-02
-4.835071705571240136e-02
-5.375906853613215269e-02
-4.546145879319916927e-02
-4.454557588743112556e-02
-5.312124519039384402e-02
-5.141063537231439079e-02
-5.781527655293974138e-02
-6.436799659087734382e-02
-6.527992981780370019e-02
-7.400460987414803071e-02
-7.611332832636495682e-02
-7.996194217493912682e-02
-8.366359669456915893e-02
-8.427548341007434773e-02
-8.717360246576782989e-02
-8.854318956093740201e-02
-8.948407879722888869e-02
-9.136983952852216484e-02
-9.248758968690898308e-02
-9.374549068395278406e-02
-9.457353832427770057e-02
-9.524109700522115363e-02
-9.595718011275118642e-02
-9.610579181362176315e-02
-9.643031970007498455e-02
-9.655040155581268158e-02
-9.593116802285883704e-02
-9.612110882962804359e-02
-9.509784446013833104e-02
-9.398650537787028858e-02
-9.378294161799544115e-02
-9.079360761920213241e-02
-8.995192841400881378e-02
-8.768736561723924905e-02
-8.288995648753717804e-02
-8.242138677911237110e-02
-7.550496828933112026e-02
-7.120368586648025133e-02
-6.831996975236959146e-02
-5.576239947360064897e-02
-5.291709267838705377e-02
-4.473052318032689351e-02
-3.706745773687868811e-02
-3.575739758058128770e-02
-2.781886713589209331e-02
-2.469386152225548289e-02
-2.128687243838637069e-02
-1.550373121023052372e-02
-1.354133483151155268e-02
-1.084193827049454231e-02
-8.795060044917679329e-03
-6.035456721456684999e-03
-5.446535946222839410e-03
-3.592200829524893908e-03
-3.563464505130671794e-03
-2.791953521977375181e-03
-2.202555179720288268e-03
-2.092101132516894450e-03
-1.572356716626905401e-03
-1.421515094535136378e-03
-9.163080633441896038e-04
-6.859280162325721809e-04
-1.781699938977129860e-04
1.071045811613555079e-03
9.431784179594565696e-04
3.563376864294741288e-03
5.437701353951589038e-03
5.455503032693501987e-03
1.471394974860973370e-02
1.536795641126651596e-02
1.725823672338272149e-02
2.027376330179917613e-02
2.072196193569926861e-02
2.117332682373880559e-02
2.264187551966550041e-02
2.339106797691034231e-02
2.154861978068721429e-02
2.535468311315042939e-02
2.217755328141193111e-02
2.029528103755800020e-02
1.958726645489853452e-02
1.491603980081456469e-02
1.764640973558245091e-02
1.562042569945020984e-02
1.520077258572100423e-02
1.590648649830485664e-02
1.489231178899613761e-02
1.506178373494934490e-02
1.480042302026825414e-02
1.448197789007880237e-02
1.402340766920708373e-02
1.365225887320264953e-02
1.312773531960714606e-02
1.167875400323602035e-02
1.190593540456132311e-02
9.246007499336126798e-03
9.499933998470955557e-03
9.549176068181539773e-03
9.754791943968969467e-03
9.901921011004290521e-03
1.141959491061784668e-02
1.258221086700878934e-02
1.270347110837492799e-02
1.753376310753049228e-02
1.765307497123093372e-02
1.866174519514814806e-02
2.034185336476809075e-02
2.012471781107525934e-02
2.088263925707938701e-02
2.103598813416314786e-02
2.086018946289004000e-02
2.126554591716775522e-02
2.037219215332296274e-02
2.030638843629042553e-02
2.014579718218832000e-02
1.737318709095837105e-02
1.759672550261557819e-02
1.726379156513635840e-02
1.756200890467778455e-02
1.766444467506943922e-02
1.768512393101858912e-02
1.783947107367840970e-02
1.785564350534451020e-02
1.790726208606132144e-02
1.795004822190463326e-02
1.795844810135862474e-02
1.798180886074732948e-02
1.799103140805413323e-02
1.799608294055999452e-02
1.800368028706882118e-02
1.800424925852530181e-02
1.800619018517849237e-02
1.800796693110037067e-02
1.800156025642217494e-02
1.800532491182292930e-02
1.799762734922824917e-02
1.798010920248400632e-02
1.799782267424352572e-02
1.794343679917893147e-02
1.793633670085731033e-02
1.795099522058904093e-02
1.777344128092131839e-02
1.787686018226062115e-02
1.762770843460539916e-02
1.759703958924664288e-02
1.733729856033969924e-02
1.656132810928042862e-02
1.677397791722012518e-02
