3.115072958909829125e-03
3.295207615345456531e-03
6.305937248803948972e-03
5.800076333848150877e-03
8.639954646262002283e-03
9.191994481257972915e-03
1.069959719711884374e-02
1.049054690601815797e-02
1.071348301849701229e-02
1.092701154865155511e-02
1.067964195607618363e-02
1.081918505035568863e-02
1.077591183726889744e-02
1.072848065875552266e-02
1.076777681865166009e-02
1.073554571986527761e-02
1.073626705057181829e-02
1.073964031732009376e-02
1.072993265226886324e-02
1.073221908206779124e-02
1.072934772736245344e-02
1.072762709053922715e-02
1.072560790076536492e-02
1.072217671176393071e-02
1.072194514021036250e-02
1.071024950727315385e-02
1.070995929722651750e-02
1.069799177116488413e-02
1.066367471087924061e-02
1.067221085015819179e-02
1.055972080804641090e-02
1.051894771691832924e-02
1.037303506755366499e-02
9.823239304111650028e-03
9.938807284291252889e-03
8.248632382563356527e-03
7.945500586455019401e-03
7.788467182774879739e-03
6.919034823795093894e-03
6.578861925172223638e-03
6.636617669404450311e-03
5.609498634023718164e-03
5.330256380982662315e-03
6.139255214162388924e-03
5.620086052078739590e-03
5.847642989228781472e-03
8.424775524617036243e-03
7.819943164801057556e-03
6.921523044447716079e-03
7.353799979666330970e-03
6.601295458841961901e-03
8.088290839431600335e-03
1.063090650523698839e-02
2.332938670835293243e-02
2.550645085341620225e-02
3.339392243633054758e-02
3.785889214536070774e-02
3.894041726571965956e-02
4.458480674229799157e-02
4.093868988443224999e-02
4.015792795935745063e-02
3.283665770095173242e-02
1.300434721765398281e-02
-9.277942209612739452e-03
-1.740135241009151124e-02
-3.276173688186696797e-02
-3.610771846552153497e-02
-3.978403176374385730e-02
-4.726795901135411732e-02
-4.557204529155692296e-02
-5.103830556353251141e-02
-5.385070174846790653e-02
-5.374399795525686835e-02
-6.118735040317212215e-02
-6.165378659543076234e-02
-6.597825815793446902e-02
-7.270141994588076584e-02
-7.188615615280134763e-02
-7.854908597439118345e-02
-7.910987713723609260e-02
-7.712404664184085989e-02
-8.157541327322886948e-02
-7.597075583063102322e-02
-7.576496271072270805e-02
-7.462840330627312779e-02
-6.490843012573005444e-02
-6.335499983142456326e-02
-5.451503203727721403e-02
-4.590312318395514679e-02
-4.382806632854707729e-02
-3.275469050185843278e-02
-2.804367265814240728e-02
-1.727577334894353153e-02
-8.072345056946211503e-03
-3.398703119254074378e-03
3.097565611245068923e-03
4.246321238051805648e-03
3.147067910437708217e-03
6.540572064413465586e-03
4.631308738258941606e-03
1.003357826847293272e-02
1.086470608194591535e-02
1.099821801016596587e-02
1.310688751445992714e-02
1.317491698686234537e-02
1.346096676524794269e-02
1.274795827871962398e-02
1.247817754276245653e-02
1.274692181396718665e-02
1.570694060954722429e-02
1.921742300845918558e-02
2.231141286244835154e-02
2.093018783416022294e-02
1.761783764957060641e-02
5.162540236081052461e-03
-6.294262754835881421e-03
-1.678256708445085080e-02
-3.237473733526354674e-02
-3.072110809815228882e-02
-3.466111505868243320e-02
-3.439413198298246765e-02
-2.404212923427155243e-02
-2.187097572509254587e-02
-1.625726884077810519e-02
-1.108127712560322796e-02
-8.099043906101227250e-03
-5.850058007682725110e-03
-5.108851212296110569e-03
-4.735917519938484706e-03
-2.915849412854341731e-03
-2.944861545253602258e-03
-2.715855457240836756e-04
1.400732560722984339e-03
2.087432645241607716e-03
1.083630449509704469e-02
1.385469364507223126e-02
1.279155916221444769e-02
1.866448584664711849e-02
9.750075430498337040e-03
4.147344478579104154e-03
3.083306034996345733e-03
-2.126470664318813250e-02
-1.694207398293171019e-02
-2.484885364535506860e-02
-2.818845906898948678e-02
-1.238452362259203840e-02
-1.691915289188763993e-02
-6.973712029026057566e-03
-3.581948813201067412e-03
-6.754402536784133264e-03
-3.495015686873687022e-03
-5.569219476237334543e-03
-6.649026175228918770e-03
-5.549673772065787797e-03
-7.936330955958210281e-03
-7.670207686241193278e-03
-7.726912893043477552e-03
-9.139517150505699697e-03
-8.187788297691305298e-03
-8.390882479392318058e-03
-8.776682372365026893e-03
-6.960026687676979830e-03
-7.230232766545127351e-03
-5.939820399162368258e-03
-2.957587594837044007e-03
-1.685170487223635293e-03
4.810502766237994524e-04
2.181927580242976668e-03
2.951613655009135972e-03
2.777652634830193434e-03
3.486321482222809985e-03
1.900844809970919386e-03
-1.889576396731715692e-05
7.792998002691769695e-05
-4.790474046201169921e-03
-6.101621272422457637e-03
-5.331850870002482340e-03
-9.664170438779259159e-03
-6.872530692476302820e-03
-6.812215726737175583e-03
-9.012117105687616689e-03
-1.620812654367892241e-03
-2.758387677438721170e-03
-5.315765206960847838e-03
-3.026087989828161497e-03
-2.232714411386226960e-03
-1.280158231066214330e-03
4.107636255415690781e-03
9.602532180045895288e-03
1.559277119847423190e-02
2.581443289857903584e-02
2.398477462794338169e-02
3.702944993199520224e-02
3.339883127501915017e-02
3.182405863554484127e-02
3.187280675657847007e-02
2.753325631292549702e-02
2.275585940465845239e-02
1.592049377495704382e-02
1.393578218204185454e-02
-9.492935428331120444e-04
-1.888735763548782850e-04
-2.857196562550298660e-03
-7.951100901352474437e-03
-1.846327802319587162e-05
-1.916744736558225826e-03
-2.181763510857834525e-03
1.097125696913022960e-03
-5.259071776513515742e-04
9.055754550512876014e-04
1.374680384526276791e-03
3.095896394827837091e-04
6.430392272050660480e-04
-2.815566830343295347e-04
-8.739295722146316493e-04
-1.224374296824301545e-03
-2.244265354501104315e-03
-3.595319558195068325e-03
-4.030624296556395772e-03
-6.989658338841133259e-03
-9.242823037087332175e-03
-1.078241307131355860e-02
-1.845241845249440821e-02
-2.050030337461372990e-02
-2.570571003858642192e-02
-2.966757546122645792e-02
-3.154402985366273893e-02
-3.391933788955919099e-02
-3.788042693224541457e-02
-3.990269360524779929e-02
-4.531763691147384920e-02
-5.224918066565385072e-02
-6.365968613440875501e-02
-7.045641465181547158e-02
-7.535472209892207784e-02
-7.868846486349015401e-02
-7.817712649045432949e-02
-8.121575917433625225e-02
-7.856876962235122275e-02
-7.802052584277294200e-02
-7.489578469248862891e-02
-6.170383913313414598e-02
-5.514509142382537088e-02
-3.700297898620868303e-02
-2.992509571670987772e-02
-2.239761008870871928e-02
-1.343907263033536359e-02
-1.089003226596519866e-02
-7.431520617210010150e-03
1.176821912338471684e-03
-5.452862116537065748e-04
-5.714865167340549149e-04
-1.418082198969486266e-03
-1.254550236050479273e-02
-1.612229997661600300e-02
-2.204079212624478201e-02
-2.860396719041504929e-02
-3.339443811833479880e-02
-3.756699375211908914e-02
-4.088356999013184612e-02
-4.209949182022857533e-02
-4.479839029460016414e-02
-4.616052933148470649e-02
-4.835457075523962034e-02
-5.163467221407765095e-02
-5.253044524404500842e-02
-5.752009411096795088e-02
-5.889210278426491169e-02
-6.091848738039812305e-02
-6.427082851055065937e-02
-6.438949663137731594e-02
-6.672205000628723959e-02
-6.809877614321775685e-02
-6.745719150784151852e-02
-6.970760957072308361e-02
-6.824559569998982222e-02
-6.716229753776326028e-02
-6.598602087373844904e-02
-6.035246213241679536e-02
-5.799482220459915155e-02
-5.283641562546968762e-02
-4.687411404302403023e-02
-4.240956056221316384e-02
-3.453817803712012913e-02
-3.073519380213290617e-02
-2.150299529994052078e-02
-1.697652406291472529e-02
-1.016379242591408487e-02
-6.584951402187246526e-03
-2.702550567148851064e-03
-7.862587162167243484e-04
-4.131893236700566463e-03
-1.479259793339223871e-03
-2.210976285582595246e-03
-1.023744356756435200e-03
7.040738833979783180e-03
6.333968844959062504e-03
7.169831226864727299e-03
8.602282380986371949e-03
3.742503605477539414e-04
1.141560948622323719e-03
-1.581078326964688264e-03
-5.527237557444004967e-03
-6.330461435259573076e-03
-3.514294385492259046e-03
3.510373446615554661e-03
6.435208573931410631e-03
1.984368324479141021e-02
2.040120176564690427e-02
2.483659346887162958e-02
2.912809228747409787e-02
1.917908014998272528e-02
1.930387784124657988e-02
3.417128876569826886e-03
-2.021050230491273567e-03
-1.060414107738803791e-02
-2.111894797365763618e-02
-2.531494483260680883e-02
-3.793570792410060760e-02
-3.782638304732724444e-02
-4.391957824768404767e-02
-4.319518277843240051e-02
-4.230907023012918378e-02
-4.401757776822882301e-02
-4.084431701261335979e-02
-4.202889687567289145e-02
-4.033586235240828322e-02
-3.983857701906799720e-02
-4.400816019005653751e-02
-4.462921507589862752e-02
-4.678501062065193450e-02
-4.830729885877714513e-02
-5.055225579100053324e-02
-5.079787687292945664e-02
-5.118694092674432039e-02
-4.951212652960682720e-02
-4.943323943116233188e-02
-4.969184989863860424e-02
-4.688689064687898145e-02
-4.771008517874585769e-02
-4.644304788873956230e-02
-4.273931818370341196e-02
-4.429216828974465170e-02
-3.858264058312908112e-02
-3.106581085243435500e-02
-2.733503375378228475e-02
-1.712011350676404670e-02
-1.598108298627176627e-02
-9.937887037898138903e-03
-1.157742985253093840e-02
-1.683084967674446791e-02
-2.235523320560808477e-02
-2.703460438753917464e-02
-2.669168665190388076e-02
-3.053686535358728082e-02
-2.795544470659057715e-02
-2.946173951751610703e-02
-2.748911661655526958e-02
-2.405206952710174997e-02
-2.558077869229389428e-02
-2.133251376239784017e-02
-2.208410601439133106e-02
-2.098290493344684426e-02
-1.723690294668945439e-02
-1.916666335153591888e-02
-1.450949362363761729e-02
-1.151655828640543028e-02
-9.923471660728671109e-03
9.794388936468334094e-04
2.649432075676980483e-03
4.798108649463186937e-03
9.771950546157058548e-03
6.991919272655336762e-03
1.211486376344872787e-02
1.160375023382257710e-02
1.294991134635926217e-02
1.394874594867633218e-02
1.542297550038050288e-02
1.677746343673526194e-02
1.899423144304285271e-02
2.596045699808544743e-02
2.681808196604638234e-02
3.050126278202881097e-02
3.061688207345713078e-02
3.105244092015212523e-02
3.124590387942454209e-02
2.549850242407637052e-02
2.266988840832019278e-02
1.870809273097649716e-02
1.448432432552825173e-02
1.365389473909837080e-02
1.341360102333093857e-02
1.430512747085217404e-02
1.411749719231296211e-02
1.527220575241085981e-02
2.052477344924098085e-02
2.109147422259791474e-02
2.288265521178177789e-02
2.069506095292662079e-02
7.871132102810251066e-03
-4.841387078212466832e-03
-1.396646151487534494e-02
-2.701581680972533692e-02
-2.633732877521031274e-02
-2.761370100819081352e-02
-2.431198739066818548e-02
-1.457512201219209567e-02
-1.429886030753547109e-02
-7.759007317286949375e-03
-4.142138442274600693e-03
-3.969429751216984464e-03
8.186770015009640347e-04
-5.519579876275236552e-04
2.072082374771225168e-03
5.927181366331410635e-03
6.336102111090567875e-03
7.522550915086473854e-03
1.488604841328984487e-03
-4.307668880298821425e-03
-1.696756741826217427e-02
-3.717719766434508799e-02
-6.077909084720947708e-02
-6.994772064287997637e-02
-9.476330639972761760e-02
-1.036791662115144202e-01
-1.097468974114205881e-01
-1.283898696915992954e-01
-1.271305327827213782e-01
-1.324738368470721739e-01
-1.347217391378967843e-01
-1.293855401606618105e-01
-1.301350764763765655e-01
-1.196102630147408141e-01
-1.147656417212754576e-01
-1.038617219896658117e-01
-8.737035425057315674e-02
-8.167233193306534800e-02
-5.849126908993440566e-02
-5.279118280449486555e-02
-4.607350781190554245e-02
-3.425585596418553869e-02
-3.428937886565854715e-02
-2.779539834442642035e-02
-2.445388377099021876e-02
-2.541119116656315180e-02
-2.232987586811010020e-02
-2.366028996371352319e-02
-2.615625176644405248e-02
-2.828915551707034126e-02
-3.166191749639468700e-02
-3.963025645819725357e-02
-4.358400397044701752e-02
-5.210535787651063289e-02
-6.425471712467469010e-02
-6.532684406462042903e-02
-7.922946608012225445e-02
-7.821099111602922149e-02
-8.022054543863854636e-02
-8.539364145042209475e-02
-7.838918816225112773e-02
-8.176020573204510755e-02
-7.632349404333038656e-02
-6.926524494484724570e-02
-6.943593890069275909e-02
-5.518364517649744505e-02
-5.261707418058977903e-02
-4.827376145768193239e-02
-3.922233397064329996e-02
-4.015228622795635055e-02
-3.366776849754982842e-02
-3.049005371766449687e-02
-3.072994322779031701e-02
-2.411087603413597166e-02
-2.458221440614179534e-02
-2.134677114555498176e-02
-1.538498866207448600e-02
-1.530223387247460487e-02
-6.126833343014493477e-03
-3.341124247530942795e-03
-8.206191149819420157e-04
2.480883512716769781e-03
5.535482662594571647e-03
7.542927750517455093e-03
1.610992031716562429e-03
4.764131322298377665e-03
6.390056585286023501e-03
5.470370222116220822e-03
1.835201354011289573e-02
2.127709088632201775e-02
2.873149881351799717e-02
4.146697339225661333e-02
4.127365749878168094e-02
4.170772004721381293e-02
3.994822971989529792e-02
3.361611897669003479e-02
3.291449765271923372e-02
1.447220852494245265e-02
1.323417488669645023e-02
1.055079021096229190e-02
4.436407771493898131e-03
5.017058470335396085e-03
1.943726846769821799e-03
2.504180075686566337e-03
1.600021965634636136e-03
1.156502841466002353e-03
5.295253202199185112e-03
5.510713796276270164e-03
7.422490885644494711e-03
9.143578733684171872e-03
9.843572357974403678e-03
1.118396080000419630e-02
1.180202331515917483e-02
1.305758043012066050e-02
1.337681236603002061e-02
1.398255703038732596e-02
1.412291923150035648e-02
1.411892880851318283e-02
1.445981967251754388e-02
1.453897933156972355e-02
1.460889673518245280e-02
1.500570577805544932e-02
1.528676149566754114e-02
1.530703713955946545e-02
1.653937300157636708e-02
1.652583797215517042e-02
1.685005103365221774e-02
1.719903637040968297e-02
1.720093799453744146e-02
1.737819400473912188e-02
1.744950182602834909e-02
1.747452511424004568e-02
1.753535485825110860e-02
1.754942989144735177e-02
1.756669476202478430e-02
1.758315431043287747e-02
1.758766161290663960e-02
1.759486800641984344e-02
1.759892266213879120e-02
1.760067279472871810e-02
1.760256309537104602e-02
1.760376604404001455e-02
1.760284021126743217e-02
1.760282424574897281e-02
1.760289799376586056e-02
1.759618548949833106e-02
1.759897446181360459e-02
1.759114640919988079e-02
1.757412875928077850e-02
1.758998790879649082e-02
1.753882367952979554e-02
1.753171879517391799e-02
1.753868805401357853e-02
1.738441814458152948e-02
1.746561249300079138e-02
1.721195320600795928e-02
1.726394020822629577e-02
1.687899775621083676e-02
1.623314080725852052e-02
1.651315915396813286e-02
