2.093685410571655414e-01
2.186079332013321774e-01
3.506341416498913177e-01
3.715677516879763442e-01
3.604338219864615667e-01
3.842381538618953041e-01
3.715611710115974131e-01
3.747355634330249430e-01
3.782052460851521025e-01
3.739133627344369271e-01
3.768278239450315037e-01
3.761883496338893629e-01
3.756540276691486269e-01
3.765752152334225777e-01
3.760039395802757811e-01
3.761922563288840338e-01
3.762972772649469388e-01
3.761191694172438815e-01
3.762455329997108633e-01
3.761708195201953764e-01
3.761471258555362240e-01
3.761469037742819488e-01
3.760198538469051721e-01
3.760457457350388499e-01
3.758402786129230178e-01
3.756795967657133861e-01
3.756815460442957111e-01
3.749111462539735373e-01
3.749909591317566182e-01
3.743155065015494332e-01
3.724851599759961274e-01
3.735361458829881687e-01
3.692031721877032102e-01
3.674264127080295039e-01
3.680761993848167268e-01
3.501655644540841439e-01
3.449136049345186694e-01
3.326001639089559703e-01
3.166227184141962581e-01
3.081764310702428400e-01
2.998024518947832173e-01
2.618705675821969003e-01
2.586392254337908092e-01
2.193595616419853900e-01
1.947083608848087788e-01
1.810428750970022871e-01
1.016041799223662556e-01
6.256359078500040027e-02
3.032097804999047547e-02
-5.630146834086226931e-02
-7.068260047769926724e-02
-1.024511791647360337e-01
-1.155016769471563509e-01
-8.637741387775743629e-02
-9.644725291129255251e-02
-9.507855522791319736e-02
-7.801229231268651254e-02
-8.728402034817148158e-02
-2.418953544055592042e-01
-3.094242971643973994e-01
-3.626576930683383382e-01
-4.668048717970755823e-01
-4.838119694868942000e-01
-5.548836805049315313e-01
-5.931889717534193363e-01
-5.955066447469929969e-01
-6.502299403187432603e-01
-6.479517661273090923e-01
-6.565911782729493273e-01
-6.859860147356997562e-01
-6.510732537379814167e-01
-6.628058346819221125e-01
-6.479788311613087215e-01
-5.559003201489657320e-01
-5.457390210648822571e-01
-5.392225068892951834e-01
-5.270648288588357655e-01
-5.341253834439771975e-01
-5.307485606444296566e-01
-5.266788956295193058e-01
-5.360877912597282746e-01
-5.324482396667092887e-01
-5.379165712513649389e-01
-5.374142544393686327e-01
-5.275836286685904319e-01
-5.290795037970913439e-01
-5.180868078435227897e-01
-4.930239137891547219e-01
-4.789079574884599344e-01
-3.862933495043788801e-01
-3.180248931680505486e-01
-2.312786066460591761e-01
-1.491716954902866099e-01
-6.253911742481088609e-02
2.022824854824369425e-02
1.867716441126674454e-01
2.715239765837085262e-01
2.839141989480954420e-01
4.066638947918586044e-01
3.954943021415768811e-01
4.201440476407068414e-01
4.318323856160946050e-01
3.860495013444137369e-01
4.204709184523986454e-01
3.848367763355239335e-01
2.991968086583748909e-01
2.856133126133863498e-01
-1.173814267584760533e-02
-4.008212193302539139e-02
5.824955378328161570e-02
8.480733829109082453e-03
6.862842171451020989e-02
8.446416710234920522e-02
3.984386651829874282e-02
-4.953697830832823334e-02
2.139139721280190060e-02
-3.977898492226793897e-02
-3.162577766435731297e-02
-1.415564987054619417e-01
-2.808961854849874040e-01
-3.445011277595571020e-01
-3.773849039031863528e-01
-3.814500504804737568e-01
-3.857875616720813361e-01
-3.337478809714807815e-01
-2.906102262415222182e-01
-2.893655639521720557e-01
-3.050310504575891590e-01
-3.054613457930800413e-01
-3.268378136473231721e-01
-3.461047415801777882e-01
-3.460262741466583747e-01
-3.530669731875506479e-01
-3.531201266210529099e-01
-3.359321737174670308e-01
-3.445832038213835768e-01
-3.236250248139730390e-01
-3.189478561791933009e-01
-3.328102448228967281e-01
-3.126951157529666570e-01
-3.162106290740789305e-01
-3.287172962031365553e-01
-3.226106681151357791e-01
-3.673828542149100151e-01
-4.067088732522200489e-01
-4.720723858126857353e-01
-5.581982545439273524e-01
-6.226561468080054063e-01
-7.226867184103685782e-01
-7.806003875098943556e-01
-8.005101553793605440e-01
-8.368734804141767514e-01
-8.220285704426197881e-01
-7.876926956804931601e-01
-7.266904600535920578e-01
-5.914275386207688001e-01
-4.981966731805936854e-01
-3.134751393532431152e-01
-1.672564616937746440e-01
-7.517278512064071161e-02
1.697006747697837326e-01
2.490113893832445469e-01
1.864079037860155164e-01
2.998242349202753232e-01
2.457883242780769528e-01
9.802429553137995133e-02
9.649104915517395242e-02
-4.555528360873106232e-03
-4.382845750712232452e-02
7.623679333109234513e-02
7.482073315478122988e-02
1.065382779399223073e-01
2.731502827605730155e-01
2.322844000028318756e-01
1.890220170646093878e-01
1.757688985019607020e-01
-1.520534816699805059e-01
-1.391473691747429353e-01
-1.988184321779328800e-01
-2.019946293012111482e-01
-1.514413867160541993e-01
-1.675961714391074886e-01
-1.867715735506877972e-02
-3.140776694384141143e-02
-9.089440371671492214e-02
-6.916694922469490692e-02
-1.543857855680183799e-01
-1.489368808950390366e-01
-8.543731702886188384e-02
-7.545975589710235409e-02
4.366313515765035680e-02
1.484873477459360824e-01
2.530536956041193331e-01
3.566722626580584588e-01
3.993969971362006932e-01
3.910928384054578322e-01
4.013750201925359584e-01
3.795988891320511427e-01
3.121636986795587321e-01
2.528230668631828992e-01
4.476504339925129784e-03
-6.727275406775314048e-02
-5.417312698793733811e-02
-7.106220835985727069e-02
2.391763555338891414e-02
4.494102101623989425e-03
1.388691350387618872e-01
1.557884342142992762e-01
5.229367425067369540e-02
6.956716085410388772e-02
-1.040072005517215983e-03
-8.466122801101724771e-02
-1.355026828781068504e-01
-2.305874173723788112e-01
-3.000195735964642507e-01
-3.330550571001618110e-01
-4.033558991859812481e-01
-4.107172734175367768e-01
-4.075640169987022610e-01
-3.723379329035887420e-01
-2.891621487165266791e-01
-2.378650084669442222e-01
-1.317710903561999658e-01
-6.328167978542643957e-02
-2.043873972265525599e-02
5.879120545333908071e-02
9.523160719174834921e-02
1.416749325510397450e-01
1.911039594654111995e-01
2.065715724134648268e-01
2.987533545779482158e-01
2.349415474513163460e-01
2.561698068378408522e-01
2.428516300551685214e-01
1.190366774532435057e-01
8.962759972380525408e-02
-6.770730644744300808e-02
-1.730502329782472037e-01
-2.322548022324046058e-01
-4.469987994655856833e-01
-4.637189699552327071e-01
-5.254952188308327221e-01
-5.326298520378689449e-01
-5.403511046143616436e-01
-5.623714194739197758e-01
-5.557043855114641717e-01
-5.667005846584978190e-01
-5.713240209829010263e-01
-5.683131901288079879e-01
-5.783447229683550406e-01
-5.767079787698535798e-01
-5.792447774733685550e-01
-5.886021872542654965e-01
-5.828821856187386130e-01
-5.923808398493645155e-01
-5.898521088812351820e-01
-5.786962505280611735e-01
-5.870288421494180842e-01
-5.676488436891623524e-01
-5.648834760944334565e-01
-5.599207270147747995e-01
-5.272067204271904117e-01
-5.253191864707781322e-01
-4.399546112161708544e-01
-3.824158353517294606e-01
-3.100359846586273060e-01
-1.523543153026087338e-01
-9.209322439788296399e-02
1.764371450820520840e-02
1.501764860302093885e-01
1.914982625003475991e-01
2.751300408733873826e-01
2.919109764672726537e-01
2.595374568387134318e-01
2.867575927695310001e-01
2.045442212786169611e-01
1.893723900144000938e-01
2.183387995129638104e-01
1.247631738831909559e-01
1.413030490049002053e-01
8.597852012622009266e-02
-4.691028889286880110e-02
1.835263975016420898e-02
-7.139614785687094234e-02
-4.391676692551255839e-02
-2.155437630319702036e-01
-3.286378637956970383e-01
-3.914063710868034285e-01
-4.849323213636813623e-01
-5.033002106571314860e-01
-5.293463411101707594e-01
-5.419152182100086534e-01
-5.474529364036249124e-01
-5.575395610719401374e-01
-5.602906119065034218e-01
-5.605465736472242666e-01
-5.635471342329676503e-01
-5.621771951958826063e-01
-5.543146813601542711e-01
-5.546676664359772024e-01
-5.385535201450898368e-01
-5.190908837809183884e-01
-5.002559132626170912e-01
-3.619740142203062838e-01
-3.015616256550474605e-01
-1.659930744497276345e-01
-8.217021953114320154e-02
-2.364143216393497365e-02
9.429809785720516535e-02
1.852784713546673512e-01
2.026907798241669167e-01
2.377829090884887031e-01
2.231076119027287086e-01
1.918574887242658344e-01
2.005500979086521918e-01
1.535708323642569484e-01
1.359617751485593939e-01
1.207755967644697226e-01
2.108281832926934413e-02
1.616514435366334448e-02
-2.809823631211647368e-02
-1.881395847701802446e-02
-1.198737978796281939e-01
-1.191200578521181899e-02
-3.844448944161868442e-02
-3.434629066322587854e-02
3.438516401356727509e-02
2.600072953789342792e-03
5.791790004280345655e-02
1.120838518130984063e-01
8.426913061031107710e-02
2.296843645536001954e-01
2.214892532138436343e-01
3.002528241846525933e-02
4.441216342748253998e-02
-4.844808121678334523e-02
-5.901438699360614382e-02
-5.473144089148986730e-02
-9.350436981253754110e-02
-3.319053005328274908e-02
-9.131436594477316052e-03
-2.098248691390304423e-03
1.194489847671328930e-01
8.377362724356020307e-02
5.442521554213976959e-02
1.272218197565007890e-02
-7.440124481729329387e-02
-1.031212923079124488e-01
-1.703195534408342426e-01
-2.185304420938941339e-01
-2.745219953316037076e-01
-3.601921831768561399e-01
-4.072091510209238097e-01
-4.685718925704451809e-01
-5.255527395451362604e-01
-5.597362070203995010e-01
-6.126542064750531980e-01
-6.348920209413083660e-01
-6.624420699519516509e-01
-6.996256648791527866e-01
-7.000561242428178232e-01
-7.231822532644113233e-01
-7.172809469435859064e-01
-7.103431385810238252e-01
-7.096644535148349808e-01
-6.704559115694320726e-01
-6.616646767473546298e-01
-6.188816239658111451e-01
-5.406623638251891739e-01
-5.506517231115424238e-01
-4.963874788790805792e-01
-4.704266280955323731e-01
-3.471069704927461363e-01
-2.338549545796174134e-01
-9.525799701448835199e-02
-7.905781601886993637e-02
-3.870051132315462800e-02
-3.718731877310661044e-02
-2.344769659252166766e-02
-8.488148399897416443e-03
-9.811222769729392723e-03
9.429546882558439980e-03
9.764326241205005877e-03
2.229452587708842526e-02
3.389833388145457871e-02
3.369017492892919380e-02
5.609814817282220145e-02
5.379813493157994952e-02
8.627871038170566165e-02
9.199030613616447638e-02
2.357953395652481396e-02
2.653467666189350538e-02
1.825971072769086087e-02
-3.779199190548312819e-03
1.774754591113167357e-02
7.802311625699354103e-02
7.803523782395853370e-02
1.120352868010594388e-01
1.256688889696027100e-01
1.073138966746355200e-01
1.088565233870080057e-01
8.557898407722801248e-02
7.687396091272417908e-02
6.820023109477857393e-02
5.597381177102490890e-02
4.722954027223366658e-02
3.695757236960187792e-02
2.663458735007294062e-02
7.377783522729200807e-03
-1.968431279955016721e-03
-2.982220476941194534e-02
-6.102747745442888699e-02
-7.685851604316579211e-02
-1.452436215902410399e-01
-1.535629339398898729e-01
-1.688023405799822241e-01
-1.961857224035131742e-01
-2.030851934938943393e-01
-2.599366187740614897e-01
-2.484089781717591927e-01
-3.093579576329289482e-01
-2.999941024991247263e-01
-2.760524306373043357e-01
-2.985201084633791191e-01
-2.413437427201921004e-01
-2.067450743238320732e-01
-2.001749468732118009e-01
-5.227936606153487514e-02
-4.469490290592740417e-02
5.442173468573151436e-03
5.283983125872738357e-02
6.711524818655938140e-02
9.866173324896793106e-02
1.250073512047728264e-01
1.554465722071856348e-01
1.699186932779525872e-01
2.302323886530748542e-01
2.359862637310966293e-01
2.471004070402772201e-01
2.649335743410347610e-01
2.656045097751618123e-01
2.759073485728650854e-01
2.795073536739006714e-01
2.867613609894348325e-01
2.909484608850496090e-01
2.919200308259451426e-01
2.937408278580207477e-01
3.005733286250885650e-01
3.181980072834352802e-01
3.202284019292329087e-01
3.529835082915587230e-01
3.527869318400129184e-01
3.554339303790161053e-01
3.640154110555146594e-01
3.622084195763802805e-01
3.654634865168471247e-01
3.668989477831073320e-01
3.666493465427363430e-01
3.681227653110358822e-01
3.679330483478843172e-01
3.681901227133745347e-01
3.685716946365443780e-01
3.677225240019131314e-01
3.685063948750810225e-01
3.674208293086673738e-01
3.661328104528969729e-01
3.681709155669773970e-01
3.620141207384324211e-01
3.640009481129050650e-01
3.639421962848363168e-01
3.459689808360943419e-01
3.651892729757894585e-01
3.353365187860837260e-01
3.086561628877578234e-01
3.286157038577361966e-01
