-4.280439647736151293e-02
-4.194255823913648623e-02
-5.645842104101461700e-02
-6.050858017998501232e-02
-5.286161912529953322e-02
-5.584954133060831410e-02
-5.383155325112076034e-02
-5.265587216325725434e-02
-5.324832481185600569e-02
-5.230543435863258678e-02
-5.229167894461354132e-02
-5.224733756202180196e-02
-5.198979158520646016e-02
-5.202556559429891148e-02
-5.194860936006331226e-02
-5.189982143004125137e-02
-5.190245589116868064e-02
-5.187015892974659870e-02
-5.186408518699613807e-02
-5.186079863955654623e-02
-5.185226536235101186e-02
-5.185459761905854281e-02
-5.185709884974876865e-02
-5.185659637342832085e-02
-5.187162494182176453e-02
-5.188025726779976060e-02
-5.188902690777326410e-02
-5.194437485765501100e-02
-5.194117752331585403e-02
-5.201499872511233802e-02
-5.215301020462039666e-02
-5.208227508949943296e-02
-5.249926025688295139e-02
-5.260768600764276909e-02
-5.254045319324563562e-02
-5.405284969128536926e-02
-5.224855841152803437e-02
-5.291561512106883469e-02
-5.007311574936306603e-02
-4.690869922358600896e-02
-4.855506581690795936e-02
-3.240236112452245937e-02
-2.678046162590642237e-02
-3.597466578154116801e-02
-2.167460871230458136e-02
-2.452527336148413450e-02
-6.230651908586364029e-02
-6.000894061744943553e-02
-9.427869589831734676e-02
-1.001223685148212167e-01
-8.855640006106280104e-02
-9.138766409366415322e-02
-8.498539156768392111e-02
-9.476505251242821337e-02
-9.910907586239832423e-02
-1.099380701167823049e-01
-1.081692842439049146e-01
-1.296152600389695875e-01
-1.260446685116175247e-01
-1.310030426422436056e-01
-2.001856383674389672e-01
-2.066732842862220587e-01
-2.155580305019405285e-01
-2.260955463441195468e-01
-2.247170397862266467e-01
-2.298063810958668740e-01
-2.295768153413375590e-01
-2.302164020302613634e-01
-2.326937839642162220e-01
-2.309214043843451081e-01
-2.317922280318865658e-01
-2.315279141269532825e-01
-2.290307299905292027e-01
-2.290480683801701667e-01
-2.262081546884373018e-01
-2.228433106379768824e-01
-2.212209344170235625e-01
-2.149207987212901627e-01
-2.104606270560307746e-01
-2.046682911690975715e-01
-1.938554449341620411e-01
-1.908115149447424108e-01
-1.780713186047036267e-01
-1.716870603804497575e-01
-1.632323819023936973e-01
-1.441402664120672028e-01
-1.352023197014932399e-01
-1.116142927943568897e-01
-9.175252019899973743e-02
-7.580124883409063152e-02
-2.478841538590821625e-02
-8.349073000093182664e-03
8.740397550270201377e-03
2.340786033480552961e-02
2.625215628282509192e-02
-3.632596107164437569e-03
-8.828491664422427609e-03
-7.525422977734490086e-03
-2.375708450566324861e-02
-2.450341721904022302e-02
-1.571889490606407508e-02
-2.230527561175507309e-02
-2.865743986945888319e-02
-3.016743109372256593e-02
-6.739482196859090946e-02
-6.654151494352679441e-02
-7.296108758679602235e-02
-9.544763164207532846e-02
-9.026109954240583988e-02
-1.169037157022899814e-01
-1.137782550777506896e-01
-1.465191643043162184e-01
-1.897886921531981019e-01
-1.733527941551442353e-01
-1.627752340644463835e-01
-1.686348382410797486e-01
-1.415224786076939301e-01
-1.388514468132767410e-01
-1.192977063035845914e-01
-8.951751262881069149e-02
-7.531819729179270451e-02
-5.654670163404918598e-02
-4.313725186632402092e-02
-1.894442539219001048e-02
-5.212991081864794393e-04
-3.635897641648770922e-03
5.816860256717187525e-03
-2.349506023294695503e-02
-2.760356630226459829e-02
-1.974001195162972816e-02
-3.159598048776069562e-02
-2.198259999220225289e-02
-2.771494389690350169e-02
-2.577360718660448233e-02
-7.295887135218505262e-04
8.266280334046277600e-03
5.858135113398751752e-03
1.244263985482339623e-02
-1.860276890352128773e-02
-2.440058860049806530e-02
-4.369863923403966705e-02
-1.279155263329430914e-01
-1.246118902403323264e-01
-1.704996380974609094e-01
-1.722572062505106083e-01
-1.470347994836009031e-01
-1.480893738198437726e-01
-1.375749168907531017e-01
-1.366006798712768311e-01
-1.465379381897890243e-01
-1.480284150445689839e-01
-1.519955814143750528e-01
-1.578909068175429198e-01
-1.585059119827395280e-01
-1.634581694436412769e-01
-1.654983458792305129e-01
-1.674609626891072900e-01
-1.706780052103099854e-01
-1.715271222305909671e-01
-1.742924265013733043e-01
-1.752775920334970483e-01
-1.772040686038549306e-01
-1.791974273155345632e-01
-1.800669914252658876e-01
-1.846565355641777983e-01
-1.874487671471794237e-01
-1.911969837256607130e-01
-1.981015515439632779e-01
-1.991635023536022508e-01
-2.057793860130377739e-01
-2.116004511638313879e-01
-2.110376133108035901e-01
-2.223036878614821077e-01
-2.206696553027918672e-01
-2.213225348762032918e-01
-2.268418067519473724e-01
-2.039180963783913114e-01
-2.038741214316784345e-01
-1.881378802649637805e-01
-1.558567305678212056e-01
-1.484609869532381166e-01
-1.237821126790230042e-01
-1.133427489990308235e-01
-1.118493391471860748e-01
-1.004006404268995428e-01
-1.078062723579221449e-01
-1.097332746755388388e-01
-1.110702477814116684e-01
-1.212721239968315157e-01
-1.358599069632339951e-01
-1.459555972182588757e-01
-1.322442958227358079e-01
-1.424709391022380978e-01
-1.314615598677048303e-01
-1.287617071287016635e-01
-1.252787314849023170e-01
-1.199369977967904288e-01
-1.132356147664106694e-01
-1.035363802152246271e-01
-1.011884101672363007e-01
-7.638596932331313816e-02
-7.575834283922568135e-02
-7.377321311598936115e-02
-6.621456409150751343e-02
-7.106503839429770264e-02
-6.801384642860448804e-02
-6.744345584563680995e-02
-6.811572276781024948e-02
-6.719746384346229895e-02
-6.729386760932830336e-02
-6.677184140870923157e-02
-6.891276661021150662e-02
-6.937451850780725071e-02
-7.109980195827297900e-02
-7.390718296763196249e-02
-7.339091103813127903e-02
-7.656328499410530730e-02
-8.171039808863210518e-02
-7.693285670679633759e-02
-9.286825529823637682e-02
-9.327360004409192273e-02
-8.943969550469255125e-02
-1.501356872102984907e-01
-1.506362016049770380e-01
-1.370558565537540463e-01
-1.306812209987733842e-01
-1.266750610561374057e-01
-1.141822459018234648e-01
-1.055360717165642198e-01
-9.533219871353454389e-02
-6.869347256116226097e-02
-4.777287118531060167e-02
7.554198433033476080e-03
3.972314832431393661e-02
3.938544264869580508e-02
5.266657413236909557e-02
4.825715463808836342e-02
5.532825693126815908e-02
6.290572801331754949e-02
6.227389388704911849e-02
7.281963420695589106e-02
6.559774568047946341e-02
5.331428657555872808e-02
1.766566816685294708e-02
-8.631121429703143139e-03
-9.985568500702934891e-02
-1.243850062462347750e-01
-1.297319525243643412e-01
-1.531251053662493200e-01
-1.631822737365687948e-01
-1.661356080000267188e-01
-1.755785725556186505e-01
-1.728192624730355009e-01
-1.746491718915186564e-01
-1.722300780398560438e-01
-1.662058286887805325e-01
-1.650299475279181916e-01
-1.596583354505407559e-01
-1.554848562094502118e-01
-1.532056413240027726e-01
-1.504113134932693885e-01
-1.434924234580117752e-01
-1.403442620049201173e-01
-1.331087354266751177e-01
-1.231239203150111400e-01
-1.194045822742870328e-01
-1.058120082715883065e-01
-1.006755823393477994e-01
-9.963394772119421594e-02
-9.010006330510404726e-02
-9.181745589102763283e-02
-8.792067883043573617e-02
-8.296460074173747645e-02
-8.736859856777139111e-02
-8.098070784077415762e-02
-8.426084009155865306e-02
-9.070477244784254378e-02
-9.128875579902936965e-02
-1.063104041197505262e-01
-1.115390371920886720e-01
-1.188354625901899969e-01
-1.329169679711637297e-01
-1.338910547101513637e-01
-1.317196990179367866e-01
-1.346160025703405094e-01
-1.213525597575737941e-01
-1.154523540371793916e-01
-8.588481714790099919e-02
-7.756745011809797197e-02
-5.846932940656458799e-02
-4.595906303979142848e-02
-5.384602737622340429e-02
-5.482061364943958959e-02
-6.163165439632271869e-02
-6.246958983564420559e-02
-7.462764026588350474e-02
-7.512316242765931795e-02
-6.439220547871638001e-02
-6.429415756633173606e-02
-5.391318370978612912e-02
-5.035127343572753933e-02
-4.856081352136270429e-02
-5.627028322310037578e-02
-5.491729809144684643e-02
-6.721520029429028931e-02
-8.454370024406336614e-02
-9.156278359300075442e-02
-1.240162913538619405e-01
-1.292341053186910060e-01
-1.472635844802330229e-01
-1.580182482816799849e-01
-1.564495264461791824e-01
-1.606913089925097737e-01
-1.562167077888248767e-01
-1.541278666793480523e-01
-1.647474807767344285e-01
-1.572998288914598253e-01
-1.554146376574325472e-01
-1.410209439285667610e-01
-1.361396295390522038e-01
-1.278445132903714976e-01
-1.196734891110744353e-01
-1.195099845336020927e-01
-1.140512131209993063e-01
-1.108981442629932701e-01
-1.166496900387007790e-01
-1.137443238924901456e-01
-1.255826869941445989e-01
-1.337110166907370667e-01
-1.351754311279659004e-01
-1.531456482051798407e-01
-1.394377657129685366e-01
-1.318275607105713065e-01
-1.222400642844670565e-01
-2.562629280429841797e-02
-1.217468533567773840e-02
-2.956618818625430731e-02
2.525001350891235147e-03
-1.218552302148408900e-02
-8.894705199149475702e-03
1.390700340329917815e-02
-1.047312593782762438e-02
1.613046357363114719e-02
1.465501998219754035e-02
-2.742733073959540552e-02
-4.768352735405705090e-03
-5.414811396148797723e-02
-9.388741096907018968e-02
-1.066861198849155673e-01
-1.382838538246005111e-01
-1.699414425821346997e-01
-1.585912499820166521e-01
-1.556735367164928940e-01
-1.664863648818094566e-01
-1.471924347043574999e-01
-1.548828422816940775e-01
-1.499445653137528034e-01
-1.369673605545042028e-01
-1.370382947391615980e-01
-1.220100980772962501e-01
-1.221788570175831590e-01
-1.341098936605230607e-01
-1.199132580543581100e-01
-1.317069234139783829e-01
-1.313339186861680885e-01
-1.260454967900336010e-01
-1.379635371878130123e-01
-1.301009261934868433e-01
-1.371990044204234038e-01
-1.453144909306880728e-01
-1.433950220064156844e-01
-1.565293334755692434e-01
-1.570692261801444611e-01
-1.561036005319186570e-01
-1.636079643915241411e-01
-1.470966289850813846e-01
-1.409960005523136772e-01
-1.405897034603929563e-01
-9.738854016037962191e-02
-9.978275009339387935e-02
-1.158801009248625474e-01
-1.073491701847003876e-01
-1.483756508194856993e-01
-1.424898241645960739e-01
-1.382289057279776634e-01
-1.487339782947472988e-01
-1.239617476238031590e-01
-1.261337190056711632e-01
-1.192398874858210250e-01
-1.259876152570666707e-01
-1.231344076619206584e-01
-1.233846685023021472e-01
-1.291477019041077090e-01
-1.141177384144093504e-01
-1.256300448214857646e-01
-1.273281960207826857e-01
-1.267463012324787641e-01
-1.983003897702132479e-01
-1.992223214361804329e-01
-1.670454179532376293e-01
-1.688759206619549202e-01
-1.442780335018893356e-01
-1.288251111591229847e-01
-1.142135382476738292e-01
-7.973677638442813742e-02
-6.153863770905564773e-02
-5.290476278798381116e-02
-2.057905386693803171e-02
-1.452378934912099129e-02
-1.600303787058322130e-02
-5.071121567156692753e-03
-1.410154953409282000e-02
-1.714676621248327135e-02
-8.131654848415641873e-03
-1.873935349518589168e-03
1.525378713253858730e-02
1.324221055576855870e-02
1.438021723034904782e-03
-2.069108641839164514e-02
-4.060526869755461815e-02
-7.457309093913599973e-02
-9.141787641993949498e-02
-8.856303504873917765e-02
-1.213434458252230508e-01
-1.102630832837295238e-01
-1.269102053322752888e-01
-1.488459983070344883e-01
-1.555081288708121123e-01
-1.857747034018343846e-01
-1.937607174556248146e-01
-2.122059212115545990e-01
-2.247161853797057518e-01
-2.318841992167913479e-01
-2.483237120155888655e-01
-2.440318791607438698e-01
-2.598346333514537365e-01
-2.526613826894528181e-01
-2.386474609399946989e-01
-2.320069494820359846e-01
-2.127477961494403658e-01
-2.035465542694705476e-01
-1.897688955634624641e-01
-1.751284630479211790e-01
-1.676180689258716938e-01
-1.494045683544060199e-01
-1.415816105180774109e-01
-1.347315434531889955e-01
-1.254861509685867571e-01
-1.276587310689527577e-01
-1.222017743586430866e-01
-1.273271906940307840e-01
-1.331961395087783162e-01
-1.375700186703963102e-01
-1.591801875152173140e-01
-1.706049306296393009e-01
-1.862532057375660688e-01
-1.892866275097041806e-01
-1.899987108719647655e-01
-1.928495247305156979e-01
-1.842807657036193703e-01
-1.823658037647681029e-01
-1.732173077136279771e-01
-1.610736206981973617e-01
-1.543645202102824077e-01
-1.356506490385664121e-01
-1.258431915287661629e-01
-1.205333854057834414e-01
-1.075906432883454028e-01
-1.052973274144461124e-01
-9.900034811394602119e-02
-9.252931590243568261e-02
-9.222907497599408533e-02
-8.708682666925007809e-02
-8.556454588923317894e-02
-8.660876101726328047e-02
-8.512175961487780662e-02
-8.917347751621093610e-02
-9.060930321625312867e-02
-9.171917119467175306e-02
-1.022133265015369302e-01
-1.002942702457405438e-01
-8.235512314222426244e-02
-8.389819005129392493e-02
-6.467987614610197500e-02
-6.906966717519057164e-02
-7.075202878324554634e-02
-7.822393400631302840e-02
-1.245056074482729785e-01
-1.382815233724099258e-01
-1.377185013032452554e-01
-1.480043177528926612e-01
-1.386529875119705268e-01
-1.359460612410246239e-01
-1.357849244963413027e-01
-1.294879380005204972e-01
-1.296182731721718939e-01
-1.252754152614948824e-01
-1.233933485838872995e-01
-1.218814886098609079e-01
-1.194335013880591378e-01
-1.162851428759297395e-01
-1.154512706533848410e-01
-1.100130569407861969e-01
-1.047415787417920047e-01
-1.041384678202737779e-01
-8.583276196176226058e-02
-8.512620307582845214e-02
-7.982042195074533220e-02
-7.455063438714754076e-02
-7.248777680426664316e-02
-6.920328117445176397e-02
-6.572244956309844510e-02
-6.067971499529622309e-02
-5.957126284370058145e-02
-4.938714970303527407e-02
-4.956373936805459623e-02
-4.911367368401658995e-02
-4.663156315543316027e-02
-4.785607219037671389e-02
-4.701536392812493553e-02
-4.770966960539167051e-02
-4.921552877764372863e-02
-4.884061554619548162e-02
-5.349825134797518006e-02
-5.337344303653430988e-02
-5.391191653852406285e-02
-5.503347837510588064e-02
-5.488578234586747456e-02
-5.531811945623463234e-02
-5.551414483892861546e-02
-5.552989985139002160e-02
-5.569265288427554389e-02
-5.571855287168096804e-02
-5.575411548304649162e-02
-5.579862291711222555e-02
-5.580431690580948262e-02
-5.582299786020103460e-02
-5.583257449554145796e-02
-5.583447780198543681e-02
-5.584204484064553276e-02
-5.584007108042016859e-02
-5.583896163960502118e-02
-5.584318160846910711e-02
-5.582433755606681230e-02
-5.583081980839432051e-02
-5.582073984009155304e-02
-5.576401133121788173e-02
-5.582184644493473624e-02
-5.569783817879309790e-02
-5.563562525391577834e-02
-5.580051245191566811e-02
-5.518486173873022455e-02
-5.557126880623234483e-02
-5.540827386291127810e-02
-5.362979097976813131e-02
-5.628510350649720828e-02
-5.223196680269724668e-02
-5.033550699868111211e-02
-5.294306955714486729e-02
