1.337716362137338945e-02
1.295006018532261771e-02
1.981727509640325915e-02
2.008161817111071487e-02
2.238561913857401581e-02
2.260578954267855600e-02
2.343746133416500441e-02
2.290840487406195849e-02
2.298701187869854612e-02
2.301758263090500009e-02
2.281179301047759483e-02
2.287582024580417719e-02
2.282406370323801503e-02
2.278932093905243483e-02
2.280182608070798964e-02
2.277754565364981457e-02
2.277507668956972944e-02
2.277323886636187927e-02
2.276602155829901206e-02
2.276580289943561097e-02
2.276274128021935073e-02
2.276028686787311475e-02
2.275853145678065348e-02
2.275432115577938688e-02
2.275194574952737678e-02
2.274520352090500172e-02
2.273648064797224866e-02
2.273103643183810654e-02
2.270563952362924728e-02
2.269105685656282179e-02
2.266193024539655404e-02
2.258613817262404566e-02
2.255024669528548145e-02
2.235358751568390992e-02
2.224176513651369633e-02
2.159732363734055000e-02
2.106217002000708785e-02
2.147540222607451435e-02
2.049260264979841165e-02
1.991635413768270274e-02
2.010944154667113765e-02
1.775082483348497039e-02
1.778216643771867930e-02
1.648332023216831851e-02
1.470972728347259319e-02
1.551012364358439477e-02
1.440224690696458032e-02
1.692092346088291954e-02
1.751907458941099130e-02
1.752875897894637380e-02
1.668097018956881186e-02
1.415659754969643587e-02
1.231248377135298576e-02
1.127956455236044098e-02
1.189406747347252109e-02
1.167566486138557971e-02
1.124598762142671633e-02
1.051037386073957330e-02
9.456789323919172902e-03
6.949153995149268126e-03
3.992930623631188794e-03
5.928962537784090775e-04
-1.052731005254360641e-02
-1.752676638191808314e-02
-2.545364853323860838e-02
-5.779869984780653530e-02
-6.974034669034259726e-02
-9.659441460688270031e-02
-1.161976015121070627e-01
-1.141840663046832655e-01
-1.240477998905991780e-01
-1.224761815924946540e-01
-1.215323062149233357e-01
-1.257851495907448824e-01
-1.206186487630001442e-01
-1.184264952631635254e-01
-1.161748518813767311e-01
-1.039999003276414202e-01
-9.908992757352570735e-02
-8.850372609113046907e-02
-7.159885877283593547e-02
-6.207544593663034266e-02
-4.576543816025038791e-02
-3.047846535632744991e-02
-3.014693932210806698e-02
-2.227080272425407265e-02
-1.799452904332724326e-02
-1.339798547023037141e-02
-9.488966453424842531e-03
-4.545902005705414542e-03
-1.449449770289759284e-02
-1.069527420867771340e-02
-2.137696943298364460e-02
-3.593243405013027414e-02
-4.205165899791501322e-02
-5.427469793097932510e-02
-6.220152801611349841e-02
-6.157135194155276270e-02
-6.642154007932737914e-02
-6.542054346785951269e-02
-6.641457724072345747e-02
-6.796338971564930276e-02
-6.438710420039719939e-02
-6.930530401029258436e-02
-6.021287028567981481e-02
-4.688094191246693770e-02
-4.597860215343134438e-02
-1.421983587713861880e-02
-1.369769698817454792e-02
-2.831895110415771563e-02
-2.263660924870715407e-02
-3.870687206594770891e-02
-4.138222701927286862e-02
-4.285316190834348449e-02
-5.546849130993326826e-02
-5.517109963526034555e-02
-6.012093010244515257e-02
-6.370650881498453322e-02
-5.748151904307701593e-02
-5.657332200336981365e-02
-4.795532379420078956e-02
-3.416419780663853406e-02
-2.550697230424838965e-02
-3.898766862613907078e-03
6.406108246228051604e-03
6.134377407415346137e-03
1.568908973084662262e-02
1.712043931396066421e-02
2.129394266010401632e-02
3.659237559216917124e-02
3.691050746760458912e-02
4.140513191313822949e-02
4.494141142115540971e-02
4.387311813336895044e-02
4.402774084780529396e-02
4.263870572219850136e-02
4.067017718375159907e-02
3.924453362054850653e-02
3.472369508995883092e-02
3.258819506649025810e-02
2.660983801542072744e-02
1.792694113826331925e-02
1.968860984167057973e-02
-4.289908458225554118e-03
-7.447837913498659215e-03
-1.987324590135217117e-02
-5.239818287115355355e-02
-6.387859484145061439e-02
-9.361012982036570618e-02
-1.107508906648271285e-01
-1.204238736266771970e-01
-1.344471659599034974e-01
-1.367032809489895639e-01
-1.418856282090066867e-01
-1.491748911072284522e-01
-1.470634613227004839e-01
-1.554524841831980420e-01
-1.569309837363666582e-01
-1.571114859039708378e-01
-1.656831050214847001e-01
-1.582828427739204347e-01
-1.616437604886712398e-01
-1.635619892555536248e-01
-1.562286801318824303e-01
-1.576185705648711910e-01
-1.486984896253843447e-01
-1.352763637195703583e-01
-1.204618627332046665e-01
-1.018224457433378610e-01
-8.596756462750887451e-02
-5.611423754040916617e-02
-4.330896838983690905e-02
-1.986158240778533243e-02
-1.283072037197429023e-02
-8.047061351917988992e-03
-7.659792753110109334e-03
-9.804409096885619360e-03
-9.368655920148596244e-03
-1.520470010823487921e-02
-1.575108625868072709e-02
-1.668310730098189476e-02
-1.951175319045908227e-02
-1.807890219647128455e-02
-1.920473597345986189e-02
-1.404644366165657722e-02
-1.865424214622620619e-02
-1.912350709192190204e-02
-1.732441815303547086e-02
-2.314537176892707271e-02
-1.577121072406822283e-02
-1.744420204139621872e-02
-2.783434363960668109e-02
-2.815682980149817119e-02
-4.250336156466065496e-02
-4.722109469355675881e-02
-4.900112500577596258e-02
-5.383768322756126573e-02
-4.815534166010104755e-02
-4.852303527928261695e-02
-4.839014955973920673e-02
-4.564215799350537783e-02
-4.538154502901672188e-02
-4.159626289479796679e-02
-2.345140410958711230e-02
-1.981740892221057343e-02
-1.575721216351589488e-02
-8.086717405984798074e-03
-1.665854160001526210e-02
-2.106941174361357319e-02
-3.557793078115061708e-02
-4.246005840496001882e-02
-4.569178995671423216e-02
-4.836499432245445346e-02
-4.738963443801876008e-02
-4.229612472306149701e-02
-3.732413874289490507e-02
-3.206445999343309622e-02
-1.930015200649213419e-02
-1.555446325137737999e-02
1.066514215020905772e-03
4.286503524879636817e-03
7.549016775044777028e-03
8.883558829778823510e-03
1.027516352903593173e-02
1.220061587142303068e-02
1.220592617959067976e-02
2.010114815456648385e-02
2.391164508054384116e-02
2.588578221206967039e-02
3.805729870075370835e-02
3.862934220313601202e-02
4.085110430590738195e-02
4.608383734034124379e-02
4.192084958889053664e-02
4.475812719377771087e-02
4.255179061565367987e-02
3.336790562026012430e-02
3.856601710750398593e-02
2.848140320195386918e-02
2.114657269484147145e-02
3.357042086648212575e-02
1.694968192476357938e-02
1.656724000107679534e-02
7.976139736407986819e-03
-6.763310573444420229e-03
-3.901880306656080235e-03
-1.281873942271607829e-02
-2.380654837160148946e-02
-1.907742227799019696e-02
-2.529795664415044124e-02
-2.360531349389036887e-02
-3.335539324071885858e-03
-5.668583873170952685e-03
1.122061545021317032e-02
1.660711136885148487e-02
1.336346753493631613e-02
2.028778693303246242e-02
1.794690267191533309e-02
1.839968126458427222e-02
3.361603536016006394e-02
3.551833962571681463e-02
3.910853741249627202e-02
4.404721443687110299e-02
3.798219574771870277e-02
3.464093483687216701e-02
3.062554839362146772e-02
1.921224916891840426e-02
1.769225592617439113e-02
2.127323560206906966e-02
1.714118640378442873e-02
1.606818129788025254e-02
1.585064393659941714e-02
1.392683395301217222e-02
1.221241042436117287e-02
1.346303341305927527e-02
1.014345212084255370e-02
9.649018962000132857e-03
1.483565722944541788e-02
1.266044992250844360e-02
1.789075840795607136e-02
2.125398398134747263e-02
1.145226990887977976e-02
9.581329611568470753e-03
9.974422683498015280e-03
-4.860261355481025961e-03
-3.118698980139622719e-03
-1.713917451479654575e-02
-1.609844152035895884e-02
-1.862115361852915291e-02
-2.449686433662794788e-02
-1.992964276012458222e-02
-2.408271446448277328e-02
-2.283930739944909499e-02
-2.246707939807237805e-02
-2.113029877855213470e-02
-2.446160944099622092e-02
-2.625139903827783394e-02
-3.303846313805702123e-02
-5.037557021897377807e-02
-6.724142335441309071e-02
-7.620320237223034143e-02
-9.408823965352973440e-02
-9.603288585767040531e-02
-9.887516296113660341e-02
-1.037625577538185268e-01
-9.480417850225164589e-02
-9.297232691696562246e-02
-8.470696629112300924e-02
-7.394817274419923647e-02
-6.649883688466383391e-02
-5.694400874026964848e-02
-4.506316956075899494e-02
-2.500153439117440424e-02
-2.038988302965239960e-02
5.362268217453666948e-03
5.225703455282583280e-03
7.408920473976102553e-03
1.173223299331669148e-02
5.618150511585147215e-03
6.237382583371100207e-03
3.317120518238182627e-03
1.900205936210789311e-03
-6.185062754107982508e-03
-1.015195763007361446e-02
-9.447396925311503033e-03
-2.073815816434083914e-02
-1.601776423194516824e-02
-1.587805451603155685e-02
-4.639102643080886962e-02
-4.653998559059825679e-02
-4.600112961680126455e-02
-5.024010769507087498e-02
-5.033770556686208153e-02
-5.085978281360881148e-02
-5.081547807231864139e-02
-5.171529157679074368e-02
-4.970174726755548916e-02
-4.812868531040535164e-02
-4.657773253533014496e-02
-4.344423385476425120e-02
-3.830779692857003149e-02
-2.565359383782077687e-02
-2.199013709119089152e-02
-5.284990726320954596e-03
2.370300552010700702e-03
6.846493327584783455e-03
1.017626460016219161e-02
1.270150404833100648e-02
1.584266129391885200e-02
1.410547875150802016e-02
1.735431252691677084e-02
1.503971508960186623e-02
1.479722148372516251e-03
-1.026191266385441912e-02
-2.598793786617943288e-02
-3.634252157610890627e-02
-4.619656414960058438e-02
-5.014589014216170454e-02
-5.338673091611028515e-02
-5.488801294243059875e-02
-5.020685261502440960e-02
-4.233678304742835574e-02
-3.454489649365954929e-02
-1.283070705805247624e-02
-1.201048270447424744e-02
-4.377257113106914309e-03
7.979855527526994851e-05
-5.150719475717743627e-03
-6.516396939702246826e-04
-2.732467073713575750e-03
-6.769731441107285433e-03
-5.036544960352352766e-03
-1.036017996637389124e-04
-2.917114736550846955e-03
-8.185479879469194364e-03
-1.326229703747440654e-02
-3.043143499589017961e-02
-3.645179590225417626e-02
-5.481378015712148194e-02
-6.591345321586362938e-02
-6.693862512606905957e-02
-8.074184964158552524e-02
-8.254739269611890973e-02
-8.733368790557841099e-02
-9.651420753461159574e-02
-9.794249646191084679e-02
-1.057917058489296624e-01
-1.130297873569937050e-01
-1.156830250962036927e-01
-1.243401183695176243e-01
-1.251201836187950944e-01
-1.293123242744930734e-01
-1.330861827307857626e-01
-1.331259213677879194e-01
-1.391174829415493530e-01
-1.387139528432898283e-01
-1.434182367560641325e-01
-1.479324436788935493e-01
-1.482331488952998988e-01
-1.584962839231176535e-01
-1.601629353968946623e-01
-1.649338200115153807e-01
-1.734635660128398260e-01
-1.697551874024108842e-01
-1.760180809638634269e-01
-1.748196362877708909e-01
-1.650993450772211824e-01
-1.640852140779712476e-01
-1.484053135236194643e-01
-1.374984598234797739e-01
-1.310013836557762379e-01
-1.137124127935817963e-01
-1.041673202006639515e-01
-9.415452660616571712e-02
-7.224154483961410522e-02
-6.243569532091837460e-02
-3.240787945090634059e-02
-7.325141163328906246e-03
7.803121774720372592e-03
6.572807387233482214e-03
8.087073495846811705e-03
5.294111559945062322e-03
3.968963104425243457e-03
2.960096371901982035e-03
1.210384282983580475e-03
-4.223392438630726759e-04
-1.006321488950534483e-03
-3.312687602232076197e-03
-3.572543178030771621e-03
-4.020639717351942068e-03
-5.409575298835265361e-03
-5.462573667043802220e-03
-6.915335249397245795e-03
-8.339907891309937885e-03
-8.504468239092030299e-03
-1.229092765225031463e-02
-1.249080253361408745e-02
-1.267668895112394022e-02
-1.400354966105748881e-02
-1.378005965938252156e-02
-1.416331557917550367e-02
-1.444689648593848290e-02
-1.437689466602188118e-02
-1.456535266494776541e-02
-1.454789130056409127e-02
-1.449377563003391607e-02
-1.453799452262309264e-02
-1.430768929760282450e-02
-1.423447284327777028e-02
-1.410484991069239219e-02
-1.341374517669381879e-02
-1.358404783280956450e-02
-1.257365768596628228e-02
-1.128502139745912389e-02
-1.215225544449372724e-02
-7.528439889359423397e-03
-7.226126653956456945e-03
-6.517352162514459916e-03
7.146673849221313150e-03
7.898277780917411020e-03
1.678175921333514495e-02
2.247667553787888184e-02
2.482621141500769568e-02
3.332259366139788542e-02
3.456490082914408929e-02
3.712244698887189748e-02
3.749804416223748160e-02
3.545468550040396100e-02
3.599608841728302311e-02
3.416763129575499380e-02
3.389572674097864058e-02
3.016548566874626552e-02
2.978075164520790907e-02
2.936206851151732314e-02
2.825745630254307070e-02
2.826082040597641468e-02
2.777394107441383264e-02
2.756611885440170273e-02
2.724592345366197085e-02
2.714247954241814226e-02
2.708411033266274956e-02
2.701713951229577776e-02
2.699540395481718480e-02
2.697443512172275834e-02
2.695743826800629447e-02
2.695055252190144482e-02
2.694278445631815427e-02
2.693823039957618862e-02
2.693566956367320075e-02
2.693322072346372720e-02
2.693206546732691137e-02
2.693157896203536225e-02
2.693108573627660957e-02
2.693153754294376478e-02
2.693276854157120731e-02
2.693301021981386878e-02
2.693689611494257466e-02
2.693977234375842175e-02
2.694183821925118585e-02
2.695703481079518571e-02
2.695722416052351647e-02
2.697515590995958751e-02
2.701744450003301656e-02
2.699701887867522049e-02
2.710297973358546247e-02
2.717415420934490150e-02
2.710399444784727593e-02
2.752001658504315065e-02
2.764015401136437136e-02
2.709825613438533731e-02
2.867754984543977384e-02
2.898575808572713755e-02
