1.201289004709284094e-03
1.395094144672244388e-03
3.544326961497401215e-03
3.500961788671218093e-03
4.696499546945650909e-03
5.159541060554520726e-03
5.041776067512860303e-03
5.529327087711118430e-03
5.551947921588491069e-03
5.637258533120453191e-03
5.782541221974506034e-03
5.785093709580940713e-03
5.849672088631737571e-03
5.884490410305530904e-03
5.895525434936725075e-03
5.922942976827940201e-03
5.931338131862759835e-03
5.940056842758729104e-03
5.948759287571806290e-03
5.950766071458431748e-03
5.954898663616519511e-03
5.955184815546638553e-03
5.954176828802380285e-03
5.954926118064093367e-03
5.946689657345797381e-03
5.945713992691651142e-03
5.938728719507661673e-03
5.915184863884745403e-03
5.924927037183805485e-03
5.879332830103709863e-03
5.847294411673508059e-03
5.876638006810049920e-03
5.689949690788675962e-03
5.758494511736799056e-03
5.679920344459720057e-03
5.145389047570036664e-03
5.272469501031837660e-03
5.032345644344965972e-03
5.391790313897152666e-03
5.389800220823342397e-03
5.312005600058900857e-03
7.189533220744028646e-03
7.202031842758802212e-03
8.303474496988854509e-03
8.224364350793789483e-03
8.724938009850325207e-03
8.930644107064030987e-03
9.099278732650570994e-03
1.020784597722959423e-02
1.097105920722723366e-02
1.048485738189570624e-02
1.240147143805283431e-02
9.459801911487370277e-03
7.330715556878152767e-03
5.160619453001821788e-03
5.630509374506463723e-03
1.268174571274468219e-02
1.435910136844937950e-02
1.772694024128170648e-02
2.139695482962816059e-02
2.390735789994706192e-02
2.737846494007226475e-02
3.079683491522334018e-02
3.788433747690407583e-02
3.902148979896979952e-02
5.093011033478455490e-02
5.473274853165308734e-02
5.710577024192720758e-02
6.765971715825205846e-02
6.748488540750730014e-02
7.098811411353886380e-02
7.610404555911753910e-02
7.212798087870017638e-02
7.668643850821033059e-02
7.456860223531715237e-02
6.733988954414545092e-02
6.737618786579353813e-02
5.593519637436662056e-02
5.222705488715346372e-02
4.724958368285273047e-02
3.263553316686716027e-02
2.958296957594165957e-02
2.139576055900353074e-02
1.348642213517760487e-02
1.384924123516704728e-02
6.452570798394631144e-03
5.256512737595218920e-03
7.664996736193617662e-03
6.735615687160201488e-03
6.727079488030043852e-03
8.241663401483138168e-03
6.807259913682091323e-03
6.243338654512571063e-03
5.322764175518112859e-03
-2.834824684853792277e-04
-1.089716241012200120e-03
-4.495282321367791503e-03
-7.017650995109205384e-03
-6.119971066998833656e-03
-1.125184842598765840e-02
-1.225156700727736588e-02
-1.703543895886420675e-02
-2.309975150167258712e-02
-2.490098244930881791e-02
-3.182946672577413594e-02
-3.029331105020890633e-02
-3.660658994459236454e-02
-5.056994599578575056e-02
-5.656535146188448882e-02
-7.247852721506124751e-02
-7.743696698885847718e-02
-8.410310282343604060e-02
-9.236830372170651282e-02
-9.387938977675473751e-02
-1.118559631949554711e-01
-1.167364226541294653e-01
-1.231678620501986121e-01
-1.349912531388646753e-01
-1.349751079732651737e-01
-1.423119293866491608e-01
-1.468337294614253385e-01
-1.448007313644460448e-01
-1.525946377994603920e-01
-1.489904551046192516e-01
-1.424641133578413710e-01
-1.423288691512298587e-01
-1.283532859465274234e-01
-1.216316602323725682e-01
-1.177829098573087152e-01
-1.061753968788747282e-01
-1.035112514503383624e-01
-9.866493124422447136e-02
-9.121558088297204714e-02
-9.112101026859857622e-02
-8.572931313464501879e-02
-8.387792050647109587e-02
-8.468361907034084590e-02
-8.139899226580957214e-02
-8.185002054004450467e-02
-8.156443859906871430e-02
-7.956541611325632091e-02
-7.971994641278042082e-02
-7.682942667260761471e-02
-7.130368451877354408e-02
-6.836246788457041312e-02
-6.192639706848875741e-02
-5.523566124100968283e-02
-4.983824839342634178e-02
-4.364635275685105342e-02
-3.457433154373605599e-02
-2.906900302120743115e-02
-2.141061576423366336e-02
-1.263055623281664035e-02
-9.344685930394627804e-03
-1.822770764735284245e-03
-1.366978428364683381e-03
-1.636216871090322936e-03
-6.335485376544443487e-04
-2.017286768586903836e-03
-1.532740707652114525e-03
-6.258660900057812226e-03
-6.973649229089768156e-03
-7.815251808632329988e-03
-9.535399087696372691e-03
-1.000190817598662490e-02
-9.788694534050864857e-03
-1.109531078783590301e-02
-1.066080270670165947e-02
-8.348818068198123402e-03
-7.267154402762717770e-03
-3.659518747943690115e-03
-1.772348905000750968e-03
-2.228986936449355092e-05
2.214563583035068263e-03
5.575088928597256993e-03
6.539591922531782717e-03
9.040270217647633846e-03
9.009752266615076582e-03
9.228143836298698111e-03
6.246484636327287801e-03
-2.066462221836365496e-03
-4.903232873150547948e-03
-7.434057484541492858e-03
-1.066717239533224344e-02
-1.134138814826093390e-02
-1.335419991800612313e-02
-1.505635284679358171e-02
-1.590844084461369434e-02
-1.895663902930880620e-02
-1.954187812243901590e-02
-2.217310723925243823e-02
-2.246543045847775033e-02
-2.456869845034856392e-02
-2.715078362362846262e-02
-2.830032806938016093e-02
-3.084339351365850482e-02
-3.183849125199930685e-02
-3.304326315103323086e-02
-3.414947916121618965e-02
-3.563170334396010414e-02
-3.712796640123337821e-02
-3.839060337428311376e-02
-4.006738193648682472e-02
-4.187739427853611612e-02
-4.312928712387550934e-02
-4.567921230753275996e-02
-4.743575698571318028e-02
-4.935350453175530588e-02
-5.320064136872611898e-02
-5.462261044582744640e-02
-5.590968257897942217e-02
-5.670578198266892911e-02
-5.728082759361389359e-02
-5.681379185906485635e-02
-5.463251977461770076e-02
-5.234542524656293078e-02
-4.838677632540976103e-02
-4.504753145311796159e-02
-4.109871626542214301e-02
-3.715872152334923767e-02
-3.272600198420757417e-02
-2.909387177503364522e-02
-2.511769174696334289e-02
-2.160249850467453603e-02
-1.780105543340936014e-02
-1.376558886502719271e-02
-9.641429037291603804e-03
-5.536475156408105988e-03
1.049851933286754819e-03
4.973363796943114541e-03
5.526237723277854091e-03
3.914467997108598630e-04
-9.051844073782789636e-05
-1.040262404149059185e-03
-1.763756751717503136e-03
1.234326472031514136e-03
2.016821773004426332e-03
3.217555261224461748e-03
8.904845176187911257e-03
9.707117374085366332e-03
1.182635994459915914e-02
1.384975304049127637e-02
1.576107563904416767e-02
1.882095086134189313e-02
1.945119863445953640e-02
2.290089664147667778e-02
2.487881142360302833e-02
2.741781126190329099e-02
3.380970090559082264e-02
3.627053494402990297e-02
4.254367808382193000e-02
4.613402251155973577e-02
4.636023459854964057e-02
4.861979584258254578e-02
4.578578545519654264e-02
4.586709216541431239e-02
4.357217708026590863e-02
3.880155856305119583e-02
3.287948096257713865e-02
1.957143217249691577e-02
8.913029147457262810e-03
4.350021465114221365e-03
-1.243782329737615384e-03
-2.253612870134635675e-03
-2.767916227863905301e-03
-6.253894225508322378e-03
-9.595962044732595647e-03
-1.043984231053814854e-02
-8.420572344441493856e-03
-1.262129929697990843e-02
-1.745514586117897712e-02
-1.936968404217774206e-02
-2.171418916047459721e-02
-1.840510376779190549e-02
-1.373708296835814309e-02
-1.034777477675863366e-02
-5.368101456984244839e-03
-2.108426363726953988e-03
1.473378499479993404e-03
4.358686045743857124e-03
6.341994615081173597e-03
8.715006505158209502e-03
9.766959387706270271e-03
1.260658184854043448e-02
1.406806380836677674e-02
1.613444708775909828e-02
2.128632047763788851e-02
2.407960594309123750e-02
3.046991749708059805e-02
3.601854874560628250e-02
4.005459179647107015e-02
4.743838285140593303e-02
5.149822726038560949e-02
5.050475497677066328e-02
5.268821124529095984e-02
5.141805353092102071e-02
4.821358511822221998e-02
4.754799947195795934e-02
4.706009660463338767e-02
4.502319508617956545e-02
4.622085302037700488e-02
4.449347624852007660e-02
4.411742075270554120e-02
4.384861798678112155e-02
4.142935032055267836e-02
4.171196241630184542e-02
3.884897565742543440e-02
3.679448845506879534e-02
3.505512813877532940e-02
2.688345907738793478e-02
2.503488678344372581e-02
1.960556315622379031e-02
1.642719438204163704e-02
1.619425465474672379e-02
1.276456120105743698e-02
1.259012576793612330e-02
9.323477951122002491e-03
7.882776922468245212e-03
6.365612017052778120e-03
3.913436805127901152e-03
2.689496905533484555e-03
1.683422630876917070e-03
-3.488723172330578624e-03
-4.479777351737010936e-03
-6.173862852390766057e-03
-8.019507492008352834e-03
-8.844041539761293355e-03
-8.990115024787559070e-03
-1.036590766724468198e-02
-1.021686627769277309e-02
-8.107942559222501566e-03
-7.042217670732889290e-03
-3.847521764183188964e-03
-2.010711556321456445e-03
-3.104495044088574239e-04
1.195041815448738901e-03
5.081688237565907922e-03
5.461730530329819699e-03
7.191375385883801326e-03
8.711659850479844605e-03
8.434166811555550078e-03
9.902499840918286764e-03
7.027276243623770298e-03
3.811825857346773459e-03
-1.798921889440808965e-03
-9.524537415818878265e-04
1.995740228985029910e-03
4.199484729975902497e-03
1.608687412249498738e-02
1.717870863610574880e-02
2.396583382176570298e-02
2.546228701009007819e-02
2.175064876776178907e-02
2.941157170036275484e-02
3.339709426920003249e-02
3.717870739926859569e-02
3.960189873780169123e-02
4.006770865451302760e-02
4.165756008796929477e-02
4.138558791028978945e-02
4.264965221161590159e-02
4.171954266926528043e-02
4.246989070226076662e-02
4.203686727102414616e-02
3.974424104397592666e-02
4.048400423376951468e-02
3.611616396193625261e-02
3.552281616113972529e-02
4.342911660535882928e-02
4.319186617679370011e-02
4.777985709662227465e-02
5.280732209124806842e-02
5.197698706549790104e-02
5.580968654602380674e-02
5.615828213430685417e-02
5.373042499106853859e-02
5.469589376462464375e-02
4.590751118216384458e-02
3.859211964055564437e-02
3.213396485422133353e-02
2.068855372797337097e-02
1.418887033562358548e-02
1.224990289490355405e-02
7.294793504895101359e-03
7.535949955275186331e-03
6.265608242582852878e-03
1.834506861263281684e-03
1.437426685621664155e-03
-1.135792357460956069e-03
-2.407170169267395816e-03
-3.183318445392303419e-03
-4.246778924135096236e-03
-4.376597959242436650e-03
-5.230956831072841769e-03
-4.288275925456824268e-03
-3.684428819495729965e-03
-8.251250175366660333e-03
-4.016613682802788743e-03
-4.407428616903769081e-03
-2.602554945117980818e-03
3.736710035479897090e-03
6.605430470624773336e-03
7.338972658818674992e-03
3.043822856962099220e-03
1.127175895608690734e-03
2.006756772981610742e-03
2.012235401277155840e-03
2.093296388503666870e-03
6.048829564337533660e-03
7.425916713430933541e-03
8.577902726154155999e-03
9.298779777174567829e-03
8.154018839376964492e-03
1.390837582092303674e-02
1.341862631269464742e-02
1.778216253524056781e-02
2.312972243186242269e-02
2.467255246299290133e-02
3.166244842802431320e-02
3.408068846959595027e-02
3.668590979459269291e-02
4.069152721244926468e-02
3.999859361707517463e-02
4.107434349666454904e-02
4.001944572147459606e-02
3.864440118686346404e-02
3.797066401771995864e-02
3.544930227021080016e-02
3.443577693352266322e-02
3.140563344688788311e-02
2.895445795041002787e-02
2.908397280426897047e-02
2.605381294570575240e-02
2.563058668073942697e-02
2.547746548967965916e-02
2.321048361039765306e-02
2.336850093009734328e-02
2.137804563628188659e-02
1.667409275802107099e-02
1.871749730586881252e-02
1.109935452708701344e-02
1.044820212469048208e-02
1.012766959462584569e-02
6.826434970909097191e-03
6.644301909069321582e-03
6.299525350487507336e-03
1.424727403269935005e-03
2.672559648481958802e-03
2.220263633655019612e-03
1.183037590576449137e-03
7.435878537124297229e-03
9.465967437287670094e-03
1.734767425484140535e-02
2.718766755010929362e-02
2.983374428860489577e-02
2.978233205546810397e-02
3.399100197034408966e-02
3.152301276743714464e-02
3.114057925326209342e-02
3.181753366154793650e-02
2.346132905377574379e-02
2.356582976114141373e-02
2.167191596627343966e-02
1.838879979031577197e-02
1.839250939127306389e-02
1.577671754475844582e-02
1.386596686491975081e-02
1.356474036291641268e-02
8.810730827515345434e-03
8.640352743356432413e-03
7.517487879104512057e-03
6.177853169765490371e-03
6.055994369821468028e-03
5.294584922435581660e-03
4.965578655376585472e-03
4.657663919758660981e-03
4.235476707486807157e-03
4.128506742205703683e-03
3.434324674789387011e-03
3.357807819842076585e-03
3.093982818721367073e-03
3.157473972760595649e-03
3.471154632248158508e-03
3.180286179992667522e-03
3.279756567073891307e-03
3.206999427736960308e-03
3.146372706730106439e-03
3.169303898058182124e-03
3.126677113728549163e-03
3.121599802585439589e-03
3.119079400657789360e-03
3.105036177843413427e-03
3.105824114908688986e-03
3.101958203602687373e-03
3.098640828790303909e-03
3.100096933628159693e-03
3.098713228598017153e-03
3.098981882088723896e-03
3.104098004024629168e-03
3.102066610421756222e-03
3.109595728432665036e-03
3.120304539727061181e-03
3.111711689705892302e-03
3.149799036458250483e-03
3.148668325239596839e-03
3.145462586993427734e-03
3.269312178878375566e-03
3.162795628780763063e-03
3.313666111926866914e-03
3.523075085979521757e-03
3.108512193740496209e-03
4.118707449008831081e-03
4.299957403708437424e-03
