-4.201720019234475058e-03
-3.816760893927370699e-03
4.753696461031900120e-03
4.741025487763792304e-03
5.566904930005766965e-03
7.272180865074373730e-03
5.178632659516882800e-03
5.912077330929174646e-03
5.669964147387162798e-03
5.253982079957958580e-03
5.473131720893166345e-03
5.271076074646279148e-03
5.242419629224516139e-03
5.262515074407928331e-03
5.197391019407134743e-03
5.206182533872178407e-03
5.196061003602272209e-03
5.182827905195463818e-03
5.186191065646216479e-03
5.181788627868897171e-03
5.181513187365706721e-03
5.184320775231275082e-03
5.188528355383090554e-03
5.191837762706682895e-03
5.204360142908016906e-03
5.218835872366104495e-03
5.228192150399906500e-03
5.277957353569563172e-03
5.298056609759059857e-03
5.349226206626432438e-03
5.502869149487838417e-03
5.484013296704096443e-03
5.785843270441933320e-03
6.056594374935262738e-03
5.927137203113717542e-03
7.062417982222580701e-03
5.788444427214886091e-03
6.338161259372756921e-03
3.787042013571227488e-03
2.124280955479682011e-03
1.992103962356704585e-03
-8.697637444236419602e-03
-6.990508976747263244e-03
-1.167107010171761217e-02
-1.236558340244580875e-02
-1.018456185286800882e-02
-2.256170550008774339e-02
-1.643113839509020152e-02
-3.720681903399554458e-02
-3.822360225289655328e-02
-2.282234123287106217e-02
-1.876541643308687890e-02
-2.714506487088908480e-03
1.647315011247104267e-03
3.293443456341445166e-03
1.137767797595069796e-02
1.309061641627176122e-02
1.938332340761314207e-02
2.812169929774875968e-02
3.138425904300141955e-02
4.757415475018493545e-02
5.307465453296678765e-02
6.924553519153116288e-02
1.250899699829056133e-01
1.660413833847871334e-01
2.406160801384639170e-01
2.698669400311455857e-01
2.903368468399606939e-01
3.199580560749806790e-01
3.179123077883353465e-01
3.232230365523908189e-01
3.227147157416294654e-01
3.127490109332395907e-01
2.960770753624730744e-01
2.836733806763370169e-01
2.530289361923370173e-01
2.147394136886921490e-01
1.942499602785185409e-01
1.367029428239161237e-01
1.176434420560447669e-01
1.004816134085907142e-01
6.594229293223127786e-02
6.767285513388764107e-02
4.837329690584653979e-02
3.755854683624904045e-02
4.097548852879814157e-02
2.418730760841497976e-02
1.203091733109478388e-02
3.795575164502351228e-03
-2.554219791472445156e-02
-1.267265929521488657e-02
-2.388771787492044441e-02
-8.875878845660269481e-03
-1.135210320874455517e-02
-9.015882717964099000e-03
-2.166076834723871906e-03
8.905160142876961853e-05
2.167764311230824074e-03
2.346513690855844044e-03
7.867398387376762017e-03
5.089654445088600404e-03
1.945721514700888546e-03
2.460868632700918476e-02
2.408556395191160590e-02
1.589006912229226978e-02
2.087879915613461909e-02
1.349785415499770401e-02
1.080490387583268874e-02
1.357869646072742617e-02
1.021495233805664628e-02
7.967467742870004005e-03
-3.319288627633015971e-03
-2.108143295405892625e-02
-5.029922104902705138e-02
-6.481328642280610730e-02
-5.704462271758704850e-02
-6.369684922110670222e-02
-2.648242359353768227e-02
-3.678104642406046509e-02
-5.163326561065168657e-02
-4.314597255184257629e-02
-8.072264650188708257e-02
-9.053708403221315260e-02
-7.742405617004163854e-02
-7.647309389046166861e-02
-2.671875016853674303e-02
-2.116802482419154197e-02
3.374202827601279365e-03
9.436437360418494305e-03
4.753231777053371424e-03
1.101311887975087687e-02
1.240246528468440246e-02
1.463963725490521894e-02
1.502835329043710269e-02
3.302141803121626945e-02
4.067717385484419940e-02
5.353661353677921508e-02
9.114450706737121932e-02
9.507438905455557754e-02
1.164550935059770753e-01
1.205127578515614722e-01
1.266842812243702265e-01
1.303224620205757078e-01
1.098526299994811162e-01
1.258108595857559131e-01
1.125881584515519285e-01
1.274353722960535340e-01
1.609614541092111162e-01
1.621402310906063793e-01
1.990927872217966021e-01
2.039160161543234762e-01
2.049295358225023400e-01
2.241236248379845364e-01
2.143129465447012882e-01
2.212761524733233842e-01
2.245384502984245911e-01
2.154378164408568552e-01
2.218570922953428670e-01
2.147314650540734782e-01
2.086831135210430732e-01
2.094832302983942740e-01
1.955539022722894982e-01
1.912648085909854634e-01
1.833984783703136168e-01
1.658177597219988864e-01
1.627583505972416689e-01
1.447100999727553017e-01
1.376496668402070744e-01
1.277693318074629714e-01
1.100354507704099094e-01
1.077114550785328445e-01
8.224911803451226411e-02
7.036451216519042096e-02
5.409392629213499726e-02
1.516237347052989438e-02
7.100937420579049759e-03
-2.095386523967209674e-02
-3.786153283640360245e-02
-4.769059305547606459e-02
-7.789794699228431984e-02
-7.992948815884726166e-02
-1.108433033802821016e-01
-1.226479087924315231e-01
-7.717130076525982596e-02
-7.145923021828808064e-02
-2.301514801962627546e-02
5.173566002275335404e-03
2.205527686060434252e-03
4.801304647338830445e-02
3.233260295280103447e-02
4.032176913112772015e-02
2.154824046767336854e-02
1.214008496655866014e-02
8.775392531660168929e-03
2.364136699655312607e-03
-5.815016819351052826e-04
-5.742018146083023925e-03
-4.994012801880150752e-03
-1.253149740104722576e-02
-1.327436817034380670e-02
-5.605339454476563135e-03
-3.095760778490978631e-03
-4.177618801207788612e-03
-5.211765818872294773e-03
1.858605300126728961e-03
4.787944313314477151e-04
4.480252418867254464e-04
2.216972555893184128e-03
4.991465929099390627e-05
-1.055201143357891065e-03
-8.691736015945226729e-04
-5.876173446534301015e-03
-5.523598249227585841e-03
-6.506180191590263048e-03
-8.695857237235619583e-03
-8.039620374781031656e-03
-1.029134614959856774e-02
-1.215394209056158865e-02
-1.083308437703071198e-02
-1.879066122585738158e-02
-1.812187239623958349e-02
-2.168223532704954826e-02
-4.682640224509417720e-02
-5.233435793900624577e-02
-7.005241719716867599e-02
-7.263739842803262903e-02
-7.328954093159571748e-02
-7.012092491414172180e-02
-7.897845182359670979e-02
-7.697918437692542748e-02
-8.268886473156877859e-02
-9.809308858378507079e-02
-1.197049718526523726e-01
-1.275453918617228954e-01
-1.337290324311520284e-01
-1.420169141513377420e-01
-1.466508587791947316e-01
-1.568677441010182527e-01
-1.669794805225678913e-01
-1.762163646335287992e-01
-1.873307021926660931e-01
-1.886633021567128421e-01
-1.828404621377266170e-01
-1.560103904128780916e-01
-1.223672046335568669e-01
-7.894281933349356351e-02
-6.677908016548486647e-02
-4.223084127046866643e-02
-3.964015297663069093e-02
-5.442823471258353280e-02
-4.978001465283882210e-02
-6.565169534805526119e-02
-6.303539672794561399e-02
-5.281643973789827695e-02
-4.813893627289896060e-02
-3.581375024503728743e-02
-3.248115396213114431e-02
-1.666429686395566254e-02
-1.559112396459616696e-02
-1.616519927635931206e-02
-1.573792993326473752e-02
-2.801590088231889486e-02
-3.215963020327237271e-02
-3.972595219673629580e-02
-5.598923893693999454e-02
-5.728527434266428298e-02
-6.878699832871512654e-02
-7.508138196039437773e-02
-6.528341603206634647e-02
-7.437506184533083931e-02
-6.628029116763557715e-02
-5.941463026818070980e-02
-6.441426577098180450e-02
-4.668780871873620675e-02
-4.402761434536783119e-02
-3.627709417681836135e-02
-8.729070778505763559e-03
-8.059919708257469841e-04
1.269347671643047439e-02
3.542788996899459003e-02
2.717858464392990114e-02
3.976667964849333464e-02
2.983269420998355126e-02
-1.654034869269389516e-02
-1.619881758330837113e-02
-7.311410489257315348e-02
-9.319740693728628678e-02
-5.218422579026269631e-02
-8.167695367809166274e-02
-4.471283615957703100e-02
-3.340631062993811018e-02
-4.353574264291832502e-02
-1.476828286210214551e-02
-1.284406949791571176e-02
-1.023931808984026443e-02
9.562501010006363086e-03
4.497028791523045160e-03
7.949105290937525520e-03
7.901658122164033002e-03
2.718891986474864658e-03
2.170313810986168514e-03
-5.629616634070736935e-04
9.443939281850770306e-03
1.491848865399602805e-02
2.132460210632267095e-02
4.481014595457963323e-02
4.727431927365964570e-02
3.399625191013806724e-02
3.754425264225634551e-02
1.583723962285663728e-02
1.138815050291788755e-02
9.988766797655224475e-03
2.607562187073728804e-03
2.339555143785019414e-02
1.569906590578068126e-02
1.997268743692439535e-02
2.157414722917031652e-02
6.181991817028941426e-03
7.047292950247271634e-03
6.668344559562396946e-03
4.172818191276506800e-03
1.499517956688722377e-02
1.053484026337866974e-02
1.846193301695476033e-02
2.691943157345874985e-02
2.128586203549997363e-02
3.853440915226827995e-02
3.473279461052530825e-02
1.412561772027330805e-02
1.642923527615272952e-02
-2.788720671971908066e-02
-4.766261614045316092e-02
-3.556065697260997471e-02
-4.849074401798379730e-02
-7.778339880043617927e-02
-7.706444921938986059e-02
-7.588929723579701525e-02
-7.785038610299514772e-02
-6.993096601555469360e-02
-7.185900271137669881e-02
-6.692217610222608859e-02
-6.567788391903107981e-02
-7.154442676040280447e-02
-7.026119810683489897e-02
-8.215009133265673003e-02
-7.666467131246477995e-02
-7.385849977278466372e-02
-5.722730146254288025e-02
-1.018326881115137923e-02
-4.700122398732206608e-02
-2.477235038371912099e-02
-1.439247275044029488e-02
-1.122436585112697449e-02
4.855378189847246902e-03
6.544923177690340974e-03
3.152421903762789301e-03
1.411809139846612353e-03
-6.247792948372748664e-03
-2.558275698984716073e-02
-2.675282408153416974e-02
-3.061166751324187474e-02
-2.741071927360412205e-02
-3.176906283970249573e-02
-3.730240361763980522e-02
-4.303110788838877820e-02
-5.658158249732178624e-02
-7.616838361852792949e-02
-9.153061667287583358e-02
-1.180407207800582697e-01
-1.343319512126856796e-01
-1.409757526672324457e-01
-1.585834278979049161e-01
-1.564025884735623650e-01
-1.355205139309030860e-01
-1.313176340481690962e-01
-1.384047303312839483e-01
-1.249869614156512709e-01
-1.244455343956301085e-01
-1.230997085699610943e-01
-1.093194641112210513e-01
-5.369250861120866691e-02
-3.947942976691747735e-02
-4.700246335088532380e-03
6.513038657230518780e-03
1.201136631051421405e-02
2.269407809550277530e-02
1.773965371901135152e-02
1.966243488412606003e-02
1.807581024376169257e-02
2.899031425088486463e-02
3.020444683160595015e-02
3.361452013420371254e-02
3.474720155585259151e-02
3.703225868887516370e-02
3.310318524014360664e-02
2.902890469005596150e-02
1.375000020741623530e-02
-1.043282905914071600e-02
-1.250839007530424145e-02
-6.194994709173733821e-02
-5.318817988490470022e-02
-5.305938165107834670e-02
-4.001917572637101600e-02
-3.433329581128983371e-02
-6.414993632362817055e-02
-6.648385546582671890e-02
-9.827637308292080931e-02
-1.145570215239052198e-01
-1.030578068567445243e-01
-1.016223406503498211e-01
-9.201150136941360635e-02
-3.402951471009475065e-02
-1.344761312270120052e-02
-8.204484590012460499e-03
2.018353839525601975e-02
2.021716215866553590e-02
3.443871653018105994e-02
5.387168714752491039e-02
6.591414563323917675e-02
7.946940757520341847e-02
1.088139753899250717e-01
1.305618538598336542e-01
1.454225463346915659e-01
1.549565218876730877e-01
1.504934104993816135e-01
1.396231726478625035e-01
1.229384317429054185e-01
1.072873940494117745e-01
9.783587769732851602e-02
8.336319320272754518e-02
7.194936163873365265e-02
6.449371059956419960e-02
4.636436989657087560e-02
3.677550066470268442e-02
2.231208330270800788e-02
-3.546434111564806656e-03
-9.318757980568345700e-03
-3.315449458926648940e-02
-3.825207398532401437e-02
-4.413151216217516687e-02
-5.854919856695409153e-02
-5.474450750388763776e-02
-6.412059093065679283e-02
-6.652699814294997516e-02
-6.145974829170431503e-02
-6.707807288417870495e-02
-5.915387040607236052e-02
-5.649809781648364171e-02
-5.787205204576274103e-02
-4.994432880162810034e-02
-5.235163935687642267e-02
-5.353885562464041903e-02
-5.000214987386202015e-02
-6.165223670171486592e-02
-6.322292336571268268e-02
-5.772811663046421154e-02
-5.864465513016630521e-02
-4.913748522682600400e-02
-4.609802997020735760e-02
-4.089012453166529504e-02
-3.266513389373502246e-02
-3.221499349181419780e-02
-2.395146552270627574e-02
-2.341193008851367649e-02
-2.401783809384332516e-02
-2.303743992388773004e-02
-3.144827933276047455e-02
-3.316755175384632909e-02
-3.992563331504753871e-02
-4.689747893574948423e-02
-5.124249304840612640e-02
-6.021332787093017919e-02
-6.561638953793817730e-02
-7.389504368952747038e-02
-8.179117754560978615e-02
-8.872036625252242847e-02
-9.949751958530761442e-02
-1.043066800031144659e-01
-1.133331197271586349e-01
-1.278972141732582224e-01
-1.166157769748651651e-01
-8.274010379984082786e-02
-6.023089475040416946e-02
-1.424042610920362578e-02
-1.564674228659070467e-03
6.230080692177699525e-02
6.877096986568194403e-02
7.460221695581778500e-02
9.480865483179147513e-02
7.249450974863991259e-02
6.543110941566157579e-02
5.728237951718669757e-02
5.480994478170617829e-02
5.090302961665862935e-02
4.127116394668434857e-02
4.195988729774310921e-02
3.448642932507263448e-02
3.566719540888052542e-02
3.523133560860299690e-02
3.305513746833625699e-02
3.389747841309877913e-02
3.431799955215594777e-02
3.201887779839627385e-02
3.476623934677067207e-02
3.436709401386500023e-02
2.813242031336140800e-02
2.730433105593204832e-02
2.206031971091034286e-02
2.019891744276818349e-02
1.784790199850302614e-02
1.543622064436729786e-02
1.378998148702475016e-02
9.914407996596076578e-03
9.149194450873095186e-03
4.339810226572262189e-03
4.253423861731741619e-03
5.090078406712844443e-03
3.756622023191857115e-03
4.504089664827432005e-03
4.355883274031954744e-03
4.457699751558324118e-03
5.005060607743673506e-03
4.850084584300957610e-03
6.187939788286598262e-03
6.189489833854096290e-03
6.422991511999578441e-03
6.770429357856542693e-03
6.755842792245323782e-03
6.899618337789188705e-03
6.964744253525773435e-03
6.980155738583361177e-03
7.031003105155819895e-03
7.042596764577873161e-03
7.055873800680444521e-03
7.069864318140160406e-03
7.073267220184508916e-03
7.079420631275593762e-03
7.082845156967283728e-03
7.084314785558017483e-03
7.086875464091857250e-03
7.087244129982113103e-03
7.088108806841999544e-03
7.089925402755582751e-03
7.087386259470877282e-03
7.091222969708277542e-03
7.090889920126263769e-03
7.083524350272922543e-03
7.102284275988274276e-03
7.080171163876295033e-03
7.083746653498037942e-03
7.133765762938219790e-03
7.014828290021241260e-03
7.158004340128623980e-03
7.141908630196653306e-03
6.820813486652963810e-03
7.558577791526478393e-03
6.673487767049203316e-03
6.596201977272422162e-03
7.091150021185386836e-03
