2.329246158442453002e-02
2.347792636536130337e-02
2.717044569578566660e-02
2.558131863476922896e-02
2.338127657150934277e-02
2.369945913696349521e-02
2.356099167110413395e-02
2.314296790394335807e-02
2.330160555002265543e-02
2.313689708191458971e-02
2.308681446243097610e-02
2.310502532005161147e-02
2.304305537356252098e-02
2.304583667506922978e-02
2.303718697129100712e-02
2.302262243414849446e-02
2.302618660161611167e-02
2.302174854034818446e-02
2.302176628183024223e-02
2.302760220779267314e-02
2.302952455675419396e-02
2.303976124264341119e-02
2.305582194271081631e-02
2.306444800009892215e-02
2.310577823725136482e-02
2.313710777926407045e-02
2.317317328350805908e-02
2.331103307665252991e-02
2.333669375146470507e-02
2.353908096716540374e-02
2.387703261133473573e-02
2.383922375866561263e-02
2.481279839914294488e-02
2.519336965825301478e-02
2.546698968006411157e-02
2.912673346534768240e-02
2.934889065748034348e-02
3.003041504086792490e-02
3.111526658203300072e-02
3.120172371269540681e-02
3.263536414426364968e-02
3.258741965415979519e-02
3.483623969662063419e-02
3.728684300343804159e-02
3.186335835298693270e-02
4.483079588640433155e-02
3.556376774302509591e-02
4.385973500730392521e-02
4.318014924977124636e-02
3.051757601900104491e-02
3.860065903830566664e-02
3.577610966671920800e-02
-3.651502322914128990e-02
-4.807575441244389680e-02
-4.312180604811353263e-02
-1.083093708000602146e-01
-1.070192269841480220e-01
-1.568943716829667989e-01
-1.793326352632072795e-01
-2.031891141697652892e-01
-2.374789735884685615e-01
-2.626053721658283546e-01
-3.175732074681441586e-01
-3.204269132838351575e-01
-3.283454061308050398e-01
-3.284941589903938586e-01
-3.036420781668268121e-01
-3.019528083695143805e-01
-2.774655233140969623e-01
-2.551872954307793373e-01
-2.423650321726097956e-01
-2.032560957344439478e-01
-1.834296265601513265e-01
-1.767750606269196390e-01
-1.470752925504549835e-01
-1.433825217188241519e-01
-1.310901863502449693e-01
-1.095554729139379818e-01
-1.143469698255461242e-01
-9.751197968482193390e-02
-9.567492449005399191e-02
-9.644559479491379705e-02
-7.417879372316270314e-02
-7.713013884120062391e-02
-2.633775702018226889e-02
1.806818014309501119e-02
5.475280372427323433e-02
6.792817567156651803e-02
4.828932134483089611e-02
4.656972180505257464e-02
4.927548579978881238e-02
3.686642707235582295e-02
4.891552687117440429e-02
4.197096973415401222e-02
-1.238812032368862004e-02
-2.542120579725679064e-02
-2.032462960537451471e-02
-2.120490313539745084e-02
-2.825112472275769296e-02
-4.309264730463174820e-02
-4.361621222778744311e-02
-7.159079009986274444e-02
-4.473320858217350038e-02
-4.735115972107541149e-02
-1.308664409426806181e-02
2.066783837068877916e-02
2.783517712113730766e-02
3.577827169524331469e-02
3.313560727613914375e-02
3.075306350030287267e-02
4.276315187955165298e-02
3.571108378392330585e-02
5.568450743565280664e-02
5.021776001251246346e-02
3.694935773711765375e-02
3.059943426739367492e-02
1.846056051430051623e-02
3.033728844190270064e-03
1.220704533947701738e-02
6.833702401643750035e-03
2.273068569544523659e-02
1.086391947779504971e-02
9.876998852997469214e-03
1.611883579013285441e-04
-2.394257612794401316e-02
-1.088032631909289366e-02
-1.361337130945616813e-02
-2.373565741065382026e-02
-3.877516192830780112e-02
-3.888188352925919106e-02
-4.932379425980055326e-02
-5.473406269770819677e-02
-5.002445205432840686e-02
-4.914629531628224302e-02
-3.811932257782259942e-02
-1.151898329825779043e-03
1.700932258213076753e-02
3.284524753458178264e-02
6.475934687145247504e-02
6.840175209717003213e-02
8.248462647437479478e-02
7.503290657663833074e-02
6.248256039662786199e-02
5.127086825982196672e-02
-6.738062686808209654e-03
-4.484472413816861097e-02
-3.448037108072803114e-02
-5.758051760147671339e-02
-3.535384325202547279e-02
-4.252647745643112903e-02
-4.128777312277594203e-02
-1.399537027633924622e-03
-2.499960558397118504e-02
3.360268700667617958e-02
2.166065040162257899e-02
-1.571684859557506350e-02
4.135269212100266267e-02
-3.325719033142550407e-02
-4.893777630490914188e-02
-1.132168854845145844e-01
-1.186704680614237006e-01
-1.230384270814539605e-01
-1.222802435866895965e-01
-1.200383750734294458e-01
-1.246232470581581098e-01
-1.227945386876700545e-01
-1.477408550996889836e-01
-1.698058030658383399e-01
-2.017601769029553349e-01
-2.575746684428339428e-01
-2.949514144040975006e-01
-3.342771328858392677e-01
-3.760525560169354908e-01
-4.045267673595164815e-01
-4.422554014558908730e-01
-4.550506478285966661e-01
-4.855538027683620195e-01
-5.084793096310167293e-01
-5.164173121196640182e-01
-5.399258303688921901e-01
-5.323902911748312761e-01
-5.305596872521548546e-01
-5.144813898288904674e-01
-4.819980004743202318e-01
-4.735396119549629135e-01
-4.288809920881614390e-01
-4.093479191213654778e-01
-4.036455206564685261e-01
-3.738447789186656323e-01
-3.884391976110125877e-01
-3.799463657517914705e-01
-3.622487357471361191e-01
-3.833270711864557034e-01
-3.591626847579110771e-01
-3.714629042923559554e-01
-3.937453939632056255e-01
-3.912492912823875568e-01
-4.377918079927077821e-01
-4.517366451557511819e-01
-4.676796304523009873e-01
-5.116311990977825408e-01
-5.063933890920846448e-01
-5.275422557640274679e-01
-5.318008463830249388e-01
-5.179254687304014615e-01
-5.333373806644666759e-01
-5.146676073208014124e-01
-5.103507046796776914e-01
-5.118421836073402398e-01
-4.826411376430443378e-01
-4.848284251706866943e-01
-4.591598565625322204e-01
-4.250289410009767122e-01
-4.093529664215053154e-01
-3.516331908462845823e-01
-3.227627574896834162e-01
-2.806137687378688073e-01
-2.186569492528689929e-01
-1.848061698978950285e-01
-1.287704574357797782e-01
-8.521080124046619131e-02
-3.720356187666940678e-02
1.449711552276310676e-02
4.748336484435629334e-02
6.321419943761993898e-02
2.824413649255541267e-02
1.705626557188414522e-02
4.752012366147534937e-03
-6.537236306851974691e-04
-1.942499223808236359e-03
-4.289903149078216210e-03
-3.235985337061501356e-03
-1.590767322685694360e-02
-9.234030719744532479e-04
-1.182177755158666556e-02
-3.037147011952361780e-02
-1.036437306863731249e-02
-5.945447123949956780e-02
-5.915719736712487728e-03
-2.726157771222574924e-02
-3.753579877670800563e-02
4.206608561857655415e-02
-9.870785936765075208e-03
-2.359372957446605884e-02
-6.087928723534417885e-02
-2.035400736171674441e-01
-2.491385237538724096e-01
-2.940240410900015755e-01
-3.726012836000844319e-01
-3.279915320621449304e-01
-3.407405571932849431e-01
-3.145177174465563774e-01
-2.323984550487210032e-01
-2.139427423938786987e-01
-7.246275396337492625e-02
-3.026189002015048507e-02
-2.086226326021667615e-03
2.129555507710681819e-02
2.116148840968428910e-02
3.254965040550458072e-02
4.177817438289740948e-02
3.855076367249581082e-02
4.406097267449279875e-02
3.841357795509679068e-02
2.539510895525716114e-02
1.484590500422600969e-02
-1.335661480251330684e-02
1.039108762103533798e-02
8.142868936934163221e-03
-7.421678439225057496e-03
1.269853461600025345e-02
-9.661866923110789054e-03
-2.632725158461607373e-02
-2.008690543405575873e-02
-6.201858395002397134e-02
-6.049194932485192633e-02
-7.515121219557753529e-02
-1.208270740871015131e-01
-9.150440134044690588e-02
-1.038833960445281063e-01
-7.156431799970106034e-02
8.812138242534304014e-03
4.482302044390204521e-02
7.815209077088970668e-02
1.017750306405241778e-01
9.130630509153495056e-02
3.946077302695693428e-02
8.012694428010034425e-03
-7.307669554348403262e-02
-1.699569181116674654e-01
-2.368554946439192510e-01
-3.119700307308188036e-01
-3.629570318348024904e-01
-4.035954853082143190e-01
-4.326423030604193976e-01
-4.455717045189025449e-01
-4.638176268659119361e-01
-4.707525034482369364e-01
-4.747682571167413101e-01
-4.830413773578512981e-01
-4.783887586123409807e-01
-4.780935601010789515e-01
-4.729674091851225892e-01
-4.540211036869650774e-01
-4.375682538093125240e-01
-4.213726695700210634e-01
-3.916696591088226764e-01
-3.714929367430816476e-01
-3.423239895005197875e-01
-2.577176521374283102e-01
-2.222633627694806102e-01
-1.860866769994587722e-01
-1.277247315450031895e-01
-1.120831992127051951e-01
-5.458199972311230525e-02
-4.262132982286508803e-02
2.503662593002130982e-02
3.558946947938038119e-02
5.073117018616753876e-02
4.773611884650592191e-02
4.517182849696002589e-02
4.626792679680774567e-02
4.157883209927060175e-02
4.389284819054603548e-02
3.633419672263828865e-02
3.844334997977482543e-02
4.487540788539610276e-02
5.186693669094517845e-02
5.450829610341748066e-02
5.729576209376863183e-02
6.241282160339309965e-02
4.021167318802026241e-02
4.303827320099586073e-02
3.740929735966118386e-02
-1.341922929396060019e-02
-2.295726263447443391e-02
-5.322035066392445668e-02
-7.927486169628726598e-02
-9.318462710347499844e-02
-1.148027292412619887e-01
-1.500991360227854066e-01
-1.573790875973936354e-01
-1.941653716148495357e-01
-1.938693343296609417e-01
-1.818677423696648809e-01
-1.886342237512428632e-01
-1.819111536434112608e-01
-1.730402278020569673e-01
-1.674060275581558399e-01
-1.625188868638242357e-01
-1.314924127773032247e-01
-1.277614922597708758e-01
-1.183636299422199667e-01
-1.053871967518644481e-01
-1.020092420982761927e-01
-9.313058049073580369e-02
-8.182773294579553935e-02
-7.809536238168150735e-02
-6.253055070780133562e-02
-4.604201310796684349e-02
-4.215786136847472082e-02
2.998176921586618400e-04
1.047006333904176292e-03
1.173070681544801513e-02
2.205218733668049685e-02
2.204055797052857993e-02
2.546658989232855955e-02
2.686656719871022281e-02
2.723605218994007426e-02
2.845286222771642448e-02
2.868718155559779603e-02
2.902262237175001411e-02
2.935831300466856808e-02
2.943270766721631237e-02
2.959073739500980849e-02
2.967166886277655680e-02
2.971181851461229817e-02
2.976741536982143929e-02
2.978699906252021620e-02
2.980604055366983460e-02
2.982168951463498585e-02
2.982334124760335423e-02
2.983130729088733987e-02
2.982821769748627769e-02
2.981793979071811762e-02
2.982488562799245901e-02
2.978627377090348541e-02
2.977628311141952699e-02
2.977142244587118944e-02
2.962986462222263681e-02
2.969952741831702325e-02
2.952328346441182583e-02
2.922236671549931913e-02
2.956616088199490872e-02
2.844809982295460130e-02
2.839576671716493098e-02
