9.446404701970271016e-04
1.004997434335751054e-03
9.380860466707295403e-04
6.005890561314985434e-04
1.716139470880040027e-03
2.073150985095401251e-03
3.368971636669963396e-03
3.721235921112175070e-03
4.141601341272646390e-03
4.590897634754869359e-03
4.740605110412534316e-03
4.974587590082078618e-03
5.120939056214056546e-03
5.206978424678951854e-03
5.307409269390417003e-03
5.359670324698950425e-03
5.403959783725461978e-03
5.440489199222842825e-03
5.460174676330623381e-03
5.475770930360264986e-03
5.484399118107489979e-03
5.486280329327101676e-03
5.479716030637885385e-03
5.473461863862243669e-03
5.452676644843650750e-03
5.422224250373913236e-03
5.401002173566615307e-03
5.325958043038058788e-03
5.274115052180040897e-03
5.204619891631011817e-03
5.000768829333821289e-03
4.970106560177404639e-03
4.670448782556684171e-03
4.282273231001700910e-03
4.348720808773195480e-03
3.213527277162212328e-03
3.404542376509033137e-03
3.094219167674746532e-03
2.962636528571565252e-03
3.274581869925081989e-03
2.975592133065009092e-03
3.733788971467727480e-03
3.987258031689310499e-03
3.481408972114918583e-03
4.304310271383915767e-03
4.353547332538548059e-03
2.274993512943781094e-03
2.614993525512423860e-03
1.224560338546478800e-03
5.194893544073697026e-04
1.907404804069296302e-03
2.466421427560016363e-03
3.465896298143358520e-03
8.475333789368353493e-03
8.441486101336534431e-03
1.015422758453361253e-02
1.135410137109182406e-02
1.013360525240341800e-02
1.000128982370850246e-02
9.025805802422275786e-03
5.251878930283299801e-03
4.632479001068012109e-03
1.370677891338470273e-05
-5.436780372886852036e-03
-1.025828706438504725e-02
-1.377781419411054295e-02
-1.625565106386131151e-02
-1.613769755983287396e-02
-1.887397435584940719e-02
-1.902644900934709685e-02
-2.107726762927631531e-02
-2.357419739838293588e-02
-2.422785166920719130e-02
-2.911837759559747496e-02
-3.033961652508055176e-02
-3.428587041723536732e-02
-4.008086718362804252e-02
-4.048993858782725525e-02
-4.900056223789340387e-02
-5.008018804710950150e-02
-5.016567365578513543e-02
-5.459435857113482254e-02
-5.061503359890635184e-02
-5.085578324120129667e-02
-5.013442494106238462e-02
-4.166776570538436447e-02
-4.055844523437079213e-02
-3.338243504491496955e-02
-2.548447798632939854e-02
-2.481867520702829913e-02
-1.335592827248127147e-02
-8.837417389406385798e-03
-5.391934041978576134e-03
3.879599178503982280e-04
2.214634084579004437e-03
-8.811145481996915949e-04
-1.084374143778009310e-04
-1.541255129832691908e-04
-3.288848715983986432e-04
3.370855751386006333e-04
3.905871125072716936e-03
3.763704917771113108e-03
6.461424763284926050e-03
7.362110564736175193e-03
7.727319778004954585e-03
8.831823124175386050e-03
7.704956991367145278e-03
6.650335130058014112e-03
6.359068428699325010e-03
6.147369673559869088e-03
8.485912227946279876e-03
7.857554660393652191e-03
6.807383928910579717e-03
5.479912833142682425e-03
2.856670412619016167e-03
7.723788811633517000e-04
-5.446854786378697508e-03
-9.358662948543502655e-03
-9.198322535424040269e-03
-1.460008668513368066e-02
-1.280168485695101430e-02
-1.177515088834724284e-02
-1.162271560793604053e-02
-6.213296814974620871e-03
-6.245166355836067121e-03
-2.321716390499003069e-03
-6.152415694083905422e-04
-2.026059896547037758e-03
-1.179898428132062542e-03
-1.105063349917202080e-03
-1.598937042788250735e-03
-1.265468040734325696e-04
4.213852346378910716e-04
2.445992704295333340e-04
5.961526582974789081e-03
7.621559310455704520e-03
7.258216019145893698e-03
1.166449247311993932e-02
4.541148484565347976e-03
1.037929507495632692e-03
-1.507075618126969612e-03
-2.264318394364908324e-02
-2.665223410522533226e-02
-4.332479901872138967e-02
-5.203973483880505041e-02
-5.785384685421521983e-02
-6.282305304230123566e-02
-6.529419277191673976e-02
-6.733779962134603392e-02
-6.727488852857878288e-02
-6.749845260670513103e-02
-6.904757425433259710e-02
-6.891609308609755735e-02
-7.010943056283384933e-02
-7.119148938883350375e-02
-7.154085700253801083e-02
-7.330921358382092023e-02
-7.413631009145089934e-02
-7.520733326005263342e-02
-7.746374914255814426e-02
-7.801318280562218044e-02
-8.041570744735565546e-02
-8.263103760306257650e-02
-8.324634055687665790e-02
-8.760039899913103778e-02
-8.811133799362735886e-02
-8.816601572297989853e-02
-8.864967816854361915e-02
-8.633886708660043485e-02
-8.352076229782617878e-02
-8.080502327897150228e-02
-7.526983755938733422e-02
-6.958548041256126804e-02
-6.460182473014040860e-02
-5.530766991959603501e-02
-4.991600556600522820e-02
-4.450478457446170599e-02
-3.771753893014920950e-02
-3.328490480928070205e-02
-2.907683658466080415e-02
-2.550513341095222292e-02
-1.844268011027319285e-02
-1.441874959517123328e-02
-7.147855678539924602e-03
-4.601220382003039927e-03
-3.309174766501474826e-04
3.930650342190165902e-03
7.706578946377845400e-03
1.870271955311503254e-02
2.364277821909965133e-02
3.058317755523395562e-02
3.122163475972388955e-02
4.067697615710860054e-02
4.365576647694165840e-02
4.363703692809728363e-02
4.662035968260151014e-02
4.536058711142698652e-02
4.115029680062382705e-02
4.094556040398755759e-02
3.383159598020851755e-02
2.519502802694472895e-02
2.620260544134853445e-02
1.839424139473734522e-03
-1.715069449813094163e-03
9.764601715798180634e-03
2.753693067816310059e-03
3.564473384367188979e-03
5.476628463024470206e-03
2.145545256404931145e-03
3.923014308775197093e-03
3.260329642721070554e-03
1.528800369155096112e-03
1.543197328073249832e-03
-4.340575694434293489e-05
-1.210039235750500711e-03
-1.764073884514293956e-03
-3.467438457175221495e-03
-5.374501713631066845e-03
-5.796962836371794860e-03
-1.028061283513929426e-02
-1.220764986680124113e-02
-1.409205647349696423e-02
-2.663477585635888600e-02
-2.839039311903372720e-02
-3.713850408023220556e-02
-4.300200092110628702e-02
-4.329957625376865127e-02
-5.121337138024594643e-02
-5.362906584280412170e-02
-5.824970430235937996e-02
-6.925270101976180315e-02
-7.441563690361534256e-02
-9.589768383688537789e-02
-1.086052065229217573e-01
-1.116684686388784431e-01
-1.247062954426573222e-01
-1.218557421755867148e-01
-1.238124958984318652e-01
-1.249861480305112793e-01
-1.164606434914900457e-01
-1.135326338208749314e-01
-9.757046151718883065e-02
-8.136451684347023594e-02
-5.532822238901084766e-02
-4.407484751989795141e-02
-2.960661649744612822e-02
-2.079816533046544014e-02
-1.627050255162206666e-02
-1.093007823543874595e-02
-7.823127944194784023e-03
-6.998743310844194980e-03
-4.632178905764007884e-03
-5.834753765391572852e-03
-1.152259924912180274e-02
-1.310307667575584881e-02
-1.689271018214713246e-02
-1.944066279109042325e-02
-2.287500948510076682e-02
-2.549837250369342903e-02
-2.632200112784286589e-02
-2.768931518090462021e-02
-2.907831394136966771e-02
-2.974478756560029746e-02
-3.228766910193998918e-02
-3.433624067333845842e-02
-3.578472274185204999e-02
-4.089132161630548018e-02
-4.219462378668062397e-02
-4.572408679461757719e-02
-4.870598117805828575e-02
-4.987837284132424359e-02
-5.306649480964763937e-02
-5.424747423087344228e-02
-5.557253124435775765e-02
-5.784487070346125415e-02
-5.763770381557874883e-02
-5.905748739000073882e-02
-5.893571173127708923e-02
-5.586565601862791830e-02
-5.594603814910101280e-02
-5.189099068788261687e-02
-4.849676366582717640e-02
-4.443719851481622157e-02
-3.838975660078754876e-02
-3.534846429103948029e-02
-2.658278499576552031e-02
-2.270935009400185112e-02
-1.448177132320283000e-02
-1.056552671655236995e-02
-6.158461798980294742e-03
-3.173903025743010642e-03
-3.998703942523798745e-03
-2.221000827682343987e-03
-1.349702755687753409e-03
-1.214004516604032420e-03
3.122086734473108246e-03
2.431557963273749384e-03
2.047371888684946031e-03
2.830590737463846082e-03
-1.040633535390562622e-03
-3.668331984782178591e-04
-1.688784912788073890e-03
-3.978244801773458961e-03
-3.511503349244284988e-03
-2.925136938457622432e-03
3.558985939033271900e-03
5.396981204367799941e-03
9.622363711695159499e-03
1.189851699883672127e-02
1.276082105852670290e-02
1.395779392387390579e-02
1.438685864033355417e-02
1.260460508272133288e-02
7.335187594241331446e-03
3.961814870409742680e-03
-2.213846912006234638e-03
-8.596502946442777238e-03
-1.646811578093186970e-02
-2.634441588593930406e-02
-3.059655173284996435e-02
-3.702712218410996597e-02
-3.991352667158809542e-02
-4.164619214518573004e-02
-4.523399598724616583e-02
-4.693825794940206103e-02
-5.011256573125488084e-02
-5.160545687225089745e-02
-5.410587763429729191e-02
-5.944601291935772830e-02
-6.219503065675539150e-02
-6.989560450883998410e-02
-7.509364921953894101e-02
-7.848800349888825079e-02
-8.279942108981409865e-02
-9.070574348009043109e-02
-9.378575353667056858e-02
-9.883736376787201350e-02
-1.021244113226316835e-01
-1.007971291466484842e-01
-1.011729229409777248e-01
-1.001020005742469798e-01
-9.368343456310963824e-02
-9.056534245426921259e-02
-8.138751611557974719e-02
-6.219936923576382948e-02
-5.333997759688555856e-02
-3.652490618272051515e-02
-2.944502396281408266e-02
-2.112813991807154304e-02
-2.299290971795798708e-02
-2.281228597814108361e-02
-2.947923829758923586e-02
-3.179228508446151763e-02
-2.965179249355234109e-02
-3.261777329145069265e-02
-3.016802062752298869e-02
-3.159270207232511840e-02
-3.118418806044950461e-02
-2.862033546264540831e-02
-3.020878238201129412e-02
-2.638948062464823927e-02
-2.504588120084882616e-02
-2.451905449086708502e-02
-2.046230598002405851e-02
-2.188063360631173696e-02
-1.845704726830033754e-02
-1.599978160038631123e-02
-1.443594555121613388e-02
-3.837161876456214853e-03
-1.615688956544652837e-03
1.684626436786910292e-03
7.051999766978614935e-03
7.497922108430450996e-03
1.369884074430283150e-02
1.507938578701587158e-02
2.032768561076996050e-02
2.441015410474197192e-02
2.550478320304243665e-02
3.592057077079679334e-02
3.465951904909254921e-02
4.158547024534439696e-02
4.397678046081347769e-02
3.512557252761557697e-02
3.806949930660380454e-02
3.406908013794996554e-02
3.187672519542787686e-02
3.055079072659135780e-02
2.508841640134448422e-02
2.194394737915820320e-02
1.216621558680964360e-02
1.042643615097033766e-02
9.320585476459570737e-03
6.859648251978382912e-03
6.758005121605363888e-03
5.274680070830677601e-03
8.473627519990090118e-03
8.393954569828474682e-03
6.811235549403910072e-03
5.610530240206496912e-03
3.643011960361178855e-03
-6.040569057034903466e-04
-4.780424056588477959e-03
-8.372073406680806060e-03
-1.039769353976613235e-02
-1.163747162625053400e-02
-1.176227438506052304e-02
-9.179926591253396648e-03
-7.801771284015688451e-03
-6.248835601187802125e-03
-4.188354459581868257e-03
-3.891927823892060798e-03
-2.331411078949426671e-03
-2.557304707945491119e-03
-2.729831367923359585e-03
-9.932978449384303934e-04
-1.726388741647841805e-03
-2.562715031753590774e-03
-7.136873550060346405e-03
-1.284393882085770738e-02
-2.217132455001396760e-02
-3.531925778254065007e-02
-5.287920220249970465e-02
-6.125171821526979865e-02
-8.069041773846180599e-02
-8.750432622442151642e-02
-9.318623324006299058e-02
-1.030509336403773735e-01
-1.029854664949623189e-01
-1.063471384597275693e-01
-1.074672419906120696e-01
-1.058672430621373922e-01
-1.064328866661314738e-01
-1.017754750890795673e-01
-1.001904124828337933e-01
-9.449481737185828900e-02
-8.684635461136928913e-02
-8.386723217581795731e-02
-6.916601654565288082e-02
-6.585471830092029522e-02
-6.067362744665590751e-02
-5.340286185340402392e-02
-5.271320045908292617e-02
-4.835009301890783040e-02
-4.577458990206827866e-02
-4.532775873505168890e-02
-4.223865626128520123e-02
-4.238179186533105880e-02
-4.277230549172818946e-02
-4.264415515198549667e-02
-4.492030973364714158e-02
-4.770016794042676589e-02
-4.996108009225700558e-02
-5.615009711793522013e-02
-6.210149164187959286e-02
-6.348117284390755732e-02
-6.989564431568365266e-02
-6.863568103459320724e-02
-6.963569852492142165e-02
-7.065050343093857987e-02
-6.732280263392508013e-02
-6.821817291535182959e-02
-6.430515922640128723e-02
-6.139912960464349867e-02
-5.943821062036853953e-02
-5.143709169123317909e-02
-4.862595414435576247e-02
-4.451090834198813406e-02
-3.936038137706113216e-02
-3.732603303336250178e-02
-3.269493094644023573e-02
-3.005191651494809948e-02
-2.706473183016127465e-02
-2.372169853308779552e-02
-2.182012013071712303e-02
-1.849090717396012495e-02
-1.757663640886378970e-02
-1.619449557037613840e-02
-1.046839774375246147e-02
-9.254026838580269726e-03
-4.774420166535557619e-03
-2.716036216664058887e-03
-7.080364551330659961e-04
2.949002051433584869e-03
6.406445220962916562e-04
4.041325477619650552e-03
6.759808837319937307e-03
6.213707022445722969e-03
1.765899813820782580e-02
1.930105130474411151e-02
2.250380129770299109e-02
2.654450539372029544e-02
2.466060769212814405e-02
2.779476274752018874e-02
2.633477627231044921e-02
2.394922703524672222e-02
2.508317491376091390e-02
1.802239265800382670e-02
1.822581669959398923e-02
1.687718304712840581e-02
1.454037355621937838e-02
1.444553953291845966e-02
1.318447574189195864e-02
1.222379413668151817e-02
1.151834070480407986e-02
1.093851720394548380e-02
9.391942245426989841e-03
9.185514202615454454e-03
8.522429334798343331e-03
8.063743275009600114e-03
7.797592757080336681e-03
7.400149649419203272e-03
7.256245903120547673e-03
6.722706132950719178e-03
6.672818234363228976e-03
6.430401083461799623e-03
6.505506014450171404e-03
6.586688399463453032e-03
6.557481683763129003e-03
6.738523949403131368e-03
6.787846260479789805e-03
6.933510625865084952e-03
7.305088890914079869e-03
7.282419411252161710e-03
7.907424297205020713e-03
7.867169715445045466e-03
7.935668387470892066e-03
8.103656957963627575e-03
8.076512369607798461e-03
8.148140680781026934e-03
8.181958955220277468e-03
8.185941107085356605e-03
8.217395697980337324e-03
8.223579872067522320e-03
8.232171181669285451e-03
8.242543910632740833e-03
8.244926813916335015e-03
8.250416028803355534e-03
8.253563828766715196e-03
8.255379038034386593e-03
8.258861701249174334e-03
8.259382038437833654e-03
8.262298498558079754e-03
8.265342394097426743e-03
8.263647790079979571e-03
8.273393659419897572e-03
8.271809718712790430e-03
8.272393092855725993e-03
8.300039507649986659e-03
8.272052693659624756e-03
8.312184429876504424e-03
8.348270964648709519e-03
8.254800633286532227e-03
8.476162483063907210e-03
8.352330850215781283e-03
8.291610207967013008e-03
8.954937893563160584e-03
7.989771734141603091e-03
8.949896854978274530e-03
9.434413074898407789e-03
