-5.304524824640925989e-04
-4.154319322594034235e-04
4.142045646166404903e-04
3.780092391301175686e-04
2.429742693267488319e-04
6.682234639049092944e-04
-6.273039971770877230e-06
4.955973225626705489e-04
4.352146138434033105e-04
3.503686436759473853e-04
5.454256691894746566e-04
4.607082659333962835e-04
4.941430354422946631e-04
5.257490228907929367e-04
5.011815428857755708e-04
5.218562571694219466e-04
5.209797150870079186e-04
5.188835033878136773e-04
5.244886347979237909e-04
5.220989711432255436e-04
5.240051277296865501e-04
5.226712779313856397e-04
5.224680084342864716e-04
5.245211839114773166e-04
5.149297560720047162e-04
5.243930430872250368e-04
5.158209708629212572e-04
4.946724445730608022e-04
5.372684105811835606e-04
4.616068167513642253e-04
4.800411758011835137e-04
5.492721456389680710e-04
3.058206724514603964e-04
6.416949008179444885e-04
4.476363032301478679e-04
4.200868200340021987e-04
9.755012972636243436e-04
5.607345200804060570e-04
2.020383158416523117e-03
2.472024662301057062e-03
2.389378896426166098e-03
7.264723531848482629e-03
7.350487952544506980e-03
9.726705517220671227e-03
1.177248325592240505e-02
1.076349340399398481e-02
1.242292825196054940e-02
9.773360853475722421e-03
7.395084545701671036e-03
7.401947843838040109e-03
-1.648017346256873752e-03
-3.175087313741187158e-03
-6.034381178279690609e-03
-1.386883274775985511e-02
-1.381889165811487664e-02
-1.707913165411724041e-02
-1.809193970178975264e-02
-1.814433200607180538e-02
-2.031091231290764118e-02
-1.585999106990549148e-02
-1.767657224686291009e-02
-1.102553457452672310e-02
-7.322595468306229076e-05
1.024239397391872759e-02
1.099987071268304119e-02
1.020995101359166261e-02
7.213978954970905536e-03
6.517574133647307567e-03
3.177541928821461022e-03
9.531773292936004558e-04
-7.082000714073452899e-04
-3.872330368865957526e-03
-4.755745494552487095e-03
-6.747854006835346703e-03
-8.333642072959907693e-03
-8.442368972994336584e-03
-1.018415507406568443e-02
-9.966078156127310475e-03
-1.002106850856461159e-02
-1.057184327249800250e-02
-1.016513899746031638e-02
-1.099882672908101058e-02
-1.089470104046906702e-02
-1.088031098885046746e-02
-1.216677017659365326e-02
-1.139927803030235838e-02
-1.343982647084665527e-02
-1.252543372930791515e-02
-1.292716389349975875e-02
-1.198405087505785387e-02
-1.251795046968289492e-02
-1.299665917941773309e-02
-9.103894418967924118e-03
-7.518840247918550865e-03
-6.228253167715123474e-03
3.354120117941201441e-03
5.009563241141113885e-03
2.302651255925478903e-03
6.163778039316864833e-03
4.202240983346180840e-03
-3.518150768214472774e-03
-3.274836954754796643e-03
-1.055113718065470163e-02
-1.233537421323488772e-02
-1.017797826116368168e-02
-1.337351979572718071e-02
-1.227465600463758209e-02
-1.524201327578774551e-02
-1.825849708044553765e-02
-1.775240511572554608e-02
-2.226267577615367171e-02
-1.891639988390266328e-02
-1.676599222995012184e-02
-1.371389821491459521e-02
-1.615995632558391015e-02
-2.233452184029481244e-02
-2.251065379626147542e-02
-3.108243051646435509e-02
-3.100202424147752156e-02
-2.923391104991806752e-02
-3.318877821562971758e-02
-2.359378575755355714e-02
-2.404623605722700300e-02
-2.331184046063424983e-02
-1.449551870859751464e-02
-1.305791683197898845e-02
-1.034240822123694975e-02
4.586172870244089911e-04
6.150490430205183265e-05
-2.431743499497349885e-04
3.256883454837859130e-03
-1.348537483456496537e-03
-1.549567688178420024e-03
-2.724673494856895851e-03
-1.589546726082915334e-02
-2.183812236593248371e-02
-2.272686809999050969e-02
-3.364146631563903755e-02
-2.496406220241586746e-02
-2.001213332101699563e-02
-1.654246868995905284e-02
1.394335121458191266e-02
2.698329013234764678e-02
5.668166046666022612e-02
7.880441638794201398e-02
1.019887780156282092e-01
1.107860912234171630e-01
1.304557642432414843e-01
1.348780702895219508e-01
1.387696829834113299e-01
1.401485625923003242e-01
1.395856984523468902e-01
1.406269014434721742e-01
1.395373184813523126e-01
1.391234542136003949e-01
1.388089035745600774e-01
1.372369308853059466e-01
1.372036115720830507e-01
1.357468062285668020e-01
1.347225514700564342e-01
1.345807760043992440e-01
1.320931769005174172e-01
1.323382754805401407e-01
1.304051821523307952e-01
1.272882897919669354e-01
1.263211951771592845e-01
1.174397219222206856e-01
1.131813010301397221e-01
1.078024767562021785e-01
9.469213171438026211e-02
9.093975294585625313e-02
7.728078104388338976e-02
6.268370144499500751e-02
5.754272714430065661e-02
3.405281101841680508e-02
2.739667895883446044e-02
1.850184305749760436e-02
2.471712342457898452e-03
4.172026699369783126e-03
-5.889864892597957216e-03
-8.620066474465098300e-03
-3.535495633496022611e-03
-1.156190968327604207e-02
-1.144550333514478388e-04
-2.011647766703053564e-03
-9.229825962830876321e-03
-9.712025336750676821e-03
-1.165810000029210425e-02
-1.488078086756068272e-02
-9.481757513514601013e-03
3.316861330430268592e-03
5.004886367284321286e-04
2.233474134649649986e-02
2.123144946254349602e-02
2.097495779270551475e-02
2.986905093191086213e-02
2.707553698950179374e-02
2.358418991857311880e-02
3.108300557660259936e-02
2.057241146687507558e-02
1.247138945715388879e-02
1.546043888943644980e-02
-1.024217317820684363e-02
-1.213352421009815559e-02
4.545026475545594843e-03
-3.286179801242551223e-03
-7.109593905766125775e-05
5.363119724148266050e-03
1.598077813191207345e-03
4.686427948241736821e-03
5.218415362528485216e-03
2.711881785508584147e-03
3.795811922958612378e-03
2.031466787151707965e-03
1.559477765022983849e-03
1.354316735784444597e-03
2.415592010618735535e-05
4.052444349628768852e-04
-1.011662827902894655e-03
-2.332218495094955536e-03
-1.243899447281914547e-03
-7.002115369411913981e-03
-6.996371119450627701e-03
-9.758949544986468549e-03
-2.238324814197926310e-02
-1.694033497357596424e-02
-2.449608988877503835e-02
-1.991720022784311539e-02
-1.270134033784382256e-02
-1.387527570863056857e-02
5.919536652639551325e-03
1.536513032267991345e-02
4.229581126080295128e-02
6.756177636846850965e-02
7.324703941460218581e-02
9.051581355976248688e-02
9.097799615135927775e-02
9.127137335716775657e-02
9.504020631709064748e-02
8.638719983439403782e-02
8.132118791895624754e-02
6.544223868376011777e-02
4.644754724223672249e-02
1.845439406703566418e-02
9.232998505749672249e-03
-9.874169405712632241e-03
-1.643363490997088935e-02
-1.836505005677246949e-02
-2.292133759090853734e-02
-2.111427972683364504e-02
-2.075770543971638266e-02
-1.534239180328422596e-02
-1.230091502786493166e-02
-1.360758466602207846e-02
-1.152034100587941666e-02
-1.206682115211202451e-02
-1.545768789920412903e-02
-1.555235699658128433e-02
-1.879516198322555079e-02
-2.628080567815250373e-02
-2.793874175900411955e-02
-3.291722928635575085e-02
-3.792920201991772933e-02
-3.835231069061336567e-02
-4.404910231404598336e-02
-4.445554932079411048e-02
-4.398824567890654430e-02
-4.589560236882784389e-02
-4.235047738771580139e-02
-4.312060086457036173e-02
-4.175222233915713149e-02
-3.915978957420086781e-02
-4.011802703925478747e-02
-3.665380537074399564e-02
-3.587997621460458503e-02
-3.504694310757874159e-02
-2.990253694269897136e-02
-2.862572369322448004e-02
-2.528402025382571125e-02
-1.966464953074553365e-02
-2.082414992625369540e-02
-1.581876252200643818e-02
-1.533240624016697466e-02
-1.886512102473053565e-02
-1.347070924628405823e-02
-1.729315841384977334e-02
-1.381237222909668071e-02
-5.747889974757460461e-03
-6.605290282736568305e-03
4.686310827103050934e-03
6.555176808924570789e-03
6.932424309699080148e-03
5.337150670747961220e-03
3.602935271436280822e-03
3.233272782413701245e-03
-2.134498980725960376e-03
-5.475463890609083735e-04
-1.896063110779774808e-03
-9.015978490952624921e-04
5.877247823858670894e-03
6.244648305204156431e-03
1.012356302390360861e-02
7.432539148721592492e-03
5.470653040736967419e-03
3.119946182175799797e-03
-1.140933905926036843e-02
-1.398651724180903499e-02
-1.634882845353714115e-02
-2.027014502806633034e-02
-1.367466602588753542e-02
-1.461080718782930242e-02
-8.944796008230891313e-03
-4.522660072495993978e-03
-5.747958729435916243e-03
-8.629693225690006960e-04
2.529380895128423117e-04
1.922208484710827151e-03
4.637270809007263718e-03
5.319646819477000937e-03
5.857452381035587602e-03
2.690100582879803841e-03
1.842783094481853512e-03
-8.562569201483332965e-04
-3.767645209503918576e-03
-4.181349551003668043e-03
-6.499223661607883215e-03
-6.284486103197975924e-03
-2.368242083396994609e-03
-6.119380225077851541e-04
7.791752219820904414e-03
1.792397723784512620e-02
2.365625056493148373e-02
4.612733682675142916e-02
5.011285361284957551e-02
5.770195435177905008e-02
6.520559100567714650e-02
6.146714675730342164e-02
6.751026988989776434e-02
6.601187381826362222e-02
6.234414153425340416e-02
6.661721997233602255e-02
5.667366732538239166e-02
5.466078443444966767e-02
4.868083600352765550e-02
2.360986540623639593e-02
1.699295507971708419e-02
-6.993229098763664947e-05
-1.155348900499873072e-02
-1.410212561784093301e-02
-1.560854206790957509e-02
-1.152071394066142909e-02
3.280429007980393760e-03
2.960085636082783987e-03
6.052347214186648908e-03
1.205959350898231676e-02
9.751454473562660985e-03
1.563403843329346996e-02
1.676247452386201223e-02
2.334440634811600634e-02
2.825356196276918377e-02
3.030596047101678445e-02
3.156571709227341122e-02
3.107169072197857318e-02
2.950788882646477457e-02
2.965671614482864177e-02
2.555260053128381725e-02
2.101578360523662439e-02
1.739916242652353104e-02
3.508699687495812555e-03
-9.957692747572285518e-04
-6.086230367384151511e-03
-1.613915840236859051e-02
-1.501368754712384748e-02
-2.086272012754078475e-02
-2.233641799381389306e-02
-2.321100294146808893e-02
-2.881153872390511059e-02
-2.463024441019567162e-02
-2.858230239436667167e-02
-2.758352217773848980e-02
-1.441802970405590273e-02
-1.634060340620882915e-02
-1.257104668857221552e-02
-1.183761197789164228e-02
-1.637296111221372280e-02
-1.620700628954763189e-02
-2.043628900150815109e-02
-2.255098279063316377e-02
-1.944630740872818273e-02
-1.639009838180607165e-02
-1.494229934926855075e-02
-1.332799696628783788e-02
-1.330511449713167246e-02
-1.246717915051626623e-02
-1.060221666418505529e-02
-1.487309629329898637e-02
-1.450468580404393193e-02
-1.108809938679979588e-02
-9.074820854395548170e-03
-1.323855473797361758e-02
-1.587445530842399380e-02
-2.238742522812896610e-02
-2.717038275533266087e-02
-2.849093389529057732e-02
-3.160698266283613889e-02
-2.864803105703431566e-02
-2.720090712702383229e-02
-2.684527908296781631e-02
-2.009372529282936470e-02
-1.597753539820881766e-02
-1.270717865645067633e-02
-5.370163469726636774e-03
-2.224109275356493404e-03
-5.577863900218805494e-03
-1.022962246178811020e-02
-1.703183301303361555e-02
-1.803229680673927582e-02
-1.726173059306452054e-02
-1.369892576097357303e-02
-5.168278526109734879e-03
8.688670696941971916e-03
2.753848598865126646e-02
3.086339593372248308e-02
5.053775953308105306e-02
5.353858831745807179e-02
5.978077389724210239e-02
7.188392964107677419e-02
7.201023323291623479e-02
8.125143451749651524e-02
8.399535789847809020e-02
8.513993429123230261e-02
8.910198248981908431e-02
8.460401733063098451e-02
8.567607595493433037e-02
7.887077267643674561e-02
7.238875943120601231e-02
6.748374953826817568e-02
5.153273780230856888e-02
4.573758936929879504e-02
3.436885973711373277e-02
2.391875568552835618e-02
1.770071330983473412e-02
7.524946490946400092e-03
1.843629968471353952e-03
-6.159634554622616699e-03
-1.261719080914787752e-02
-1.733730594851699142e-02
-2.069925655902081843e-02
-2.144725909705320899e-02
-2.329225476669477199e-02
-1.885340233923310169e-02
-1.858797460243499095e-02
-1.435033643202498523e-02
-7.239908123783402559e-03
-6.713724513596093513e-03
4.159015130093131861e-03
3.201963612224317628e-03
4.920830703522440126e-03
8.795994904369417583e-03
3.099334043048248156e-03
6.327764824029726010e-03
8.577779700811147181e-04
-3.580084056906734837e-03
-4.234606730632021164e-03
-1.660712571128303283e-02
-1.857058103151050174e-02
-2.622749302619986622e-02
-3.259146138949468169e-02
-3.336570432360550648e-02
-3.967879360690265700e-02
-3.874048106304840006e-02
-4.039527700910471031e-02
-4.095894888912776644e-02
-3.737441314496764422e-02
-3.884701383570646205e-02
-3.343966679385160928e-02
-3.117437325457926220e-02
-2.924657911523945858e-02
-2.248262200618841855e-02
-2.274077027733440240e-02
-1.977033878369868422e-02
-6.711586758842099688e-03
-8.063414403791564072e-03
-8.940677610621913449e-03
-4.863198282977633513e-03
-1.387027094295707232e-02
-1.356623382131715537e-02
-3.464993236637303048e-03
-4.185416781579871966e-03
9.587408603529341475e-03
2.670879556214513645e-02
2.791074810620164381e-02
3.063721706347889359e-02
3.031046603455948493e-02
2.510597631862222096e-02
2.514833282784354265e-02
6.760366075776590156e-03
5.143171463793144715e-03
1.620791486351495000e-03
-5.127606041760226184e-03
-5.199699730886715200e-03
-8.755104972168230998e-03
-9.128226725500954153e-03
-1.069436786882940228e-02
-1.150442563172139089e-02
-8.478786622164165981e-03
-8.462382213661773234e-03
-7.470007381374460520e-03
-6.466141979257723424e-03
-6.226328425266969800e-03
-5.710138582540715338e-03
-5.246291256898580682e-03
-5.058086287555160071e-03
-4.816183614770114946e-03
-4.111523226833018255e-03
-4.023250915835258242e-03
-3.811514854578915666e-03
-3.634335001280898387e-03
-3.590802698341155879e-03
-3.388343690604603709e-03
-3.560878489352982141e-03
-3.327828072934760351e-03
-3.370801219310094916e-03
-3.882634563926489965e-03
-3.955103119696909246e-03
-4.163474861482219236e-03
-4.361538159805447394e-03
-4.415996714420633053e-03
-4.525166956190223959e-03
-4.583711170018839147e-03
-4.615063529138259228e-03
-4.654254205651848879e-03
-4.670963732765668654e-03
-4.685218052254224060e-03
-4.697078552362243982e-03
-4.702620785665968285e-03
-4.708058091485856425e-03
-4.711571420407449640e-03
-4.713652456141796676e-03
-4.715517078129873030e-03
-4.716925903118961844e-03
-4.717514304588388274e-03
-4.718592630397810093e-03
-4.719799037028318996e-03
-4.719070955988978640e-03
-4.722451951944670566e-03
-4.722487920031574402e-03
-4.721297784850753999e-03
-4.733359165961518317e-03
-4.723155160829647925e-03
-4.734762112691638138e-03
-4.754568595940732341e-03
-4.719978922608302797e-03
-4.784190686639554040e-03
-4.739456249857253341e-03
-4.784673320785160291e-03
-4.729540872272159843e-03
-4.597132044006186150e-03
-4.654216891374696359e-03
