-2.130157078657767076e-03
-2.284016506798538289e-03
-5.870470377008035930e-03
-5.975927769886617801e-03
-6.399182822280617515e-03
-6.977602307734933305e-03
-6.367888979635870188e-03
-6.654253069818890851e-03
-6.617248155793693104e-03
-6.522017714049767843e-03
-6.608032558213181203e-03
-6.561513084848898461e-03
-6.563167337134046334e-03
-6.575732194967818731e-03
-6.561252627688139369e-03
-6.567040381311745750e-03
-6.566048312863982661e-03
-6.563558469177593196e-03
-6.565183472803588424e-03
-6.563675670539293079e-03
-6.563708483724889700e-03
-6.562889204189581611e-03
-6.561976219796442078e-03
-6.562189947389059086e-03
-6.557721736974093593e-03
-6.559334147159232714e-03
-6.555480920826394116e-03
-6.543347528708620860e-03
-6.556990198153974519e-03
-6.523447965290586105e-03
-6.515296521707431877e-03
-6.550480777008415093e-03
-6.392063594073499506e-03
-6.514736355132009007e-03
-6.431293223675772601e-03
-5.911758395569783990e-03
-5.935145197633011696e-03
-5.792223584818394222e-03
-5.993100136773709015e-03
-5.946197224248800373e-03
-5.850810439063445882e-03
-7.262590329795370891e-03
-7.139056433898448815e-03
-7.796673701833486785e-03
-7.558500976308277393e-03
-7.483475999727606104e-03
-7.821482339123568897e-03
-7.492742042191151766e-03
-8.663134050042207643e-03
-9.193874586126258089e-03
-7.070715242340088087e-03
-6.554147921495600063e-03
-3.812828546678978438e-03
2.172304064988186175e-03
3.570041097215390178e-03
7.707188773228157951e-03
9.245617428235590463e-03
1.220648182393683015e-02
1.641629452280556761e-02
1.562830604620086064e-02
2.522399861713805341e-02
2.289947886886557760e-02
9.782902767172370340e-03
2.637989797446510173e-03
-1.383385864234666033e-03
-6.369334128993812960e-03
-6.353375364116630591e-03
-7.951769843839965810e-03
-1.002528099316786492e-02
-9.742467558172663786e-03
-1.235300163161433783e-02
-1.413832684718015903e-02
-1.491263278434114617e-02
-1.995762311955709759e-02
-2.156451950249026195e-02
-2.575374849065937763e-02
-3.373451847934639397e-02
-3.442009980517408280e-02
-4.443709839796455840e-02
-4.547291221976575842e-02
-4.419707266587307587e-02
-4.934090360793345897e-02
-4.453998426972555214e-02
-4.527833446027050568e-02
-4.471449520507111280e-02
-3.653268596573189253e-02
-3.576023155903079731e-02
-2.479513985661119593e-02
-1.604558024609241754e-02
-1.113102556563085564e-02
-3.147651182135345442e-03
-2.534720754930443534e-04
-8.225641037630770360e-04
7.978931140942343170e-04
7.870434489223544425e-04
-6.068116397832734772e-03
-6.586934892374562284e-03
-5.330470190490719899e-03
-8.130072774225231141e-03
-7.060246471032937537e-03
-1.498808655136190651e-03
-1.608602520829618141e-03
1.688993544928977988e-03
2.417130927073763216e-03
-2.090414340392548424e-03
-1.747182343764210576e-03
-1.883003619567750250e-03
-4.040010455796367791e-03
-2.583978340119147052e-03
-3.598119101032041991e-03
-2.387337981056165351e-03
-2.696840348660551213e-03
-8.952321155910165917e-03
-1.125993836834878088e-02
-1.526642380356366645e-02
-1.856146277354876750e-02
-2.153548823457235653e-02
-2.818751894809425756e-02
-2.565915165191590130e-02
-2.744200872903220997e-02
-2.620516485922235600e-02
-1.483454387724420474e-02
-1.309674555226279964e-02
-5.843237347812424952e-03
-5.171028397859576270e-03
-7.876668590668238143e-03
-6.358761849764583453e-03
-1.044248273443355857e-02
-1.010739075888639205e-02
-8.179335289543837942e-03
-9.496104585684568555e-03
-7.342070442131178910e-03
-7.065758485841608372e-03
-6.783260988961542157e-03
8.577080085426860845e-04
5.824664514300469630e-03
9.039454937519578182e-03
2.013654456425668926e-02
1.799963012060849799e-02
1.703195011031211764e-02
1.785610573940867030e-02
7.537530093413998510e-03
4.242796036810061143e-03
-4.982522060519408574e-03
-1.069508463777724475e-02
-2.016684452829091076e-02
-2.316847603748142456e-02
-2.745930511204196581e-02
-2.986651567045950015e-02
-3.339795026227612706e-02
-3.420576501024392979e-02
-3.678502155996046102e-02
-3.825534626651957981e-02
-3.899011016588537631e-02
-4.053932994274191126e-02
-4.102157382721786233e-02
-4.144611871449743745e-02
-4.217127313312983572e-02
-4.211301872039226180e-02
-4.201221809463393658e-02
-4.237183946211711683e-02
-4.143442470219374507e-02
-4.116390474644085473e-02
-4.091295957181444870e-02
-3.872629219463069594e-02
-3.879460269552903462e-02
-3.421694942979135873e-02
-3.377465349988145737e-02
-3.176584254883960123e-02
-2.953348505701070686e-02
-3.004183923939360984e-02
-2.720377542338486485e-02
-2.771102621480895159e-02
-2.653950861216764975e-02
-2.310468796771445593e-02
-2.238985218236261635e-02
-1.929145484459624318e-02
-1.633451445889663040e-02
-1.595521467753174827e-02
-1.052236849700562485e-02
-9.599568397307859519e-03
-1.339953036424995983e-02
-1.247829692129598031e-02
-1.361354144900782381e-02
-1.302752222353355943e-02
-7.522504113281945626e-03
-6.822781554804168737e-03
-5.693234715598241395e-03
-2.036327899703243433e-03
-4.583992036477723027e-03
-5.631859933785149375e-03
-5.104740584541096055e-03
-7.927221508102251166e-03
-7.727527996219721827e-03
-8.494913734990897775e-03
-1.007323997761132295e-02
-1.033053290528906931e-02
-1.081313688796713308e-02
-1.347606419118348164e-02
-1.245987784019789678e-02
-1.405575040950364160e-02
-1.493006973070657578e-02
-8.367741232889951836e-03
-8.473972734466015538e-03
-1.670814476083575667e-02
-1.552971246522628565e-02
-1.535884967416173939e-02
-1.729280847185435399e-02
-1.551221810055739003e-02
-1.499024713888684641e-02
-1.504104755345392515e-02
-1.147519390451971592e-02
-1.186703728183511122e-02
-1.195703787345073037e-02
-1.167189521330345113e-02
-1.193721529425264410e-02
-1.255819509993005324e-02
-1.379442565028929368e-02
-1.331511180078720664e-02
-1.761645154364877702e-02
-1.836633024183546847e-02
-1.962856564217417901e-02
-3.544422257842116952e-02
-3.790822413945699187e-02
-4.409557539104756035e-02
-4.536872087100586592e-02
-4.897178528111539170e-02
-4.831445529225984054e-02
-4.567992969923647534e-02
-4.640536135436941489e-02
-3.648167894334067296e-02
-2.956548694280094342e-02
-7.902786031015759591e-03
6.082636911117901383e-03
7.685682831965416802e-03
1.932309687710298540e-02
1.697779854208230493e-02
1.856403375296460101e-02
2.251416797988203475e-02
1.594034798277078890e-02
1.785855004997446288e-02
1.421852138548720772e-02
6.432848204140786431e-03
-2.999752057846388330e-03
-2.170362308262045563e-03
-1.582878630621663979e-02
-1.653688381098761956e-02
-6.153538792393240496e-03
-8.310871548530374825e-03
-4.436902416435426454e-03
-5.274268970769697626e-03
-9.716629270710914687e-03
-1.114323132479279332e-02
-2.155159880934698347e-02
-2.765370317367254679e-02
-3.375529925885607796e-02
-4.176143598547012864e-02
-4.975894337696367548e-02
-5.423877283003326194e-02
-6.438155105571299885e-02
-6.602896408541793216e-02
-6.910373262685758078e-02
-7.329458227317579844e-02
-7.361668461654910511e-02
-7.850960192458047993e-02
-7.902142263240109765e-02
-8.157465396492313836e-02
-8.248326839933650678e-02
-8.235788645414936215e-02
-8.379729482806028140e-02
-8.308854422416336871e-02
-8.307977934079888160e-02
-8.337863836363702819e-02
-8.159897945267918784e-02
-8.179319404275559036e-02
-8.035984545260251022e-02
-7.802535134091370672e-02
-7.839719224567986977e-02
-7.147418574644628930e-02
-7.139565000604689016e-02
-6.537260334364244918e-02
-5.607331211761781842e-02
-4.951188534554581966e-02
-3.306076898488870264e-02
-2.671330943157987706e-02
-1.187860720826202678e-02
-5.150725703480668778e-03
-9.108495320995394634e-03
-3.374038653887059293e-03
-8.024468759986922231e-03
-9.881927905028762421e-03
-8.164794414914626486e-03
-7.649980992259073319e-03
-7.121357391065740589e-03
-6.261298606680260927e-03
-2.595737358812133088e-03
-2.550354750419188930e-03
-3.631641260155955928e-03
-3.658476030379631452e-03
-7.290429780034148564e-03
-7.882601398027525366e-03
-1.016529199817809738e-02
-1.065546007733961763e-02
-1.161415969194310414e-02
-7.902546297104250800e-03
-3.377019706196217699e-04
2.350974942987604267e-03
8.543274913882778487e-03
9.640105068516556519e-03
1.138722707784067811e-02
1.314742434516117699e-02
7.230648522273347943e-03
4.423256009273127815e-03
-4.053367592665116197e-03
-9.066027012420032824e-03
-1.528869826045914024e-02
-2.115021793003265746e-02
-3.182380347732270687e-02
-4.008081477486150068e-02
-4.269484760331643952e-02
-5.039237241033914239e-02
-5.176285406870807099e-02
-5.436933897590146003e-02
-5.750381216966073128e-02
-5.883427831251949319e-02
-6.082054246228218997e-02
-6.102438542298879720e-02
-5.937005450133196749e-02
-5.309658281854442996e-02
-4.511800381777620467e-02
-3.994551504993006097e-02
-2.879535241643100402e-02
-9.655971617793874390e-03
-2.772906993041366046e-03
1.573164170596026007e-02
2.021340948528904322e-02
1.508082158578510565e-02
1.956162657901928947e-02
1.743303210271197889e-02
1.563533308305527919e-02
1.888307214016245877e-02
1.356160019966863063e-02
1.571028014558779537e-02
1.425192356085542775e-02
1.747445390660516554e-03
2.408443871672038498e-03
-9.297536477058136392e-03
-1.688952830114720527e-02
-1.290273042259518048e-02
-1.684526436728955162e-02
-2.460060355484551195e-02
-3.243795837958141776e-02
-3.830504208734021587e-02
-3.522593689338208295e-02
-3.785631889224731761e-02
-3.968166728919229197e-02
-3.803676307096078707e-02
-3.857724848246125299e-02
-3.345466488131788874e-02
-2.866941459348602145e-02
-3.078172222135440797e-02
-3.212580701885538181e-02
-2.961159844697039759e-02
-3.223897822691141474e-02
-3.012798420390364398e-02
-2.981491449675088834e-02
-3.109602097103222537e-02
-2.927286221447187101e-02
-2.873124661663231313e-02
-2.861914487915327016e-02
-2.663485560005973002e-02
-2.637166552970730826e-02
-2.509082732759782691e-02
-2.203404886902933860e-02
-2.161135445822296580e-02
-2.085547985116880179e-02
-2.050868772237463347e-02
-1.901312737607114070e-02
-1.829599034090002505e-02
-1.616407499399797471e-02
-1.028661563419995539e-02
-9.706851379759514481e-03
-5.064381991883772777e-03
-4.140166553597161847e-03
-3.149603940484337061e-03
-1.641367930934652412e-03
-2.865410939683119603e-03
-2.223340803380087580e-03
-2.189701736410087918e-03
-1.921766180983602336e-03
-1.712055682740857643e-03
-2.339265126933018444e-03
-2.048248424729146294e-03
-2.310686008509623291e-03
-3.032222428730252904e-03
-1.967067538942271748e-03
-3.318241230419518954e-03
-7.841208785760044389e-03
-9.602352135260113636e-03
-1.425208975406081803e-02
-1.690700987598598229e-02
-2.175820822580801228e-02
-2.457491934246784637e-02
-2.493819020549982446e-02
-2.510011102641464265e-02
-1.874436889079783217e-02
-1.252687313598785379e-02
-1.011947638509119035e-02
-8.490501844855929264e-03
-9.260434418779040638e-03
-9.466057142926210741e-03
-8.587324524369397208e-03
-9.989039837359483739e-03
-8.392988508823029381e-03
-5.642069478800663604e-03
-3.323203720415773745e-03
6.838512934193313351e-04
1.825595392417930134e-03
3.651585859882675641e-03
3.213908285451791240e-03
8.540183871166562302e-04
-1.634040513240142892e-03
-1.013338662732662585e-02
-2.057469208695386284e-02
-3.119871510847136223e-02
-3.286605246875030223e-02
-3.770194005248604652e-02
-3.801382120799591535e-02
-3.788814733747628005e-02
-4.008419277547366905e-02
-3.939576516436092690e-02
-4.038252104484213456e-02
-4.194656144353987870e-02
-4.153460391236045435e-02
-4.377422459955915279e-02
-4.518016541486591375e-02
-4.541475396617208199e-02
-4.993194677195866849e-02
-5.021773402850418511e-02
-5.114647452552437829e-02
-5.355858711436804753e-02
-5.180038189925473269e-02
-5.281041518046482308e-02
-5.246455917612403985e-02
-4.870196040665683568e-02
-4.881093316257877762e-02
-4.498911556771093695e-02
-4.314107009896248068e-02
-4.218732013286990989e-02
-3.899731266055869727e-02
-3.852465873869011931e-02
-3.680418127691183899e-02
-3.486451374231901157e-02
-3.573815019237618767e-02
-3.658602518827232947e-02
-4.027425794460173097e-02
-4.136039126168816055e-02
-4.400078413833705820e-02
-4.596353215674150311e-02
-4.711703376399881821e-02
-4.949633515078214613e-02
-5.003698279706449842e-02
-5.195010458471657766e-02
-5.280728495216565482e-02
-5.253238043585119199e-02
-5.299361711530544555e-02
-4.942120249729943515e-02
-4.876173583333452688e-02
-4.666701479086979298e-02
-4.401849476721456100e-02
-4.298079492914728961e-02
-4.011333935437946807e-02
-3.816024399259528022e-02
-3.605826044277737896e-02
-3.314147845382771351e-02
-3.127984015747475866e-02
-2.912021045966144486e-02
-2.688648018076222543e-02
-2.496657747111888023e-02
-2.293953619165536167e-02
-2.111639175556544179e-02
-1.293680976491257649e-02
-1.102601689807359772e-02
-1.148258270698019126e-02
-1.038168195784126488e-02
-4.475030472417725232e-03
-4.638937408253059926e-03
-8.235272000834081146e-03
-7.883641564394926887e-03
-9.982265626012773452e-03
-1.363020455875994623e-02
-1.473535805317847773e-02
-1.700126097150375659e-02
-1.819971970751545903e-02
-2.241208381160013710e-02
-2.311318811263951903e-02
-2.462872018033195401e-02
-2.420167784922388696e-02
-2.166755180168830619e-02
-2.188970088294267882e-02
-1.985679423924088111e-02
-1.881670542534768717e-02
-1.748410904551573469e-02
-1.410761779151224228e-02
-1.375569182658294143e-02
-8.684969923388123625e-03
-8.611210105123666067e-03
-8.869566462637305804e-03
-7.491179715417787231e-03
-7.713688275421741632e-03
-7.388753941208189152e-03
-6.956162713434117448e-03
-6.726869124821906187e-03
-6.599949697221267619e-03
-5.774654036391779072e-03
-5.820919282016398869e-03
-5.591884724779718971e-03
-5.429395245318036772e-03
-5.424933274260305277e-03
-5.296017173029019150e-03
-5.346249784361736986e-03
-5.239961077428865847e-03
-5.244293768820644866e-03
-5.506337886903085732e-03
-5.545251982577942794e-03
-5.550290419567605743e-03
-5.622859675448499232e-03
-5.620503043836054362e-03
-5.638073011550199555e-03
-5.653749655543763818e-03
-5.654075217381804991e-03
-5.662135332322701907e-03
-5.664909235569563946e-03
-5.666221773493843560e-03
-5.668726205463521864e-03
-5.669232995955878276e-03
-5.669975305044732371e-03
-5.670559867464198926e-03
-5.670519325440384444e-03
-5.670763912165240582e-03
-5.670555390043917170e-03
-5.669965168913491602e-03
-5.670094469299575418e-03
-5.668262444344564915e-03
-5.667287593162519121e-03
-5.666957651150906008e-03
-5.659556781617695528e-03
-5.661587334338117998e-03
-5.653526606498805035e-03
-5.633790841666107968e-03
-5.651920284085871528e-03
-5.593458943584737192e-03
-5.579837593874145858e-03
-5.618634035766769709e-03
-5.359020511304896789e-03
-5.545076726074897600e-03
-5.346406820771106190e-03
-4.540286563964554892e-03
-4.627268617912365725e-03
