-1.335694869583515122e-03
-1.473413995080254113e-03
-3.687638566775151578e-03
-3.735728633083884153e-03
-4.454047270683384602e-03
-4.797617921173933687e-03
-4.514606233041663225e-03
-4.794409004844499278e-03
-4.770061278598764637e-03
-4.759467079780522331e-03
-4.831570219926118424e-03
-4.810816316500519246e-03
-4.826349211790853695e-03
-4.839899487787436248e-03
-4.837498856171757594e-03
-4.839235793538889871e-03
-4.853649593239806048e-03
-4.845466039144829401e-03
-4.840787406222510532e-03
-4.890577190463072516e-03
-4.809408053623260605e-03
-4.845125963147890041e-03
-4.682903619170063723e-03
-4.686103783429368744e-03
-4.677774220841758937e-03
-4.596212513374000989e-03
-4.674582302096890081e-03
-4.634622175177308991e-03
-4.550649556849420234e-03
-4.854581604913150127e-03
-4.390972756586913710e-03
-4.177738072612808412e-03
-7.859742708090708754e-03
-7.532834108840398904e-03
-6.003285363935208924e-03
-7.045824372727100930e-03
-6.684696464644031104e-03
-7.512728415346926758e-03
-8.656947994129518195e-03
-9.220183293308833669e-03
-9.723651551761840900e-03
-9.156678738115783464e-03
-9.173355562252155648e-03
-9.029590352148175736e-03
-8.868523362880032998e-03
-9.248889722862108434e-03
-8.826419632979547528e-03
-9.479987193182659588e-03
-9.696242475725282833e-03
-8.220533276138676515e-03
-7.108412368314891323e-03
-7.171406607380540789e-03
-4.185664504237817697e-03
-4.722240328861274095e-03
-6.554759897603983608e-03
-5.278989100751462285e-03
-1.034771423016530613e-02
-7.597420820163019659e-03
-1.015532408432996518e-02
-2.313577331343239993e-02
-2.569413708117758086e-02
-3.050422634583642087e-02
-3.374783734226609322e-02
-3.235025105908113929e-02
-3.031293960438495583e-02
-2.812414244995299975e-02
-2.748892469219662779e-02
-2.837207635157051183e-02
-3.190662584693849252e-02
-3.423156897152999922e-02
-4.070368831255330444e-02
-4.465843582838363579e-02
-4.550853989284224521e-02
-5.013845723860001213e-02
-5.154234850224753695e-02
-5.432520289483882409e-02
-5.708516822024933823e-02
-5.877882954971259954e-02
-6.027902492140094909e-02
-6.194114741660945722e-02
-6.187190427540260190e-02
-6.402933927055948216e-02
-6.606193449873454249e-02
-6.748426030176052359e-02
-6.879285471739100821e-02
-6.748891940452990401e-02
-6.897401580635233176e-02
-6.655467001907383606e-02
-6.098903621179108114e-02
-5.718396611770149712e-02
-4.983135697695294936e-02
-4.655173811126819827e-02
-3.905268749274105888e-02
-3.669832872278725594e-02
-3.351130389803531201e-02
-3.162413478858533411e-02
-2.969370261282025525e-02
-2.208426301979985601e-02
-1.978401049107851931e-02
-1.584320248198016132e-02
-1.351738381379209014e-02
-1.031474442765952133e-02
-1.003343952258124207e-02
-1.065637713069725150e-02
-9.298095846804441816e-03
-8.830279089987201624e-03
-9.780081421289802887e-03
-8.904894598150196044e-03
-1.230819362022961272e-02
-2.123968577728727394e-02
-2.518515892073157000e-02
-2.967153854577705280e-02
-3.180954043716554408e-02
-3.383735010213818201e-02
-3.538407781409545760e-02
-3.405215963025428477e-02
-3.308364819087195041e-02
-3.050052623946519770e-02
-2.585376212178703767e-02
-2.260442784859301169e-02
-1.421798563802242725e-02
-1.037998361586638628e-02
-1.107933763860796672e-02
-7.359622173987606132e-03
-7.040960043449268242e-03
-5.069481619534061886e-03
2.016813718869430838e-04
4.123740034566505670e-04
1.829010242326446073e-03
3.277484997200552381e-03
2.727916804559594663e-03
2.916765526516539551e-03
3.174550573120176258e-03
2.519179730507854157e-03
3.567835552625863577e-03
3.180187932617798210e-03
2.713116645495968100e-03
5.779424363406527980e-03
1.869041270636706293e-03
4.201234568416468279e-03
1.166556116757788177e-02
9.479306447604663247e-03
2.337592016100423220e-02
2.311400713466220391e-02
1.281929095540436901e-02
1.743669549179492281e-02
1.116492790247979733e-02
1.258665925813412870e-02
1.158944660210940031e-02
2.365390726544388275e-04
-1.299142891022878835e-03
-1.456987387652924730e-02
-1.783241937327015997e-02
-2.161362549632582855e-02
-2.359860397814635483e-02
-2.286521982495583541e-02
-2.401990503307050925e-02
-2.244376665053107386e-02
-2.296743169634758025e-02
-2.144873965686811684e-02
-2.198851535684254177e-02
-2.352250878902472503e-02
-2.338722604897693416e-02
-2.651944066495142902e-02
-2.787130745038842936e-02
-2.592813954352182412e-02
-2.818590797224550595e-02
-2.752248799938572868e-02
-3.142957070730444114e-02
-3.516407330564506190e-02
-3.637793246816189291e-02
-3.959523198449339809e-02
-3.895382143823315074e-02
-3.928044266720266686e-02
-3.582326992351606010e-02
-3.443560024916768325e-02
-3.189746832271529026e-02
-3.062475099977966797e-02
-2.775339057010416804e-02
-2.210623536031537661e-02
-1.881208700598061001e-02
-1.401065877054729833e-02
-1.210367038356580452e-02
-9.993213488070293304e-03
-9.870530573124069659e-03
-9.223310849147164231e-03
-8.844673516588805531e-03
-8.872645215727458651e-03
-6.317196764886096050e-03
-4.844686334896554890e-03
-3.992114842909314128e-03
2.861319690018861248e-04
5.454700856047129277e-04
1.411696990953247239e-03
3.771713369481179915e-03
2.581347931317785373e-03
4.613627030062653241e-03
4.441191844887561538e-03
6.756012454041741529e-04
2.185003528042198107e-03
3.213330277923033464e-03
7.099146054025710743e-03
1.138319571669204298e-02
8.013437583752398841e-03
4.615010195530119125e-03
1.961758312384854173e-03
-2.966525270230426382e-03
-2.893763811733258452e-03
-7.885439898900297243e-03
-1.035224750980437425e-02
-1.687311976135498146e-02
-2.455474400018542794e-02
-2.947389925453358650e-02
-2.438589456412479720e-02
-2.134608284897177022e-02
-2.023660366539619879e-02
-1.626624131320389410e-02
-1.551717355593255215e-02
-1.098452846667227929e-02
-8.740509241956189931e-03
-8.193504178946691557e-03
-8.720672711510698075e-03
-8.467208495278178218e-03
-1.019206101848173750e-02
-1.132126321931561062e-02
-1.100600583389475633e-02
-1.196939092365253976e-02
-1.236739013043058021e-02
-1.172691757927835782e-02
-1.311145495034092383e-02
-1.241215196992102171e-02
-1.043435844828797393e-02
-8.538037221055585352e-03
-6.428133368236686740e-03
-6.941209807377774280e-03
-6.172057058440097270e-03
-5.650903554351826251e-03
-5.905710759407825465e-03
-3.523290247241435760e-03
-3.549462161534761451e-03
-3.504122073891411358e-03
-2.811775214094194494e-03
-3.234290144695553190e-03
-3.773689972295338636e-03
-3.024057818577850169e-03
-4.741859414689634372e-03
-9.886806792685477741e-03
-1.162127624034415586e-02
-2.090628108549183115e-02
-2.409843605751965309e-02
-2.784847586246525300e-02
-2.947782319150488856e-02
-3.026773216445060796e-02
-3.150669255712990752e-02
-2.823990100567015313e-02
-2.666737242265696667e-02
-2.351672314973627526e-02
-1.922998575869413682e-02
-1.869372004532030354e-02
-1.623590140044852206e-02
-9.924699024251099760e-03
-8.642932071588789456e-03
-7.744225584073262392e-03
-5.558155249036474989e-03
-3.407243680482553456e-03
-1.803342296504611324e-03
2.275095677281483916e-03
7.625528495797703581e-03
-5.878072162565337088e-04
-5.524489952806480898e-03
-1.509685337851150548e-02
-2.234863985502974840e-02
-2.703938239696147133e-02
-2.887135177350063156e-02
-3.096101898809632685e-02
-3.091847949801036083e-02
-2.838400352492191636e-02
-2.522498598491130020e-02
-2.887971339821961483e-02
-2.492072667706561953e-02
-3.315656229455921089e-02
-3.997059520146445388e-02
-4.577408297328651454e-02
-4.809852150941665988e-02
-4.677432154326744557e-02
-4.875011810224068320e-02
-4.938832786757527127e-02
-5.110750849202380652e-02
-5.401056725662586183e-02
-5.528570704004640013e-02
-6.114398591383194553e-02
-6.310938239381061465e-02
-6.436080381353508073e-02
-6.695159604070977100e-02
-6.774280964228072965e-02
-6.880403268675279460e-02
-6.998695884982103488e-02
-7.125495117576158277e-02
-7.106006356811479796e-02
-7.313168490134838717e-02
-7.307494740173919867e-02
-7.077284705288031108e-02
-7.026032583613722737e-02
-5.785721505480979215e-02
-5.368214711218663449e-02
-4.702388207868461734e-02
-3.162480297034567928e-02
-2.570859183597953845e-02
-2.278751565964501694e-02
-1.301596267637192793e-02
-1.309604107489138920e-02
-1.453511469692735959e-02
-1.363824051895220699e-02
-1.493431026155228429e-02
-1.334674252973972429e-02
-1.377311721197455735e-02
-1.271956473938646963e-02
-1.251795829824449945e-02
-1.236758680050781614e-02
-8.893522624802741722e-03
-9.161684202842593217e-03
-6.836119633796004270e-03
-6.148018934047140734e-03
-7.591432557817441931e-03
-7.079007993253307734e-03
-7.664458003042157533e-03
-6.865514236117471573e-03
-9.393848469880261218e-03
-1.033176698731174542e-02
-8.725817201857886604e-03
-1.644041044301663632e-02
-1.625053823922209886e-02
-5.768060163858890199e-03
-7.120955492555801694e-03
-5.842975391724445668e-03
-5.241274975776808072e-03
-8.310639388857139070e-03
-7.721691544580012306e-03
-1.501253491539767532e-02
-1.735164793871683472e-02
-1.943985866184672409e-02
-2.243428104500485784e-02
-2.420068443436691058e-02
-2.601476200674105246e-02
-2.800639312703058145e-02
-3.187070014660672856e-02
-3.324949546491579727e-02
-3.474834814166183339e-02
-3.640083131135782996e-02
-3.740121920071818457e-02
-3.835638289857911526e-02
-3.867545275977146008e-02
-3.908857175785847293e-02
-3.999732313796620226e-02
-4.024179179412824825e-02
-4.095473937185980379e-02
-4.224403805527535832e-02
-4.181769043182747420e-02
-4.279283402673383224e-02
-4.108458734745697172e-02
-4.180507814422457225e-02
-4.115136507599759935e-02
-3.935639150711504886e-02
-4.060244219278021788e-02
-3.720325915406812872e-02
-3.664140929752615627e-02
-3.571169219933973543e-02
-2.850141474028693167e-02
-2.771518511920562783e-02
-2.127561454895102178e-02
-1.858437263034315098e-02
-1.934647830019324555e-02
-1.375790431965338324e-02
-1.496362740832130056e-02
-1.036606884816360791e-02
-9.334211304753535152e-03
-7.747339767842187190e-03
-6.123561813747812645e-03
-5.936026130239381408e-03
-5.653829698881174259e-03
-5.928261452731198658e-03
-5.861093018557162262e-03
-5.899273720718564706e-03
-5.901049769332919644e-03
-5.996751727313523461e-03
-5.984097363112062841e-03
-5.896057820583274628e-03
-6.416421110594763659e-03
-5.813540437941152814e-03
-6.370417152568361337e-03
-7.749693926007082852e-03
-7.305368135628925209e-03
-8.619070642256419432e-03
-7.752843414643004541e-03
-8.990157276378680715e-03
-9.648448450450682404e-03
-5.154216695257013946e-03
-5.620927995234541868e-03
-2.228365900771569694e-03
-1.084159327575572474e-03
-5.086617296566370728e-04
8.628585301166988948e-04
1.459263225910295602e-03
1.829625013364088136e-03
2.819854320032700971e-03
3.688016551352385312e-03
3.517701292006421895e-03
6.328334691988202546e-03
6.417567689659518619e-03
7.422672243259287664e-03
1.525683724176827780e-02
1.290007095090883564e-02
1.376499238149015564e-02
3.679071006355235252e-03
3.016806480586805943e-03
2.510615406883040177e-03
-2.961436790586046081e-04
-4.783218619907459021e-05
-8.520635884178272843e-04
-1.562545932853226559e-03
-1.482561052863823206e-03
-1.896817735223815934e-03
-2.456406501085692425e-03
-2.588455496251500752e-03
-2.743398315923616451e-03
-2.908532728587786588e-03
-2.962298652807931337e-03
-3.038976254774571756e-03
-3.143215677423476240e-03
-3.156601961311885328e-03
-3.238568726167271976e-03
-3.232699299737676422e-03
-3.240466897994509488e-03
-3.258202971665584338e-03
-3.254793833407321636e-03
-3.261371290507256594e-03
-3.264141679509974681e-03
-3.264087506364159955e-03
-3.266315849696141676e-03
-3.266528555425246907e-03
-3.266707137038276330e-03
-3.266810395522860323e-03
-3.266720847381381510e-03
-3.265638936502799749e-03
-3.264787136983125695e-03
-3.264124131270646021e-03
-3.259176119218538600e-03
-3.259151374081008853e-03
-3.253126810689089925e-03
-3.239448327460496893e-03
-3.246217962368399407e-03
-3.208981197644234819e-03
-3.193366384527075545e-03
-3.205338344207627095e-03
-3.047409164010535243e-03
-3.125614342780820305e-03
-2.990864438925697633e-03
-2.514273737542016204e-03
-2.596671122037091418e-03
