9.467950731461566977e-05
1.567569169007485518e-04
1.293278646706427261e-03
1.354422141896083082e-03
1.238635843149771222e-03
1.581620535774741357e-03
8.991472200805715942e-04
1.364763532100932283e-03
1.293328019698759823e-03
1.210775466787495465e-03
1.432356242444665336e-03
1.337071342565596989e-03
1.384108770278545588e-03
1.424530563658841847e-03
1.394731218047905435e-03
1.423025359835096253e-03
1.421857119408819316e-03
1.419281914265002349e-03
1.426902617154563640e-03
1.423407411645383159e-03
1.425729764874402675e-03
1.423570974173058714e-03
1.422486939547623012e-03
1.424333916242252491e-03
1.410536564850438553e-03
1.420019548613002261e-03
1.407115832679461205e-03
1.377290356246642844e-03
1.421046706134993821e-03
1.330252315338311753e-03
1.346958048992902930e-03
1.408906710182092521e-03
1.164866382728830694e-03
1.529495024077721444e-03
1.321010200387271512e-03
1.331318267481909840e-03
1.876550143497971801e-03
1.486506568842925089e-03
2.869415686770568526e-03
3.160043640971535797e-03
3.191265544810578583e-03
7.356692226781990501e-03
7.247412513624953284e-03
9.609788250119493877e-03
9.722088672369181422e-03
1.024671482441513910e-02
1.015315310938775736e-02
9.614542849565869270e-03
9.205187003366626514e-03
9.356371164284027833e-03
5.425664210328123155e-03
4.480555176564573507e-03
9.057053726936104866e-04
-7.454799592170858157e-03
-1.528680043497500189e-02
-1.442973928393386472e-02
-2.195399697119253257e-02
-2.176171967115706971e-02
-1.594264602870565720e-02
-2.007579740625229855e-02
-8.627456044673596780e-03
5.028270939081969787e-03
1.067096887152675470e-02
4.067477980376772717e-02
4.335039862475123518e-02
6.680078685537403638e-02
7.619150419389807138e-02
7.827100605772363551e-02
9.695782152984575020e-02
9.630336463263043656e-02
1.031517120026286399e-01
1.133981447009250604e-01
1.075789566458094648e-01
1.167411323102356957e-01
1.153324997972752508e-01
1.056570456998900953e-01
1.097558080370624328e-01
8.904413607897247729e-02
7.777911939798053120e-02
6.782795700253237137e-02
3.790510243371927185e-02
3.080403368370387279e-02
1.750711573192191214e-02
3.093274409432649700e-03
8.837772237457686142e-03
2.563944901686087633e-03
2.226935636942308123e-03
8.235550577331850197e-03
6.691677146143294556e-03
4.970361960683993691e-03
9.582473767398480904e-03
4.419858004801677752e-03
3.095269704648378160e-03
3.403549406110872432e-03
-1.155119695021295835e-02
-1.157433071833668253e-02
-1.388287291662496786e-02
-2.063414423716264726e-02
-1.572498573834383087e-02
-2.094195253820702388e-02
-2.328623326311413458e-02
-2.116633204683267266e-02
-2.714031212306817001e-02
-2.343560435113481444e-02
-2.142779827093177492e-02
-1.951923961350866474e-02
-2.356476270246850302e-02
-2.794283363377648988e-02
-3.324907741038314601e-02
-4.151235572225955156e-02
-4.165901150230178623e-02
-4.924349785352664932e-02
-5.056929562583811766e-02
-5.150667612650858262e-02
-6.513558021760663952e-02
-6.631146632708687094e-02
-7.054192024859401444e-02
-7.785677919456697460e-02
-7.550104172181128226e-02
-7.629465175621752415e-02
-7.480465257677647306e-02
-6.618810218916444665e-02
-5.758952165091209274e-02
-5.061354908049500723e-02
-4.209658920765447371e-02
-3.907524548894383831e-02
-3.246427796723115600e-02
-3.174524003296020497e-02
-3.106356985680593444e-02
-2.559902587198548130e-02
-2.264430310204355173e-02
-1.891503008545551701e-02
-1.238462726431482398e-02
-1.388570388924646563e-02
-1.137566115952136879e-02
-1.168596530764891978e-02
-1.543046859910305116e-02
-1.496098199269365984e-02
-1.889489152393824048e-02
-2.302393958684808076e-02
-2.367017439400066758e-02
-3.036988197381564752e-02
-3.210538481710464853e-02
-3.257145421223943405e-02
-3.669214847600656138e-02
-3.530270893842486768e-02
-3.596635950073320126e-02
-3.542873759930276201e-02
-3.244505872570832561e-02
-2.898353451003495701e-02
-2.380381516440460352e-02
-1.884652315110221799e-02
-1.037108741655229718e-02
-8.169247621568381107e-03
-4.512426155860075651e-03
-4.761578786573694884e-03
-7.372847482625005146e-03
-8.372543311168932287e-03
-1.197089603733768673e-02
-1.266085753834841725e-02
-2.089704607031854511e-02
-2.191099814459221765e-02
-2.504342348863248038e-02
-2.788831767409410273e-02
-2.799025577343096718e-02
-3.072886147440158019e-02
-3.070884180022027607e-02
-3.129843020586038638e-02
-3.370109294755686130e-02
-3.112064114254093489e-02
-2.977465919162876687e-02
-2.448974469852931851e-02
-1.606081752675190752e-02
-1.216317149085059147e-02
9.736787639521995259e-04
2.867260780175332705e-03
6.574147651278751218e-03
6.032179763628327598e-03
3.888097613675501121e-03
2.135424748184059328e-03
-1.173942835584708237e-02
-1.416721067904475918e-02
-1.718016885967369248e-02
-2.146069520785016602e-02
-1.501262069370534052e-02
-1.685738171520454604e-02
-1.049405855719850317e-02
-6.714388929373995250e-03
-7.227964137595500015e-03
-8.268661097983715609e-04
-3.832070478141369734e-03
1.417918756331528873e-03
-8.188300613625801565e-04
-4.188856373798646032e-03
-5.076360383352722210e-03
-1.111431299265943154e-02
-1.256395047068839185e-02
-1.548493544411465826e-02
-1.689132776051622056e-02
-1.803405540866374890e-02
-1.972415178099699157e-02
-2.022403019840674984e-02
-2.141029894093503597e-02
-2.170532270408020992e-02
-2.215696654413045613e-02
-2.228012042072032711e-02
-2.171913556639341186e-02
-2.164450001002126908e-02
-1.992622465056265169e-02
-1.830080438660725353e-02
-1.439125279741763214e-02
-1.024653489749215336e-02
-6.849394101083179122e-03
-1.717302584903800501e-03
4.590359328243703504e-03
9.575297469278265527e-03
1.395822679246865386e-02
1.821800321647170165e-02
2.096396615013278522e-02
2.324753425473723850e-02
2.438772472405465602e-02
2.383375337203944705e-02
2.443362896045719532e-02
2.238118546137984541e-02
2.137708469421849278e-02
2.002074698543149234e-02
1.506716343810274653e-02
1.823157059129913021e-02
9.764124530850459838e-03
9.816434319514623710e-03
7.470022700154147106e-03
-8.179157474392543745e-03
-8.208373435909192134e-03
-1.239699610320622522e-02
-1.809541271525828832e-02
-1.159275314510795421e-02
-1.438359006980101384e-02
-1.125564619049548853e-02
-3.607417542817415498e-03
-4.424034095944790607e-03
3.559686368654437980e-03
2.479824932179884329e-03
5.782672838539500842e-03
1.130233594647814081e-02
5.530956829611391803e-03
1.070461526312128757e-02
1.719250927987540922e-02
1.901100622585396097e-02
3.399569968817042070e-02
4.404055610096826306e-02
6.624385227330863157e-02
8.742415181800863855e-02
9.150387323890452063e-02
1.036407162352253469e-01
1.010263836732824688e-01
9.737444097981810820e-02
9.421279327953226146e-02
7.768934699258793486e-02
5.355218969729048928e-02
2.582815811490858648e-02
6.368963168057026683e-03
-1.861359746272251391e-03
-1.399894563742549655e-02
-1.775447158342765425e-02
-1.537779132932013022e-02
-1.993957203509294854e-02
-2.003232084064088953e-02
-1.506079013831200693e-02
-1.688128266614817574e-02
-1.854571565143238454e-02
-2.215587167810353225e-02
-2.335804522183157830e-02
-2.450728036262637966e-02
-2.429589008050811114e-02
-1.862185306982980584e-02
-1.945560218433190630e-02
-1.561443640197873566e-02
-1.613225470252865890e-02
-2.027383709772000164e-02
-1.986764091749398942e-02
-2.690502302805467330e-02
-2.906724911277502182e-02
-2.936293381223306284e-02
-3.044695442435540675e-02
-2.896851638929615752e-02
-2.567598075319934767e-02
-1.738063440552663555e-02
-9.820033134530380473e-03
3.717954513991665079e-03
1.680723035415920483e-02
2.854890682206746508e-02
4.474625660816254624e-02
5.749007827844963142e-02
6.350733023074937866e-02
7.254756183938577963e-02
7.903170987071292397e-02
7.714464554376965211e-02
8.466347098173991614e-02
8.655976676729998376e-02
8.528638479326630661e-02
8.906723493047888351e-02
8.480222668153890309e-02
8.365951302797720868e-02
8.297040417143988766e-02
7.499648278595667794e-02
7.391045760711426049e-02
6.626239668287188522e-02
5.579683838083317193e-02
4.984918814832730444e-02
3.546533549791852646e-02
2.849005900784181908e-02
1.230905774333258644e-02
5.148286779329465726e-03
4.520196750873205389e-03
-3.320868080188670631e-03
-3.056516206493780849e-03
-4.107812312845796759e-03
-6.741324367428329876e-03
-7.480491348459697432e-03
-1.023331658693379942e-02
-1.323816957990114895e-02
-1.338338464683332812e-02
-2.234953171062489113e-02
-2.252429503026194893e-02
-2.574926837111531433e-02
-2.858207100669301823e-02
-2.844162453377563696e-02
-3.145136694391566928e-02
-3.130030627411301697e-02
-3.218659204660760664e-02
-3.501299465402765015e-02
-3.223407159871342215e-02
-3.228637700264086474e-02
-2.692672372586216514e-02
-1.866770760424963510e-02
-1.775310115824236049e-02
-1.596746154143961283e-03
-1.675656196129149790e-03
1.234299947615840731e-04
5.591714407063432674e-03
1.441855874062430640e-03
3.506034305963003951e-03
1.038423320785595558e-04
-6.869340889576323883e-03
-1.257828845356334484e-02
-1.395549709431049938e-02
-1.195591773651517691e-02
-1.114077710607309230e-02
2.224669121817647414e-04
1.412672494334569172e-03
7.496267478041075509e-03
1.430986448150491780e-02
1.651676514292372069e-02
3.104464134498433059e-02
4.588893021068453371e-02
5.353405447370063880e-02
6.585828236788832113e-02
7.565265600700786519e-02
7.353412918056627390e-02
7.943996869082192713e-02
7.797992035071318884e-02
7.097353051022387005e-02
7.444071892426341874e-02
6.430750592641117092e-02
5.775888745414115705e-02
6.368499781052171238e-02
5.373537916266834386e-02
6.047053114894782727e-02
7.659320404203932842e-02
8.229506296724546643e-02
1.042367067423863453e-01
1.201873306077443498e-01
1.239490319220395986e-01
1.364243955388509955e-01
1.356013877735592066e-01
1.281093274644490854e-01
1.262966504290325420e-01
9.499961111283186654e-02
7.146343348864966916e-02
4.795389482836448503e-02
2.075162018244459949e-02
6.102675648363825416e-03
-2.445717344249800571e-03
-1.295819383520302112e-02
-1.394096996727582118e-02
-1.536959760213623544e-02
-2.013255316949410026e-02
-1.965373815104232494e-02
-2.061810068590182524e-02
-2.181618010484959874e-02
-2.205650395830908994e-02
-2.244253877579419423e-02
-2.289131372522406824e-02
-2.475297779027064993e-02
-2.274405071005145343e-02
-2.691850338122153338e-02
-2.591325386069533165e-02
-1.598632244640333863e-02
-1.896183130485814064e-02
-1.034297628926060010e-02
-2.561808305349181757e-03
2.082517536954448228e-04
3.398572969816503458e-03
-7.283827713507803718e-03
-8.431561221201273187e-03
-7.997131657592502357e-03
-1.135117625822477591e-02
-7.152420454222030259e-03
-2.564342195438498555e-03
-9.638986181470139691e-03
-9.392015117861906084e-03
-2.225080749037467928e-02
-2.175278292879581632e-02
-2.079902361483489462e-02
-2.253591227000903072e-02
-1.612779884230270550e-02
-1.467315750717772954e-02
-9.699914517822653265e-03
8.244500957269193476e-04
5.575502589759593133e-03
1.899339507912391894e-02
2.757213850421232418e-02
3.156126164247073651e-02
3.944146918847121069e-02
4.154021314383540830e-02
4.346817528279270371e-02
4.631498908841240325e-02
4.611959794894381764e-02
4.623475578543881359e-02
4.551641178278969385e-02
4.209815793295635517e-02
4.014508686390707431e-02
3.673243306215012022e-02
3.192175953511256631e-02
2.946170874601483289e-02
2.418259867462122653e-02
1.954695376809036100e-02
2.152679719152728391e-02
1.286364377679778681e-02
1.175213778140998463e-02
6.286258198539138552e-03
5.773829695362467547e-03
5.355274794177790516e-03
2.561244785570640503e-03
3.615228206591309876e-03
2.256075626489599962e-03
-8.871667669384282885e-05
-9.072136446978722657e-04
-2.651217110984593027e-03
-3.082394243696091971e-03
-4.534393008645619220e-03
-2.402162133489059437e-03
4.620985805278363286e-03
1.807355041794837108e-02
2.216801600420386514e-02
2.090786970451062252e-02
2.970504745864625817e-02
2.198832103182179337e-02
2.093364337004686992e-02
2.135571434773726046e-02
4.329459800469402479e-03
3.915755091544908736e-03
3.450241232193094120e-04
-6.299731885521578194e-03
-6.852656518382469267e-03
-8.488052485263207492e-03
-1.125479900447928436e-02
-1.115471975975674754e-02
-8.803136563840505135e-03
-8.897560249128700846e-03
-7.661428179679850500e-03
-6.832584910276559044e-03
-6.532363809863741405e-03
-5.884124682051650526e-03
-5.561016210715513837e-03
-5.288159474916123530e-03
-5.017103666888034566e-03
-4.745998072299721302e-03
-4.558689820688337051e-03
-4.326042542958769520e-03
-3.885313682123488384e-03
-3.616896117080467370e-03
-3.561193222166207997e-03
-3.847098526463825843e-03
-3.911522565509041247e-03
-4.050166039917102619e-03
-4.201772542140339885e-03
-4.256212383495174521e-03
-4.350855270308944325e-03
-4.408801840229962382e-03
-4.442364797948613296e-03
-4.482040037231399023e-03
-4.501419863775015483e-03
-4.517004364031387310e-03
-4.530639848565487342e-03
-4.536993417601955202e-03
-4.543678814552439167e-03
-4.548861844208506450e-03
-4.549929966791776276e-03
-4.556160837475465783e-03
-4.557419988008145836e-03
-4.556709130033172531e-03
-4.571400766515929491e-03
-4.560545976442472067e-03
-4.573631130834756968e-03
-4.589194419247933678e-03
-4.563272287940503200e-03
-4.614392564436604373e-03
-4.549508897613366298e-03
-4.661784525127762868e-03
-4.491074435117981857e-03
-4.440395462500133436e-03
-4.570851283573339197e-03
