7.906522771392631224e-04
6.775431011512512893e-04
-2.194743888264506955e-03
-2.582488548226620322e-03
-2.063042724497927537e-03
-2.264524926964334682e-03
-7.819742267999802224e-04
-7.915536143782726103e-04
-4.576618612301792889e-04
-5.921387214401811424e-05
-4.847667631195759670e-05
1.549445464884062441e-04
2.444191082457914050e-04
2.834960465651343957e-04
3.621304079394476881e-04
3.854446290485512359e-04
4.129679322474063652e-04
4.377503339332706718e-04
4.469617169947466746e-04
4.586799653935707253e-04
4.655729122499697721e-04
4.682639163586382338e-04
4.693397697557401466e-04
4.706859736193941290e-04
4.641890237421163429e-04
4.589968431139928272e-04
4.560719789038395031e-04
4.275654396515918558e-04
4.273160814884579216e-04
3.982825401326701097e-04
3.272047042047977121e-04
3.662328683375782462e-04
1.975700413950288645e-04
1.285501573473054129e-04
2.079570005129128337e-04
-4.872530773955963254e-04
-5.237434515310317651e-04
-8.788176243270747921e-04
-1.181273434718179468e-03
-1.279096502978939931e-03
-1.301497823153491534e-03
-1.985780284579551254e-03
-1.924671552316530162e-03
-2.003226720423358868e-03
-3.766742518596176426e-03
-1.792298298036405562e-03
-3.600997788794294951e-03
-6.996437413763052999e-04
-1.999291958673391368e-03
-1.673081252033660309e-03
-3.687775115295922890e-03
-5.469448642079509371e-03
-4.552552530545774488e-03
-8.614674300742397248e-03
-6.288432131440918095e-03
2.245640768799309073e-03
2.609385714313233653e-03
7.770273252747028452e-03
4.063315600406820251e-03
5.921832939379321863e-03
2.172269835510965753e-04
-1.343514778425555431e-02
-2.117792683088310854e-02
-2.939108471905723871e-02
-3.349269625439028203e-02
-3.764615239743537844e-02
-4.861211835883369470e-02
-5.204811076492880939e-02
-6.490026809281441988e-02
-7.657579774524304883e-02
-8.511823370030455194e-02
-1.076858698846480805e-01
-1.174111105257813897e-01
-1.280455390425015993e-01
-1.432221139716496616e-01
-1.475980610851361230e-01
-1.586527739941763493e-01
-1.656775056701838278e-01
-1.678877548670634767e-01
-1.746813060764285386e-01
-1.713497181817224546e-01
-1.627941476010597854e-01
-1.525868834174643474e-01
-1.307726375141849140e-01
-1.157437432376549336e-01
-8.457985189001045179e-02
-5.897507777534025802e-02
-3.824342853862050529e-02
-1.972771703157611897e-02
-1.617782194329908316e-02
-1.397456277005783461e-02
-8.751403668551323289e-03
-1.024652505849503806e-02
-9.794565825689140193e-03
-8.937058728448977682e-03
-1.306128541822948810e-02
-9.601912713311216291e-03
-4.335376800377086816e-03
-4.850473390236881982e-03
6.974614961448415964e-04
-2.619177184679113892e-03
-1.017353076143326721e-02
-8.790702765729708004e-03
-1.052045540577100681e-02
-8.194052286434857016e-03
-5.366704665362277346e-03
-4.498091662554918116e-03
-1.239822272871675141e-03
-1.881191647042795801e-03
1.204867972812831900e-03
4.739566789137904072e-03
7.272464974122292564e-03
1.546983098738117547e-02
1.726030545204300035e-02
2.071844525924004810e-02
2.156457573611380088e-02
2.028209800754482081e-02
2.058858263956109963e-02
1.727620398845861396e-02
1.746096577692025920e-02
1.747997578451548559e-02
1.622463542483191384e-02
1.953050097037931435e-02
1.512402355444323297e-02
1.248399786658700716e-02
1.570142406199180607e-02
1.254448633539403772e-02
1.572075932404952067e-02
1.397302896421276884e-02
1.350532518339636091e-02
1.457692214229066967e-02
1.193253026972227425e-02
1.149058053267651078e-02
1.156491274583853687e-02
9.256340487612381082e-03
3.990412777234519405e-03
1.078722539863837936e-03
-2.573686979289645411e-03
-7.829441316656639629e-03
-9.953319608641703412e-03
-4.607882132330404223e-03
-7.048294066377734125e-03
-8.513669092128675966e-03
-6.435932581574354758e-03
-1.479779541722213085e-02
-1.481662950923089660e-02
-1.584880242792276878e-02
-2.246610471666525902e-02
-1.942121538412523371e-02
-2.157942930759066888e-02
-2.341559026307142577e-02
-1.404109091174004544e-02
-1.772881448179715325e-02
-1.507325542064369417e-02
-1.413364391424096027e-02
-2.269600359852690444e-02
-1.915940115724969542e-02
-2.157021008709527135e-02
-3.410109088412981854e-02
-3.270996133003802736e-02
-4.413810295522118538e-02
-5.548754158727874086e-02
-5.697002338942099009e-02
-7.340523429429379743e-02
-7.436287100457696086e-02
-7.667144739981220092e-02
-8.246061997962937651e-02
-7.597845044729424624e-02
-8.149570682054516069e-02
-8.271648134694296883e-02
-8.148404870867881344e-02
-8.847729687702494961e-02
-8.431171246686422482e-02
-8.548714640798249498e-02
-8.386279346113650890e-02
-8.247663278995348568e-02
-8.506642097439935657e-02
-8.186018500963891664e-02
-8.655387181586865486e-02
-8.496493305094483806e-02
-8.457640355559679912e-02
-9.285160142846801690e-02
-8.880422496130999099e-02
-8.799729756786831003e-02
-8.666996295886607304e-02
-7.341922816951182429e-02
-6.909770084378051569e-02
-5.328813775502951738e-02
-4.449163210040894822e-02
-3.473477223280665299e-02
-2.700858119299585219e-02
-2.334900967611199668e-02
-1.828138416860331308e-02
-1.487361570676858438e-02
-1.328043122903399369e-02
-1.303905207732182839e-02
-1.333887736335296996e-02
-1.518243474080318081e-02
-1.719307872165591958e-02
-1.709187787200992098e-02
-2.188077704050408329e-02
-2.129542611847587766e-02
-2.008866382166419814e-02
-1.892718685797005473e-02
-1.610288201952168527e-02
-1.400973916303378981e-02
-1.252561023126746130e-02
-9.631615104585534298e-03
-7.825350039917657735e-03
-6.811131628809527667e-03
-3.241526626784767100e-03
-3.656719089346874632e-03
-2.958659208286749595e-03
-2.917335387184616033e-03
-8.892761353752940898e-03
-9.230151118496484133e-03
-1.396079896504087703e-02
-1.998482740447013808e-02
-2.219389818860820554e-02
-2.797205575017443213e-02
-3.011554482027839832e-02
-3.238277348884031209e-02
-3.330603779888606508e-02
-2.440873095992475775e-02
-2.470532025014459190e-02
-1.301009500545166099e-02
-7.912134006273826431e-03
-9.186671237878979088e-03
-7.398788461724209106e-03
-9.172779038823769548e-03
-1.092879374187140200e-02
-1.266965937730431604e-02
-1.598170077802291492e-02
-2.149460766393771968e-02
-2.574779526522314940e-02
-3.240654177736141534e-02
-3.882398313172449184e-02
-5.158185243708616335e-02
-6.141924412545430451e-02
-6.672339000979594925e-02
-7.405323278868131132e-02
-8.819859662789744648e-02
-8.983315727398155648e-02
-1.049582802896835698e-01
-1.136930197893224470e-01
-1.026626581002057920e-01
-1.130903820828513123e-01
-1.242590149903210345e-01
-1.357646071885464378e-01
-1.574638353182148398e-01
-1.677653253801587030e-01
-1.853924080388674178e-01
-1.943830060633027212e-01
-2.139539841782424345e-01
-2.257107084693430188e-01
-2.371787367635945498e-01
-2.535515543230781321e-01
-2.527570691491058952e-01
-2.628951816498955596e-01
-2.624110206597788375e-01
-2.581878323087908322e-01
-2.616501678314925861e-01
-2.456951943385072556e-01
-2.423826007259639315e-01
-2.315382639277805132e-01
-2.153922019530986054e-01
-2.060125742299059315e-01
-1.946334627438816023e-01
-1.838709691166986460e-01
-1.716475259665847797e-01
-1.567559119700822901e-01
-1.469031393843987787e-01
-1.282888954035055762e-01
-1.167583660509566162e-01
-1.107031471082872420e-01
-9.690416425965654723e-02
-9.338776629468646673e-02
-8.900328559789869032e-02
-8.219383234119465031e-02
-8.440524617970789067e-02
-7.968639482017977893e-02
-7.767896104911582722e-02
-8.118728934433717959e-02
-7.503552614322002434e-02
-7.677960628680781385e-02
-7.923076751029554943e-02
-6.939493805405098914e-02
-6.649177228388568339e-02
-5.489578072512298762e-02
-3.544702820078719091e-02
-2.596841028606604318e-02
-1.328043218740056035e-02
-5.363551935095304396e-03
-3.689910969747598433e-03
-8.831143424657518851e-04
2.304243770369261094e-03
2.450788690864723687e-03
4.565146662166856897e-03
5.399214122770925640e-03
5.435517672056340219e-03
6.286260565214600061e-03
6.195649868632510660e-03
5.456298804455447619e-03
5.344224836028099897e-03
4.019124224418177405e-03
1.256023343837890443e-03
1.328344577720841834e-03
-3.133487739365252087e-03
-4.932861284115777102e-03
-3.795241591703383210e-04
-3.100895761052074873e-03
-3.529382997107373410e-03
-2.793683122013152550e-03
-5.140784437158887020e-03
-2.122246167398088334e-04
-9.859806667187891345e-04
1.359938097819454348e-03
3.232473932265542138e-03
3.351095840936850218e-03
4.535240604921906248e-03
2.293954882767935098e-03
2.918215184441159873e-03
2.893510357909176434e-03
5.461102114348730151e-04
3.152289310423202727e-03
2.383162118752587654e-04
-3.464077132818345599e-03
-4.165939607302748468e-03
-4.816075908678076750e-03
4.332193055605601528e-03
6.214274426408198347e-03
2.656559407870524858e-02
3.759918538046574249e-02
4.458964868992076891e-02
8.355473463686861890e-02
8.896001484021726080e-02
9.880209510066370604e-02
1.102809420503150090e-01
1.122771420824974081e-01
1.115821271028579337e-01
1.101323417817781786e-01
1.090886589257887007e-01
8.537083036990709972e-02
8.224723832033305204e-02
7.200683496520604576e-02
5.942105511654222072e-02
5.599972603306594549e-02
4.467568541693675566e-02
3.447512519021448535e-02
3.135621999876760796e-02
1.347058259499838047e-02
1.199392002668407849e-02
9.655375797225669923e-03
4.285174783029073106e-03
4.166457195856876003e-03
2.198364758145773118e-03
1.167488715878369117e-03
5.140721273518244734e-04
9.350103568999063378e-04
4.615497676504471780e-04
2.850643029989062592e-04
4.677360381341708409e-03
4.347597265837475217e-03
5.018228292249479403e-03
6.211109107662140735e-03
4.276741314243263925e-03
4.692331215185094676e-03
4.448752319885325088e-03
3.996887113064988110e-03
4.149211754278066960e-03
3.931586460011541814e-03
3.871823351132655001e-03
3.875664737752635043e-03
3.793155279609332960e-03
3.791591237478440530e-03
3.772922501831062116e-03
3.751684851342835993e-03
3.750852720898531240e-03
3.742222867072982333e-03
3.738920561499172856e-03
3.738065403537569730e-03
3.742582606531664677e-03
3.740593958896973499e-03
3.749642192442746713e-03
3.767956424972423828e-03
3.755692008852982294e-03
3.810950441885488284e-03
3.821522626888949111e-03
3.808725860232109288e-03
4.006726050764876194e-03
3.873085015649483081e-03
4.063073635195477325e-03
4.469203420434359787e-03
3.830711315449457886e-03
5.283017770816768148e-03
5.606631279490477578e-03
