1.079071880352633350e-02
1.053319938403050882e-02
1.614458020000037602e-02
1.610175219060718671e-02
2.059999065167831406e-02
2.065543436866111582e-02
2.225200758018477942e-02
2.199358938259781890e-02
2.202991230793484648e-02
2.231245244186624149e-02
2.207297495272000573e-02
2.218080935969193521e-02
2.217761246278223894e-02
2.213098410007247052e-02
2.216825049905844433e-02
2.214922165988835248e-02
2.214741286420834551e-02
2.215238262602681890e-02
2.214406491223008117e-02
2.214411895522798088e-02
2.213935964866044562e-02
2.213326844101241170e-02
2.212679248440047389e-02
2.211186861216123470e-02
2.210080825868423679e-02
2.207347019805686386e-02
2.203509187757099128e-02
2.200774946255052572e-02
2.190332369332279386e-02
2.182975263748300476e-02
2.171940293377802936e-02
2.137327838521575762e-02
2.131202942785050125e-02
2.071415053277223320e-02
1.986319397709244983e-02
1.993299606482068498e-02
1.706985933256980822e-02
1.677821269303539364e-02
1.642906876142829695e-02
1.527479767240023413e-02
1.451057541472403588e-02
1.514154463251567682e-02
1.205693957693605017e-02
1.216692315628230270e-02
1.202972976511493784e-02
3.536987288093547833e-03
2.241114031025239449e-03
-9.471131020506878134e-03
-1.822388862804665000e-02
-2.125882077193835470e-02
-3.443229893678656506e-02
-4.699006089893448951e-02
-4.886689723159692855e-02
-8.161667183354424926e-02
-9.195290226753173590e-02
-9.797006227318078020e-02
-1.235391065840135832e-01
-1.294216142616603782e-01
-1.398694229969110747e-01
-1.435090212866238502e-01
-1.415879429241207743e-01
-1.371458564233761224e-01
-1.257259735540738887e-01
-1.205582677872025776e-01
-9.401615012990707787e-02
-8.140517360871928065e-02
-6.571235300704660054e-02
-3.206351703564409156e-02
-2.153177017911051677e-02
-1.993472654395661223e-02
-2.420337983458185210e-02
-2.784112773470945323e-02
-2.836527219808547204e-02
-3.088753121878652988e-02
-3.124996752895883856e-02
-2.786230913396973985e-02
-2.875834971001628437e-02
-2.335043781254568171e-02
-1.465882528585718721e-02
-1.829931436291710664e-02
2.513669556427243316e-03
3.368589659224820740e-04
-1.200253446296189845e-02
-2.903999454579082266e-03
-2.629772925621384413e-02
-5.186844112812245833e-02
-7.441173462382398573e-02
-1.415780819569947280e-01
-1.839536235896215566e-01
-1.998424262450982369e-01
-2.338630717706213780e-01
-2.298384457461183084e-01
-2.406338212382679587e-01
-2.401637076914882873e-01
-2.308510707774736326e-01
-2.274009905994383018e-01
-2.048515112771534530e-01
-1.893533564999798080e-01
-1.609376168633323279e-01
-1.341174763653915081e-01
-1.226090536287162414e-01
-1.021494441781886781e-01
-7.605384806385019625e-02
-7.471584308405276875e-02
-6.812794837455092567e-02
-6.526134301341604549e-02
-8.015817898032367994e-02
-7.910107223908548202e-02
-8.766506633201417986e-02
-1.012040734512504592e-01
-1.018196235270160815e-01
-1.147131840527291502e-01
-1.087453874448408436e-01
-1.081824337554401633e-01
-1.042091422276164026e-01
-8.850895014546256157e-02
-7.634308401744359374e-02
-5.594365838158522897e-02
-3.181320979100892704e-02
-2.046558868619189567e-03
1.496374777149077698e-02
3.280094772209003751e-02
4.107568735353797629e-02
4.538788212580923548e-02
5.195387383499888018e-02
5.261831522944039607e-02
5.460920883922931734e-02
5.131502142195625699e-02
4.536442631912670359e-02
3.571719551716948798e-02
1.503116607186404108e-02
-1.772832968687976197e-03
-1.594814767847463344e-02
-3.050590873058362310e-02
-7.394557611239777929e-03
-1.611769738836298441e-02
-3.881637148906732712e-03
2.787857147162690809e-03
-2.630773810077394366e-03
5.918408157522232239e-03
4.469603058903559925e-03
5.264320543675148588e-03
7.363881199169744138e-03
6.292096346461859696e-03
7.063537263516431707e-03
8.099751468114761016e-03
6.747857964259237895e-03
7.870200315009902650e-03
8.269262821330149171e-03
4.644785061563206155e-03
2.508210674559625038e-03
4.364051313895129375e-03
2.297138825505957212e-03
2.675621137044952632e-03
1.590955101055998092e-02
1.753862272445388601e-02
3.192821348819149807e-02
5.678331979944775676e-02
6.688383640224296323e-02
7.115298295058888889e-02
3.888956523547785343e-02
3.406377130809451481e-02
2.678494802756506074e-02
1.525295348909616600e-02
1.854830607446669374e-02
8.020598677964098366e-03
4.494551333825954134e-03
2.038071869245043372e-03
-2.138338229062295912e-02
-3.103516247433328948e-02
-5.072950268183337719e-02
-7.104285060391378470e-02
-9.266713459491668359e-02
-1.013420919176281909e-01
-1.178582470125155435e-01
-1.246981577235711375e-01
-1.335625483688814841e-01
-1.444194785142655368e-01
-1.509502054217607137e-01
-1.594122398480044278e-01
-1.695327042030688180e-01
-1.766952884896260123e-01
-1.757585932237416271e-01
-1.827802808602258244e-01
-1.806521718172348079e-01
-1.795467546748164001e-01
-1.819751834577515992e-01
-1.811725933172138869e-01
-1.850681671594383848e-01
-1.835244196960785501e-01
-1.823960027317610144e-01
-1.805162036073618415e-01
-1.557218137145174874e-01
-1.526953311389568635e-01
-1.352264534240710248e-01
-1.238428520386711390e-01
-1.233327065940357098e-01
-1.075535501759600221e-01
-1.043738018767278730e-01
-9.790435075923807628e-02
-8.481186002503658672e-02
-8.382183143325121211e-02
-7.362817884772768218e-02
-6.900690004430747038e-02
-6.769631616406424079e-02
-6.076816546250628226e-02
-5.906679969227349863e-02
-5.625646222388466094e-02
-5.152236202977101415e-02
-4.853063837672131481e-02
-4.493538511751722642e-02
-4.453289344301192276e-02
-4.575954898791848025e-02
-4.998072657756735121e-02
-4.667194083535208815e-02
-4.961803338398561303e-02
-4.680301976311666834e-02
-2.264503257878605624e-02
-2.059208751707205035e-02
-1.338906352505199286e-02
-1.296797149247246386e-02
-8.848426719502066815e-03
-6.856041592504115434e-03
-7.320931074776228752e-03
-4.621316732787316382e-03
9.635682412844139315e-04
7.049653991103121790e-03
1.758598976546647819e-02
1.917880033369344719e-02
2.011858314983169457e-02
4.617324202330257490e-03
-9.827467002387664172e-03
-2.061920322989049120e-02
-5.209533283534166503e-02
-6.722804948153092430e-02
-8.106541630952525390e-02
-1.110859591337471364e-01
-1.134034466508090366e-01
-1.339253161571231643e-01
-1.447285116988047959e-01
-1.333772060970487838e-01
-1.434185734652351218e-01
-1.268200011076633937e-01
-9.791259241201419328e-02
-9.011712476598282562e-02
-4.584259103612695063e-02
-2.398035420096581924e-02
-1.495946006450137727e-02
-3.511077801355351902e-03
-3.487039851253575812e-03
-4.094792776651952695e-03
-9.738746143120880980e-03
-1.011835725789396283e-02
-1.245207385029410523e-02
-1.064841304431037722e-02
-1.173936459175277044e-02
-1.635954733857821614e-02
1.392011591186493929e-03
-1.606677106318750176e-03
-1.033443094584713046e-04
6.110067946560705093e-03
2.674983794886748572e-03
5.276552947881406504e-03
7.340967738895053975e-03
1.903036914443997831e-03
5.782104271657216403e-03
-4.448244521099570248e-03
-1.331268097365818914e-02
-2.231393485212970762e-02
-2.978038443517515635e-02
-2.624570345307411512e-02
-2.790455254685340197e-02
-2.100744657683579694e-02
-1.828784875888407255e-02
-1.655709641949534155e-02
-1.068122336068991901e-02
-8.967641484620855752e-03
-7.044330314265273216e-03
-1.015434628153546060e-03
-3.501384295100426914e-03
-3.644287411801594087e-03
-2.256666138107497280e-03
-6.160701373411450396e-03
-5.173295198069096344e-03
-4.999760458248873538e-03
-3.039006021361394336e-03
-3.429952449360303742e-03
7.884002759015610109e-04
2.311242860454834744e-04
-8.070162800828716357e-03
-7.469329241522975477e-03
-1.321645239533169973e-02
-2.303596099303736183e-02
-2.788092188914843492e-02
-4.059966698896139842e-02
-6.200555590419935814e-02
-6.228656163454348443e-02
-8.360081795720063214e-02
-7.661320030379861756e-02
-7.436728147252162635e-02
-7.116469180076670509e-02
-5.126175259699647380e-02
-4.621589304234437895e-02
-3.468575135316769725e-02
-2.274196076205703063e-02
-2.093810070491992914e-02
-1.283896457429256795e-02
-1.855042971269726948e-02
-2.107911175931697148e-02
-2.650861840516236315e-02
-3.588034483909462863e-02
-4.784641356297808512e-02
-5.637334840117488172e-02
-6.438965459378286071e-02
-7.112842926625119466e-02
-6.000975812442223972e-02
-5.775620915842360342e-02
-4.184865923139755028e-02
-1.954480858586352468e-02
-3.390204891611859391e-03
-4.474240543901600829e-03
6.379321259169862951e-03
3.993989956905636199e-03
2.147170414466010452e-03
3.131621826494675447e-03
1.690065853140539694e-03
-5.302592590045993905e-03
-4.875025759522163757e-03
-6.916728703299753964e-03
-8.801109701318593145e-03
-7.678648589616048417e-03
-8.010355726216165581e-03
-7.731171591532947848e-03
-4.114030905875802613e-03
-5.203062288854551874e-03
-2.126868539753627718e-03
-1.243908696320565827e-03
-1.382402839555639876e-02
-1.572274138887348044e-02
-2.883191709066836028e-02
-4.452772127208562414e-02
-4.928774130922130431e-02
-8.151151003690168539e-02
-8.090410151012648876e-02
-9.745824435719180334e-02
-1.007764745812581714e-01
-1.094547415486004233e-01
-1.259265963548973910e-01
-1.243728394231830986e-01
-1.207797257550816822e-01
-1.162601222595401607e-01
-9.659494547432938283e-02
-8.412923366163120587e-02
-8.444352740164935700e-02
-7.471349297011101176e-02
-7.653431755905441836e-02
-8.151118271722189446e-02
-8.713900282517125784e-02
-9.631989273998634027e-02
-9.931776410481529815e-02
-1.037291722841395397e-01
-9.746099706318327172e-02
-9.021199704072274672e-02
-7.392920408921675735e-02
-3.740826278122864890e-02
-2.664450719061639203e-02
-6.534600354545147798e-04
1.378126167009958644e-02
2.280112497091667245e-02
3.691683248646573934e-02
4.367609433798943369e-02
4.717329474320865884e-02
5.005762754351231192e-02
4.821109707209902950e-02
3.968501464491442504e-02
3.611573164442889033e-02
2.631889952654287157e-02
1.385656310004655493e-02
7.663983000929415479e-03
1.065149651881407838e-02
1.807912539780177907e-02
1.947540973450016116e-02
-6.943157794537879214e-03
-1.655820146423126610e-02
-2.990693829945559323e-02
-2.732140673604495709e-02
-2.258783660405017796e-02
-2.910149988659504680e-02
-1.450675868384589985e-02
-1.971172354966697557e-02
2.858399922528594064e-03
2.494138170634022447e-02
1.019236438515981960e-02
2.139207511649916099e-02
1.964776661393348792e-02
1.627073123992786932e-02
2.003648806448958541e-02
1.727743154103029977e-02
1.759342959629086114e-02
1.772030738014598178e-02
1.645469654207823429e-02
1.670422666319474475e-02
1.519829032152478915e-02
1.481423524987557534e-02
1.350732839224376945e-02
1.029470389364385910e-02
1.079125313041790109e-02
4.058593255358484454e-03
3.048877779591892595e-05
-8.422091717850960354e-04
-2.033725153699088295e-02
-2.057365395337622596e-02
-2.757846938918566068e-02
-3.745145418745748911e-02
-3.385784159878030969e-02
-4.381606974014081585e-02
-4.337608903054023662e-02
-3.531609647333597973e-02
-3.531483168571861175e-02
-2.235158749349999002e-02
-1.919744293422169859e-02
-1.095189765845311532e-02
9.250069074569010992e-04
2.434410027277489428e-03
1.886385542735537907e-02
2.052593911889004363e-02
2.131363934668836085e-02
2.737664781820623242e-02
2.722974764832709893e-02
2.788938541017897677e-02
3.055202430745265416e-02
3.017619619967992425e-02
2.788025094193784248e-02
2.759380123997302175e-02
2.682841434869831163e-02
2.621925518196411425e-02
2.596695318240340236e-02
2.619411985534436313e-02
2.605420868135112714e-02
2.626641866723447225e-02
2.648128741808433370e-02
2.646568328374614490e-02
2.661141271873837186e-02
2.665787812363260359e-02
2.667804791091347993e-02
2.672729213609679674e-02
2.673604257285148653e-02
2.675075355230305263e-02
2.676345266444716403e-02
2.676672229130710665e-02
2.677289520867068631e-02
2.677587825787695885e-02
2.677753333574598230e-02
2.677956983736873645e-02
2.678017574657186664e-02
2.678097637488990185e-02
2.678143171331262215e-02
2.678105762430460154e-02
2.678196295665379728e-02
2.678068459629441914e-02
2.677997395968285607e-02
2.678206445326120760e-02
2.677457954993129816e-02
2.677906823502123820e-02
2.677777584998290369e-02
2.675418341273858025e-02
2.678821832108586876e-02
2.674105412906558135e-02
2.671668701791243133e-02
2.681723273939653693e-02
2.657849769069644749e-02
2.672562691718023686e-02
2.670385367315547195e-02
2.635016447088589855e-02
2.645764567498007369e-02
2.581007532792829740e-02
2.576781815993822722e-02
