-1.626124756980540592e-03
-1.831861363005648060e-03
-3.746088074443052265e-03
-3.137647624881152817e-03
-5.465023625856692269e-03
-6.133433780387848727e-03
-7.573836290633921033e-03
-7.611557604478645656e-03
-7.907531127243332819e-03
-8.130926560232471650e-03
-7.959514981248408047e-03
-8.094351471427495628e-03
-8.044027770644517419e-03
-7.996308894407784529e-03
-8.010103015400308821e-03
-7.893523006115697738e-03
-7.880361817712915398e-03
-7.638539267340433390e-03
-7.279060077938334997e-03
-7.266988168038978832e-03
-5.744872741082002014e-03
-5.849917161407620393e-03
-5.150780115535026626e-03
-4.956279003883003360e-03
-4.608304767795565540e-03
-3.754948985133758129e-03
-4.152813013146489964e-03
-2.475285900282905762e-03
-2.241420609544009929e-03
-2.540270825514535490e-03
1.552349015646161193e-03
-2.085128096429381952e-04
2.387658259405827949e-03
6.535939974821568244e-04
-6.145635558962863829e-03
-3.995509430116902551e-03
-1.515960556920444013e-02
-1.670929517046093604e-02
-1.697583241264807169e-02
-2.238014569727827738e-02
-2.167926482495256130e-02
-2.200422770894846017e-02
-2.302455921522074400e-02
-2.313510221076762671e-02
-2.499626995705146390e-02
-2.499701827115044864e-02
-2.776848945657374793e-02
-3.071607871261050615e-02
-3.001233760034377820e-02
-3.840867784635294130e-02
-3.994747865231750711e-02
-3.315359595578706853e-02
-3.534612304294960233e-02
-2.973288338336607314e-02
-1.591718347110422996e-02
-1.053724160805973031e-02
-3.146726527941891022e-03
2.294769683079858191e-03
6.620861188960085880e-03
1.031448535188474007e-02
1.809803423594201141e-02
2.111830314648998480e-02
2.394877135167015197e-02
3.423168824434126567e-02
3.359324551454583030e-02
4.252037781100535124e-02
5.386859455958637605e-02
5.612936420962592876e-02
7.050795987592767267e-02
7.362636325593242825e-02
7.546576570588445221e-02
7.956679476472171275e-02
7.698750235079890314e-02
7.870875429331597450e-02
7.974152309994389509e-02
7.837747693807790850e-02
8.025487382079991849e-02
8.209684881990403360e-02
8.265895427589452227e-02
8.728111655025611038e-02
8.827794549519937806e-02
8.997417120414896718e-02
9.245621158944405948e-02
9.101283881010870103e-02
8.890891488464210124e-02
8.504864846642179455e-02
8.111765037628609898e-02
7.377575287398017989e-02
6.532568539879400615e-02
5.560458324255535684e-02
4.094591488157817843e-02
3.392188446042028460e-02
1.651213889168636623e-02
7.297003314370044576e-03
5.399009568462467823e-03
-4.498457884950192096e-03
-4.209528607890046167e-03
-1.126368900818892557e-03
-1.800603400765902464e-03
2.216688267338915840e-04
1.596941984633247057e-03
1.740402460156440781e-03
-4.910742431021961237e-04
-9.212444473099935067e-04
-1.532400973744467388e-03
-3.267499459776087309e-04
-2.686524023797914624e-03
-3.818102499898355651e-03
-2.523091287204877811e-03
-3.507471059592473604e-03
6.578501938995512908e-03
7.936916052577866129e-03
1.505042078534866296e-02
1.592943666867249058e-02
1.295083133178054347e-02
1.248866845795783276e-02
4.084644537764916053e-03
4.037521533146909945e-03
2.269625008834648665e-03
1.053534800220162337e-03
1.767371546135378243e-03
3.397433630276433525e-03
3.708053409664153945e-03
3.175064669524348734e-03
2.778737091005764864e-03
3.217681846347694198e-03
9.322517137778707280e-04
1.039003465822326309e-04
2.834376804665568548e-03
-1.163636922291825171e-03
4.080915643161132055e-03
1.176651723209021054e-02
1.349940784522746760e-02
3.072036878414957997e-02
4.117353981775959126e-02
4.412257915650276419e-02
5.069262428739416959e-02
5.155142482531427373e-02
4.649779152292729534e-02
4.729404935783666775e-02
4.562880145010762140e-02
3.948080678742089261e-02
3.932527362700555945e-02
3.576558581890194877e-02
3.276630267339956243e-02
3.267244336734157623e-02
2.905526593491524270e-02
2.851608669308887747e-02
2.790456757119603656e-02
2.515526657697093882e-02
2.563764245205646039e-02
2.209127025398028438e-02
2.048069810595327250e-02
1.787518625033350517e-02
1.136348394376178635e-02
1.104744321416573083e-02
3.288128879434796224e-03
9.122691856383397186e-04
9.193982695562376642e-04
-1.481016549163938212e-03
-9.557798670903437785e-04
2.522733554284252271e-03
1.476863601853368275e-03
1.697676740984859801e-03
1.123900552499214724e-03
-1.085583443779707471e-04
-4.908366243048863396e-05
-5.781074951551878720e-03
-7.251492653331536448e-03
-9.212861296934701794e-03
-1.262813543390985289e-02
-1.368763586688442543e-02
-1.422773847567868240e-02
-1.854158514149508233e-02
-1.582539735075417023e-02
-1.731381836106208813e-02
-1.606005011611821853e-02
-6.788327909376731285e-03
-7.783076137405091528e-03
-1.297437879656024046e-03
8.486963028512227447e-04
1.278542587375213055e-03
2.595191097624956894e-03
1.763487214128610023e-03
2.396039450333983193e-03
2.286389022626638626e-03
2.542046895124231744e-03
3.919771535461551680e-03
4.248260578726370008e-03
5.812630871051360434e-03
4.993547939962219261e-03
8.598180420847643599e-03
1.113024294025742947e-02
1.602113946154824775e-02
2.649030832524467555e-02
3.396719234420206984e-02
4.920769501380269084e-02
6.037843444574976515e-02
5.940366005411721467e-02
6.197016847154369207e-02
5.930835861938311970e-02
5.714058300715976063e-02
5.488365569843887959e-02
4.877893775921379044e-02
4.581650782199757355e-02
4.012728021309274612e-02
3.325691451469316856e-02
3.009645289964250209e-02
2.069427811660641894e-02
1.730802287516960622e-02
1.337164229433197155e-02
7.827665461274243772e-03
6.552709597514736785e-03
2.673617466258369681e-03
3.722188494810599367e-04
-6.541742476296962504e-04
-3.386527076761709689e-03
-3.895107545714369176e-03
-4.970598781646753950e-03
-6.338883246147159964e-03
-5.801657750202522494e-03
-5.932919048015755474e-03
-5.329095808459194394e-03
-4.186632070341261488e-03
-3.859671692975444237e-03
-1.982601705171438237e-03
-1.030066600804580403e-03
-1.609920111033926772e-03
-1.412130187000359581e-03
-1.519036164512688062e-03
-2.368005372396572196e-03
-1.792590691264945397e-03
-2.936470459033456264e-03
-3.512176847937677638e-03
-3.438088439307799941e-03
-6.339006248317320159e-03
-7.370042096914366549e-03
-7.605017622293932904e-03
-9.612567019026628176e-03
-1.153575631403292064e-02
-1.139837499739718672e-02
-1.467303976730698588e-02
-1.310185332203219442e-02
-7.232848818143428928e-03
4.072009368489079226e-03
1.014336850626265836e-03
2.115190953311327920e-02
2.493873757504374775e-02
8.711178312375392890e-03
1.548770626527038070e-02
1.306302277329230918e-02
7.111557481467967179e-03
9.894246200261278684e-03
6.941537353215395528e-03
4.958852371014952840e-03
5.658324642315106651e-03
4.650802529192583738e-03
4.969135761305600550e-03
5.956716933278128311e-03
6.321333949718886160e-03
7.067471229123057849e-03
8.074304214893036555e-03
1.005837557686462512e-02
1.027194025138387576e-02
1.383814370449157859e-02
1.689077716426883036e-02
1.708173644564359162e-02
2.732768689822369021e-02
2.898624330312210562e-02
3.141635021068021200e-02
3.659562989198612837e-02
3.709099496091081832e-02
4.086104459553462076e-02
4.553143080629512562e-02
4.821971090317542230e-02
5.732729204332684403e-02
6.578839299928374018e-02
8.471428422062898811e-02
9.862304010876474236e-02
1.038400974107855645e-01
1.152962556432017005e-01
1.129533302073843504e-01
1.159631132704929263e-01
1.151792127947413868e-01
1.072218907980680147e-01
1.041818506265487498e-01
8.191402890408529258e-02
6.625071178952704476e-02
4.159628170640105455e-02
2.517232244239991229e-02
2.046860051472586955e-02
8.598460684455364392e-03
1.066825858148771899e-02
1.220181071875015011e-02
1.389905413579919924e-02
3.107171139411689376e-02
4.041792151504206704e-02
4.771018257520709405e-02
6.964307025943376750e-02
6.999878477608806326e-02
7.874285117657532640e-02
8.341761016350708602e-02
8.009257740059921860e-02
8.419353329445963818e-02
7.596553135515289601e-02
7.428646173409149400e-02
7.216949866496252808e-02
6.430328998081319414e-02
6.480093246743194590e-02
5.742687983353682302e-02
5.318882804133990422e-02
4.935744259212739016e-02
4.241200890993322703e-02
4.045161588144636361e-02
3.272848943038344366e-02
2.799083805637028743e-02
2.112767745567245559e-02
1.065838015853971116e-02
5.504710955855510526e-03
1.349078629178264909e-03
9.177100667458656913e-05
6.595770909261850423e-04
4.222953825432005617e-04
1.103325919113516251e-03
3.993712092570454730e-03
3.865310643889576479e-03
6.133233728787249386e-03
6.872744003630936772e-03
1.114437187454763237e-02
1.608343865047568919e-02
1.738797349213878560e-02
2.617566238780200810e-02
2.209314810806390847e-02
3.103594062881762788e-02
4.127485744291265607e-02
3.898259953397983923e-02
5.758159951094407591e-02
5.301157584025206065e-02
6.151742453575631542e-02
7.948260066467577323e-02
8.628267254754702631e-02
9.729093566993105013e-02
1.018394196903531224e-01
1.018409324392247906e-01
1.075514471339024530e-01
1.036630867315682519e-01
1.051661245544455031e-01
1.037646246817423984e-01
9.568130429592837383e-02
9.620175460467007833e-02
7.289544898367895931e-02
5.629749368780625346e-02
3.928000802210905584e-02
8.864886674129716232e-03
1.434451643377066031e-03
-1.217215642840662956e-02
-1.811073526658000393e-02
-1.455036352901471416e-02
-1.637050418714312491e-02
-5.844493391988715009e-03
2.525093319238970284e-03
8.111565650363654692e-03
1.302298447900683553e-02
1.664157980902322351e-02
1.075404562629491204e-02
6.338927539730783781e-03
-5.080332527941501617e-04
-8.282445686696419604e-03
-8.991794126671889126e-03
-9.791948014923368068e-03
-1.094103119985336513e-02
-4.271707973825136437e-03
-2.639527138900065947e-03
-2.518077482592398844e-03
-3.448619906174538174e-03
-5.031501358609267137e-03
-9.841232185993663284e-03
-1.333229024103967444e-02
-1.873893652270703855e-02
-1.974491053398494747e-02
-1.892634512210781411e-02
-1.980799316307435207e-02
-1.622358592639234348e-02
-1.760500347473428068e-02
-1.666623604970076528e-02
-1.647295421834713697e-02
-1.722014374584708574e-02
-1.774758405979504766e-02
-1.815109873291950032e-02
-1.965285921416710935e-02
-2.059904161486014046e-02
-2.058997921509626156e-02
-2.256224782115891225e-02
-2.200169573273389953e-02
-2.179190157993246210e-02
-2.314532074086193131e-02
-1.969363422645432904e-02
-1.987966872813087815e-02
-1.703438621904503070e-02
-1.078353902780387376e-02
-1.034034670532400953e-02
-1.774896565962497336e-03
2.755707913141962253e-03
3.077613342321999183e-03
1.020918469341165584e-02
5.296620128323985266e-03
9.670952660066320416e-04
-1.575348996210537743e-03
-1.177493705683936402e-02
-1.112297819181225743e-02
-1.338612385577453087e-02
-1.593827938888280060e-02
-1.540507760652516135e-02
-1.779346494621889332e-02
-1.830317673384132884e-02
-2.023810880704289550e-02
-2.108828479270817222e-02
-2.349954160037074150e-02
-2.367053872522777852e-02
-2.663981971516009295e-02
-3.049587861859693813e-02
-2.869055542221015526e-02
-4.062397066526519246e-02
-4.148691477744042427e-02
-4.458353506711908859e-02
-7.215431177969021392e-02
-6.867841970224684844e-02
-8.441063742210618004e-02
-7.796393468199105947e-02
-7.406881576818517832e-02
-7.477006537709923739e-02
-3.279742537540897979e-02
-3.217682977666876804e-02
-1.162574355470727405e-02
-1.603715717090971804e-03
-1.438839125421402347e-03
6.223331353053565898e-03
6.299165474275117242e-03
8.187442579916947433e-03
3.759313297602743468e-03
3.756511182167527729e-03
2.317099197997561904e-03
4.085444582746430571e-04
3.894180224261619382e-04
-7.397428698796559843e-04
-1.203502223228837499e-03
-1.083721625259196795e-03
-1.652631190860589594e-03
-1.396180542751337267e-03
-9.882343607117479584e-04
-1.630719598708743482e-03
-5.240654164238546997e-04
-4.388834784961969759e-04
-8.530705120990652365e-04
8.760668009862654848e-04
3.443550084716756913e-04
1.048420592962575736e-03
3.195278920713708146e-03
3.211839556200397558e-03
4.318542598152943709e-03
4.926091898184567150e-03
5.132552555223074409e-03
5.617368176652679651e-03
5.592643114645225177e-03
5.848983926238194957e-03
5.663328578623469910e-03
5.347362646212727028e-03
5.625361739724698759e-03
4.265323020147798044e-03
4.154557906206498424e-03
3.677909097743047636e-03
7.149655782700898221e-04
8.669348791924902180e-05
-7.384765224377945860e-04
-2.307768348423746424e-03
-3.010570548859404279e-03
-3.541180323584776704e-03
-4.899895141242386308e-03
-5.115394772648675613e-03
-6.266315664744888207e-03
-7.058809173178865436e-03
-7.655961746836222395e-03
-8.496958804076739855e-03
-9.300001006126107014e-03
-9.903737103837260969e-03
-1.090838414714585987e-02
-1.123310206109963232e-02
-1.265635353909511790e-02
-1.286913797486243134e-02
-1.325440111255296594e-02
-1.372532412806718068e-02
-1.377467944971979066e-02
-1.399653327288942657e-02
-1.410748872179036842e-02
-1.414398100814491174e-02
-1.422549437982754440e-02
-1.424860388602594043e-02
-1.427118042527430672e-02
-1.429462224145082450e-02
-1.430116737865444118e-02
-1.431151871647319725e-02
-1.431742300783404864e-02
-1.432007308405356706e-02
-1.432547037864973297e-02
-1.432526189400567217e-02
-1.432838462339551880e-02
-1.433371184051416940e-02
-1.432688428123829634e-02
-1.433959547785889667e-02
-1.434216905645099675e-02
-1.432944220557092786e-02
-1.435356330286043092e-02
-1.436921899643086795e-02
-1.432030949320047333e-02
-1.429647793921984093e-02
-1.460722416150144962e-02
-1.385722458908034832e-02
-1.427162040622743586e-02
-1.468804573166630593e-02
