-2.453122749739828669e-03
-2.299747876286930594e-03
-2.836991104495051579e-03
-2.918432504634315555e-03
-3.502225315773349612e-03
-3.133551336107657376e-03
-4.039360893671480220e-03
-3.428543547231373539e-03
-3.535956167731449645e-03
-3.639903049537604376e-03
-3.416545960934232792e-03
-3.518691258317330640e-03
-3.479884776107155468e-03
-3.445666914930893641e-03
-3.472662822405270244e-03
-3.449482378739774594e-03
-3.450244196120402784e-03
-3.452373358653316147e-03
-3.445714877055062585e-03
-3.447572391839764071e-03
-3.446247184980186489e-03
-3.444746951475786013e-03
-3.445384927321954588e-03
-3.443919279563119763e-03
-3.443332248362312824e-03
-3.443908399327410413e-03
-3.439998393038149870e-03
-3.441587853318336856e-03
-3.439556087152505128e-03
-3.428751779981672413e-03
-3.439767972116400223e-03
-3.409585855233900759e-03
-3.401116704490021909e-03
-3.384248137774557245e-03
-3.210973810293133151e-03
-3.272556966874764963e-03
-2.649097173207019904e-03
-2.530665608848364605e-03
-2.402214661665734094e-03
-2.134202838719070298e-03
-1.685137718751897589e-03
-1.927968201294939007e-03
-6.695489138344022000e-04
-3.821808313109470315e-04
-3.491462880513423756e-04
3.506269916606569517e-03
3.940116698215093832e-03
7.661506992099145243e-03
1.099212644365507585e-02
1.167299362207127600e-02
1.647437468616324771e-02
2.075076746098390365e-02
2.055993139948629825e-02
3.238246673816646409e-02
3.152830244136687471e-02
3.268116838596608204e-02
3.724281562818815977e-02
3.263948864465098659e-02
3.350238129155555522e-02
3.174946313105200119e-02
2.514560723707001677e-02
2.033386746129316885e-02
1.218293628909761575e-02
5.638914522745155401e-03
2.076475827166065070e-04
-8.412598817251919214e-03
-8.087272818857856038e-03
-1.050100019491737903e-02
-6.784081282735957875e-03
-7.731297811139814860e-03
-4.060363589119061686e-03
-3.869247860419944632e-03
-4.705869238031501305e-03
-3.514725501579252318e-03
-4.374491589061967924e-03
-5.359126804030523231e-03
-5.008163631191052054e-03
-7.345132323518568582e-03
-9.429730838120832168e-03
-8.910880705670323754e-03
-1.689612263847472401e-02
-1.774392135348484834e-02
-1.508670265560972841e-02
-2.075528231400926987e-02
-1.472215423613692543e-02
-7.815776911885926118e-03
-1.515379622835837017e-03
1.980827191394502612e-02
3.231263547749051168e-02
3.382449381923793158e-02
4.510679885085477209e-02
4.239314336481883605e-02
4.462872175988335383e-02
4.728022196164873708e-02
4.324188311459768730e-02
4.498795131236685285e-02
4.198321083178434970e-02
3.614898048126996555e-02
3.735773068731871455e-02
2.908365591968958136e-02
1.603881861072458878e-02
1.398701900894154006e-02
4.596880956200866987e-04
1.144388726994616072e-03
4.313052657007366425e-03
-5.050745239605254622e-04
5.877686722394615502e-03
3.256371727549320794e-03
5.746479914724818977e-03
1.758329452949585273e-02
2.079613184973977402e-02
2.908186397141210300e-02
3.567111374698789944e-02
3.679475710013526552e-02
3.913211869064552040e-02
4.372802687827086199e-02
4.375715769913748193e-02
5.297641162280954108e-02
6.497998577610969440e-02
7.733379964990740041e-02
8.567558926588467183e-02
9.147700928680972676e-02
9.466803433546891466e-02
9.836453622672315655e-02
9.793840018809971126e-02
1.013138222532221078e-01
1.005700314029335934e-01
9.674436666679483987e-02
9.925500937324489847e-02
8.017725946141400495e-02
6.996796017883583074e-02
5.892937746670474236e-02
3.316296066097416256e-02
2.780243467976735439e-02
1.429393277595846640e-02
5.856924673993438649e-03
-1.016053155610091704e-03
-5.801466515683936440e-03
-7.384942394045477046e-03
-1.093767522556856817e-02
-1.169000493723037354e-02
-1.268393955828433887e-02
-1.340827559076073448e-02
-1.349582686055660584e-02
-1.494178496066127584e-02
-1.485597455825192828e-02
-1.701134740054211295e-02
-1.907168042991872273e-02
-1.883801537086950487e-02
-2.567102734552530879e-02
-2.748734751093411324e-02
-2.014047059170746487e-02
-2.023716862630995164e-02
-1.695151412099226221e-02
2.374940069593050804e-03
1.024718103571270987e-02
1.651509482026209188e-02
3.757105137914048404e-02
4.168792743264204681e-02
5.007642410051296039e-02
6.324951504867780405e-02
6.471247415661232627e-02
7.287615265585728475e-02
7.416322593261634455e-02
7.376511625539984573e-02
7.507432175570415145e-02
7.111873301647834988e-02
6.791001545695514452e-02
5.784236423082227130e-02
5.094940144753051792e-02
5.461470924159567142e-02
5.659962501634573789e-02
6.544398156415766332e-02
6.481341268796814159e-02
6.553804113361995365e-02
6.505663777288055172e-02
6.336250410529237209e-02
6.382227716657595806e-02
6.196080533270183904e-02
6.207422146245426819e-02
6.389540805426191517e-02
6.512269587967625672e-02
6.987445822666588091e-02
7.493225083984256241e-02
7.716266995576918919e-02
8.301844021926430006e-02
8.603849323544549010e-02
8.203572774893726216e-02
8.433503237233108685e-02
8.275647121360069081e-02
7.618348170981860401e-02
7.829469595205541810e-02
7.521006552172000703e-02
7.330199392539735181e-02
7.860939433050001535e-02
7.579185336027124964e-02
7.821197100410552661e-02
7.886132004034999976e-02
7.723539423030335860e-02
7.759576700222040047e-02
7.553089631574243235e-02
7.359809924583765595e-02
7.076215419353662495e-02
6.850742627604967938e-02
6.294132421405505828e-02
6.117443375479353351e-02
5.485732076755887171e-02
4.915996068026445842e-02
4.582294736672452157e-02
3.261279349355512835e-02
2.663471293398555345e-02
1.447029413674512030e-02
2.047442099882587890e-03
-5.378496263765492058e-03
-9.175003704648935707e-03
-1.361188236720221184e-02
-1.366309778091271201e-02
-8.509417474048408189e-03
-8.969584447515830880e-03
-6.339253528510364367e-03
-2.001354444910838967e-03
1.824376169300833935e-03
2.148713453814940499e-03
5.593577978102354069e-03
8.221668729779887247e-03
8.748800690693728926e-03
1.480630042821407324e-02
2.884554747257023904e-02
3.912848074085621686e-02
4.432677457570132623e-02
5.144477850811589315e-02
5.331508958562319878e-02
5.456610083105525172e-02
5.330575058572049885e-02
5.060354494904438505e-02
4.493510883801021122e-02
4.127051232755490212e-02
3.596454273194812229e-02
3.173133162435989169e-02
2.882609906190313626e-02
2.603102433816251865e-02
2.411835612312361599e-02
2.108919278573595166e-02
1.586403472444143994e-02
1.382315290076853963e-02
4.515525556367273700e-03
2.833672538202420318e-03
1.693101526238193454e-03
4.625365684203140530e-03
8.000280148733289812e-03
5.898692662432042898e-03
3.347717327556715312e-03
7.842677266642683132e-04
-7.775964464574921728e-03
-8.494647540586687529e-03
-1.081066885241639686e-02
-1.276690403607225362e-02
-1.193118381357087879e-02
-1.328266165051865573e-02
-1.551219327475892792e-02
-1.469306295359951164e-02
-1.818027695997303378e-02
-1.882572136957532186e-02
-2.086141404002573793e-02
-2.855442328325254880e-02
-3.130724902365796675e-02
-2.780169386600217507e-02
-2.004872730892897151e-02
-1.516132271351138851e-02
-1.361185124499323003e-02
-1.467888797954389028e-02
-1.451437395030958158e-02
-1.545671293983934963e-02
-1.418486417179088376e-02
-1.521822675858023298e-02
-1.160879062015353000e-02
-8.425261307162285052e-03
-1.002155843750641637e-02
3.367865281262942025e-03
2.070085837545623721e-03
-3.830598907840176027e-03
-4.595100572192157445e-04
-3.981884715303336299e-03
-4.931534160169945454e-03
-3.703166884213191304e-03
-5.170154889429859346e-03
-4.505645381372381554e-03
-3.586623784193057000e-03
-3.510106560745032689e-03
-2.318493443189138629e-03
-4.673366478131398168e-03
-4.712170875592516794e-03
-6.408622228648053719e-03
-9.347185773219456387e-03
-7.209116544924431755e-03
-8.784877850935327373e-03
-5.569832692710013737e-03
2.366219049934671116e-03
4.765663440096607438e-03
1.158112436688391728e-02
1.480290870530472092e-02
1.943120453561189218e-02
2.424487976366154415e-02
2.370646003900924240e-02
2.901006745074492452e-02
2.955226905245619123e-02
2.974892059209103753e-02
3.254845463567868774e-02
2.657726561472986693e-02
2.542859628003330333e-02
2.148506859579277575e-02
9.758087324317070085e-03
6.050715127192247966e-03
7.655806178546485999e-04
-5.771809120618523123e-03
-7.573292485075861988e-03
-1.243101605146071723e-02
-1.072443745203659204e-02
-3.507068683003670886e-03
-1.719995503291560542e-03
-9.947941845662863162e-04
5.541075106056141857e-04
1.531778284448828177e-04
-3.806547900164600380e-04
-1.196341316642906627e-03
-1.339252193430400580e-03
-4.379828613997462788e-03
-4.219977245230519675e-03
-4.795595774765365298e-03
-5.577350847557810409e-03
-5.139664082527528599e-03
-5.825179823639365685e-03
-4.864241457197108348e-03
-4.747944402778384032e-03
-5.036464716088115065e-03
-1.198246937619991230e-03
-2.147430486864286385e-03
1.161899582384767673e-03
6.462567928885097970e-03
6.247732668714449898e-03
1.680737556678718256e-02
1.520549458799658367e-02
1.559663594555051047e-02
1.743347126712390185e-02
1.111511732502360426e-02
1.205821886395747229e-02
9.190574087743607484e-03
4.235394709339987754e-03
4.344572320823975563e-03
3.814540296930429841e-04
-5.706199650505871515e-05
-3.042403007309759299e-04
-4.451838093577976160e-04
-1.515741613623505226e-03
-1.409033193636189838e-03
-1.935334453167586281e-03
-2.311683540316771500e-03
-1.891885570730047908e-03
-3.019763198723511999e-03
7.595084519177615606e-04
3.659796092372294592e-03
7.829496591194695654e-03
1.868796036518778278e-02
2.271832581737211892e-02
3.258334379770826822e-02
3.380874136029349275e-02
3.348210522678706641e-02
3.393470116930337455e-02
3.180965272922695736e-02
3.118731930088017301e-02
2.895173485064920019e-02
2.753277535620020020e-02
2.723938253816964722e-02
2.583930680875489230e-02
2.683894584852418788e-02
2.773687833408621656e-02
2.670850351267905695e-02
2.992358623629185269e-02
2.981284882303028225e-02
2.414640727459111194e-02
2.278046981900193682e-02
2.117622725516046106e-02
1.174366585284536933e-02
2.075945965475170345e-03
3.123565014728330123e-03
-5.561846647701091176e-03
-1.332437154634375821e-02
-9.509453224522462431e-03
-3.036354051553242020e-02
-3.235407212145970102e-02
-3.345707873401630034e-02
-3.654642538687770392e-02
-4.843184450380234179e-02
-4.874767184726046254e-02
-5.248729890561419642e-02
-5.636510129075950060e-02
-5.640538066540946860e-02
-5.862849023187800129e-02
-5.947109579874529373e-02
-5.994863661076081651e-02
-6.099178678724150732e-02
-6.125278821956064990e-02
-6.211884241926000222e-02
-6.274246558021273623e-02
-6.331406199763274512e-02
-6.521028376552799599e-02
-6.552236116330296956e-02
-6.807257981857417484e-02
-7.147647970197754108e-02
-7.084925826206586730e-02
-7.778278218670552080e-02
-7.642234647453038932e-02
-7.202842472452393452e-02
-7.561287623430294758e-02
-6.639455168403633756e-02
-6.340399793280392104e-02
-6.237558080032856722e-02
-3.921607291051273925e-02
-3.836193488886244923e-02
-2.979816258187208827e-02
-2.141274147837746167e-02
-1.965071360565478001e-02
-1.070699734265738792e-02
-9.367375813954425395e-03
-2.818253811688433644e-03
-1.777696747035775737e-03
-2.208240121846516153e-03
-3.755478703281887507e-04
-6.441911617364557297e-04
-1.206629989144857463e-03
-1.042568677773994057e-03
-1.331514977992532449e-03
-3.728311648663247026e-03
-3.848451207512625268e-03
-4.925806328978721456e-03
-6.261890407279794950e-03
-6.260780000394943270e-03
-7.931961848754382274e-03
-8.031837118206387391e-03
-8.315129003948143124e-03
-8.798712099635635012e-03
-8.777325894520624991e-03
-8.962377226119129167e-03
-9.057782007899636140e-03
-9.071385821069548674e-03
-9.139541466747082982e-03
-9.155707152343232555e-03
-9.171038966590640273e-03
-9.190097278479207946e-03
-9.194301149285219812e-03
-9.201819574146659006e-03
-9.206486519921857140e-03
-9.208410577205826744e-03
-9.211134966652257533e-03
-9.212295480903062717e-03
-9.213241134387487735e-03
-9.214140943290921940e-03
-9.214395734566000265e-03
-9.215105862324494274e-03
-9.215281154663315655e-03
-9.215304221867708784e-03
-9.216810673558995665e-03
-9.215460625825205865e-03
-9.217194513105724310e-03
-9.220056832004107014e-03
-9.213741446289796036e-03
-9.226754644026162466e-03
-9.222922523604579551e-03
-9.212151281606507230e-03
-9.260622529309366774e-03
-9.212369140723675534e-03
-9.236569973789172591e-03
-9.309014249311990327e-03
-9.237128317299107827e-03
-9.182231276283555829e-03
-9.257571548928074032e-03
-9.276248042560277310e-03
