5.349796545874067281e-04
5.583708647694189241e-04
7.987347811406928736e-04
8.925537635660595872e-04
1.101584661572681690e-03
1.080441109356353527e-03
8.667710079481621066e-04
9.337151842861646711e-04
8.570355237537899276e-04
8.214122080953477996e-04
8.290959151077357528e-04
7.948921160470572228e-04
7.922000311695685110e-04
7.865668567806463661e-04
7.766860326994891230e-04
7.766899103328218229e-04
7.730680741754329590e-04
7.717489733116938803e-04
7.721332165988773312e-04
7.724842134262838471e-04
7.747032329405647991e-04
7.769195971888254561e-04
7.827843548542111384e-04
7.881217787461327088e-04
7.961146536717450973e-04
8.132533685065625054e-04
8.216502873108051880e-04
8.513266394560872708e-04
8.874505469726194553e-04
9.023249208884561237e-04
1.006946690116650557e-03
1.045763957723143530e-03
1.122697110134637929e-03
1.417978920656942686e-03
1.338412842459943798e-03
1.767005253068680472e-03
1.774678824612536477e-03
1.963759189150483288e-03
2.176856765521121770e-03
2.317409656556296185e-03
2.245874973495815777e-03
2.948860561157267985e-03
3.213763576544699692e-03
4.002829435247749583e-03
5.439076299262243612e-03
5.369085332437050981e-03
5.764885806077111284e-03
6.659452973904665847e-03
3.048659723621506903e-03
4.780978433280581516e-03
4.793557932822208739e-03
5.173038699588671310e-03
4.781398351372615971e-03
-7.311146965523682845e-03
-9.748726480589714818e-03
-1.905645429420949402e-02
-2.269472809526602158e-02
-2.851846480519326654e-02
-3.567046467053099773e-02
-3.425359742319778605e-02
-4.922550286348346266e-02
-4.759709203848533354e-02
-3.634275410634079523e-02
-3.005512820471764254e-02
-2.447328757248074318e-02
-2.066031833071146906e-02
-1.896518772726401778e-02
-1.539392293014530712e-02
-1.158483551713217902e-02
-9.194792944824791564e-03
-3.117138520545412964e-03
2.027538610488998066e-03
6.515229712975516285e-03
1.702679140039286762e-02
2.218571972377820709e-02
3.220550499741820644e-02
4.554620377205763349e-02
5.016878228895076119e-02
6.743468000581787081e-02
7.300799592956550010e-02
7.411133760174948293e-02
8.386629329967722202e-02
7.957228084961431858e-02
8.058322603179943200e-02
8.105165360903283933e-02
6.927900178709975321e-02
6.540291600151680595e-02
5.099315560125137342e-02
3.436915056293330523e-02
2.622895150880272253e-02
1.976232941651863764e-02
1.232689430629102002e-02
1.571374039588222318e-02
1.141828404608839255e-02
1.104317334850721775e-02
1.366504769214355042e-02
1.239400526454897608e-02
1.234787844147972220e-02
1.334346932473883147e-02
1.202714590231489765e-02
1.293295759545371078e-02
1.311500735729903035e-02
8.636869327614864200e-03
7.892065581024591478e-03
9.621381590518028604e-03
7.007604900357711740e-03
7.334406178766582178e-03
9.003917325208499189e-03
1.000131679925511143e-02
9.739304341817044131e-03
9.049775347033944470e-03
6.729175693644516391e-03
3.496458116640796445e-03
-1.878023187152997025e-03
-4.543902986689220616e-03
-7.141661096194261427e-03
-8.643679829434125148e-03
-1.690102389275539504e-03
-6.345647427179067560e-03
-5.756321230257337510e-03
-4.704414358357472681e-03
-1.186477951982110868e-02
-9.661944508237194085e-03
-6.303595024926189096e-03
-5.672634505699881459e-03
1.278550612260978938e-03
1.479881775912078243e-03
3.559076614344422549e-03
4.054016050816324802e-03
3.499781605595944471e-03
4.067215157324079004e-03
3.663650303179095610e-03
2.272070062449937748e-03
2.793409484904897221e-03
-3.939529840564598250e-06
-3.063355425654439024e-03
-5.539695771558588583e-03
-1.616932261581875696e-02
-1.578088752952076443e-02
-1.376863787958121019e-02
-1.585179549528880835e-02
-9.266333340051858061e-03
-7.462953872564304265e-03
-2.212270703698629871e-03
1.275797228247685898e-03
8.587379859155317222e-03
9.508782136018736550e-03
1.293411267131070255e-02
1.432605054314423781e-02
1.367857258980687170e-02
1.390183997458481133e-02
1.335171159331476586e-02
1.252220873026031571e-02
1.214533141145940180e-02
1.091705087409629293e-02
1.017461969888404545e-02
8.958720280181121237e-03
7.608396762349773496e-03
6.475728332053808968e-03
4.522014313995800262e-03
3.217349915450328814e-03
1.145149836933305465e-03
-1.012991977923173841e-03
-2.492607530851826889e-03
-5.353165935449744582e-03
-6.281814969483635012e-03
-1.195218497021237163e-02
-1.408966464856851661e-02
-1.731704896659051751e-02
-2.323559587458765702e-02
-2.411457493280893052e-02
-3.044105203020947698e-02
-3.476784787900343704e-02
-3.624067888999649850e-02
-4.623962963183637920e-02
-4.670728742069683859e-02
-4.890490625700302102e-02
-5.426339674053055201e-02
-4.898838358610035915e-02
-5.382219162210305496e-02
-5.165914012844612102e-02
-3.947464217584080448e-02
-4.070900280052136555e-02
-1.920692414090908670e-02
-1.558068056708101015e-02
-1.394102336459479043e-02
-4.658899553333417480e-03
-8.695669607888315694e-03
-7.448428922306855882e-03
-8.513187333401431647e-03
-1.246743212528422275e-02
-9.744082744750573108e-03
-1.382893317430335806e-02
-1.170645216654178471e-02
-7.491746667142838018e-03
-6.376835727741053152e-03
-2.108025357405438928e-03
2.817025762740985734e-03
6.871008740655459336e-03
1.130315152851771136e-02
2.028642988073829298e-02
2.539714514760362321e-02
2.411432217958252994e-02
2.637359402126962168e-02
3.501330544653061955e-02
3.426554525952022617e-02
3.517081451630028888e-02
3.730450285448347336e-02
3.488454634816670619e-02
3.307135740084781589e-02
3.321161964470667471e-02
2.654142400183182038e-02
2.724454279807380849e-02
2.674817558652626756e-02
2.513616781759978047e-02
2.587071236694999526e-02
2.501656896749574269e-02
2.599049561464105915e-02
2.556914248589741909e-02
2.636272827270012137e-02
2.887169475524599752e-02
2.622061076809923535e-02
3.280835092091456684e-02
3.253383118978206423e-02
2.189433248165511756e-02
1.512367715946306285e-02
1.588100658652533137e-02
-4.853614900657246718e-04
-6.765240818305656365e-03
-1.724826816462985898e-02
-4.529122110363392045e-02
-5.894516586937078445e-02
-1.108922881305526714e-01
-1.474771338570675938e-01
-1.696070755173034184e-01
-2.024697841762950756e-01
-2.091652268755410382e-01
-2.190364526554779145e-01
-2.285997133646709145e-01
-2.218393176388634147e-01
-2.202744196634937868e-01
-2.031593576900211640e-01
-1.788913672897905205e-01
-1.312258081740546034e-01
-1.103076260339505010e-01
-6.705752488881681905e-02
-5.090815202564608760e-02
-3.563953896235797641e-02
-1.914476164972227570e-02
-2.503340164780930646e-02
-9.757802107059680014e-03
-3.296106896813671538e-03
3.629349500770991110e-03
2.306155882941736054e-02
3.401310565350144921e-02
4.831503593387725948e-02
6.521211820736098896e-02
8.124919740101975429e-02
9.461456511940688485e-02
1.147353894155475201e-01
1.235245739446838853e-01
1.359489713304870007e-01
1.485562713263451906e-01
1.549464216733041910e-01
1.693820442215098199e-01
1.741663840860251944e-01
1.822160592136695123e-01
1.874643943625242670e-01
1.869639934598761322e-01
1.923450094531761467e-01
1.906451001060167350e-01
1.907108640200592120e-01
1.919817808471631360e-01
1.862779996910769453e-01
1.871101249956745038e-01
1.814119500156899101e-01
1.739858135843465603e-01
1.709494303695064665e-01
1.566699111251821375e-01
1.518591755429823387e-01
1.393105768803611366e-01
1.213329189347162745e-01
1.099949005833729121e-01
8.216408430843721855e-02
6.921551339951044490e-02
4.948251750597668086e-02
3.284476557774186622e-02
3.549671131467323215e-02
2.409569707312531062e-02
2.242087740752388147e-02
2.357315098178635118e-02
1.657698207380708597e-02
1.552438859011399941e-02
1.412109485113309353e-02
1.156378198372044405e-02
1.287791208895224318e-02
1.145595531468601713e-02
9.088334570969098386e-03
8.729376665500379259e-03
7.639916637510796825e-03
7.591070612579579185e-03
8.646732661174045056e-03
1.057554155351695876e-02
1.207482158541374646e-02
1.099064698448204425e-02
1.253794742566430830e-02
1.107470209674269075e-02
7.598518788825462701e-03
7.146465261701314547e-03
2.909569383117223580e-03
2.856571253078915920e-03
1.143674918770545661e-03
2.374759311016575065e-03
1.181244212402313663e-02
1.307344645180209472e-02
2.146005399428287455e-02
2.645379822332237507e-02
3.358109605116590957e-02
4.259099617318689440e-02
4.597413590321759724e-02
5.356269956338122890e-02
5.328426783489204760e-02
5.416385263640393494e-02
5.460951457411335891e-02
5.048151072037130455e-02
4.977780747923316040e-02
4.096455323241812024e-02
3.166794643824198674e-02
1.895219272317923837e-02
-6.244245863313745842e-03
-1.534421157041544227e-02
-4.311834380073987366e-02
-9.016984892050072808e-02
-1.054634548257378374e-01
-1.679526658661397720e-01
-1.845065327675729505e-01
-1.835702730220160062e-01
-2.079283165143235024e-01
-2.012560983651091040e-01
-2.052759126500562636e-01
-2.132243213096114698e-01
-1.958691924441942345e-01
-2.004700316494001655e-01
-1.843138053335151572e-01
-1.463885468657609989e-01
-1.347238116497460614e-01
-8.587214519001516722e-02
-6.502402580399460619e-02
-4.290055817926786974e-02
-3.131948692036241877e-02
-2.799978325822751260e-02
-1.905527371356648472e-02
-1.534997428371349774e-02
-2.057977821194222762e-02
-1.782219445616564993e-02
-2.047114388166872828e-02
-2.254819980995758852e-02
-2.377949710391179250e-02
-3.722931492652315627e-02
-4.428147496936494371e-02
-4.678594884401965359e-02
-4.726698927688954138e-02
-5.093282005258648049e-02
-5.148735784574286212e-02
-5.555467709353165140e-02
-5.773465998403488203e-02
-6.051376428416767317e-02
-6.354060758439401824e-02
-6.308701399875278615e-02
-6.502653737212313323e-02
-6.238969638416677621e-02
-6.227364117147169559e-02
-6.047752116073751294e-02
-5.263527904559127391e-02
-5.144492400283090516e-02
-4.320984374911397002e-02
-3.615725994034035828e-02
-3.414301720549111491e-02
-1.799692567021103640e-02
-1.569030291577793584e-02
-1.191071813467655532e-02
-7.096995703403406741e-03
-1.174888037858211158e-02
-8.209079513793375235e-03
-5.790326362189467807e-03
-6.805642209201523928e-03
-2.863345110694985943e-03
-2.593582015134768097e-03
-3.885145509785483797e-03
8.862959285835889794e-04
7.678310951691917153e-04
3.596308000118728695e-03
4.847139221181005243e-03
7.013899527348497857e-03
6.803107715095058766e-03
9.224233750533416751e-03
8.356034729907636099e-03
2.119534247219534515e-03
2.913778954450368681e-03
-4.366718132635290239e-03
-7.593267844730408785e-03
-5.009371854266430474e-03
-3.696104257429636171e-03
-4.855571620481095689e-03
-3.949447788303963799e-03
-8.444009757557971799e-03
-9.077490130607698826e-03
-3.813809760680231947e-03
-2.796927633846742287e-03
4.588037536265215932e-03
7.019064491357834834e-03
1.054799908137265402e-02
1.268356820346647207e-02
1.260003440512949546e-02
1.346150739355637602e-02
1.458113860422835008e-02
1.194950117129346158e-02
1.077507317608240520e-02
9.028790197057072128e-03
5.231562358963149501e-03
4.094196688518721670e-03
4.522672914952464637e-03
1.369071298022733578e-02
2.575287609618387430e-02
3.985233445980841671e-02
4.538738536549324909e-02
5.486636119699894731e-02
5.783347707874890442e-02
5.677053749957193529e-02
6.092255755748212515e-02
5.932444119583837189e-02
6.036778702326000418e-02
6.138593072753955465e-02
5.981354778325831401e-02
6.165411365539662930e-02
6.024494374955630810e-02
6.052577103498352901e-02
6.239753960641829245e-02
6.187676159821803301e-02
6.639531769512933834e-02
6.771986789760997549e-02
6.920937610101896009e-02
7.358241869862525153e-02
7.295235500129715334e-02
7.481546118010452828e-02
7.454202557449450539e-02
6.873019325109411271e-02
6.760648765852955711e-02
6.237528059706981542e-02
5.707554889923974195e-02
5.341740246673439690e-02
4.723061236309843841e-02
4.235885288239995411e-02
3.911908267981526605e-02
3.834627686472465158e-02
3.746571315242328004e-02
3.592221862890083300e-02
3.441384473279551770e-02
3.274989680282196919e-02
3.026663969588797021e-02
2.872269408642110292e-02
2.555260668513464548e-02
2.279061123172084272e-02
2.021523299628437409e-02
1.479085788611160003e-02
1.149830261712594427e-02
4.833155742368173448e-03
-4.697791406364866984e-04
-4.949273694634910917e-03
-1.110576498940891998e-02
-1.558965255707056574e-02
-1.974764390651203086e-02
-2.532608566498446845e-02
-2.863828136308928934e-02
-3.257285469940313094e-02
-3.795195855093563136e-02
-3.997494750442020378e-02
-4.238799610344339691e-02
-4.199126935611417061e-02
-3.520186207877892826e-02
-3.235299744647748832e-02
-2.072763025681356383e-02
-1.770719851372461184e-02
-3.432639462505485649e-03
-2.678104640316226852e-03
9.924110630678312402e-04
3.619319064983723879e-03
-4.640011739010496336e-03
-3.965057682725310444e-03
-5.529151696720008453e-03
-1.152320620427756299e-02
-6.863567890863283422e-03
-6.606884313381800045e-03
-4.222611195458690278e-03
1.781627252735412279e-03
1.805246093666146821e-03
1.202683946361739371e-02
1.279228649136780055e-02
1.268392228179604855e-02
1.627439387734140597e-02
1.403758678757371751e-02
1.540684116086026012e-02
1.367448983773068491e-02
1.142610074855189908e-02
1.171714529404201642e-02
3.994111870740882017e-03
3.749343978719865602e-03
2.703570880144248040e-03
4.585358122478737646e-04
6.485972560253639926e-04
-5.089906781798019930e-04
-5.236333167223563689e-04
-9.282288294273465922e-04
-1.295124087158136322e-03
2.669033895915485046e-04
2.468729312516890748e-04
6.270018962196138987e-04
1.021007910670259028e-03
8.966248333926924753e-04
1.129211583172114522e-03
9.610934164680679263e-04
7.435553212963517391e-04
8.466917493191689981e-04
-1.413176880107530945e-04
-9.961318582212241564e-05
-3.237543798629755921e-04
-5.762166593608446241e-04
-5.730375636893066940e-04
-7.065351224977522819e-04
-7.587953530186594860e-04
-7.818020524738456423e-04
-8.318789917754848507e-04
-8.444657170015911016e-04
-8.618064724726683112e-04
-8.771328867756509337e-04
-8.824338113275895972e-04
-8.904949861234358680e-04
-8.948796031747806388e-04
-8.974100798329465297e-04
-9.001226433943606284e-04
-9.011517297647461287e-04
-9.014956233672805248e-04
-9.016796699448267850e-04
-9.006971097476954144e-04
-8.986115588927824291e-04
-8.972235732597399691e-04
-8.921058800276491932e-04
-8.869841792033436286e-04
-8.825009281478197066e-04
-8.657090855189703655e-04
-8.594972783697288257e-04
-8.395231854083144664e-04
-7.973738448683951718e-04
-7.994751613692655098e-04
-7.074526638544847458e-04
-6.472706102721510930e-04
-6.474973111486401894e-04
-3.095463295797220280e-04
-3.625986643019034165e-04
