1.693858648263022737e-01
1.758429781756106480e-01
2.960530904610884639e-01
3.144460616243279216e-01
3.112390002018933788e-01
3.365249441153315146e-01
3.235198920602644357e-01
3.299251688343113886e-01
3.333286889526695940e-01
3.295951304232367929e-01
3.335931821404546360e-01
3.328247209028233899e-01
3.327613283646685960e-01
3.339619250845520249e-01
3.333905208892509187e-01
3.338235703422599010e-01
3.339904441436326588e-01
3.338727056458721254e-01
3.341028828252923799e-01
3.340895834385341212e-01
3.341289907920674263e-01
3.342177638667090389e-01
3.342423527896957736e-01
3.343074628314421370e-01
3.343956133286155041e-01
3.344907454195255592e-01
3.345909755770557492e-01
3.348207860660010748e-01
3.349925945140925232e-01
3.352836781094045704e-01
3.358514917532618993e-01
3.361159816025960367e-01
3.371425625401767157e-01
3.381565614878286330e-01
3.386426178088377537e-01
3.406599766590876488e-01
3.352148992782552073e-01
3.353941295431862035e-01
3.224696037429594098e-01
3.178257809697920266e-01
3.138918797311700537e-01
2.749446685973157556e-01
2.795242899820761240e-01
2.472655726532546061e-01
2.361223319618731276e-01
2.403038060977356893e-01
1.876830631181946318e-01
2.115852585938103880e-01
2.013912807969449603e-01
2.031031208071953920e-01
2.962413428694913864e-01
3.342283372299005850e-01
3.644538927239778237e-01
3.533124359654336022e-01
3.243127476347101856e-01
2.723455959696667317e-01
2.579928079808022079e-01
1.718499082764467778e-01
1.334048107491420387e-01
7.519111748836809772e-02
-1.244270072098158375e-01
-2.438034973507619829e-01
-3.961676388819458938e-01
-5.292460610022091672e-01
-5.227057699843311589e-01
-5.340909429060303193e-01
-5.202839034817176023e-01
-5.168659284121026598e-01
-5.131076475731487507e-01
-5.014094014890849715e-01
-4.985227908600581292e-01
-4.876728672252774732e-01
-4.814906191216770104e-01
-4.713019863274652832e-01
-4.615839432065005354e-01
-4.542293498843135713e-01
-4.372301848537953894e-01
-4.346877695538454156e-01
-4.201828441437850392e-01
-4.165680555516610983e-01
-4.211940949344768481e-01
-4.128991127365752023e-01
-4.240717124391365500e-01
-4.265077954922783521e-01
-4.305759465264787922e-01
-4.518736484934796072e-01
-4.582928116396937646e-01
-4.891432102062336362e-01
-5.147459810911206857e-01
-5.366578282939697964e-01
-5.665552824646472585e-01
-5.967312592351766698e-01
-5.431445364482851978e-01
-5.048543033791490497e-01
-4.714650014564768510e-01
-2.562946742836531566e-01
-1.613107375703552449e-01
-2.008743350486198453e-01
-5.961376606138132916e-02
-1.091565844915228928e-01
-2.364895060360378831e-01
-2.293955013617282601e-01
-3.134505940531510104e-01
-3.130022677992734259e-01
-2.443951238470300491e-01
-2.581987554382060290e-01
-2.193913553320212539e-01
-2.063215330302279327e-01
-2.317299912100281301e-01
-2.705783688690006072e-01
-3.613823333664920034e-01
-4.063458438409552897e-01
-4.723667156366490039e-01
-5.948091585121987324e-01
-6.451258337939711485e-01
-6.998770400232185995e-01
-7.194075546352090011e-01
-6.930176159105790878e-01
-7.173063390049719823e-01
-6.916721738091698990e-01
-6.757171135900038594e-01
-6.786325430447395224e-01
-6.203371783689951569e-01
-5.886574608257932884e-01
-4.762376697313995821e-01
-2.001644636503247809e-01
-1.465789493481455263e-01
1.717179121866694302e-01
2.323407563303984957e-01
2.408703545650239253e-01
3.530184432401066164e-01
2.929774163341842819e-01
3.356169862369550172e-01
3.064130727802779064e-01
1.704357594164062351e-01
7.889036323203682533e-02
4.504972261839292752e-02
3.752299998359675398e-02
6.374481769573733803e-02
1.088465387876313140e-01
1.240537304731992446e-01
2.080898198947823685e-01
2.278636167692117409e-01
2.283265286335754152e-01
2.593897492613433942e-01
2.688702350052876167e-01
2.772184241547728800e-01
3.079784199783742182e-01
3.101358593818988596e-01
3.194922996205150634e-01
3.218728092697286658e-01
3.245114061484076773e-01
3.300970656912085022e-01
3.303122248247408743e-01
3.345271371907938551e-01
3.368294908186488801e-01
3.377588900058026145e-01
3.418943859635907301e-01
3.419408740239887057e-01
3.446630040856402677e-01
3.471339315699022432e-01
3.464487761879319616e-01
3.508726282791766460e-01
3.495986288821369969e-01
3.494895543272470428e-01
3.502948673829032744e-01
3.415109056389696307e-01
3.443948725298058289e-01
3.377509346037553262e-01
3.341695032480511141e-01
3.371423619033006580e-01
3.254030584267669779e-01
3.307591632213237043e-01
3.242477862689495671e-01
3.125476075733811254e-01
3.179925577126483383e-01
2.847641489436096851e-01
2.776327388091273662e-01
2.610637398245165830e-01
2.059736762567140889e-01
2.011862690333442727e-01
1.465849369134349656e-01
1.173546525355381870e-01
2.407337267636768530e-01
2.228441362197978171e-01
1.769471027270775876e-01
1.846775569926446536e-01
7.533571288377546860e-02
2.137168397516787249e-02
-6.199585664075115549e-02
-6.942392348932439894e-02
-6.144662897001282320e-02
-8.849095506752475970e-02
-9.403775662185023809e-02
-9.577242954434864175e-02
-1.079778006785934996e-01
-1.084425354894750504e-01
-1.021629412790827085e-01
-1.100540223901849413e-01
-9.731834854891761866e-02
-7.465017646956866038e-02
-5.974104265718305218e-02
-2.007276344431636536e-02
-3.934036243566177773e-03
2.767314507773200455e-02
4.789445405760461849e-02
6.541351797317675187e-02
8.631471154562743442e-02
1.073322384994737366e-01
1.317372212643774243e-01
1.460025044093755109e-01
1.843825533866877142e-01
1.903253215308538804e-01
1.946350783107207438e-01
1.977499163869405607e-01
1.933098442995166977e-01
1.871626722993886272e-01
1.643684880791118907e-01
1.634135556584415949e-01
1.191257277509534945e-01
9.248578220570373432e-02
7.608528832008605580e-02
-3.328540977058971201e-02
-3.891220016054025566e-02
-6.994266449223761339e-02
-9.845215913064767066e-02
-8.516975258799308612e-02
-1.163846418362840807e-01
-1.360597791473713569e-01
-1.433533957603093378e-01
-1.964647853302173841e-01
-2.162350742801309178e-01
-2.899697076056436673e-01
-3.835875140939719041e-01
-3.942864143156545875e-01
-4.345454523198898356e-01
-4.432709859093098004e-01
-4.412731284669466070e-01
-4.583257526080501409e-01
-4.434935352912777184e-01
-4.369598936001438672e-01
-4.009345936527612397e-01
-3.534061794089389252e-01
-2.307224640126001591e-01
-1.475549881122578399e-01
-3.986557129909100439e-02
6.228888954064332011e-03
-1.919010220951385820e-02
-5.272268250513751503e-02
-1.571169103625902896e-01
-1.746648828459406722e-01
-2.938050032685040058e-01
-3.034811412344547987e-01
-2.794062541970816493e-01
-2.687757769163223176e-01
-2.385434794987291995e-01
-2.006028709485107309e-01
-1.696439584027742142e-01
-1.305470855646398698e-01
-8.271381235774498408e-02
-5.682849621998734696e-02
-1.954530653882709593e-02
1.214011343415336008e-02
3.322943244931722551e-02
7.183592617734271824e-02
8.488975184773067673e-02
1.064362942463287776e-01
1.184014885627386882e-01
1.270431161354380889e-01
1.420876230226985615e-01
1.468489973787947267e-01
1.589259901616976445e-01
1.675754166569655979e-01
1.738597850593394112e-01
1.873112890507224737e-01
1.915992288672558330e-01
2.042146152281124061e-01
2.143996334053750175e-01
2.060139931982067352e-01
2.158618532526477285e-01
2.034409327074093443e-01
1.889283209791944584e-01
1.785646388240827720e-01
1.354570671924115732e-01
1.191464783280968415e-01
7.996203162907032647e-02
4.393718180180587046e-02
7.006765504359192820e-02
6.983657236840880300e-02
1.094287930659518515e-01
1.813373564499539126e-01
2.314765175345680492e-01
2.372163630907154763e-01
2.810431193875950751e-01
2.346778588762726270e-01
1.250329877709984994e-01
1.328267690052447880e-01
1.417540549764222946e-01
1.558914885485516155e-01
2.590289490723320931e-01
2.673115529389023526e-01
3.041366832524562969e-01
3.027643032805199530e-01
3.016638668009529178e-01
2.141427604325000511e-01
4.012265604809462510e-02
-4.721476890923788361e-02
-1.749712158980481214e-01
-2.053548772071822626e-01
-2.358155432082606751e-01
-2.531432364194093343e-01
-2.100196129459159233e-01
-1.812512969251393047e-01
-1.623142566004580067e-01
-1.319952954036324733e-01
-8.654470048079034028e-02
-7.353695334924510718e-02
-4.378594093798989645e-02
-2.952822515303466303e-02
1.863797800419754111e-02
7.016364395139827737e-02
1.114515901362412437e-01
1.414130405821392988e-01
1.746202972297464240e-01
1.979331264796670709e-01
2.135132814853978600e-01
2.242697769209869296e-01
2.187092818742960854e-01
1.991134283747136857e-01
1.722423757967778968e-01
1.341661983738731134e-01
9.345075833955295008e-02
3.712806036302780666e-02
1.146049405133543926e-02
-2.186722571914631250e-02
-4.249465987997599892e-02
-4.681484629017985954e-02
-7.473006116284011680e-02
-7.909089249873556271e-02
-9.143142412734375779e-02
-1.182578360729827499e-01
-1.078737908414234975e-01
-1.376927040432873173e-01
-1.378584991042976771e-01
-7.099390467942030825e-02
-9.209863311044755307e-02
4.131233710829620639e-03
4.820993217984871626e-02
1.391427351107668228e-02
2.765762269083680419e-02
7.704825093055660268e-02
9.158169225632095678e-02
9.848821238512671383e-02
1.354245370831924089e-01
1.360277569592167335e-01
1.654117784853565420e-01
1.950322713174944822e-01
2.011307800009299318e-01
2.406146617846053326e-01
2.506185037673836491e-01
2.782113336094093614e-01
3.156418674706522043e-01
3.119762478328950150e-01
3.452012709175083516e-01
3.551195278616097184e-01
3.564354391723061344e-01
3.745381853359742164e-01
3.626355169108221865e-01
3.481732015489074628e-01
3.416593841026449585e-01
3.285317082354620721e-01
3.101737712271149805e-01
3.093881501277316870e-01
3.179482453987481638e-01
3.176458084998393661e-01
3.228802441315963834e-01
3.203053824116673942e-01
3.273894199798511595e-01
3.303979755968467491e-01
3.363356252023912418e-01
4.383653202933637805e-01
4.458716890287190426e-01
4.210124170291174583e-01
4.414774239836815051e-01
3.820676635883523131e-01
3.519748801085303413e-01
2.890179728551552363e-01
1.738957445828057113e-01
1.786573254779187381e-01
9.481458015563985764e-02
7.125606592150193763e-02
6.075560610069807854e-02
-1.401949798707662065e-02
-2.174917843168717307e-02
-7.256986857487049414e-02
-2.050432587204063795e-01
-2.645578721466446681e-01
-3.811762925021554005e-01
-4.580298191184467571e-01
-5.904731822827568033e-01
-6.638725061434483932e-01
-6.551314067178994893e-01
-6.954719588200507507e-01
-6.756011452315244803e-01
-6.794164168205913956e-01
-6.934463971665982829e-01
-6.536995855102145647e-01
-6.574448504303224139e-01
-5.884187303853591899e-01
-4.759709287046394177e-01
-4.022068409786963006e-01
-1.748072262559418888e-01
-3.678189296340930031e-02
-9.328503915146196812e-02
-1.379137930445933080e-01
-2.944358086988643208e-01
-3.222805649678982531e-01
-3.859884427724075140e-01
-3.982944444297535358e-01
-4.373261379439148389e-01
-4.899336694055196340e-01
-5.251749378396882717e-01
-4.978145741068016883e-01
-4.504791251806419261e-01
-3.928228896261702352e-01
-3.325587717796790743e-01
-2.439981698042909541e-01
-1.759045462240688695e-01
-1.272800813294968358e-01
-6.558428583718772797e-02
-2.322253662488931933e-02
6.177515346544282596e-03
4.813102638615085471e-02
6.854069541955741529e-02
7.740023758759427552e-02
1.076804179120423310e-01
8.950213827486849794e-02
8.308656720160513542e-02
7.262304045406814401e-02
4.371378447353728436e-02
4.390658776605932401e-02
1.702214207579368782e-02
4.299143613041045940e-03
4.021585732878749271e-03
-2.626894475852097760e-02
-1.365533226728814567e-02
-1.234893967933761889e-02
-1.508486834479960681e-02
2.839275526873204919e-02
2.291697653309828983e-02
7.226283843248046401e-02
1.167397650319600966e-01
1.348562229016635472e-01
2.418262749134995615e-01
2.875296940189266404e-01
3.182024530532756579e-01
3.396287202857604659e-01
3.579348647654418403e-01
3.724500343671587888e-01
3.854157925080693992e-01
3.964717333247671505e-01
4.077770036904043160e-01
4.170206163080896755e-01
4.265495643663910763e-01
4.378383607987710868e-01
4.458276318178087672e-01
4.526894821124453627e-01
4.585099142055558685e-01
4.624369575787338205e-01
4.654312498263994957e-01
4.663016072252747501e-01
4.673598773508823023e-01
4.647743093306513362e-01
4.622576727126109231e-01
4.579243896342014564e-01
4.478660950746189418e-01
4.393131824013045139e-01
4.238377357967091918e-01
4.092613053846398397e-01
3.715227166513250245e-01
3.546734408190247989e-01
3.497358278235476181e-01
3.199327111415788405e-01
3.284920005638359286e-01
2.971580110177207135e-01
1.589933717522078183e-01
1.166842941537821893e-01
-8.028451890798760093e-03
-8.233109805508274925e-02
-5.473610740993605644e-02
-9.468234183831376882e-02
-6.575167197354762905e-02
-7.169273024560642027e-02
-7.748430552574175900e-02
-5.913711722152777822e-02
-6.770872071729402975e-02
-5.997524359134819710e-02
-5.581871795637702305e-02
-5.183887000228382114e-02
-4.376310370587354476e-02
-3.534362990909876295e-02
-3.327693897293559216e-02
-1.541706939718831895e-02
-7.776478741623751856e-03
-5.936305172889012687e-05
4.385435268506595458e-02
5.317819714824954802e-02
7.567539282959039049e-02
9.467073481091906051e-02
1.082095123034708117e-01
1.231988203928763292e-01
1.400895944782725167e-01
1.595974255621038507e-01
1.689587707453737153e-01
2.051159493032782555e-01
2.134241148446517633e-01
2.293542884659267589e-01
2.449729580324987166e-01
2.542696992862637506e-01
2.667949165354588370e-01
2.773276728083711729e-01
2.927228185296445462e-01
2.985490312340627339e-01
3.171193033495500191e-01
3.191559510428575441e-01
3.205186402151095071e-01
3.260802071288565473e-01
3.256027813831986473e-01
3.275500493392419776e-01
3.288187138142036336e-01
3.288376519624797711e-01
3.298057084097923974e-01
3.299982571059170700e-01
3.301956086281329639e-01
3.305212051053422195e-01
3.305428304903268444e-01
3.306774484327125174e-01
3.307557891681175977e-01
3.307338153599231334e-01
3.308092894264766937e-01
3.307647451033954300e-01
3.306947572799664448e-01
3.307767494218284976e-01
3.304792498109603294e-01
3.304940571184006859e-01
3.304583474185711078e-01
3.295902164667705581e-01
3.302315774318941299e-01
3.289998419203766233e-01
3.277930678211283255e-01
3.297070728249765770e-01
3.237235937183224888e-01
3.260002956380930184e-01
3.256541968147882438e-01
3.097071483218681309e-01
3.280319756474807114e-01
3.007250137009435664e-01
2.814967209543974835e-01
3.001104743642669659e-01
