5.809309857019804429e-03
7.664492276803303548e-03
3.739594404822538243e-02
3.590118867280406301e-02
4.487063740280369806e-02
4.987947691103241515e-02
4.481219974957795227e-02
4.842723361336424143e-02
4.752984807460262917e-02
4.686039048306007981e-02
4.774676011641323242e-02
4.715814921194212000e-02
4.724510733118263833e-02
4.732066333060509777e-02
4.711210373369979776e-02
4.710621206516165532e-02
4.704364089082809647e-02
4.678389684264613879e-02
4.666199954239153014e-02
4.650172912475765419e-02
4.581686640695961654e-02
4.608194769097361670e-02
4.639388026813422161e-02
4.663552338056372454e-02
4.757012864987539280e-02
4.689541912435502002e-02
4.971002421354803885e-02
4.973226382268432222e-02
4.901555556468211589e-02
5.864731433894548179e-02
5.171599514785085033e-02
5.354281015576185798e-02
8.365190682293602298e-02
8.856903404014956904e-02
9.920074747458358655e-02
1.020425197401931966e-01
1.002936394984368235e-01
9.717330121170128510e-02
9.000798244071418763e-02
8.842345501500314953e-02
6.541465118856244765e-02
6.410351077101678063e-02
6.026430667746097286e-02
5.295400464293969350e-02
5.094179165414509242e-02
4.466800132545808988e-02
4.375154730984536638e-02
3.431195606513979396e-02
3.998338780651621016e-02
3.844865451243294902e-02
4.232904348668682648e-02
5.891393959563904353e-02
5.929778992196883813e-02
9.016411891969221271e-02
8.736418517991004218e-02
8.454685891773529305e-02
9.889725436732850483e-02
6.816845768267885963e-02
6.684009905374568850e-02
6.352708493732935058e-02
1.185673235624963746e-02
1.750992169732691617e-02
2.653051199658406495e-02
2.596092368733478317e-02
3.150439710990013409e-02
1.815472448405058793e-03
-1.396674111758592317e-02
-1.029081970407561136e-01
-1.851536567282518475e-01
-2.749497599513571755e-01
-2.508799229565957245e-01
-2.235815496304807692e-01
-2.024304429489673374e-01
-1.658078998142291094e-01
-1.554952719942743200e-01
-1.385190623792327824e-01
-1.274978053549717660e-01
-1.273490599444130622e-01
-1.118437585903405834e-01
-1.196651461510700593e-01
-1.178805492934318078e-01
-1.206369092771557294e-01
-1.301426845127552911e-01
-1.183494918586867478e-01
-1.166846926250117433e-01
-8.826176959351075824e-02
-4.499796519690920510e-02
-1.420208566774445146e-02
1.038136852039509353e-02
6.563431582757867089e-02
7.519261459201535824e-02
7.671599259793564218e-02
7.773460917722242736e-02
5.970850594185166116e-02
5.462547048311595932e-02
5.641633997123556010e-02
2.775930818847528736e-02
3.328550989013182027e-02
4.073988709827048443e-02
3.902679476448088491e-02
8.010242585859939091e-02
8.056915392981116308e-02
8.503425694866700857e-02
9.831849407954347531e-02
4.881219578150777783e-02
5.741602094157864655e-02
3.493762056082981571e-02
-3.171786695143567064e-02
-3.251717565144706529e-02
-4.837518323096835077e-02
-5.711705937372058700e-02
-3.917309540830207770e-02
-3.472568206443858024e-02
-3.656535937545885712e-02
-3.610152554741402620e-02
-3.609842960075289320e-02
-4.864320665335584992e-02
-4.293854908724706321e-02
-5.702846173601454349e-02
-6.145348906783400234e-02
-5.138021816153442306e-02
-6.144882350994253228e-02
-4.870389152599312321e-02
-4.626570302590302802e-02
-5.056165758932478632e-02
-2.320397881206848201e-02
-1.188994209392745492e-02
9.770398146613028592e-03
3.234929937445552017e-02
6.470705040122830265e-02
8.920061216471125709e-02
1.158021749870273565e-01
8.795954743780645679e-02
7.999970912600359862e-02
6.767571647041054073e-02
6.668210108195367358e-02
6.099983103395217182e-02
5.735650960091232681e-02
5.437833102642105482e-02
5.129447018544931736e-02
4.715422243512597256e-02
4.163291031118155489e-02
4.081795782798863792e-02
2.958920433576103098e-02
3.752701072080204259e-02
3.083376023337524446e-02
3.324203772603330498e-02
4.386144247220575415e-02
8.969320748887244996e-03
1.147223040010966495e-03
-4.122163043340083821e-02
-1.359422472725832221e-01
-1.456417736611384239e-01
-1.920994104487936394e-01
-2.297052671951398117e-01
-1.989829932930674006e-01
-2.217558514242986833e-01
-2.181320473656754022e-01
-1.811909549316175205e-01
-1.957129707218850934e-01
-1.514476934653712359e-01
-1.343548555751902518e-01
-1.403143890796833548e-01
-1.169597383059006179e-01
-1.558283754340495653e-01
-1.779028310188043860e-01
-1.921616532422145696e-01
-2.136237869109396947e-01
-2.113157305818321730e-01
-2.104008073306550264e-01
-1.986996870692575301e-01
-1.542069789143172553e-01
-1.242451109976796253e-01
-7.143189998709974231e-02
-5.072713249371146871e-02
2.882296929312729537e-03
4.994249717753190820e-02
7.618549310339435554e-02
1.182791230225894441e-01
9.094968279883210160e-02
9.759085600658548576e-02
7.691523334433297832e-02
6.877144327258967460e-02
7.044516177525958489e-02
4.613384058922895964e-02
5.182402989890586703e-02
4.488081114254453829e-02
2.625041452070476719e-02
4.042822346176878218e-02
1.794593840366747600e-02
-5.817094525175285635e-02
-6.561758523084373906e-02
-1.033547085591047382e-01
-1.303594186105213326e-01
-1.231542760222553018e-01
-1.286311492890913899e-01
-1.385872201468002218e-01
-1.305523982380787651e-01
-1.349145248800968366e-01
-1.529212913342755664e-01
-1.769087912114341854e-01
-2.528163718479779498e-01
-2.654138068952316964e-01
-3.063175196812498169e-01
-3.035649152108479965e-01
-2.967332527581972856e-01
-3.040058868770084688e-01
-2.634143018510656797e-01
-2.475864163284677011e-01
-1.798818362950103666e-01
-1.196657758685253925e-01
-2.941572637901688353e-02
-1.377444384185675177e-02
-1.948155784408965585e-02
-1.516522822083070897e-02
-5.693848496452876690e-02
-7.110679536567829362e-02
-6.435353350471087475e-02
-9.425750620437585436e-02
-7.830882342072369162e-02
-7.623189469532866414e-02
-1.374778199391798184e-01
-1.342897542898063012e-01
-1.240735247149124532e-01
-1.433777946417973403e-01
-1.172030006467360275e-01
-8.186599059972021752e-02
-6.847849424815227737e-02
-3.950979933327587040e-02
-2.863756596185265679e-02
-6.314452777858850160e-03
-2.918491548711378038e-03
2.390373362235232151e-03
4.540199263977270569e-03
-1.891767651300913303e-02
-1.780489598068774049e-02
-4.721095642408495996e-02
-5.743314297653369371e-02
-4.533510192020007157e-02
-7.118962977459732111e-02
-4.365476803159335645e-02
-5.058092672399998324e-02
-4.751446613238557992e-02
-3.257378543588752839e-02
-5.314860340033873698e-02
-4.732698128546518335e-02
-5.113193099616610698e-02
-7.140564593858332587e-02
-6.876670959548053519e-02
-8.293522997423292964e-02
-1.046260732361989215e-01
-1.037997833388925456e-01
-1.079793858853650701e-01
-1.114610468517829300e-01
-5.193220157074446980e-02
-4.005693628443941778e-02
-1.538636676843734008e-02
2.375426560988044486e-02
3.035899190789534755e-02
2.787219837200340458e-02
2.826107175093691901e-02
1.727966073561093552e-02
1.294868546645356645e-02
9.006273148700090839e-03
4.438421409458069566e-03
-1.058165033204583674e-02
-1.568551010245851363e-02
-1.735312247391834414e-02
-2.278695886862829728e-02
-2.504968692213973419e-02
-1.989018968935435741e-02
-2.627207793588378498e-02
-2.061920214770031345e-02
-4.199462979043055988e-03
-7.096741433947433703e-03
2.019695301495764289e-02
1.589714935764792100e-02
1.788615137794381110e-02
2.762674653887369630e-02
2.875714312247471503e-03
5.256037738665010964e-03
1.506611358461312322e-04
-1.730924687629760428e-02
-5.178182123111942439e-03
-3.545047402904049488e-02
-6.871893546318341706e-02
-1.285220886623099912e-01
-1.543432830823907309e-01
-1.672782176198723547e-01
-1.428508022221657570e-01
-1.175616981026307017e-01
-9.113049796955857706e-02
-2.799888599460663083e-02
2.056488363216120788e-02
6.608120963493473166e-02
7.590933104061634018e-02
5.517050753898710552e-02
5.268410353451064010e-02
3.702748289429576983e-02
6.331485057312251710e-03
-3.443003472787106809e-03
6.864562538765001630e-03
-7.951830931661718269e-03
-8.051674141181887345e-03
3.393405896874512884e-02
2.599678343063228231e-02
1.381446971170937872e-03
1.030359845674361273e-03
-4.098183752199568985e-02
-4.652117515531382225e-02
-6.227830361491915739e-02
-7.015919619296309695e-02
-5.809838044779485483e-02
-6.460775334885208998e-02
-5.325522355508603700e-02
-4.848113338360571234e-02
-4.529749144293723079e-02
-3.624010830061807908e-02
-3.444393454431426277e-02
-2.520491629317719862e-02
-2.529681163500193536e-02
-1.858477665073961574e-02
-1.891435179226780283e-02
-2.904951158221447116e-02
-3.135324566861460993e-02
-6.621238234040965898e-02
-8.256692659216280372e-02
-1.039783432716916423e-01
-1.492438117834254119e-01
-1.603789451063362681e-01
-1.909344377855229646e-01
-2.140029384693271086e-01
-1.871381198255510081e-01
-1.972372541279877600e-01
-1.649059569981708995e-01
-1.139831497125795706e-01
-9.930263725681806597e-02
-6.535848171656398475e-02
-4.084836133056389540e-02
-3.074415806925210812e-02
-8.748575634822288241e-03
8.676549451077521236e-03
1.923365544004499578e-02
2.706890692172435331e-02
3.355297303123484093e-02
3.258559447854363078e-02
2.714046441159940690e-02
3.097071164855871861e-02
1.791869808387099028e-02
2.905440334867473440e-02
2.443840256451920018e-02
2.527619022088646930e-02
3.850246193113259635e-02
3.573399429520970894e-02
4.968477387777849724e-02
8.992142180519961669e-02
9.381659933118159655e-02
1.456918127851289657e-01
1.526469863407119432e-01
1.355258132330207921e-01
1.466244399431137213e-01
1.226599965988726254e-01
1.124329697548244883e-01
7.486004219992956066e-02
2.584620195277216939e-02
7.600628451007247072e-03
-5.125249284056598159e-02
-6.672440361506289108e-02
-7.039678307059948903e-02
-9.462271003703914829e-02
-8.592321832576990670e-02
-9.283464980325976945e-02
-1.060630040257057594e-01
-1.007722714849041967e-01
-1.123108924977393452e-01
-1.155639425285089061e-01
-1.146065110354811123e-01
-1.197795611443267932e-01
-1.169421549807552474e-01
-1.149613689928004889e-01
-1.153941460034509509e-01
-1.106092833806314041e-01
-1.101153676749222210e-01
-1.078884630610195128e-01
-1.049319929364185833e-01
-1.048922926859687937e-01
-1.017625787286159517e-01
-1.014341396130247208e-01
-1.000791758089920325e-01
-9.807564960128915821e-02
-9.884342258993106256e-02
-9.582220099094650168e-02
-9.653999194285806107e-02
-9.587055870967287063e-02
-9.335701077617804267e-02
-9.676378707596262896e-02
-9.347290568551264167e-02
-9.586258731504924968e-02
-1.000055331194163871e-01
-9.774298605590329980e-02
-1.126896122974700848e-01
-1.070424882003212369e-01
-1.101670428907694649e-01
-1.150590638924592624e-01
-9.411060818851324505e-02
-9.406735584078743106e-02
-3.835732621598758607e-02
-3.039911894174924731e-02
-6.935264813957223683e-03
6.402473189851526532e-03
2.638460828532451438e-02
3.587175447958074193e-02
2.652535289927881665e-02
2.744440136104239064e-02
1.925957404634032893e-02
1.695597191611140572e-02
1.510819836551321148e-02
1.211939598591124830e-02
1.181124641457533334e-02
1.004362991335411640e-02
9.684923915148614670e-03
8.670852127785642904e-03
6.854905115051443745e-03
7.899451645668711247e-03
2.879268695834201388e-03
2.169188815382630184e-03
1.144346749351524703e-03
-1.534133414428994792e-02
-1.697087710910070643e-02
-1.956460375646115746e-02
-2.460998130168993298e-02
-2.332326956599583764e-02
-2.445416242424403377e-02
-2.381840963572532874e-02
-2.049849092044858309e-02
-1.908648706567001724e-02
-1.172918846553400174e-02
-3.187069655720199332e-03
7.013615220412315089e-03
4.987692720983396416e-02
5.604445247821977089e-02
8.310619137127077394e-02
9.764432006002296549e-02
1.059928477804357588e-01
1.203147103081319003e-01
1.261638694877063038e-01
1.353544548556271654e-01
1.443665205665591866e-01
1.500157175030263634e-01
1.648904713794751287e-01
1.723865855823141502e-01
1.868795266964233814e-01
2.148694867316141288e-01
2.171174334336156975e-01
2.587802177578134577e-01
2.590100536935198150e-01
2.554036421989274164e-01
2.636052866649510329e-01
2.619553391168110146e-01
2.520642098311769441e-01
2.480450522377479483e-01
2.488176889764081579e-01
2.014412500872742318e-01
2.017988848926211276e-01
1.807289461509206940e-01
1.684222867332069995e-01
1.637460629468598106e-01
1.532180955140666490e-01
1.486136938606608671e-01
1.390533716008945653e-01
1.336343714269705163e-01
1.219574827886236723e-01
1.034776917666658524e-01
1.003351413269451126e-01
5.988689062377954009e-02
5.605593263055156511e-02
5.707295421463010054e-02
4.452394335796685393e-02
4.818369026242547148e-02
4.583616127125408196e-02
4.387590733586367586e-02
4.479741824185540927e-02
4.357136815792218149e-02
4.347613003327174819e-02
4.347535987029588905e-02
4.312131342955268648e-02
4.316106658059293277e-02
4.307555433195219691e-02
4.300243325491766300e-02
4.300738810358766678e-02
4.296720779451724398e-02
4.294900524137004738e-02
4.294808293013226141e-02
4.292630771127367573e-02
4.290750201054321922e-02
4.292724276702209601e-02
4.285812521478433307e-02
4.286465959679217064e-02
4.289833454580759681e-02
4.263027491728941382e-02
4.290051458127051853e-02
4.262578798637692290e-02
4.204639405246372863e-02
4.341017211928294844e-02
4.079791678886052209e-02
4.161280740917086551e-02
4.338191817461804767e-02
