-5.112388187375703757e-04
-3.989142704761590441e-04
4.297219870888932492e-04
3.984100977135000268e-04
2.574725281926184043e-04
6.756067104624548540e-04
1.108574250005530534e-06
4.990173374099708768e-04
4.382174108358901786e-04
3.534500186004637789e-04
5.481805365953822768e-04
4.635368534028453682e-04
4.970445969775301063e-04
5.286766266166373265e-04
5.040993887727524209e-04
5.248157972480518461e-04
5.239376411691674907e-04
5.218404762429111870e-04
5.274577335530766277e-04
5.250628184765084331e-04
5.269734442861030493e-04
5.256369129809688274e-04
5.254320443464250171e-04
5.274897573140667267e-04
5.178810840053265502e-04
5.273511796595816044e-04
5.187746710727616541e-04
4.976115178622038740e-04
5.401977265789095241e-04
4.646241884641437209e-04
4.832364614367922113e-04
5.523641752773816513e-04
3.102526963763702615e-04
6.470051204473505286e-04
4.536364415777367157e-04
4.300319275912020808e-04
9.855381460164088121e-04
5.729846772217980777e-04
2.030018720670142239e-03
2.480734304689896641e-03
2.399548822049254668e-03
7.259103142672126974e-03
7.343567413009123926e-03
9.714326561021341053e-03
1.175421543694838040e-02
1.074326613326481890e-02
1.239982496041054996e-02
9.754272088146788075e-03
7.377066131575879364e-03
7.384234232313780996e-03
-1.643433138397200300e-03
-3.169119339995922664e-03
-6.021312767936009940e-03
-1.385341091093235735e-02
-1.380370852352974520e-02
-1.707236921090202197e-02
-1.808542340567357784e-02
-1.813467413697225292e-02
-2.029637669068912534e-02
-1.584528896293697572e-02
-1.764978707587986848e-02
-1.100925803313035703e-02
-9.244044433203067149e-05
1.019504511093565456e-02
1.095743164257645223e-02
1.017209689361726205e-02
7.183807361551372561e-03
6.495335229713738133e-03
3.163923724883564541e-03
9.440972484630684490e-04
-7.125930560662765935e-04
-3.874699964261433833e-03
-4.759203714591761676e-03
-6.751447021814882196e-03
-8.339384352695961011e-03
-8.451157958771961937e-03
-1.019440015506068581e-02
-9.979760630172113123e-03
-1.003681502132171624e-02
-1.058962734590196929e-02
-1.018488307629940477e-02
-1.101884360772152974e-02
-1.091542357618292304e-02
-1.090095980962202567e-02
-1.218387027640744670e-02
-1.141820800619534546e-02
-1.345194346562570385e-02
-1.254017604735674710e-02
-1.293384684433575814e-02
-1.199584325308369719e-02
-1.252039094423049691e-02
-1.299576979724249154e-02
-9.106963709784112598e-03
-7.513311389995848931e-03
-6.227481765304184597e-03
3.334133751790890800e-03
4.983577043965670833e-03
2.286058929822728028e-03
6.138322547344273947e-03
4.179090455992558704e-03
-3.516959991646508021e-03
-3.270009411243869624e-03
-1.053769395693184181e-02
-1.231995306672501074e-02
-1.017686956878962636e-02
-1.337836305538062098e-02
-1.228163930037600923e-02
-1.523803758998455715e-02
-1.824754817115431527e-02
-1.773928658447241832e-02
-2.224595188752053268e-02
-1.890792281937722988e-02
-1.678642831086638032e-02
-1.374310460197805846e-02
-1.618764180208530010e-02
-2.235438103422801928e-02
-2.252371116773472723e-02
-3.108000386658207187e-02
-3.099806388831376908e-02
-2.923224953387536587e-02
-3.318300726417255236e-02
-2.360328085911068269e-02
-2.405642840497849988e-02
-2.331503989956694445e-02
-1.450616823742810479e-02
-1.305635057006172134e-02
-1.034344906545027476e-02
4.438688723015077591e-04
4.564754460534450984e-05
-2.565163663444050969e-04
3.235207573121104321e-03
-1.361080265245699509e-03
-1.567949690030489467e-03
-2.732917879449122539e-03
-1.588327745140309319e-02
-2.180148202918745157e-02
-2.268160588178826098e-02
-3.358151705236128021e-02
-2.490502729806079105e-02
-1.994521658941768305e-02
-1.645708609507062423e-02
1.400114624643913550e-02
2.703493602386399658e-02
5.672151882230659636e-02
7.883931725281838332e-02
1.019736572098310368e-01
1.107813269212946095e-01
1.304436467125089649e-01
1.348675138642060622e-01
1.387736494303114798e-01
1.401589339235929654e-01
1.396023382586608907e-01
1.406554912793179235e-01
1.395717191844882410e-01
1.391653875023992348e-01
1.388565377347851792e-01
1.372881508672180451e-01
1.372575196462133829e-01
1.358012014750349938e-01
1.347781191819352742e-01
1.346345428369299380e-01
1.321463813998401682e-01
1.323907719286151752e-01
1.304542556674537779e-01
1.273373668826130733e-01
1.263646824938310376e-01
1.174794234172146512e-01
1.132138771095757002e-01
1.078263128722598274e-01
9.471510757212853182e-02
9.095108398780479830e-02
7.729602569076153562e-02
6.270943521896728268e-02
5.755979311973073026e-02
3.410119493311102729e-02
2.744276740893299149e-02
1.855286950249619010e-02
2.538619411005959073e-03
4.223031154978060253e-03
-5.837644296111395292e-03
-8.578135069556968445e-03
-3.517002814842109994e-03
-1.154762779912675563e-02
-1.347362824329684705e-04
-2.027453205043378351e-03
-9.227065329309204478e-03
-9.696495409714130098e-03
-1.162706018372015523e-02
-1.484193477570940056e-02
-9.445925245483885804e-03
3.326694712391981609e-03
5.096413174542557215e-04
2.230767516434993894e-02
2.121577781527598378e-02
2.096456576363629407e-02
2.986056827394513100e-02
2.706814672121074863e-02
2.357215599604479267e-02
3.105882489573036712e-02
2.055882959543728350e-02
1.245686113272439534e-02
1.545236251546116060e-02
-1.018009605163505173e-02
-1.206860976669046209e-02
4.547054881981125313e-03
-3.282127932241512853e-03
-6.456632753400942725e-05
5.349832446659165061e-03
1.587694601762673933e-03
4.678649731823992033e-03
5.206913845599984644e-03
2.707560168563330743e-03
3.793015474574844541e-03
2.031104369652075598e-03
1.560334359752609239e-03
1.355868148538056078e-03
2.411526572836716881e-05
4.041173922438685232e-04
-1.014063169860413222e-03
-2.340219427664115646e-03
-1.256793619001907430e-03
-7.008040595781327153e-03
-7.012367522731195388e-03
-9.761493589963355505e-03
-2.233824082117507812e-02
-1.689271077356974127e-02
-2.441809028226017697e-02
-1.982929474084766872e-02
-1.262315006356997359e-02
-1.378275776817817697e-02
5.978642916913138455e-03
1.541032132764621858e-02
4.229069669673615056e-02
6.751623287629751613e-02
7.320612039092772028e-02
9.045309397672127161e-02
9.092678203748480459e-02
9.122880956570500466e-02
9.499274008208469233e-02
8.635887433716005201e-02
8.129902437487314393e-02
6.543151545923658885e-02
4.646747663900345493e-02
1.850590238542646621e-02
9.271286181410109267e-03
-9.809245172168358853e-03
-1.637882011467930304e-02
-1.832352896305535633e-02
-2.288785424731621526e-02
-2.109345638876730308e-02
-2.075172040187732783e-02
-1.535675945422571020e-02
-1.232279247383341429e-02
-1.363068994555429077e-02
-1.155192269023954006e-02
-1.210098147008934963e-02
-1.549005828203005482e-02
-1.560024275374980070e-02
-1.884031700841551360e-02
-2.632204264824822629e-02
-2.797958206003692619e-02
-3.295088385197986885e-02
-3.795602430889703782e-02
-3.837808268975094472e-02
-4.406646485183235429e-02
-4.447488231968570183e-02
-4.400762326345031977e-02
-4.591501076642819090e-02
-4.237637413320035490e-02
-4.314455216528242237e-02
-4.178046358645062103e-02
-3.918791125206954468e-02
-4.014280031285794720e-02
-3.668089072875116430e-02
-3.590372694135090387e-02
-3.507124188081522931e-02
-2.993089840536233490e-02
-2.865695344280571114e-02
-2.531875363446038640e-02
-1.970808898413918195e-02
-2.086286228544188479e-02
-1.585906293575520959e-02
-1.536540732926089392e-02
-1.887730753616417498e-02
-1.347973626368648495e-02
-1.728076266957272872e-02
-1.379963535828259043e-02
-5.748230986130457680e-03
-6.607442059559788354e-03
4.660738551402040554e-03
6.522219844177177053e-03
6.905248308701357994e-03
5.322222065806170993e-03
3.594554143112567608e-03
3.233210648873224066e-03
-2.117428585024938841e-03
-5.310861562993773616e-04
-1.876915577303171680e-03
-8.878629701199532327e-04
5.866243568256259908e-03
6.220155263872113177e-03
1.008725220901013006e-02
7.404551080179895377e-03
5.447005409636484878e-03
3.106758360932753132e-03
-1.138581261536466757e-02
-1.394713500800472475e-02
-1.631652459253515874e-02
-2.023676835687931996e-02
-1.366059868584149593e-02
-1.460691677124200186e-02
-8.961245557109026941e-03
-4.540162972224022139e-03
-5.759229439787180022e-03
-8.728760818911467188e-04
2.449707143910406348e-04
1.913717734529243311e-03
4.621589849337288600e-03
5.295903632718513242e-03
5.833617363283598659e-03
2.672147682840279696e-03
1.826626413861828736e-03
-8.597029772543877133e-04
-3.764884798001602757e-03
-4.166859498049566186e-03
-6.472609917754151149e-03
-6.256050818973093314e-03
-2.330354512153521608e-03
-5.734311478125875879e-04
7.824780612464403776e-03
1.795328246771026384e-02
2.368002440748792972e-02
4.612482645722579960e-02
5.011101377719931471e-02
5.770679660072732670e-02
6.521697262528836081e-02
6.149136324294320055e-02
6.754077829337365446e-02
6.604630297603272804e-02
6.237113476401604656e-02
6.663214682522947130e-02
5.668529401241814009e-02
5.465326324954520448e-02
4.866917340781644341e-02
2.363014390366759490e-02
1.702169186330798265e-02
-1.974730440486588293e-05
-1.148429322186653688e-02
-1.402182680065095985e-02
-1.555275673942075644e-02
-1.147092170653480139e-02
3.278608006815175290e-03
2.953916239198818745e-03
6.052778427883777866e-03
1.204653209526251878e-02
9.755336865027140064e-03
1.564251538823799997e-02
1.676611665145568211e-02
2.333589802720285877e-02
2.824398523000491365e-02
3.028018836323880317e-02
3.153869022612738188e-02
3.104444885374340810e-02
2.947443271960818734e-02
2.962666153454658960e-02
2.552828944085855367e-02
2.099585106452754590e-02
1.738757066894916145e-02
3.519027642563544132e-03
-9.797434323406061744e-04
-6.073472341507729980e-03
-1.612010217532700712e-02
-1.500736540624663350e-02
-2.087767578498634855e-02
-2.235679869570320055e-02
-2.323059409742849607e-02
-2.883299773312583691e-02
-2.464719817903130925e-02
-2.858250739837018412e-02
-2.758960777552407762e-02
-1.444804516837782174e-02
-1.637733244997969378e-02
-1.260167475444953604e-02
-1.186399902424553100e-02
-1.639220834628739992e-02
-1.621663905811745673e-02
-2.043097880778849129e-02
-2.253627063117719445e-02
-1.944039256018374046e-02
-1.638595315171485767e-02
-1.494423106865960284e-02
-1.332919590921973277e-02
-1.330402662356614148e-02
-1.246993999069905684e-02
-1.060753752709019289e-02
-1.486774737723833666e-02
-1.450186313078925295e-02
-1.110660175478955618e-02
-9.112185824058659928e-03
-1.326573434220881982e-02
-1.589882187648946135e-02
-2.239914385992799670e-02
-2.717139786406386551e-02
-2.848522692306770104e-02
-3.159639977002357686e-02
-2.863838809629311311e-02
-2.719632109099397524e-02
-2.683283923717756300e-02
-2.009381811086508041e-02
-1.598347498484290266e-02
-1.272076670611293515e-02
-5.392168673094146526e-03
-2.260948877136625089e-03
-5.592883988143440219e-03
-1.022839665048867405e-02
-1.699847283489450481e-02
-1.798506234747435442e-02
-1.721976823645180940e-02
-1.364727266288901647e-02
-5.128496699187924321e-03
8.707612294615935805e-03
2.754791132536688406e-02
3.089422979128871039e-02
5.055258503634611073e-02
5.355430737994075485e-02
5.980290238033985489e-02
7.185740119641675916e-02
7.198862862230015480e-02
8.120243968222080888e-02
8.392579731600814663e-02
8.506561547571642179e-02
8.901040094369547240e-02
8.451763512044946358e-02
8.557644516768762866e-02
7.878969783849652797e-02
7.231761334312974965e-02
6.741621729755362114e-02
5.151111009814770408e-02
4.571078437375247772e-02
3.437275100836318514e-02
2.394265128756940461e-02
1.772200025349626035e-02
7.571230895635952529e-03
1.883074982772724084e-03
-6.115222476597350146e-03
-1.257042294655863653e-02
-1.729972824908882281e-02
-2.066106045803716568e-02
-2.141554642255244501e-02
-2.325994905383189579e-02
-1.882985575323207691e-02
-1.856450490843508661e-02
-1.433689237901753476e-02
-7.246672194305747716e-03
-6.721636422253194666e-03
4.119893752053305387e-03
3.164041908473277757e-03
4.874429829004551205e-03
8.733683103633545219e-03
3.054590175288643666e-03
6.270628275454992462e-03
8.153046417243223210e-04
-3.606223920320499911e-03
-4.263692185874219144e-03
-1.660277986912612677e-02
-1.856296342018290066e-02
-2.620417719423187922e-02
-3.255432307418509863e-02
-3.333272133328706033e-02
-3.963845977123475750e-02
-3.870876872210746861e-02
-4.036403800924812796e-02
-4.093784389562021148e-02
-3.736339831190532701e-02
-3.883592597121406087e-02
-3.345119538012848032e-02
-3.118151360883958736e-02
-2.926149790768464709e-02
-2.250608018630107302e-02
-2.274969565690351803e-02
-1.978152002662516770e-02
-6.742453572994424292e-03
-8.084814033726682100e-03
-8.926943223800372015e-03
-4.853341937001366853e-03
-1.382439930974966799e-02
-1.350520098193136974e-02
-3.435681812029649142e-03
-4.147089406819411996e-03
9.594564208654270815e-03
2.666682289552019594e-02
2.786298375136140454e-02
3.060798190113582506e-02
3.027976743533351486e-02
2.507284304779040102e-02
2.512342520021379824e-02
6.772609751963959597e-03
5.157342204254791555e-03
1.634249533076844547e-03
-5.110344981216307161e-03
-5.182548256646270571e-03
-8.740611895899709147e-03
-9.115690831454694235e-03
-1.067582781065860159e-02
-1.148859732447516172e-02
-8.466532088752011520e-03
-8.452594255387250316e-03
-7.461798847714727796e-03
-6.458842726481594729e-03
-6.219678425184421711e-03
-5.703059816011769347e-03
-5.239234814640349701e-03
-5.050367046513650621e-03
-4.808270430020525170e-03
-4.104064370281640568e-03
-4.015863304372238075e-03
-3.803852768270323589e-03
-3.626725118813159312e-03
-3.583395025767813734e-03
-3.381156875251737151e-03
-3.553217744872745089e-03
-3.321211503475246431e-03
-3.363994114096455733e-03
-3.874415265800517857e-03
-3.946537350969101833e-03
-4.154557028708690501e-03
-4.352175296514264324e-03
-4.406556776632606157e-03
-4.515755577640295608e-03
-4.574288848533183093e-03
-4.605686425768799018e-03
-4.644936884722856291e-03
-4.661671529620539309e-03
-4.675956887114760333e-03
-4.687842019320430029e-03
-4.693396306891688130e-03
-4.698846093880631146e-03
-4.702367352537386268e-03
-4.704453177587131565e-03
-4.706322097827831535e-03
-4.707734148984286590e-03
-4.708323983946139345e-03
-4.709404626107920218e-03
-4.710613762927304445e-03
-4.709884805536789301e-03
-4.713270450279026177e-03
-4.713308775289581920e-03
-4.712118974892555955e-03
-4.724173220986316833e-03
-4.713993124052640211e-03
-4.725580883974598440e-03
-4.745226474848185903e-03
-4.710990869331278807e-03
-4.774623794830317423e-03
-4.729577382555594407e-03
-4.776570650803040746e-03
-4.718052215866433592e-03
-4.588533082101989811e-03
-4.647600092332080345e-03
