1.027479567168700439e-03
1.156676337391749449e-03
3.381315217865080332e-03
3.407738483322887355e-03
4.049411572222007781e-03
4.439551221845303326e-03
4.029723652706150225e-03
4.314448609913595564e-03
4.272789803522705765e-03
4.231800506642431972e-03
4.307418129825814519e-03
4.273366335652176856e-03
4.285256482319740878e-03
4.296138744132469746e-03
4.287603404867211879e-03
4.294845697929227692e-03
4.294638136005480243e-03
4.294056632508994054e-03
4.296145625482387584e-03
4.295704500613832522e-03
4.296335825788641545e-03
4.296772260374947215e-03
4.297242086592597404e-03
4.297931086051001888e-03
4.298246437617793056e-03
4.300550981422214536e-03
4.300665544913906055e-03
4.303164706070912622e-03
4.309577470128901286e-03
4.306139538254295795e-03
4.322311531930881842e-03
4.330170070977654682e-03
4.321585615548429252e-03
4.392863495308079597e-03
4.356006156451760342e-03
4.388999177259786909e-03
4.479923807885272807e-03
4.508226288643004190e-03
4.785408941538712990e-03
4.928772592945067713e-03
4.913050810195137945e-03
6.141901113290795106e-03
6.137873763319139087e-03
6.415017878858715258e-03
6.801688679746520534e-03
6.535684808533282798e-03
6.799275273410208993e-03
6.512768620645291613e-03
6.809878800508610032e-03
7.255319746050044316e-03
8.397579633336231184e-03
7.918320949780725815e-03
1.022823735266147928e-02
1.086728385546790847e-02
1.264548768233552008e-02
1.975735858979403223e-02
2.094565155924480240e-02
2.378551062470538047e-02
2.628152012867308526e-02
2.655111996606756425e-02
2.908479943955016508e-02
3.116576882405184060e-02
3.594791478025607251e-02
3.596115757799699109e-02
3.826174720018987729e-02
3.817462115713157744e-02
3.730856935487755766e-02
3.801558865508341406e-02
3.681755858288441458e-02
3.602337430638988952e-02
3.597423534474096518e-02
3.398595012675785509e-02
3.379864562499190067e-02
3.431101966876366760e-02
3.294139829059325453e-02
3.375522441728482509e-02
3.336465750570647565e-02
3.236013175909133871e-02
3.386367154829295761e-02
3.196791861406512308e-02
3.263460442811216833e-02
2.931380702867377591e-02
2.300556951108976081e-02
1.934974799810950524e-02
1.414962565442912795e-02
8.780204853744031854e-03
6.054809319127878176e-03
6.286907919392828795e-03
5.614282359127349339e-03
6.278343318370250767e-03
6.426445438030482793e-03
6.662890671066114441e-03
7.700389136301247391e-03
7.400926264499053248e-03
8.590212659741698620e-03
9.041349904775453084e-03
1.085949059607453637e-02
1.392001031083209099e-02
1.493127338970142749e-02
1.646550839473895356e-02
1.746193831136807692e-02
1.906636613146745970e-02
2.301937850328691568e-02
1.943703148165770722e-02
1.854881918563053983e-02
2.089551173471148465e-02
1.972141965720497839e-02
1.901994315240129393e-02
1.977543596081791921e-02
1.776798792979578795e-02
1.743520999830960871e-02
1.656035164048112393e-02
1.389175387687178326e-02
1.368002269864897896e-02
1.155046992564168727e-02
1.058215460056697102e-02
1.152553996053972026e-02
9.879807983725105713e-03
1.199071254761370324e-02
1.388628861589062680e-02
1.439369111873775239e-02
1.600723690767005478e-02
1.761837470763598715e-02
1.755237765954492657e-02
1.813875302404127643e-02
1.279107538600893559e-02
1.140529114835222256e-02
1.133542618785761749e-02
1.118231129903169037e-02
1.034115775405156264e-02
1.000981135105227793e-02
1.065771224297923717e-02
9.629267060110640805e-03
9.104934604304917162e-03
7.915125437762685762e-03
1.760431994624783595e-03
1.956139367004634496e-04
3.485536868121446815e-04
-1.309861271611077651e-03
1.449289122055623673e-04
1.630034003663289113e-03
2.164952606343077245e-03
2.310872902366571061e-03
2.895408171951269986e-03
4.589885887090044796e-03
5.752506096252432352e-03
5.706046148820757141e-03
7.992025509029254335e-03
7.247436474879755640e-03
8.396218347336352819e-03
8.195717301719947570e-03
6.571119298028254251e-03
6.315715310071494046e-03
3.763589677536202400e-03
5.547655347292995004e-03
3.040977789655503142e-03
4.732915040527333091e-03
1.086816689359493965e-02
8.868313966276254387e-03
1.095870403992338198e-02
1.082911923802427553e-02
8.011521098903396504e-03
9.431966028358152593e-03
8.480345008736152670e-03
8.673934366696478201e-03
1.133170093647836892e-02
1.081891728446066937e-02
1.165451311539392881e-02
1.199310377313657187e-02
1.032626302361310845e-02
1.123275939251616728e-02
1.108924565901227288e-02
1.231517342072528318e-02
1.504037469885418331e-02
1.773284563296771352e-02
2.157956356431214862e-02
2.254255751957799647e-02
2.876711043196942055e-02
2.784230354691922052e-02
2.668177008652838217e-02
2.827189494842746731e-02
2.071997701629472305e-02
2.105228732337398323e-02
2.236137462360162156e-02
1.965886504990663544e-02
2.405242575957193193e-02
2.332478912274280752e-02
2.217986287386362540e-02
2.322049123171023369e-02
2.154552776329761443e-02
2.156762399903272565e-02
2.147515570089581979e-02
2.105540519907183813e-02
2.091845889176240786e-02
2.094601675664157017e-02
2.193233965485820100e-02
2.260132426032636366e-02
2.301970382546751973e-02
2.343181129405946805e-02
2.373844761444880713e-02
2.369071164938958349e-02
2.375591702276873274e-02
2.408525496336471478e-02
2.417585320164579443e-02
2.553587848395248022e-02
2.593879060653846505e-02
2.647262924670693365e-02
2.740071105311575259e-02
2.781637697734851838e-02
2.821197270093413548e-02
2.929064390957098613e-02
2.922252754741650610e-02
2.936302255525962204e-02
2.909412109833701965e-02
2.666656658388224382e-02
2.623510365461772381e-02
2.417865790581973789e-02
2.192507392803772978e-02
1.997336917393279995e-02
1.698302253371092654e-02
1.566579595955478604e-02
1.064303045799465906e-02
9.407857514972153834e-03
6.816604834944938254e-03
5.543864546772245445e-03
6.063892226522440976e-03
6.851215573252186948e-03
8.545027750595382901e-03
9.087997107860257620e-03
9.551516417139522055e-03
8.925446125369182124e-03
6.376107975210743538e-03
6.328504377341717321e-03
6.944163177338706812e-03
6.557265161020983495e-03
1.006377033033162283e-02
1.022577991408852964e-02
1.014520342341579916e-02
1.335851542482061928e-02
1.228501756660271144e-02
1.435505782110670613e-02
1.941298340434791450e-02
2.045871260675140996e-02
2.864671194622404882e-02
3.152090851201216903e-02
2.845710022845757831e-02
3.113675736511501216e-02
3.080196717168345866e-02
2.756866297750584435e-02
2.837695548108488258e-02
2.874915830288814200e-02
2.854783737446118380e-02
3.261930925917128771e-02
4.292144528421130978e-02
5.123955632557294915e-02
5.443530456333133677e-02
5.837126147883168331e-02
5.653695800399156923e-02
5.775937991089473422e-02
5.675279053873988344e-02
5.404153259644629836e-02
5.487258487441095539e-02
4.914594040160087662e-02
4.762591470863053456e-02
4.247107717773678653e-02
3.355522359825721668e-02
2.991766260543347183e-02
2.982712959946268172e-02
2.818194288057647781e-02
2.908779811425189418e-02
2.886403198737198111e-02
2.843710464943323760e-02
2.628831936511387760e-02
2.590455232204343095e-02
2.308286171171727852e-02
2.127133202411164020e-02
2.025138337887098794e-02
1.529289893815092422e-02
1.573347958312076855e-02
1.363376312611518613e-02
1.356954267218966198e-02
1.629833224131668409e-02
1.850618923054212980e-02
2.301766252391987400e-02
2.610690521649463788e-02
3.135702781107306547e-02
3.401241501281981883e-02
3.432931505637477204e-02
3.629609126615403886e-02
3.487741615198736156e-02
3.342291084427501807e-02
3.351467413603050061e-02
3.187028182679324528e-02
3.019620058270257659e-02
2.962682050540617340e-02
2.676053311736857621e-02
2.546349390850336999e-02
2.418292792738515468e-02
2.064655961915003515e-02
1.998769034002637751e-02
1.681038465161366693e-02
1.272285671206999612e-02
1.259013995214266698e-02
5.935373355076225231e-03
5.674525412002762344e-03
7.799570213205004460e-03
4.441927386365332985e-03
9.439492539827057035e-03
9.322765393339746409e-03
5.855557655174371302e-03
8.913611330162874574e-03
5.094732400312849095e-03
3.157500598105120269e-03
2.911877456773035843e-03
1.631373389252194044e-03
1.862327541719207245e-03
1.441285129326582478e-03
1.314524196398358371e-03
3.115990871993463886e-03
3.167446654480725234e-03
3.414835009077356234e-03
3.867921026220536018e-03
3.922911502556706599e-03
4.497266452110456475e-03
4.322939599451489784e-03
5.238950572586978729e-03
6.163577097010633846e-03
6.793544239254815063e-03
6.259238490756264053e-03
3.502836778496040693e-03
2.318306604955286399e-03
-6.931115784585927106e-04
-3.258196754510892228e-03
-4.398295504191494093e-03
-9.117413785434260592e-03
-9.498623849567587596e-03
-7.404372123415110807e-03
-8.149775345987380834e-03
-7.407886329811875538e-03
-5.412056683191610214e-03
-4.502002277665749508e-03
-3.658725361932364546e-03
2.961334310412370649e-03
3.380497513812586764e-03
3.858347145308095669e-03
5.661003128768200485e-03
5.680272796582004451e-03
5.940115961330053040e-03
6.774661011655564065e-03
6.731165187357114089e-03
5.832912409013962449e-03
5.711400420308042868e-03
5.344461859787717588e-03
5.095364752652911146e-03
5.008864761165936728e-03
4.834196599741113348e-03
4.714066491066057872e-03
4.649553639818879147e-03
4.442864017777812570e-03
4.301326561246945901e-03
4.186502706578981020e-03
3.562901063516668316e-03
3.439642152390672697e-03
3.077372758104564895e-03
2.950456634079479199e-03
2.411420700605544556e-03
2.393613327387478836e-03
2.318132772909293950e-03
2.191517555163203634e-03
2.194236444125925722e-03
2.145824458085322448e-03
2.121307078107894078e-03
2.115895316779094291e-03
2.098523955471960807e-03
2.093920908754765865e-03
2.089474683589713066e-03
2.084648015969301545e-03
2.083225446602744117e-03
2.081231927930259334e-03
2.080041724024745461e-03
2.079041811580028230e-03
2.078781534081593219e-03
2.077925746685413584e-03
2.076809287266094366e-03
2.078596289321493675e-03
2.074286459849334231e-03
2.075756108780524301e-03
2.079008118460058847e-03
2.061648220377520178e-03
2.083858519300067422e-03
2.066214153364422969e-03
2.031185103220073136e-03
2.130544668442259284e-03
1.958699928312065616e-03
2.026313889011590111e-03
2.133932892799726352e-03
