-4.026194961942730090e-04
-4.631652114087736537e-04
-6.823544694642798758e-05
2.345304755105018972e-04
-7.984485969243812313e-04
-7.890083758434606343e-04
-1.864025549153430902e-03
-1.659859627808983693e-03
-1.839266500652990194e-03
-2.048007007689287701e-03
-1.830454330188916378e-03
-1.974402067456169658e-03
-1.936013477679951033e-03
-1.889147922196343470e-03
-1.936502087365761645e-03
-1.901228191888396047e-03
-1.904146243839554675e-03
-1.910216352407888632e-03
-1.899417584821395336e-03
-1.904171805672855112e-03
-1.902257838409281534e-03
-1.901749029970933825e-03
-1.902907536234052076e-03
-1.900877651983117920e-03
-1.905380346619864676e-03
-1.899445784925509828e-03
-1.901482864797505654e-03
-1.902863524485821824e-03
-1.874444309399645294e-03
-1.888303312228476177e-03
-1.813543688365415810e-03
-1.755843226333042356e-03
-1.696731557036565028e-03
-1.298697301495516619e-03
-1.318220583827400209e-03
-5.816558223120829423e-04
-1.456975321534202856e-04
-1.050734183015984935e-04
9.376721053751682980e-04
1.331470545348734666e-03
1.615387545834825068e-03
4.069822179168589536e-03
4.026350155906884346e-03
6.755135393269919887e-03
7.923651878919583252e-03
8.678639198369338462e-03
1.244411237741301253e-02
1.297940078388323468e-02
1.596016067211483702e-02
1.764637867769826979e-02
1.839767576944882285e-02
2.198125530009806608e-02
2.074069818767824633e-02
2.260619874972531751e-02
2.595586522087317549e-02
2.098070093580837320e-02
3.296395130607825130e-02
2.922165701664151613e-02
3.080691317882597313e-02
3.846269458815285147e-02
3.867252671154593202e-02
5.146724459262347340e-02
5.396744580759669369e-02
6.521002780808288213e-02
7.298905510846737110e-02
7.272074141802345459e-02
8.115149115578813854e-02
8.190283239802273463e-02
8.189224249501529662e-02
8.464519356494971947e-02
8.608083740295871533e-02
8.557499471747982700e-02
9.065969709868845761e-02
9.483004886633236707e-02
9.778068915749774104e-02
1.107539797989567504e-01
1.124999485521845366e-01
1.176800519865560668e-01
1.252662545960348539e-01
1.240570565704883776e-01
1.304025423779746340e-01
1.300807147301215883e-01
1.273600479685112752e-01
1.295893754707002077e-01
1.213710097910249697e-01
1.181184150168162611e-01
1.130054371318810202e-01
9.633665981099211184e-02
8.788191424439256716e-02
6.611110252186472303e-02
4.766296625316785579e-02
3.376263478591884359e-02
2.120426373911100948e-02
1.054809441864128228e-02
4.137087396871558416e-03
5.892992301039515907e-03
2.239107418218014636e-03
2.379347051879894884e-03
4.482401368740422318e-03
2.577482573450352171e-03
5.356269291623638740e-03
5.418488369783116404e-03
3.996155114861591959e-03
6.593167622941533031e-03
4.129819544157339699e-03
3.480515421063677412e-03
4.321121203418407802e-03
-2.851370702990070876e-03
-2.684249310851830050e-03
-1.066732391986910302e-03
-3.445686219209382305e-03
-1.440294660188954235e-03
-2.390691014103566315e-03
-6.884440084986131331e-04
-2.061929095508820576e-03
-3.482957993766753525e-04
5.648280027299513659e-03
6.246320543060303841e-03
1.009708669705941184e-02
1.594041377481346736e-02
2.171415205594245251e-02
3.062530341486329605e-02
3.431369092733978915e-02
4.036440063105727061e-02
4.841042586450880481e-02
4.507994986484500227e-02
5.233871034015036977e-02
4.649050046978067674e-02
4.012039572306837221e-02
4.032813926598501769e-02
2.525841787391749221e-02
2.353574165209105368e-02
1.873865278905886486e-02
1.134075939055313384e-02
1.195727221459985841e-02
6.782185493318757842e-03
7.860880697499524061e-03
9.495331070413837171e-03
1.260373502157710254e-02
1.975126931823016282e-02
2.302147122546091898e-02
3.102226823808456463e-02
3.993296590495189202e-02
4.389527146432308652e-02
5.856826793858601471e-02
6.560598368427458804e-02
6.767411321171455663e-02
8.127580587612438789e-02
8.152565890990785824e-02
8.518532077647633649e-02
9.014821018377414119e-02
8.212785274736139618e-02
8.889107478017106712e-02
7.679590593908107443e-02
6.577457156092229862e-02
6.098743585211339330e-02
4.654161865290194766e-02
4.435809337911546940e-02
3.667849807705176463e-02
3.258569332660392337e-02
2.712627990081899892e-02
2.558434202710773570e-02
2.164236737522562057e-02
1.948855309180206469e-02
1.916830420733552434e-02
1.313193029771327416e-02
1.328650353560784092e-02
1.268969309777844348e-02
9.090742454663092512e-03
1.334757157661082931e-02
1.135927971931922041e-02
1.072729062053523648e-02
1.476256056358833495e-02
1.012804371829058823e-02
1.158352158494549422e-02
1.255824367629884523e-02
2.733433445955293483e-03
5.065537290929052715e-03
4.126839142787050614e-03
-6.984916024278191955e-04
7.855538944889607980e-03
7.193528677024349158e-03
2.059789014078396239e-03
4.810693230878403635e-03
8.133313339440572526e-03
6.812373579905069317e-03
7.124311692209998881e-03
9.568962431678783298e-03
7.955714052266308484e-03
9.228691801242893886e-03
1.241164839383792837e-02
1.203098296390032150e-02
1.083636447817817525e-02
9.294551254157816175e-03
7.050418238175914891e-03
5.522157144487309897e-03
6.741672949586639124e-03
3.408805096224880489e-03
1.956002268382888484e-03
1.473655209550826925e-03
-7.133556858166396550e-03
-9.420058276715418191e-03
-9.748728345351266589e-03
-1.645960011599570394e-02
-1.675658817486732483e-02
-1.498811048445474435e-02
-1.900041677797425360e-02
-1.714023744149321266e-02
-8.780703992454832671e-03
-8.017731556358783859e-03
-1.841488427394192369e-04
7.191696491373629312e-03
7.670903299650214981e-03
1.589256803448729077e-02
1.639302142683211200e-02
1.803965675167415114e-02
2.211984744259198540e-02
1.630081294586310792e-02
1.621945746146282938e-02
9.042712291147924838e-03
1.216959362169673037e-03
-2.029658982957047403e-04
-1.444778523066705261e-02
-1.976128304037145372e-02
-2.693019019708078540e-02
-3.682597523508638476e-02
-3.874722030556826402e-02
-4.512402294875041825e-02
-4.916769113319427453e-02
-4.878681803760152869e-02
-4.457272983323656151e-02
-4.921765460256941060e-02
-4.391394859630479153e-02
-4.583565957792230111e-02
-4.569469650933956351e-02
-4.431668551948369367e-02
-4.790051370409886822e-02
-4.522506105434080659e-02
-4.931292597544233852e-02
-5.590857152493657750e-02
-5.534219135648476423e-02
-6.543073074614168261e-02
-6.361535272096728588e-02
-6.354779408648235373e-02
-6.410152009814233665e-02
-5.955366518919671254e-02
-5.469483250262255347e-02
-4.881369968080471328e-02
-4.111598464179182233e-02
-2.856239282462099544e-02
-2.145965642915314067e-02
-6.636890906061260198e-03
7.637534737198106889e-03
1.471004526571278830e-02
3.630304965132655909e-02
4.371938979921584367e-02
5.093718856781896676e-02
6.464410355280345022e-02
6.111488793498495720e-02
6.608591520140597031e-02
6.749416663912405356e-02
5.518570938416375582e-02
5.588193043013903183e-02
4.455206165560604559e-02
3.131807964742334971e-02
3.185046407668218338e-02
1.494327468677628806e-02
1.081967083788614413e-02
5.606692349133208381e-03
-7.845794777976110301e-03
-6.080844653520713419e-03
-1.507315749802505024e-02
-1.753553425591187001e-02
-1.164582059962142140e-02
-1.514976965680749250e-02
-9.912349131407451747e-03
-9.792335932855760622e-03
-7.875303366512841075e-03
-5.319440292503825780e-03
-7.436989186077287012e-03
-4.546174786605737192e-03
-9.128794290510956408e-03
-9.231291555772951074e-03
-5.725071139907502230e-03
-1.201940350213967675e-02
-1.450872990086026805e-02
-1.707824810652701711e-02
-2.263283997675460610e-02
-2.117754491147827434e-02
-2.533820566212623138e-02
-2.639538922504253496e-02
-2.497976989703866099e-02
-2.690080714794580372e-02
-2.284739778267982913e-02
-2.284549714304227527e-02
-2.097326813802506337e-02
-1.564706865722390386e-02
-1.715474508306162604e-02
-1.050574369960412084e-02
-8.417716363099771171e-03
-8.633990894480329456e-03
1.101576826439663393e-03
-1.519831017335966997e-03
-6.037306209340550633e-04
1.473507192832859474e-03
-8.232314589832874507e-03
-7.770608817471787340e-03
-1.328569954153485146e-02
-1.256173308387595680e-02
-9.904087084055601675e-03
-1.294184029296107687e-02
-8.752051687448501177e-03
-8.664065621936367298e-03
-9.253006938002284604e-03
-8.277740074436639589e-03
-7.118898225807092014e-03
-1.229637360727043986e-02
-8.614862719594801321e-03
-1.045488283250608358e-02
-1.975239638595135266e-02
-4.478890509391357348e-03
-1.842299163728060296e-02
-1.754241985132787632e-02
-1.185417132402837199e-02
-1.858539432345997222e-02
-1.436393569687721521e-02
-1.024802543150456560e-02
-1.323648079926392600e-02
-5.762502869214595341e-03
1.462666221408761549e-04
-5.593287762113242044e-03
1.194865236900992389e-02
6.028247577805123658e-03
4.988611838142328978e-04
4.024759109720008401e-03
-8.849504795240721589e-03
-9.069165763211806813e-03
-1.579490109780548948e-02
-2.143112108781049588e-02
-2.019042712762267322e-02
-2.222536898028976832e-02
-1.992842644381422057e-02
-1.212610888708389768e-02
-1.308666658123695294e-02
-8.868599758824166276e-03
-8.412429235149147463e-03
-1.256576340035884566e-02
-1.372182599786191462e-02
-1.690714065969434188e-02
-2.181697019843925958e-02
-2.293898124169238897e-02
-2.648905894792282639e-02
-2.980688715094636024e-02
-3.072033531305154094e-02
-3.499139806637349692e-02
-3.734736759543091228e-02
-3.939373136086425642e-02
-4.433144496508464871e-02
-4.339383386411265614e-02
-4.762165688430823607e-02
-4.632865600252744631e-02
-4.516077811646094370e-02
-4.657112300787036308e-02
-3.732074186789462178e-02
-3.519809485171013913e-02
-2.889758460035832949e-02
-1.772958411838408341e-02
-1.543200835894499405e-02
-5.177234763765537102e-03
-1.559644214211179994e-04
-1.911594459548541765e-03
2.214728856487572714e-03
4.098057900122751944e-03
7.211301759364298694e-03
1.702706068215621010e-02
2.127371098110583669e-02
3.036537419398114418e-02
3.741307188857243698e-02
3.915305082094908823e-02
4.718273638535742248e-02
4.951093335345586877e-02
5.247832022684741776e-02
5.779400700254938572e-02
5.727921903709377871e-02
6.049465290659640504e-02
6.133796308170649803e-02
5.809288370617159136e-02
5.247823026676558256e-02
3.831473859948301280e-02
3.397783931280430603e-02
2.186269338009469779e-02
1.911195729439289434e-02
1.368770853823432151e-02
7.563868741148984699e-03
7.820218176117428241e-03
-3.760500492311607233e-03
-3.928677465568862319e-03
-3.289791693058404312e-03
-9.073087857114215185e-03
-1.526414046270143559e-03
-3.305362627961404287e-03
-3.753895585759485769e-03
-9.867613999980046156e-04
-2.390111319076840789e-03
-1.609452053239566766e-03
-1.691757632063855578e-03
-1.709850583843696217e-03
-2.267102466564488439e-03
-3.321810837973620742e-03
-2.551691724394176183e-03
-6.564672397969021148e-03
-6.791006256197082251e-03
-8.010177010059247107e-03
-1.744485840262655768e-02
-1.821061070935659637e-02
-2.276176573434079281e-02
-2.868297435772207762e-02
-2.761010821968535450e-02
-3.367975195701176927e-02
-3.444697340569867483e-02
-3.195580958204630173e-02
-3.302737073759555442e-02
-3.297884036988282808e-02
-3.255992274309545825e-02
-3.385410836790972433e-02
-3.617068302874322516e-02
-3.487865713150439112e-02
-4.020010123183175715e-02
-3.882530369047845070e-02
-3.663663773534822643e-02
-3.784031451068482765e-02
-3.250700554139633602e-02
-3.072697116568265732e-02
-2.738721867024694612e-02
-1.891127992905947131e-02
-1.885183095826792332e-02
-8.502244997275958810e-03
-7.940089293725702616e-03
-7.502895940240684666e-03
-3.910084473271822209e-03
-4.872777891543460596e-03
-3.681087983059901699e-03
-3.413176127927269009e-03
-3.677530567504605843e-03
-3.363715823365489698e-03
-4.213662994881038626e-03
-4.409616211478240184e-03
-4.903392336326968352e-03
-5.729124997744597381e-03
-5.777136010540155978e-03
-6.931332801937293599e-03
-7.074558828865546399e-03
-7.356300012661393280e-03
-7.801638779105625997e-03
-7.821539328560993265e-03
-8.036376462214131142e-03
-8.150736355193512195e-03
-8.183914579416971466e-03
-8.274826847608733951e-03
-8.306713661876663143e-03
-8.342773483957552361e-03
-8.375609639341160748e-03
-8.419367907485458824e-03
-8.455603643990498852e-03
-8.484555789131027412e-03
-8.611243081098611529e-03
-8.625481854258610845e-03
-8.723113015157374708e-03
-9.050835962446187113e-03
-8.879487795063562006e-03
-9.267966029206023762e-03
-9.923041768731079293e-03
-8.901474352957468306e-03
-1.056496303418519474e-02
-1.096522434175303644e-02
