8.057100711537818231e-04
9.149727789373275156e-04
3.569589912886138392e-03
3.634632130431467330e-03
4.119766532479752531e-03
4.594538245597272128e-03
4.096559812686275531e-03
4.367965185647896056e-03
4.331349045523641243e-03
4.261954856118856452e-03
4.341237665035134995e-03
4.301435173686525386e-03
4.307066546981976225e-03
4.322791578211549260e-03
4.306835528805880338e-03
4.319000190367433545e-03
4.326460198091822314e-03
4.305979050490220221e-03
4.350205080178512485e-03
4.329558498721164904e-03
4.285132132379274733e-03
4.278199097457505498e-03
4.368031787254781848e-03
4.359663920189464290e-03
4.447133956015683100e-03
4.534282572884263188e-03
4.570193660344845817e-03
4.878313228057924548e-03
4.955539258016019265e-03
5.270281407887130246e-03
6.193141950502184870e-03
6.143267654136863598e-03
7.967733024018860966e-03
6.934895945732103689e-03
5.007859533312683867e-03
5.254421510278351262e-03
2.974192039547478316e-04
-6.845250769467018954e-04
4.705014720173368380e-05
-2.859583105679981870e-03
-2.457978357601366039e-03
-2.019184902176105779e-03
-1.924713592749358482e-03
-1.474853470673032378e-03
-1.538395836105584634e-03
-1.488537155726976516e-03
-1.650205959274805931e-03
-2.040843228607007107e-03
-2.192574337951453799e-03
-3.263834044362204194e-03
-3.464633769225012195e-03
-1.515636883972930988e-03
-1.263452050616448294e-03
-7.084779001576569637e-04
3.021326937205211834e-03
3.299722313132343564e-03
4.539891408446240263e-03
6.992467769742393563e-03
7.153822808365282483e-03
7.615534532074228619e-03
7.285486192359023547e-03
7.226300421991896025e-03
6.978597658945519255e-03
9.403379446115052789e-03
1.179623129586574240e-02
1.339279921417457254e-02
1.609720295003898641e-02
1.674039708437655150e-02
2.118475959108125084e-02
2.207103952161511978e-02
2.186869031999956470e-02
2.261702572644473316e-02
2.092516183632575286e-02
2.062715558539215607e-02
2.110746749476569845e-02
2.006397069383609316e-02
2.064621836581827588e-02
2.300492005009592555e-02
2.379271593131578738e-02
2.567154742550310786e-02
2.732907855679862427e-02
2.787645455319683399e-02
2.862945895481462319e-02
2.804300734584519797e-02
2.712419235753230073e-02
2.577706090605091926e-02
2.440402628060986401e-02
2.280838224958811264e-02
1.864487418302394200e-02
1.669429661674422596e-02
1.393856855057181571e-02
1.214619961215464457e-02
8.931320605898074305e-03
7.686255784890690113e-03
7.469214884106448703e-03
6.259517337351493994e-03
6.022003450353693305e-03
7.681752188551084493e-03
7.261730397336038298e-03
7.357081234631542184e-03
8.106132202607222934e-03
5.646850122304688212e-03
4.773124105494894187e-03
4.069969932524751532e-03
2.482514488632407441e-03
1.663081906752313273e-03
-4.303844562877184019e-04
-2.856140515945803510e-03
-4.167730932621145808e-03
-3.684421128216679251e-03
4.583957984910770611e-03
7.426702119942416545e-03
1.390342693639289376e-02
1.492673262953520680e-02
1.348557126302517978e-02
1.226891685418583441e-02
8.728751015098009519e-03
1.081923424112759581e-02
9.700380473427139272e-03
8.780787485515674506e-03
9.409579260111022511e-03
8.714167094993743867e-03
9.009186894245180266e-03
8.195082443488783258e-03
8.078132656773675396e-03
7.446254568953370769e-03
6.036945347257282983e-03
4.483915426604669768e-03
6.318160411282106211e-03
6.989023249689642683e-03
8.975136075057859111e-03
1.185204707710924357e-02
1.313032210446116177e-02
1.761431734930659146e-02
2.066796639658492751e-02
2.040398794399968935e-02
2.133222289214503284e-02
2.036058071460162752e-02
1.726032082219899205e-02
1.625174181664580664e-02
1.643246795285226852e-02
1.303019987757557396e-02
1.328436320699010603e-02
1.205544294256104439e-02
1.094151721038947624e-02
1.099888416659239830e-02
1.003635344932679759e-02
9.935168824175794750e-03
9.507354481986548742e-03
9.253644393972311477e-03
8.910621112140797162e-03
8.228691401398726540e-03
8.881582426194667076e-03
8.158438955030504827e-03
8.224107850394117569e-03
8.503230469533332864e-03
5.822060280694044826e-03
5.998336295431587126e-03
5.551158739006566492e-03
5.177685037753344301e-03
5.519775187524765016e-03
7.122954012765889825e-03
6.899241559033048553e-03
6.284824101948098020e-03
6.007831597400542165e-03
5.194852182031773138e-03
5.023679178923246523e-03
2.007661395937303771e-03
1.603232734344930141e-03
1.779958881032918817e-03
8.009962468014648982e-04
6.832700358005613364e-04
1.010134700868520760e-03
-1.267265805820227444e-04
3.070792886932111878e-04
1.675151920648486207e-03
2.355811367176766612e-03
5.773361746794886638e-03
6.050570891727919710e-03
6.779105930116993521e-03
7.526683663994442053e-03
7.192269271041857627e-03
7.085861265662071924e-03
7.297996076413363654e-03
7.339950092666943163e-03
7.138415480023238557e-03
7.940528116026374789e-03
7.843776956135539019e-03
8.117376929565114918e-03
7.149409214260604717e-03
3.862194970688528472e-03
3.845424739295463454e-03
4.035190864670566181e-03
4.625047108354524324e-03
8.494426795518796036e-03
1.058900454938083852e-02
1.619871525441641744e-02
2.122809238958807063e-02
2.232588075571207559e-02
2.475897536906639454e-02
2.650406464134984902e-02
2.668019664382814335e-02
2.749690587336567349e-02
2.633542585480963191e-02
2.474399432287328199e-02
2.376151188181535590e-02
2.169636102857850496e-02
2.083608896222928844e-02
1.771083328425649556e-02
1.669960594231538129e-02
1.599748508382766929e-02
1.448452614044378785e-02
1.434530910671006493e-02
1.360527204941001413e-02
1.284774616882781474e-02
1.276638452556981898e-02
1.189982735158141847e-02
1.133382539953051334e-02
1.114349376981775899e-02
9.848992871125514595e-03
1.004530629933358434e-02
9.545144951176528364e-03
9.422267493915880213e-03
9.815546070735481354e-03
9.342380028419710117e-03
1.032472408977569249e-02
1.011441072696984793e-02
9.270411338376619362e-03
7.620522828747729530e-03
7.400749477824515934e-03
3.755436283198704088e-03
4.269509288681522588e-03
3.838699980657734375e-03
3.681791068240006324e-03
3.847731801922586996e-03
2.107291078843047394e-03
1.646722170274135056e-03
1.857204138053632431e-03
2.010530805156370785e-03
3.109590428745453387e-03
2.324942999771869873e-03
2.685196859291752707e-03
5.309737843234432070e-03
3.982120515217958158e-03
9.609912592928874370e-03
9.803856252006038982e-03
2.156303740904011359e-03
3.224501617080438674e-03
6.087229074890187358e-03
5.142470649809880931e-03
5.699402796700225003e-03
6.118149710198862203e-03
5.877460372827366351e-03
6.136264244693888197e-03
6.148746097186588710e-03
6.121680264466053227e-03
6.008915579938368251e-03
6.000218221822135184e-03
6.063279805424134916e-03
6.095627577057770655e-03
6.165207371791448995e-03
6.217856827092992957e-03
6.478333625110467911e-03
6.504742913551664861e-03
6.855727244794560318e-03
7.509254939229100673e-03
7.328526992071786837e-03
9.128159512211173054e-03
9.712125554621517387e-03
8.613297097764245278e-03
9.229433998603502401e-03
9.023249236401926360e-03
7.274235535704349359e-03
9.106823028689753699e-03
6.862765984529513308e-03
6.471259380701297782e-03
8.883397838966123478e-03
1.154270449876430849e-02
1.104520010815935108e-02
1.103750253276810506e-02
1.007760433235968013e-02
9.283522448925324647e-03
1.064336545955646245e-02
9.441251911664148150e-03
1.062992555437743819e-02
1.076848570579154972e-02
7.897227115413575985e-03
8.775591318923525730e-03
7.232188043456253858e-03
6.463606397322410428e-03
7.251989076358006207e-03
5.853381270998435880e-03
4.734480611945362551e-03
4.721960556038535400e-03
6.605809761167372868e-03
1.009562007405372976e-02
1.352830213243518681e-02
1.572955020251909711e-02
2.229179461597909431e-02
2.248190831625185293e-02
2.295289550749562285e-02
2.326375680156621620e-02
2.125867620338211736e-02
2.080874359617358726e-02
1.551735015594874791e-02
1.350969367585778957e-02
1.216317357349335632e-02
8.791439384762556736e-03
8.077195267893244601e-03
6.033117007301877152e-03
3.994555877552382651e-03
3.296030158789937936e-03
2.605957757252806792e-03
2.144513545266188339e-03
2.194767363543255641e-03
3.177314816041327920e-03
3.777393601100015666e-03
5.406152559844346235e-03
4.869560762692467550e-03
3.825277936529887686e-03
4.642185871901324638e-03
4.751943175905378597e-03
5.398879084356895258e-03
5.692268774424608102e-03
6.544310151709691915e-03
6.459415746540297931e-03
5.974906726965727513e-03
5.938237023862428382e-03
7.319410597849360448e-03
7.982146557767418049e-03
7.875941369621906885e-03
7.517947523431238975e-03
6.712612909861442011e-03
7.661593301112525935e-03
8.368767378227450274e-03
7.557060659870299887e-03
9.854939300573312827e-03
7.330850461783077789e-03
7.568190802437761017e-03
9.478060964897876833e-03
9.782971850153256502e-03
9.539368688442023334e-03
9.039478748310354750e-03
8.349087652854707622e-03
8.496438369449396677e-03
8.156569115935869210e-03
7.966899386703371957e-03
7.944106000802180628e-03
7.801810451397825537e-03
7.181346994967212696e-03
5.777850697609374087e-03
3.166333110060371749e-03
3.319560009659682388e-03
1.697019378074479624e-03
1.014656351997009513e-03
1.704247901530299512e-03
-6.174049839430062817e-04
-1.846278119203270110e-03
-4.727649537851705448e-03
-1.336232019797474555e-03
2.186879138654080051e-03
8.015574859439694028e-03
1.247599801373632314e-02
1.660514684525802101e-02
1.416865834715861153e-02
1.034982094261823610e-02
8.474103101606539346e-03
7.870881167050499880e-03
7.322310421784016844e-03
7.549651547503832306e-03
7.780755680357337618e-03
8.322236843296576883e-03
9.212910640143488067e-03
9.469775000848119906e-03
9.204540516689214621e-03
9.883767885810907164e-03
7.045128565482585564e-03
4.808854250631740615e-03
1.644517774684122911e-03
4.038391865497583007e-04
5.316707014178320570e-04
4.254632612006256382e-04
3.424386262406808271e-03
6.103063058237267156e-03
7.353396649858948662e-03
9.610471342332001926e-03
1.044204498328307057e-02
1.109873193734836096e-02
1.151790145000143768e-02
1.102071118049186872e-02
1.132507037483309990e-02
1.118727494170695079e-02
1.121357720027273998e-02
1.135630246001300032e-02
1.146358259771600163e-02
1.175022056645293710e-02
1.185212481077992965e-02
1.246010895363146818e-02
1.244987034517473952e-02
1.294894703356820088e-02
1.321400678620688295e-02
1.311786475656450887e-02
1.358663725388972211e-02
1.327271471850994394e-02
1.347934916518754925e-02
1.413402852222163039e-02
1.247566023388033650e-02
1.164742372602404173e-02
5.996294882742574453e-03
5.734060703556012736e-04
-1.029301817536951375e-03
-2.099839500917022751e-03
-3.370978908151090088e-03
-4.217468866352683428e-03
-4.032828591755847035e-03
-4.642552384368808793e-03
-4.750835916189078724e-03
-4.984799792195769748e-03
-5.065013633006327197e-03
-5.402609732547394329e-03
-5.688457011155389174e-03
-5.430072968342448958e-03
-6.927229345888767306e-03
-6.297397432631496317e-03
-7.001203822515321591e-03
-1.165461828655373934e-02
-1.242055897795628534e-02
-1.232217370607715731e-02
-1.235260269547485204e-02
-1.303823479708903464e-02
-1.080009774083040726e-02
-8.175074809062410006e-03
-7.310309364918664808e-03
3.205070660876935176e-03
4.260918386320390432e-03
5.693156965344297986e-03
7.699513365170540351e-03
8.306360411797060472e-03
9.473614578775747808e-03
6.174672669771165585e-03
6.196668351011307488e-03
4.929246733135817654e-03
4.194434816134243009e-03
4.064487620739171310e-03
3.652506202793981936e-03
3.478185163928010446e-03
3.492129915673830229e-03
3.464616943723005781e-03
3.293864487541886283e-03
3.905795390205554600e-03
3.610027018650830040e-03
3.519034124346019036e-03
3.732958317077079632e-03
4.844997903388059864e-03
6.246058080388933870e-03
7.499679150661566970e-03
8.139064151407908454e-03
1.212247622837632488e-02
1.234624044358224003e-02
1.252675357880512694e-02
1.352276971343614048e-02
1.330552112706609967e-02
1.359807591573248403e-02
1.358996159932270888e-02
1.347045173870006426e-02
1.343390912694797899e-02
1.280238672514133307e-02
1.283387678365699967e-02
1.174483163007833224e-02
1.039047315151801591e-02
1.060791994641071927e-02
5.723494720226183358e-03
6.046594516452994707e-03
5.016344201885038039e-03
3.795252134050048666e-03
4.554261836782494410e-03
3.737702159504995882e-03
3.576330994009186554e-03
3.149493754865487563e-03
2.826944650936060767e-03
2.831461037885901841e-03
2.103841299404995546e-03
2.084151879193487777e-03
2.197059442091362988e-03
2.224180166011111189e-03
2.519994861337244377e-03
2.544100446304123960e-03
2.249895595594274440e-03
2.270491737765681362e-03
2.183819103646694130e-03
2.122243770572654082e-03
2.119773202426596895e-03
2.083299684999066412e-03
2.072888460442122958e-03
2.066132928550611873e-03
2.055274419939865597e-03
2.053042639862378074e-03
2.049254695726175808e-03
2.046633485453298179e-03
2.045832153275234985e-03
2.044361341165104162e-03
2.044236003577684212e-03
2.043866505182749451e-03
2.043644851217931921e-03
2.045366550739188480e-03
2.044072690303121165e-03
2.047030387359409336e-03
2.050804493230833168e-03
2.045600815676312367e-03
2.063843260641758711e-03
2.059657962897469552e-03
2.056454630758536208e-03
2.124024020030155450e-03
2.051297477633651483e-03
2.145039178563629655e-03
2.270388817040184994e-03
1.969060840235800115e-03
2.707913213153603001e-03
2.897245204664996437e-03
