-1.468714075392828569e-02
-1.383032240346893961e-02
-1.489920066676521729e-02
-1.667036370612773322e-02
-7.636081741467355688e-03
-7.471113797058802353e-03
-6.291689673568459304e-03
-3.763687917906424416e-03
-3.888025977835979537e-03
-2.871908743036774309e-03
-2.317852171533044733e-03
-2.202899338970025576e-03
-1.774832025326355438e-03
-1.655508477351195660e-03
-1.535069000138841646e-03
-1.396565044406229130e-03
-1.355571556117289665e-03
-1.291639134674379529e-03
-1.250909861738158614e-03
-1.230426444054541144e-03
-1.204163445452056599e-03
-1.192325321438619367e-03
-1.182639072756188096e-03
-1.172218617613165949e-03
-1.172652892419761509e-03
-1.165730529866459758e-03
-1.163749304954221327e-03
-1.176836271831441802e-03
-1.155785941290607410e-03
-1.183523513293585497e-03
-1.197014364399622390e-03
-1.138998472783430251e-03
-1.288981024088662079e-03
-1.178497326604685926e-03
-1.178818925178393845e-03
-1.673143546828068486e-03
-1.542771815905889582e-03
-1.511073178045233218e-03
-1.428227442119186759e-03
-9.456935005072344535e-04
-9.875856258057314797e-04
-3.943617838664699980e-05
-7.932286319141656225e-05
-1.563795839586210165e-04
1.284882951567133894e-03
6.912964909540047077e-05
1.519766781913419514e-03
-3.094474882674401288e-03
-5.049231792505973551e-03
-9.055367301846464420e-03
-1.036835211202610275e-02
-9.684269378705591749e-03
-1.282864401864633290e-02
-1.357949094195211315e-02
-1.789533870299444412e-02
-2.051989172436274184e-02
-2.386456516758939800e-02
-2.917244922268399931e-02
-3.300412158559580533e-02
-4.079370891386837478e-02
-4.904382170871376956e-02
-5.708578070876212107e-02
-7.692511607417404362e-02
-9.509091711226076715e-02
-1.122059931778280201e-01
-1.631006401497757941e-01
-1.925696358210767234e-01
-2.424449344657668981e-01
-2.909615033393584960e-01
-2.892144792174834445e-01
-3.126385914620649076e-01
-3.124384859608347331e-01
-3.116891743689677585e-01
-3.239288591333493450e-01
-3.127405717233230353e-01
-3.127956745062742128e-01
-3.082661688511676434e-01
-2.905452886530772161e-01
-2.877219969179253822e-01
-2.680981143475261730e-01
-2.471103058300856969e-01
-2.310034844969957035e-01
-1.870745891069370281e-01
-1.614592642053727101e-01
-1.546255401018859776e-01
-1.392252251149152242e-01
-1.349762737745910102e-01
-1.245420980097747266e-01
-1.299297891439529229e-01
-1.285159592954661090e-01
-1.497482275076895408e-01
-1.499291873376879525e-01
-1.699165530910155264e-01
-1.947907341887398225e-01
-2.028354723639470558e-01
-2.280750977677638847e-01
-2.318140044444216008e-01
-2.407911041076549463e-01
-2.524862693769193700e-01
-2.469589082867479635e-01
-2.452848082742267732e-01
-2.353085437321026929e-01
-2.209036793217468986e-01
-2.137398874649245606e-01
-2.031269444626416787e-01
-1.715608525437324894e-01
-1.791301768389568227e-01
-1.703259295489260583e-01
-1.837232050913864545e-01
-2.265864057174444557e-01
-2.442107968120859063e-01
-2.896632736638759531e-01
-2.992812478103988871e-01
-3.258022472056360530e-01
-3.423203428545735783e-01
-3.427818048142801111e-01
-3.153479509674881887e-01
-3.110830046019191775e-01
-2.759929713654782901e-01
-2.446780235579809615e-01
-2.181479546005006542e-01
-1.748654200304457507e-01
-1.293680727164573940e-01
-6.783085694431095769e-02
-2.427470457257816655e-02
-9.819279544961792908e-03
2.774154591167525552e-03
9.037181767956104991e-03
1.148338123652054704e-02
-1.984354826629996084e-04
1.312275504688656218e-03
-7.942306653920436568e-03
-1.157473571537086070e-02
-9.132252482294016998e-04
-1.271655636927825593e-03
8.345909345740410573e-03
1.172928236158906484e-02
1.451648800384185665e-02
1.044066486930895869e-02
1.867952079849137179e-02
7.502760057345334889e-03
-5.408231150022963993e-03
-1.849598259796104288e-02
-7.754896057076814120e-02
-1.055726763397822621e-01
-1.121786797622437160e-01
-1.331824112057772569e-01
-1.680780923582753106e-01
-2.062818930696673492e-01
-2.346037877092608248e-01
-2.723629496107197734e-01
-2.794793204909940543e-01
-2.871838206556964757e-01
-2.902433531302792691e-01
-2.705848569881203480e-01
-2.681899267820591626e-01
-2.629612027174449973e-01
-2.563586275050891428e-01
-2.620415034758565853e-01
-2.637914290307172838e-01
-2.757619800193404358e-01
-2.810994084320573294e-01
-2.933613023359017413e-01
-2.971930736745878598e-01
-2.889938120271381972e-01
-2.913372877360947966e-01
-2.755751959699307974e-01
-2.707132321017767795e-01
-2.708763244512680246e-01
-2.659857077748868370e-01
-2.760116670029673092e-01
-2.826139739388520145e-01
-2.977341210798746807e-01
-3.005889503306407029e-01
-3.118546067159009838e-01
-3.082747733791692535e-01
-3.044697488745587433e-01
-3.053003397596478763e-01
-2.866638757391563042e-01
-2.792249074352517457e-01
-2.640935993991196384e-01
-2.375782335583423166e-01
-2.292740955348543108e-01
-2.294304658025616006e-01
-2.265486033616158357e-01
-2.371894515036757911e-01
-2.333473807953549140e-01
-2.435310689481133273e-01
-2.435972445538953368e-01
-2.416200547380938646e-01
-2.603172025939022860e-01
-2.563164606879397289e-01
-2.707687294235293640e-01
-2.952577204077086459e-01
-3.099823859898156453e-01
-3.453080948332327149e-01
-3.704837511164382202e-01
-3.575928278157797235e-01
-3.701116703815781617e-01
-3.440869946403772306e-01
-3.257787118464203213e-01
-3.034294397211441674e-01
-2.632819481202586243e-01
-2.389368417762587904e-01
-1.977271093043952155e-01
-1.862797567301474055e-01
-1.861888663843961067e-01
-1.904015227621117246e-01
-2.283087549919355086e-01
-2.499280273688734288e-01
-2.478207999859975974e-01
-2.314486630761879160e-01
-2.386618841786663781e-01
-2.203242909258155968e-01
-2.093113985019451895e-01
-2.032964015871205066e-01
-1.648259159012684383e-01
-1.485487218780472407e-01
-1.185650386658213262e-01
-6.345811991863734014e-02
-5.337859578979368275e-02
-1.362195949716923232e-02
-5.743585912320463803e-03
-2.636843564600723001e-05
1.651951481546117678e-02
1.849095090648465722e-02
3.955080232143288327e-02
5.074660966224921882e-02
4.910850393719334156e-02
5.685092343253022457e-02
4.784371597574339774e-02
3.794034819650055762e-02
3.396332092990596296e-02
1.541586551043329367e-02
1.688449329311908151e-02
-1.015429889156115213e-02
-2.017400902658003647e-02
-3.996110687593991406e-02
-1.124771986884984115e-01
-1.054610562765972842e-01
-1.565855920001140711e-01
-1.539074846036322941e-01
-1.660134496994015441e-01
-1.945430471796701088e-01
-1.858262266916896888e-01
-2.271883910982831212e-01
-2.273585587987233814e-01
-2.188505960771115477e-01
-2.287691751196936074e-01
-1.928273628880685653e-01
-1.864304717873948580e-01
-1.348373102450773353e-01
-1.018212892341350678e-01
-4.580049849567263687e-02
-1.247352248694010707e-02
1.283402574592650003e-02
3.229534651899569619e-02
3.542970287290789916e-02
4.255365525684495775e-02
6.609546501977919819e-02
7.052107059069520623e-02
6.083752737986761194e-02
6.273951133945723790e-02
5.637307189635264865e-02
2.646446706831128912e-02
2.323209884991716753e-02
-3.354647335435954718e-03
-6.562296656117658916e-03
2.667010063877353968e-03
-1.497074795128490628e-02
-1.211224183008506247e-02
-1.799342330851596075e-02
-2.358423354943200642e-02
-2.335096105567033981e-02
-2.819695608413303259e-02
-3.057384116622104825e-02
-3.115681909656838403e-02
-3.650816011985794085e-02
-3.179758608410109683e-02
-3.113247723963392249e-02
-3.229284453254615411e-02
-1.797275283671937590e-02
-2.676625071770610473e-02
-2.352762204088148026e-02
-4.684301611674238780e-02
-4.668546360722615474e-02
-4.648567587782951455e-02
-5.413120355613604273e-02
-5.501639178020408666e-02
-6.492950513939721446e-02
-7.350947110678153484e-02
-8.074861017504421368e-02
-1.014816025088434437e-01
-1.136589058460978907e-01
-1.202909395433144207e-01
-1.394103528934338698e-01
-1.473405950584392998e-01
-1.592891521095066709e-01
-1.878932304583384727e-01
-1.941840720469473758e-01
-2.086920993061329999e-01
-2.178588882613109456e-01
-2.188047409551003297e-01
-2.419963167645964308e-01
-2.427019989461826344e-01
-2.583679507772440598e-01
-2.757508465677904197e-01
-2.484088091089250161e-01
-2.590814990896302961e-01
-2.301625602761006584e-01
-1.972191842992303545e-01
-1.846664606186500801e-01
-9.576507262579564417e-02
-8.656328139452419690e-02
-2.387019209806737555e-02
-9.388904536333713552e-03
-2.169423151507785322e-02
4.261396329986286320e-03
1.620437384631454470e-03
4.338789851760192773e-03
3.348623558206841738e-02
2.166805585347300958e-02
1.940386531013961469e-02
1.602274614321466326e-02
-1.592200561799488046e-02
-3.553702533087017140e-02
-7.299069479085139311e-02
-8.529171814735433954e-02
-1.476661331403034128e-01
-1.520261419104407263e-01
-1.561953431372878898e-01
-1.718748544657290878e-01
-1.505104059375204362e-01
-1.552946207937171696e-01
-1.596361016080934669e-01
-1.412515179588843262e-01
-1.377535112288719721e-01
-1.192981443970965311e-01
-1.153474882790414546e-01
-1.121347406292146492e-01
-1.012394069808550678e-01
-8.725497633988968382e-02
-8.078683181088261445e-02
-5.769016519197629755e-02
-5.299807815172317971e-02
-3.948370606549624073e-02
-3.883397188098641067e-02
-4.515827187171675416e-02
-3.700771245645489288e-02
-6.202575410534778150e-02
-7.033222908349612279e-02
-8.304552737344102209e-02
-1.606828839121945685e-01
-1.772495837532988006e-01
-2.298555223980475737e-01
-2.911279534093880184e-01
-2.904702328418732327e-01
-2.877263086504499023e-01
-2.736129171888824207e-01
-2.530228233322810438e-01
-2.255155884906353825e-01
-1.943797172842369470e-01
-1.670259033835663487e-01
-1.428280422923065285e-01
-1.264423236762676206e-01
-1.073577022904241840e-01
-9.006472313358838966e-02
-8.175301927973294136e-02
-6.550770121527295375e-02
-5.626767021157687287e-02
-5.275836767261345150e-02
-4.717196926552762182e-02
-2.073824640467649208e-02
-1.807949796958742764e-02
-3.143304441932048832e-02
-2.664932754684420577e-02
-3.283915415946574157e-02
-3.517932878182711970e-02
-3.263543477422280875e-02
-3.680207297284645435e-02
-3.721589855020496912e-02
-3.950400705116250549e-02
-4.343726855664215014e-02
-4.501906925072028665e-02
-5.131476229721938093e-02
-5.440017872569209018e-02
-6.120410084333436501e-02
-6.921259666412245271e-02
-7.399418646471055128e-02
-8.694652859517358612e-02
-9.103133558842031736e-02
-1.016249474697858146e-01
-1.098999979177997799e-01
-1.150651851363126976e-01
-1.263492831320389698e-01
-1.304615727929034352e-01
-1.398935649756577471e-01
-1.486595252121084565e-01
-1.540084014688335723e-01
-1.682921685137159784e-01
-1.752173677050161971e-01
-1.708597392745517529e-01
-1.785131431185065787e-01
-1.714738071362310601e-01
-1.681654668215400439e-01
-1.668302505913905887e-01
-1.519016526991582849e-01
-1.478034410563038303e-01
-1.500524211668875507e-01
-1.413077254004981020e-01
-1.451371725480616326e-01
-1.445106590360079046e-01
-1.403954885268734465e-01
-1.459149934646646884e-01
-1.420910162024709156e-01
-1.400897857141574498e-01
-1.054425954950632127e-01
-6.365658287427262974e-02
-3.511699643666216231e-02
-2.554679125292277572e-02
-8.098732159369985504e-04
1.253220176243008237e-03
1.019072072192327323e-02
1.857470791774431737e-02
2.191518246059559125e-02
3.138867067183234022e-02
3.414257814029260374e-02
4.376135103438705959e-02
4.586363422819355468e-02
4.322407337780549696e-02
4.623800856585849606e-02
4.498588925857203297e-02
4.383871571877291651e-02
4.316888959255826830e-02
4.180437024127930251e-02
3.772465275505940824e-02
3.721637506650322252e-02
3.901870441555213564e-02
3.752541406618118552e-02
3.828019206573052280e-02
3.838502996495483238e-02
3.806611693493438392e-02
3.849490387364057353e-02
3.840712163892057857e-02
3.849885624932224137e-02
3.874739840837524568e-02
3.878239675865680081e-02
3.907143941515708874e-02
3.939837321255548752e-02
3.957552061725504167e-02
4.032499640732231661e-02
4.076478222167916748e-02
4.139182694149827479e-02
4.320253010529677418e-02
4.340564395691486055e-02
4.607990709516156247e-02
4.910958220473660152e-02
4.890602879171945111e-02
5.808907342448016431e-02
5.769706871570610268e-02
5.940282843329199036e-02
6.200477413859987325e-02
6.030256124105151661e-02
6.051851007344118127e-02
6.000176270709538934e-02
5.525311945913689848e-02
5.252540559101795403e-02
4.956289161055796311e-02
4.431017635052700993e-02
3.786606810986608423e-02
3.644705917890318780e-02
2.181100761341094388e-02
2.126462516451171209e-02
1.692409883252398578e-02
1.272586126545156675e-02
1.104557700895087390e-02
7.462232073860037077e-03
6.422871340647142574e-03
6.030680871846234598e-04
-2.971834681578450817e-04
-1.551471928511116097e-03
-3.270674902291573812e-03
-3.526080995867844799e-03
-4.285235400933679571e-03
-4.728174424045977070e-03
-4.910248711940502081e-03
-5.216528784707023109e-03
-5.338401551717771726e-03
-5.446422245359421391e-03
-5.548952139951094341e-03
-5.593095528818974906e-03
-5.642090105841156798e-03
-5.673941642805158114e-03
-5.692623174642253737e-03
-5.708827218720852713e-03
-5.718641836130834710e-03
-5.722874313070154192e-03
-5.721388000899330084e-03
-5.725260659861689840e-03
-5.708932039408685412e-03
-5.699252052761884409e-03
-5.697300584522012150e-03
-5.628538370649457077e-03
-5.644231883602932563e-03
-5.577266097034179297e-03
-5.411554475923970216e-03
-5.553729621330126542e-03
-5.112683159497143602e-03
-5.011969387737557138e-03
-5.265563528164460098e-03
-3.368644033965135023e-03
-3.184147112837581312e-03
