7.164828221253301092e-04
4.316102602940718558e-04
-2.583630950661257135e-04
6.246181815207862108e-06
-5.879707554980643331e-04
-1.061557039393779120e-03
-1.401439073862151188e-03
-1.898576216571740485e-03
-2.084909051957125909e-03
-2.282592571448308766e-03
-2.443608714012658785e-03
-2.510582424622746171e-03
-2.589813283524481508e-03
-2.634942148379245883e-03
-2.662571949132118681e-03
-2.689219268772969230e-03
-2.702812068103783213e-03
-2.713580713127871583e-03
-2.721846796411077265e-03
-2.726115705922070673e-03
-2.729461671536748818e-03
-2.732089704122351182e-03
-2.731789690176597389e-03
-2.732357683363686746e-03
-2.732679744481482115e-03
-2.725807402499550412e-03
-2.729102333351950821e-03
-2.720275063556161499e-03
-2.702169368872691432e-03
-2.721076349217415626e-03
-2.661720084687014577e-03
-2.652369568353755893e-03
-2.682672830331321590e-03
-2.460368814200631932e-03
-2.582635265428783779e-03
-2.454444017163099137e-03
-2.072379800498167380e-03
-2.181507036267464356e-03
-2.458130907988883944e-03
-2.550744304682095280e-03
-3.271178878413161240e-03
-3.132763065499536998e-03
-4.711177804681777360e-03
-5.537301495752349444e-03
-5.596392915531231069e-03
-1.100256123856356225e-02
-1.111217081998186473e-02
-1.281008902773161581e-02
-1.397064667136954132e-02
-1.386193250407943313e-02
-1.468512430784377730e-02
-1.273404316690463813e-02
-1.445529496806859104e-02
-1.303003644638539224e-02
-1.038646734170172066e-02
-1.963855294865505044e-02
-1.375107192923144539e-02
-1.558778045716622922e-02
-1.554219285190312425e-02
-9.377643723166611406e-03
-1.299784187239704479e-02
-9.247118409787228807e-03
-7.524106000745473151e-03
-7.774899422596705939e-03
-8.088023609821299101e-03
-7.745378446053147355e-03
2.861239454954250068e-04
5.766360940653937443e-03
9.558590070975545375e-03
9.796876358282262734e-03
8.121362413456878785e-04
3.838491828160717602e-04
-8.207237083341951001e-04
-4.099064597688191827e-03
-3.108274567384239264e-03
-2.579524789775900200e-03
-3.765183524174311232e-03
8.071494281157182843e-04
2.903134454416989203e-03
3.142086289888313105e-03
1.808739561889232891e-02
2.180468296094333069e-02
2.268549558735928617e-02
3.358238727502545901e-02
3.173562181229617335e-02
2.736390083877655865e-02
2.530784907081578758e-02
2.062472758090274499e-02
2.995878294212783732e-02
3.637208526092099159e-02
4.796273620278294902e-02
5.351383848832535345e-02
4.904693129837492394e-02
5.587310380458057613e-02
4.714670120273282278e-02
4.456576483762221541e-02
4.229395258214568853e-02
2.566738331365278278e-02
2.816864979825726978e-02
1.689345090166254060e-02
-4.591585509491055705e-03
-7.986569173758032922e-03
-2.521855159955522716e-02
-3.364663834689034932e-02
-4.691449708267681623e-02
-4.978411021875737280e-02
-4.178769936953046632e-02
-4.179691858319357911e-02
-3.658666537405938501e-02
-3.422147770582772280e-02
-3.728188244667875184e-02
-3.255339987576414545e-02
-3.839579170169851036e-02
-4.560873984489883376e-02
-4.639723803255960816e-02
-6.143426006884776525e-02
-6.932208814875399916e-02
-7.912567095640013481e-02
-1.008093551177320496e-01
-1.144154285079477529e-01
-1.260782527557587351e-01
-1.356558350265272550e-01
-1.358282401383422711e-01
-1.408575929779929403e-01
-1.383321186371396783e-01
-1.373723221387131710e-01
-1.359218468770200250e-01
-1.265746168387715254e-01
-1.264201567590904629e-01
-1.035817130929930358e-01
-9.264691878123659796e-02
-7.574567961004372019e-02
-5.003567696930402708e-02
-4.022149893887336236e-02
-4.415067146833798542e-03
1.349083675007582651e-03
1.563380376103813002e-02
2.198114153418512934e-02
1.688308639138854164e-02
2.139304263390330585e-02
1.969957646999016473e-02
1.710275587532475092e-02
1.830815753754763339e-02
1.899140760669219136e-02
1.900919062753142139e-02
1.966873536900530864e-02
2.151704270509985362e-02
2.214336218102486847e-02
2.304117053776403093e-02
2.774015726950387201e-02
2.870454645764866294e-02
2.651578806317896400e-02
2.201631224434282344e-02
2.432884194610342166e-02
8.567402999422726873e-03
2.355065963302821995e-03
-5.507992308258305783e-03
-4.644999945593408786e-02
-6.206305539676138655e-02
-7.250489652795757967e-02
-9.262027388815466389e-02
-9.305917000919487758e-02
-9.063656550737267392e-02
-9.870053066464569425e-02
-9.441315620158363675e-02
-9.650336186522723292e-02
-1.051840870845841408e-01
-1.029919753039122837e-01
-1.066291836675012789e-01
-1.078057760927041697e-01
-1.164881064501583213e-01
-1.308819442187815207e-01
-1.410311063082745620e-01
-1.468684591478369161e-01
-1.493728584214779054e-01
-1.440804438350432592e-01
-1.456701055160253833e-01
-1.345357633462205271e-01
-1.272389176671908373e-01
-1.203976243909850447e-01
-9.464154354025566818e-02
-8.432089300787393160e-02
-6.274847872146346872e-02
-3.715553863705643028e-02
-2.946922064945427244e-02
-1.230679967603331374e-03
9.080143499760750733e-03
1.806818831606426742e-02
3.531577022266892130e-02
3.631457765626977530e-02
4.341321162963317215e-02
4.965314710497429479e-02
4.452418761905933831e-02
4.898676103378471480e-02
4.860263307854716802e-02
4.542328892705924798e-02
4.852792439092860899e-02
4.203380489349180932e-02
4.138303812297969286e-02
3.580898545115190207e-02
2.678877169456551216e-02
2.395277061740366809e-02
9.245385288136889410e-03
4.753156303774372544e-03
-2.292265968232139357e-03
-1.255457106063171541e-02
-1.501575457866501963e-02
-2.351460348557830177e-02
-2.797638520426653369e-02
-2.953100836539497218e-02
-3.346799047643971708e-02
-2.629457717478445034e-02
-2.112862313648855919e-02
-1.410119301801993422e-02
-1.024965270770176497e-02
-7.908633204105212965e-04
1.322140368328703552e-03
-2.044872083840161472e-03
-3.340833539517747836e-03
-5.192044917283809499e-03
-4.606078510915725087e-03
-4.627086084646760827e-03
-3.833318888152473930e-03
-1.910488429118258188e-03
5.259597215030023054e-04
5.573334212088254178e-03
9.548899795931110532e-03
2.029477862580116379e-02
2.805711329488195377e-02
3.012797830576613434e-02
3.604796084387385663e-02
3.941399673848966501e-02
3.842243412105249972e-02
3.778401834814316962e-02
3.662452141899863456e-02
3.054028369241715973e-02
2.769411560530792363e-02
2.549839987204076397e-02
1.514025171816598889e-02
1.618510384358590182e-02
6.253650368338308126e-03
-2.610053289518964991e-03
-4.491516453031375519e-03
-1.853689624230013891e-02
-2.294696716376791804e-02
-1.535634181817697140e-02
-1.917408989796028432e-02
-1.593162740826282314e-02
-9.879933444952597801e-03
-1.098992205786737848e-02
-5.726833411573943079e-03
7.556334288021158627e-03
1.101300294530459592e-02
1.911973922430750678e-02
2.083592209456871722e-02
2.925193869703720737e-02
3.035781569451051834e-02
2.644501716069649205e-02
2.710175059497830011e-02
2.324959138629240779e-02
2.213381653332775756e-02
2.426895611714110709e-02
2.347730424791216741e-02
2.471747856131464513e-02
2.777820931320919978e-02
2.842884908095582794e-02
2.832653406212792130e-02
2.601433124588771462e-02
2.314100761174528800e-02
1.206371434290064507e-02
1.789854771615820989e-02
1.400438612756230682e-02
2.326688204410740785e-02
2.409038336163478455e-02
2.682603553806586771e-02
2.969853859702333010e-02
2.954742648295938939e-02
3.249415893374751896e-02
2.810749925060052057e-02
3.043024393004098438e-02
3.112977872743944927e-02
2.981032603530095471e-02
3.474576878805298724e-02
3.455651890313646279e-02
3.405807286110539012e-02
3.527481014263596920e-02
3.483018806611198892e-02
2.899656565884444273e-02
2.840995656574061418e-02
2.494671281056615522e-02
2.283968482146028420e-02
2.543166364092457055e-02
1.900396924020856040e-02
1.710717718635493961e-02
2.224196215283562664e-02
4.941726116664409488e-03
1.980486463177005829e-02
2.079430485870958911e-02
1.791286541867063292e-02
4.491383207718714632e-02
3.774248162819231200e-02
3.781101978541868969e-02
3.830625433545550851e-02
2.039763651214701948e-02
1.913129064894417489e-02
3.827160743593287662e-03
-8.785053553839386811e-03
-9.823115881923000225e-03
-2.112185873176228995e-02
-2.149416704284175597e-02
-1.856614051871157897e-02
-1.697041747351764329e-02
-1.055675675164687022e-02
-6.962592221122579535e-03
-4.839276673015881734e-03
-4.574753921768558163e-03
-5.998239187437700605e-03
1.030631625780421791e-03
6.860957325470198528e-03
1.615095140566737142e-02
1.655727401347901334e-02
2.300602394139691573e-02
2.289825340810626442e-02
2.430896038820057684e-02
2.770222287929879207e-02
2.680846297976640161e-02
3.371261083695670929e-02
3.347985569442694931e-02
3.581655454358753654e-02
3.730667645289369172e-02
3.694550109877642319e-02
3.903985207341587743e-02
3.623926510308338178e-02
3.776787642711475906e-02
3.761329601461799871e-02
2.855209532838918693e-02
3.367108288352241990e-02
2.209320719975186101e-02
1.828330576304762478e-02
2.099087685675158840e-02
-1.120284862786154016e-02
-8.361304595062204331e-03
-3.539026158763108475e-04
-8.238822069603650780e-03
6.463868187023727452e-03
4.682682052828414897e-03
9.716059009760136256e-03
2.085670638829040593e-02
2.050587365207178631e-02
2.062295683821453382e-02
2.094742271212609100e-02
1.334091751939716491e-02
6.248590080277542473e-03
2.405082373059808532e-03
-9.650748525822705481e-03
-1.833825757423943395e-02
-2.657528628071363294e-02
-4.044331285910907764e-02
-4.701925208743051865e-02
-5.383981444287150309e-02
-5.845220368717234799e-02
-6.647103536851213523e-02
-7.012506757096616250e-02
-7.741094855137761743e-02
-8.821851902181566951e-02
-8.514623519518317585e-02
-9.193686116272244135e-02
-9.182178787901892902e-02
-9.120720584639774309e-02
-9.650666493682880098e-02
-9.478549520394213834e-02
-9.779085095548141482e-02
-1.019100494342523866e-01
-1.027410379530295792e-01
-1.038189295375496896e-01
-1.053583884766376294e-01
-1.029485421978151294e-01
-9.998123212289156125e-02
-9.835669982530831357e-02
-7.904801200109121129e-02
-7.178968873254482075e-02
-5.775875140024180204e-02
-3.448967132086108722e-02
-2.379177797344958489e-02
2.322885026756215093e-03
6.743815559192883197e-03
9.949536053067984179e-03
1.917451394029766332e-02
2.143378226801356118e-02
1.534264293823040838e-02
3.591295584716547307e-02
3.481278418694606913e-02
4.602599103005298314e-02
5.219257037718262604e-02
5.281012852464078700e-02
5.807915423576320152e-02
5.896717461851588848e-02
6.022745926008174489e-02
6.186172352426978771e-02
6.209694418256124504e-02
6.289256516001752451e-02
6.325974764252163818e-02
6.365545777218813150e-02
6.385881582276126123e-02
6.414011688466114691e-02
6.479418403378714442e-02
6.433352479963155846e-02
6.577203122689984083e-02
6.622275827615890786e-02
6.555249987048966664e-02
7.036390629542921271e-02
6.920264523973342075e-02
6.860546927554039831e-02
7.212855431819058249e-02
6.544964395037346228e-02
6.710038896410727705e-02
6.607764694625012369e-02
4.790696208981964910e-02
4.700419141284147700e-02
3.370541458456466355e-02
2.676244935895031110e-02
2.155671476944032855e-02
9.407049949088861981e-03
7.657720965252793298e-03
-3.445849568974915320e-03
-4.870274217814668169e-03
-3.594267051646261001e-03
-7.188461827864661528e-03
-6.302387496523217947e-03
-5.980750691221978915e-03
-6.970107812603230923e-03
-6.203482229981362693e-03
-4.502950090160653604e-03
-4.299393976830111902e-03
-3.312554615880770100e-03
-2.119489311479832386e-03
-2.144513810000807548e-03
2.771772802721467243e-04
3.189447952361510060e-04
1.001407432236781471e-03
1.707769879065614612e-03
1.742421521891175532e-03
2.101467861714476776e-03
2.244461556152496998e-03
2.306106214699064124e-03
2.425105358635740345e-03
2.455596274822147238e-03
2.492770990652076486e-03
2.524840276078057534e-03
2.535307538590501290e-03
2.550466059259385524e-03
2.558596381707198622e-03
2.563225067482144577e-03
2.568221038506738902e-03
2.570383295328631211e-03
2.572303099264607994e-03
2.573586304330179649e-03
2.574011479922551967e-03
2.574773410987968303e-03
2.574111236700980018e-03
2.574053289771806568e-03
2.573987889182656127e-03
2.570045907835976935e-03
2.571998897437784495e-03
2.566653132731062589e-03
2.557299244982405746e-03
2.568022701134198543e-03
2.533073743457770442e-03
2.534016255192877293e-03
2.547452598438929884e-03
2.412855300660297214e-03
2.527252090918033316e-03
2.384453430836958477e-03
2.143339413169948957e-03
2.515435725376334846e-03
1.577349212706799682e-03
1.434800329379460736e-03
