1.648405669058364406e-03
1.955655973846758162e-03
6.091941136633054719e-03
5.863633387675223560e-03
7.699993480548855511e-03
8.891129913748527583e-03
9.135370638028487977e-03
1.011211987051938155e-02
1.043865781465104503e-02
1.075986533238537830e-02
1.115231350687161289e-02
1.129433994529610401e-02
1.150107538225328407e-02
1.164639053430397038e-02
1.173080067400843543e-02
1.183111070995145064e-02
1.188672303894556907e-02
1.193205851501358619e-02
1.197134535355870617e-02
1.198854195148358996e-02
1.200427210034444615e-02
1.200868325867074024e-02
1.199821685058206910e-02
1.199232018263173515e-02
1.196032704496875071e-02
1.192234180408513131e-02
1.189244006715892317e-02
1.178943850532318885e-02
1.173801165589327677e-02
1.163279069952752841e-02
1.139976941330009437e-02
1.138952144651619001e-02
1.098426770146326316e-02
1.066651835434330280e-02
1.069607751973488535e-02
9.411405325530751084e-03
9.809136921240742962e-03
9.411313985433085103e-03
9.718865201783699267e-03
1.023209483480933338e-02
9.892161952544040182e-03
1.236586928706632366e-02
1.218565058182670933e-02
1.211058566465521465e-02
1.199345011335384292e-02
1.171918085327902127e-02
9.827846047722696779e-03
8.096398632223455322e-03
4.928559613584317795e-03
-4.026551018306440306e-03
-7.894172097032603821e-03
-1.175223743113775789e-02
-1.872483730943410099e-02
-2.215100133098043059e-02
-2.683697146623779256e-02
-3.024229324673789049e-02
-3.497094300447336351e-02
-3.682316699431299051e-02
-4.291817461898170954e-02
-4.723001539135814747e-02
-4.727124862087159901e-02
-6.128315316754016223e-02
-5.925475903055710258e-02
-6.260008865838842529e-02
-7.046944783557336500e-02
-5.851126795338790210e-02
-6.515373157902659695e-02
-7.103670339592199623e-02
-7.751860358687874542e-02
-7.969891514777319164e-02
-8.497474240303168336e-02
-8.458905335352963351e-02
-8.456328641056296003e-02
-8.456120117933853264e-02
-8.276698042759461638e-02
-8.041377039583388897e-02
-7.776878968608730291e-02
-7.436009604678084361e-02
-6.831759286232813588e-02
-6.370392772959529437e-02
-6.063766247104931256e-02
-5.649553203421035091e-02
-5.025629979996970587e-02
-5.129503242253527495e-02
-4.537708089526714533e-02
-4.760737690493589691e-02
-4.390876468469609439e-02
-3.814364781810258148e-02
-4.093865242093620849e-02
-3.644945813686283065e-02
-2.981819489210768559e-02
-2.689870640967351872e-02
-2.208619441269563111e-02
-1.837724964520517923e-02
-1.676423723627594106e-02
-1.275375343778241757e-02
-1.164940365862685186e-02
-1.273301253185233142e-02
-1.375602838999343859e-02
-1.730179131732547532e-02
-2.209710806932584440e-02
-2.279137281459505532e-02
-2.786655472613842541e-02
-2.602685796857796136e-02
-2.823711986434704335e-02
-2.735375547837752205e-02
-2.586631747584782273e-02
-2.494406571395272124e-02
-2.424584063356937866e-02
-2.195267597299375290e-02
-2.138073698431082123e-02
-1.955732037345004476e-02
-1.804579465370585029e-02
-1.554487404020214215e-02
-8.924388835297397335e-03
-4.234623191896197576e-03
-2.751795599835710638e-03
-1.541603560190412834e-03
-4.083668270790980284e-03
-4.982796784385618363e-03
-7.237186467274832379e-04
1.565386325181262984e-03
9.116412039966638459e-03
1.243811858932073258e-02
1.641076560176083290e-02
1.571699117000215778e-02
1.205401333583359068e-02
1.052284377501127612e-02
8.582230467765336601e-03
5.132613801412912007e-03
4.648520433288305144e-03
4.678482492637658398e-03
3.914686909534281778e-03
4.139884091995513563e-03
4.793144895812419086e-03
5.187435517220338396e-03
7.579940045753050942e-03
8.313762196421105657e-03
1.189656681156047065e-02
1.579769378694325516e-02
1.708947454475564370e-02
2.779521536139125532e-02
3.263970740495602402e-02
3.707798593210279159e-02
4.776624958328366810e-02
4.931993486416137024e-02
5.372536839479213205e-02
6.373363994819614131e-02
6.825448719436322254e-02
7.737891818783533548e-02
8.032318991114517637e-02
8.386333528380682245e-02
8.642784046197377057e-02
8.497250913862791633e-02
8.771722803176755512e-02
8.432896911930538864e-02
8.319839211705272464e-02
8.368884488438681213e-02
7.488315834571476759e-02
7.515435801856364118e-02
6.916935218036807109e-02
6.414868189451716773e-02
6.547262856042805612e-02
5.811648068195374855e-02
5.676285665556330545e-02
5.365910448313224862e-02
4.557251804335887835e-02
4.353630146190248795e-02
3.707786965826050801e-02
3.274453540015862668e-02
2.983898767742250782e-02
2.580661597673853183e-02
2.419276454819129993e-02
2.100892221944954813e-02
2.097450681186557517e-02
1.775125425456386408e-02
1.597794436700399751e-02
1.372405465542705580e-02
8.406354462215628182e-03
6.167214419271037883e-03
1.355753246663010886e-04
-2.852681755792043240e-03
-3.561180962754397633e-03
-7.167368965232531405e-03
-6.192772389970480421e-03
-5.464701813722685347e-03
-2.758083778834618909e-03
8.493721595552285522e-04
1.610515858754390161e-03
3.894845978203343492e-03
6.576080573922407635e-03
5.181603979176292903e-03
5.257935271562286586e-03
5.142773002892051838e-03
3.029552240566058853e-03
-9.448225059312984845e-04
-4.487802739676045177e-03
-1.135040683682579654e-02
-1.785241468370971779e-02
-2.443997580286546081e-02
-2.428928613420757235e-02
-2.678778616155700482e-02
-2.694729199747904549e-02
-2.120863245751669277e-02
-1.811616872647850776e-02
-1.376890098734693570e-02
-1.076265483131301492e-02
-7.400757386536752254e-03
-6.720206951339287131e-03
2.921394949823021784e-03
3.482036812997018650e-03
6.672382908730478158e-03
1.099492659397900869e-02
7.029802846078929066e-03
8.670968285307325760e-03
6.798450922139574921e-03
4.500094530920714132e-03
8.300142375959442334e-03
9.439029394618343033e-03
1.182766737897162669e-02
1.367961712074423214e-02
1.280630636044396801e-02
1.386456860943933479e-02
1.217451633887424271e-02
1.271456270815176336e-02
1.214736593638152291e-02
1.019965004127241538e-02
8.914355009284859882e-03
8.417245942340410847e-03
8.231415479887387379e-03
8.788315439574806778e-03
1.245193058582151624e-02
1.280651123317730518e-02
1.553383544566167701e-02
1.758418754592696101e-02
1.795259638224672508e-02
2.344143471904912637e-02
2.444820156830969371e-02
2.870548631112986721e-02
2.973116965602340400e-02
3.166173427088630338e-02
3.512089694113348926e-02
3.254069058655194302e-02
3.453114067878681331e-02
3.273788138480122206e-02
2.835789067253003184e-02
2.880134595969251546e-02
2.090495612211540344e-02
1.872422307087593871e-02
2.008653396428659171e-02
1.692597834428515718e-02
2.084884123259619915e-02
2.068981703028216143e-02
1.978308510424397343e-02
2.160428902843782722e-02
2.069223822041606209e-02
2.053501574502019852e-02
2.026173416674885777e-02
2.055287600765966574e-02
1.606493828955314965e-02
1.363877078800223089e-02
1.796567003055934628e-02
1.720176286115740125e-02
1.829323032826220274e-02
2.526214276660239746e-02
2.298561781849213850e-02
1.874103871479771907e-02
1.790984728345495700e-02
9.201023738515430248e-03
9.500058527333741371e-03
8.605399469554027292e-03
5.702615546532600714e-03
5.599031725308607418e-03
3.208978503882487301e-03
1.056038145799780481e-03
-3.078485471638250969e-04
-4.093557077353096423e-03
-6.622415011568092390e-03
-1.135333004193971387e-02
-1.981968107104088370e-02
-2.202596846268751671e-02
-3.513540628990527437e-02
-4.094539799052273471e-02
-3.979280286912855596e-02
-5.189687339887843337e-02
-5.378142769797533695e-02
-6.153947916769633014e-02
-6.521216484728373231e-02
-6.613336093871780008e-02
-7.104485802491943003e-02
-7.101693483636697946e-02
-7.181471699481183080e-02
-7.378388800857871299e-02
-7.137655988788473016e-02
-7.010681449471733995e-02
-6.820381684793776211e-02
-5.929587489287316271e-02
-5.692537115472840609e-02
-4.975881250628418073e-02
-4.435851951423101791e-02
-4.305740019598946339e-02
-3.953098265616535045e-02
-3.741381536327067353e-02
-3.989237109366388506e-02
-3.541221123104966451e-02
-3.755918813882073992e-02
-3.777123372798313339e-02
-3.031500224776828567e-02
-3.438856662762555805e-02
-2.978708802736123804e-02
-2.298287374030796512e-02
-2.222867744840072157e-02
-7.226552531009932875e-03
-5.716153277031957129e-03
3.809684544875924575e-03
5.696481017168742757e-03
5.759181397129766941e-03
7.904113592956134651e-03
6.437030845677667486e-03
6.425896501774707240e-03
2.580959216112074274e-03
1.529816726034699840e-03
1.250292415602962922e-03
-4.041544753769681976e-04
1.426263788847801414e-03
1.014023375357825298e-03
1.759819911362871378e-03
6.451055080747969536e-04
-7.425476976516052997e-04
-2.845566136953249850e-03
-5.372832574474748282e-03
-5.546279660928834544e-03
-8.614935859448351677e-03
-9.619232654327168966e-03
-1.109130783636858193e-02
-1.462836502778923527e-02
-1.797583747918651831e-02
-1.956287309006021422e-02
-2.198647046294280663e-02
-2.516254606980222394e-02
-2.532330291138970221e-02
-2.381726973295999333e-02
-2.322614506536628196e-02
-2.306269622984404369e-02
-2.271204825965059473e-02
-1.689936233974695737e-02
-1.735788600217387512e-02
-1.670431777653581459e-02
-1.782237144112137905e-02
-1.996312830418072240e-02
-2.425108645970625726e-02
-2.605154320159520226e-02
-2.645674757262529014e-02
-2.426856686121642639e-02
-1.948745294331744385e-02
-1.953621904659086014e-02
-1.549044488140567492e-02
-1.239567778641061796e-02
-1.423259273062056109e-02
-1.539752195022883220e-02
-2.087639348452776863e-02
-2.528232356606878103e-02
-2.724875615085134775e-02
-3.140383288492432784e-02
-3.282914056430920324e-02
-3.399651181350640122e-02
-3.621205888111694166e-02
-3.384713831613549856e-02
-3.359353253772211223e-02
-3.251357275335212821e-02
-2.561544860817898187e-02
-2.466303029624539178e-02
-2.348126279275544390e-02
-2.082015877731214354e-02
-1.920055169979642193e-02
-1.656789196742039505e-02
-1.353131342451366001e-02
-1.202878143172684405e-02
-8.097104858289874002e-03
-6.149931948714751698e-03
-4.561834808839395489e-03
-1.533655257435516351e-03
-2.835829516603950357e-05
1.991596718253145753e-03
5.892589105949746532e-03
7.232998750675932904e-03
1.186666050560939920e-02
1.728039046313576549e-02
1.907917865945334482e-02
2.976220868477422871e-02
3.175585644827869092e-02
3.454913312747898840e-02
3.982082048926566947e-02
3.926946480930239985e-02
4.195490576529674331e-02
4.323630399852805561e-02
4.180252797490238703e-02
4.308017191070745433e-02
4.144278626997613402e-02
3.870794529537372602e-02
3.804572132461583184e-02
3.452075268186874379e-02
3.311791290647091157e-02
3.040042113002286439e-02
2.686959022983729378e-02
2.555262598703216675e-02
2.025883645790231558e-02
1.867643357055183417e-02
1.592408048234709300e-02
1.298388255874831539e-02
1.209194192910108788e-02
9.162160176009308613e-03
8.029057614223808134e-03
6.077743246537001785e-03
2.992056269536623372e-03
6.768984052855114191e-04
-2.728491580693468126e-03
-2.215774512335498461e-03
-2.913072011631437624e-03
-4.615927041521265296e-03
-4.237828390819213704e-03
-5.582435902880857059e-03
-6.316952891654695201e-03
-6.659282151111539823e-03
-8.377346791253079475e-03
-9.045188031064417544e-03
-1.014198466426683050e-02
-1.323478030587037571e-02
-1.462727278636605233e-02
-1.667386674010091704e-02
-1.963994716535099466e-02
-2.099604712096336812e-02
-2.425272967113767386e-02
-2.756426363121478387e-02
-2.873778408301272055e-02
-3.516557783788686053e-02
-3.608921564459144360e-02
-3.779579022162078694e-02
-4.031930510026689174e-02
-4.061208550497070330e-02
-4.196026689645485780e-02
-4.266583290050777327e-02
-4.280978360460157423e-02
-4.326454141416815474e-02
-4.316637220376954437e-02
-4.282367471495267947e-02
-4.255342072204122694e-02
-4.174423872745884612e-02
-4.064931986605492542e-02
-3.979970124498680151e-02
-3.768480452809966352e-02
-3.593808164988456649e-02
-3.403018633265567777e-02
-2.958241155434541969e-02
-2.794454987468536142e-02
-2.256476314616864126e-02
-1.572188489373521972e-02
-1.481748611961752893e-02
-3.657483023961633352e-04
5.889735472904008380e-04
3.213413048403902014e-03
8.318448493604819333e-03
7.638859211852590606e-03
8.299497434659257669e-03
9.791643290571704766e-03
6.997339778828240604e-03
8.274437125100560925e-03
8.734421903569645346e-03
7.984156459527954816e-03
8.384472569279800835e-03
8.307396304998092632e-03
7.667083229873109147e-03
7.937545005565501896e-03
7.586628393200733032e-03
7.523274971366879227e-03
7.505044644313271784e-03
7.450563608907294702e-03
7.428756383307285119e-03
7.346647011631663934e-03
7.260672949629511444e-03
7.233933947992303264e-03
7.183496263594645395e-03
7.154412180083084480e-03
7.135525677855905288e-03
7.112625079430585397e-03
7.100893214489311343e-03
7.089550328786971625e-03
7.080000492414828019e-03
7.073840848848706245e-03
7.068071703211287367e-03
7.063464359425803557e-03
7.059483991110712675e-03
7.057063663952309503e-03
7.052614595687668048e-03
7.050434914296233729e-03
7.048956600429904032e-03
7.040386948515197849e-03
7.043862858534674469e-03
7.034944373162897724e-03
7.021799046086473622e-03
7.039347349004416131e-03
6.994023331940258520e-03
7.004329640554123743e-03
7.022353941872430151e-03
6.885560784856477323e-03
7.037084222264391661e-03
6.891915775766611733e-03
6.705012874761270142e-03
7.210699055685656708e-03
6.288718400621167749e-03
6.799535313345044137e-03
7.455095139088296560e-03
