1.206742570982774834e-02
1.336137839791495981e-02
3.611847732366038621e-02
3.547946877266556359e-02
4.177748756098462191e-02
4.496863428717011446e-02
4.114526070449853884e-02
4.361620730577747684e-02
4.298123664358458745e-02
4.251891407980806087e-02
4.313431072842537073e-02
4.274027056049988643e-02
4.282291777623571660e-02
4.288818818775254338e-02
4.278647556261128138e-02
4.284230527309904751e-02
4.282685256235153198e-02
4.281396930938854289e-02
4.282761051088554427e-02
4.281713542155538704e-02
4.281763111777456970e-02
4.281702560120993067e-02
4.281221707893604483e-02
4.281008852768275474e-02
4.280327387896831759e-02
4.279768884135072560e-02
4.278570411725204914e-02
4.276852352396846163e-02
4.275498733901077208e-02
4.270978974643887399e-02
4.267567431908680931e-02
4.262368616644031383e-02
4.247906086467927167e-02
4.243938755241232624e-02
4.220143227084040272e-02
4.190894751851663436e-02
4.204159415256968763e-02
4.208498029551924896e-02
4.315081059766116833e-02
4.289524334547913792e-02
4.335190508219265854e-02
4.808446783433010380e-02
4.985828143377828842e-02
5.361029338389144278e-02
5.535106756722592974e-02
6.056365672933212985e-02
6.005904857326443275e-02
5.654621991261710168e-02
4.565293213370194558e-02
4.682240378870613368e-02
2.920046170679147998e-02
2.422549759911044737e-02
2.934365054754765542e-02
2.549984115696429798e-02
5.654850937194333405e-02
9.966018927022626817e-02
1.098099918815571563e-01
8.807406573271935046e-02
7.682351174158956464e-02
5.392044788129923827e-02
2.097978302490735927e-02
-5.744757821048681462e-02
-9.759988454963998417e-02
-1.005602824796657108e-01
-1.295592641160469571e-01
-1.283677909655945859e-01
-1.450642994744706926e-01
-1.585707101850282463e-01
-1.634999243896866072e-01
-1.817557796317673113e-01
-1.894987819490947800e-01
-2.025569569385558266e-01
-2.154467205434480170e-01
-2.159290533516430577e-01
-2.210845432289629264e-01
-2.254727436162651810e-01
-2.189011119035435826e-01
-2.180019957969892563e-01
-2.157266662472403784e-01
-1.947732202327721041e-01
-1.892704353979698662e-01
-1.563708733889042912e-01
-1.151311757202620467e-01
-8.005527859360105081e-02
-2.658766114977087133e-02
3.201131714834472980e-02
6.852509433758113833e-02
6.052186207980986971e-02
5.054850306250989467e-02
4.343316421461738963e-02
4.255372112403418838e-02
3.913641579266467774e-02
1.990670388868688925e-02
1.918090506929095995e-02
1.225078156355067019e-02
6.199743108117066262e-03
4.064433343138752763e-02
4.695921932043613245e-02
6.984181708225356555e-02
2.700561341684463643e-02
-4.567521609391912707e-02
-6.375236048684110313e-02
-6.294139873614552905e-02
-3.645513924136049161e-02
-3.010373761277395158e-02
-1.300127632545452355e-02
-2.182086118306695438e-02
-4.512655112601370901e-03
-3.037576317022218971e-03
-4.358711460555516064e-04
1.670414021611960412e-02
1.386081607480876658e-02
1.233335903844512589e-02
1.083777359255538517e-02
-3.611156169829249536e-03
-1.560171838250584177e-02
-2.771780604251914554e-02
-4.835779948595855110e-02
-5.846003269632025351e-02
-6.700665000429756324e-02
-8.398760765004617546e-02
-7.904357405016597393e-02
-9.261880903750245586e-02
-1.062246489885487477e-01
-1.079655419656892212e-01
-1.237852830623841632e-01
-1.248100494400211646e-01
-1.477932450734692205e-01
-1.642988335797719857e-01
-1.615126514869429653e-01
-1.793316694178637982e-01
-1.777615519872967065e-01
-1.735528815945237002e-01
-1.717334106657361914e-01
-1.559931209236438965e-01
-1.267272078052479600e-01
-1.108832223609168832e-01
-9.474259845097356136e-02
-6.561476253826770133e-02
-5.914099587248091566e-02
-1.320843260092070988e-02
-6.981114723311647625e-03
-3.971755586677189025e-03
1.077984783796355137e-02
1.504528872745447511e-03
4.400978714752581608e-03
-4.163088115330646627e-03
-1.403541594068003807e-02
-2.708706819353556491e-02
-2.972600012839701419e-02
-3.526014445941221681e-02
-7.219204615438978845e-02
-7.738662990212689941e-02
-1.112915203764782007e-01
-1.312635435682861784e-01
-1.361792124736875831e-01
-1.731347319460722900e-01
-2.074621259131615159e-01
-2.455480990941908415e-01
-2.626124736726504483e-01
-2.983871797223714428e-01
-3.450369636385306471e-01
-3.566080786753942911e-01
-3.871282425755600554e-01
-3.913298025566293581e-01
-3.787542216600324751e-01
-3.705607223418303509e-01
-3.581600544631247107e-01
-3.391464876958714125e-01
-3.239462976310480413e-01
-2.993190553885985428e-01
-2.693847001825661613e-01
-2.451046235197824330e-01
-2.021360269272440557e-01
-1.712804793392098679e-01
-1.390649625722711058e-01
-1.043583025567008660e-01
-7.626814601787015868e-02
-4.861941251725920149e-02
-3.212847069819679130e-02
-1.883638920803878264e-02
-1.608980812809833417e-03
-6.766683043768687358e-03
-2.899967505287641065e-02
-3.598127042693015365e-02
-7.936872084694578111e-02
-1.012416719269754184e-01
-7.613371620544086282e-02
-9.320755331768704188e-02
-7.680103494368327455e-02
-6.987913467580735005e-02
-8.480530082633419564e-02
-6.497165258778715702e-02
-7.472617565143550855e-02
-7.264017954551607592e-02
-5.631406140594514415e-02
-6.337054351974870381e-02
-5.302735967356127927e-02
-4.824036428136539711e-02
-5.472864781694626590e-02
-4.767966283567348640e-02
-5.387694745784142591e-02
-6.410478135413695544e-02
-6.634206019531525833e-02
-7.611455780793938142e-02
-8.116683909098725003e-02
-8.524947139096579474e-02
-9.296657730133313369e-02
-9.490642839199273095e-02
-1.012457858526391585e-01
-1.057206512121706271e-01
-1.087950915051576484e-01
-1.165599026577977954e-01
-1.192211733466780194e-01
-1.203702934295463184e-01
-1.228221425824437135e-01
-1.206461139997418580e-01
-1.201625677832053457e-01
-1.155935782433451797e-01
-1.078525428055902430e-01
-9.817136895944020281e-02
-7.873138233952028942e-02
-5.819619527199573761e-02
4.025214793941155056e-03
1.797214389234262286e-02
6.607740592056321471e-02
7.461676260681121553e-02
5.379880847449568931e-02
4.857332378375844167e-02
2.762054245313762604e-02
3.663268123362387746e-02
1.778712628758491454e-02
1.407385194628320811e-02
5.385860943066368006e-02
3.668751780098756382e-02
4.595667996921178056e-02
5.929158828639180534e-02
-2.769232455770419266e-02
-1.084220964377837241e-03
7.243580272778825033e-03
-2.485429804273014270e-02
4.040089789064994080e-02
1.184776260936618551e-02
-5.983445148909275098e-03
1.669424579130388041e-03
-8.602404410799495416e-02
-7.547790326647767223e-02
-6.475935874609095588e-02
-9.153927657716390276e-02
-7.352432523762320038e-02
-7.237283046874208592e-02
-6.961165813586894791e-02
-2.500080562809685672e-02
-3.517204855794518747e-02
-2.793706196447768783e-02
-5.184489707433039690e-02
-6.972349300839569830e-02
-8.136768284793631512e-02
-9.232232116624861096e-02
-9.977174244396401492e-02
-1.087010511505039495e-01
-1.135771607352250856e-01
-1.137684707960977259e-01
-1.145436146047881243e-01
-8.252535986249999456e-02
-5.620651227375148690e-02
-3.317817146113612170e-02
-2.715667421592326061e-02
-1.844568974983145163e-02
-4.598563476919051950e-03
7.753298298785312077e-03
1.479658032470155746e-02
3.928424534265632928e-02
5.457717553882365791e-02
4.725225316699675771e-02
6.859776258726803244e-02
6.077179746978413760e-02
4.738021508153795330e-02
5.976922462190031177e-02
3.814438845189703498e-02
5.044112331880077488e-02
7.133232328340508022e-02
6.509255305189594332e-02
1.010739325387113724e-01
9.263997451368108371e-02
8.022951525285432206e-02
6.020718736995309128e-02
1.328555571333249127e-02
-7.870100421021550621e-03
-5.542277420446903302e-02
-7.634164146455496569e-02
-6.761925348270221570e-02
-8.233738591395045603e-02
-6.371689319374100602e-02
-5.381207161107530446e-02
-7.448191350238506092e-02
-5.949728781271183820e-02
-7.216807073518632931e-02
-8.247099924363500423e-02
-7.779641378929728901e-02
-9.557408200514110053e-02
-1.007923141360769909e-01
-1.024342466941462332e-01
-1.188999436789936748e-01
-1.127705932640207659e-01
-1.079761895559680357e-01
-1.101704226455228475e-01
-9.002568915952136042e-02
-8.868511133690476500e-02
-5.851007488631123493e-02
-3.739430804540636727e-02
-5.089194721726647552e-02
-7.393645197729694502e-03
-9.307023043035348928e-03
4.281255436565276767e-02
4.328264803754512668e-02
8.050923353301095431e-02
9.112000743762474486e-02
6.959353474564421160e-02
6.866449598303020485e-02
5.860166721217392044e-02
5.173047937701598376e-02
4.704171711403177386e-02
4.292001601867291571e-02
3.413379439028144807e-02
2.865100527413122142e-02
2.869721603146253505e-02
3.026320874617403553e-02
3.779796885008616936e-02
5.801515310644898143e-02
6.734049295311851646e-02
6.593121379920753589e-02
8.022123769373931679e-02
8.004026977481425165e-02
7.646703866462285781e-02
7.677458652308283282e-02
6.961766521924869777e-02
7.012073524079122377e-02
6.755898177037700236e-02
6.843771858408100039e-02
6.960282106898539600e-02
6.844254176663620848e-02
7.902009724864038354e-02
7.909480682492540937e-02
8.379118796104106925e-02
8.773816705047857156e-02
8.816521088785748972e-02
9.282844689887057021e-02
9.453473125188624482e-02
9.596146690436528626e-02
1.040183945318248621e-01
1.045292862401562412e-01
1.045768596694703623e-01
1.059445361985753009e-01
1.053480967013392805e-01
1.045083410913640320e-01
1.018724956882143817e-01
1.022720130014958956e-01
9.476731407394960172e-02
9.068680579988325219e-02
8.942163238591591123e-02
6.179373975700631905e-02
6.114365096657056048e-02
5.309800737296434953e-02
4.645174211359407584e-02
4.551781290626912696e-02
4.319091149120238282e-02
4.202430891619399200e-02
4.160164723118486146e-02
4.081294187158460152e-02
4.055401545283449788e-02
4.031522210410042051e-02
4.008859881366909350e-02
4.000807687133616647e-02
3.990812532720028338e-02
3.984712363746721608e-02
3.981478018287142734e-02
3.977904725531088148e-02
3.976156843482269582e-02
3.974824695210792125e-02
3.973241060666515140e-02
3.972987312440338231e-02
3.971842626317770297e-02
3.970355113427195132e-02
3.971770293225846543e-02
3.967072317966376105e-02
3.967470500267352568e-02
3.969811863664536589e-02
3.951444988340338527e-02
3.969873025775748354e-02
3.951075158174496837e-02
3.911348341299180492e-02
4.004210529237673538e-02
3.822384806482154868e-02
3.877380425542577280e-02
4.001255126794538153e-02
