-8.240460837143855121e-04
3.163358022665315817e-04
1.758579110128020290e-02
1.654973178127232269e-02
2.277427212704646875e-02
2.630660342750456085e-02
2.481333499190375991e-02
2.772433022656425536e-02
2.787941577193825751e-02
2.812629503412119800e-02
2.903539548585255467e-02
2.897721672599481643e-02
2.929963964667125012e-02
2.951024834684689083e-02
2.953543657555517121e-02
2.968639182195147858e-02
2.973083637861537523e-02
2.976945565616832476e-02
2.982121186370213436e-02
2.983551229538702193e-02
2.985890867840515148e-02
2.987426814006442083e-02
2.988272969026821088e-02
2.989361059890687997e-02
2.989744206652241929e-02
2.990642446957372108e-02
2.990868043737792900e-02
2.991106904515341072e-02
2.992780136362813148e-02
2.991281896723862674e-02
2.993741961681343003e-02
2.995647108214855026e-02
2.990445181316771575e-02
3.003438119606706078e-02
2.995697862337798334e-02
2.994293571472190357e-02
3.042657029806891678e-02
3.048091729224415222e-02
3.179170435136808442e-02
3.227304228171200967e-02
3.250088927149720475e-02
3.747979229078689939e-02
3.853268661067518058e-02
4.108622114620245208e-02
4.282267840251370583e-02
4.542566964292706760e-02
4.444780674346964638e-02
4.295079136268741687e-02
3.361285445911145475e-02
3.745752900605510416e-02
2.616570794444173301e-02
2.180009484833537320e-02
3.475008726469790837e-02
3.108104846543580449e-02
5.118407883155431243e-02
8.619196011832719329e-02
8.619365351944700826e-02
6.659816075908089883e-02
5.726096361000199836e-02
2.012524425053290739e-02
-1.008752198893921904e-02
-6.561542985355298119e-02
-1.057058206072788581e-01
-1.112287076802369323e-01
-1.406169488157011371e-01
-1.457400678347609280e-01
-1.621466671498463241e-01
-1.796590004353940950e-01
-1.872322434622995802e-01
-2.063792493607835843e-01
-2.175068955840040730e-01
-2.320300515816630937e-01
-2.465344526370914779e-01
-2.505549958846259306e-01
-2.573340163597488961e-01
-2.629764898376621418e-01
-2.588093044665694675e-01
-2.586528089705654176e-01
-2.558882748139233443e-01
-2.387989391842262055e-01
-2.332511663069817276e-01
-2.045684170203276031e-01
-1.706127840489158609e-01
-1.406307556758957800e-01
-8.824212995443143914e-02
-4.141833077426936710e-02
6.980867978680159024e-04
1.657448830125210146e-02
1.603582772731241765e-02
1.848793876293581065e-02
2.016250304092335327e-02
2.218615375446274934e-02
1.138212114163806091e-02
1.215168326176154119e-02
1.392893297622340050e-02
9.387343795945480782e-03
3.398281931244245824e-02
3.894563125646331031e-02
5.311499542865290302e-02
2.676482869463595038e-02
-1.898731157284497609e-02
-3.126428120468084659e-02
-3.120814407989028552e-02
-1.597501406543989921e-02
-1.260040563472924341e-02
-3.388354334666724994e-03
-1.055066098134067008e-02
-9.057642315793085555e-04
-1.687913841135525901e-03
-2.587391424782377759e-03
5.890367274713001131e-03
-1.672650496711901129e-05
-5.390476832783830559e-03
-1.090869035962052126e-02
-2.638057646719048702e-02
-3.801176122955613607e-02
-5.367956241931846895e-02
-7.233717894162479400e-02
-8.491008634121315068e-02
-1.006237758566688179e-01
-1.177387711830554240e-01
-1.260370434352486302e-01
-1.438863293460123649e-01
-1.600104670345184055e-01
-1.702100267857665494e-01
-1.864376205239914042e-01
-1.926508404900691696e-01
-2.107872318004733458e-01
-2.237319223329254647e-01
-2.256867243405333567e-01
-2.355416232310239277e-01
-2.378351091193464939e-01
-2.340349416393289750e-01
-2.281738356307161653e-01
-2.181166197557120601e-01
-1.874559112333371858e-01
-1.725975133710631326e-01
-1.494620443821269018e-01
-1.165611314081796968e-01
-1.041014820229263366e-01
-5.466559907910176208e-02
-4.438391913211957307e-02
-3.366769560658130350e-02
-1.767629325562029841e-02
-1.960042123667560254e-02
-1.625069370585382339e-02
-2.152222221705261604e-02
-2.846692188016812161e-02
-4.007935355663466009e-02
-4.545939821293387001e-02
-5.231725399508279500e-02
-8.634499683581918494e-02
-9.661945644364990093e-02
-1.279513345362726096e-01
-1.479207553997463065e-01
-1.654668578460543882e-01
-1.898083606962890912e-01
-2.193612341496619933e-01
-2.466919436212007544e-01
-2.520206551702815490e-01
-2.773632879350324543e-01
-2.934605612766220117e-01
-2.995339114069070496e-01
-3.140604701834900370e-01
-3.103066230202909392e-01
-3.013475280222975838e-01
-2.924696915789913310e-01
-2.830317392320666481e-01
-2.699484612659791005e-01
-2.591972812482180588e-01
-2.412175557561206385e-01
-2.208064820144026164e-01
-2.029579634059341664e-01
-1.714565800300361098e-01
-1.494688611715776494e-01
-1.253261943320225780e-01
-9.992296537328590467e-02
-7.889891002402246722e-02
-5.806084551873938460e-02
-4.595717475145481151e-02
-3.543848495309032814e-02
-2.197393803384209768e-02
-2.429937557694166611e-02
-3.723718068555995075e-02
-4.090145586343259254e-02
-6.955438134843698605e-02
-8.248154648441573256e-02
-6.721158236472603298e-02
-7.801639593244237558e-02
-6.702993539733537176e-02
-6.269676038950783292e-02
-7.232778602229292253e-02
-5.919897966808478074e-02
-6.567345300954341436e-02
-6.384091659628693405e-02
-5.248523655942321370e-02
-5.685883698166996347e-02
-4.981507819532919601e-02
-4.690777522314377307e-02
-5.118241266653793253e-02
-4.616590278681431680e-02
-5.070483683028679384e-02
-5.765651211610552107e-02
-5.932421397636929161e-02
-6.640808139755585704e-02
-6.950527440160439441e-02
-7.291721301135524469e-02
-7.863086618175989251e-02
-7.986871327433676948e-02
-8.561135983610990152e-02
-8.868698566267933792e-02
-9.160089802853697838e-02
-9.875736164171181053e-02
-1.002997989034709186e-01
-1.030046656035764618e-01
-1.050680112635878349e-01
-1.034889704642802388e-01
-1.048453131582731956e-01
-1.001107174020822443e-01
-9.408430901630938925e-02
-8.601405416349154620e-02
-6.894141921158017383e-02
-5.335249748666170966e-02
1.812106022014911772e-03
1.309990066175123827e-02
5.004023676587449759e-02
6.118417565704999811e-02
4.840989078617093794e-02
4.598576134004107863e-02
3.243759715527903820e-02
3.847558494334043372e-02
3.014653875473455313e-02
2.356870131453277228e-02
5.277496529324151447e-02
3.812121617683501829e-02
4.005664264784078443e-02
5.057624596330369260e-02
-1.335359294823984695e-02
3.128734515747665264e-03
3.462594807111089596e-03
-2.308284008874686433e-02
1.913499568132816589e-02
-5.238343587233924153e-03
-1.743004056040338076e-02
-1.541111221662038767e-02
-8.025066694046747995e-02
-7.571630798629831738e-02
-7.351410486162307523e-02
-9.902536253342757167e-02
-9.270991206217753244e-02
-1.030024074345965573e-01
-1.087817502874293685e-01
-8.822438445651023531e-02
-1.078335160887297500e-01
-1.124012937706737186e-01
-1.328867107783067436e-01
-1.497225897457108712e-01
-1.553380610400667550e-01
-1.659635500686783838e-01
-1.692373141373579026e-01
-1.724859664835504125e-01
-1.765139573088847502e-01
-1.697367447170267940e-01
-1.667708381860396050e-01
-1.356442736479002154e-01
-1.031723740146128360e-01
-7.484564728396364552e-02
-5.508649858352532291e-02
-3.800215133887440561e-02
-2.091366798954751721e-02
-1.816020414564900425e-03
7.936706319022410888e-03
2.906868455209485683e-02
4.361528182441871265e-02
4.193597926823004751e-02
5.996834912407632279e-02
5.733148022712220709e-02
5.210924594893338868e-02
6.217100922422064829e-02
4.828925793065419469e-02
5.700565938567348639e-02
6.825009421724881342e-02
6.283246165096074975e-02
8.438428768465497387e-02
7.651887096365088403e-02
6.699967945455938267e-02
5.202649588876319398e-02
2.095843140957589362e-02
4.873873941571614000e-03
-2.876457326670903147e-02
-4.485757945921821366e-02
-4.290136641039842685e-02
-5.448565033489478210e-02
-4.488293992097221186e-02
-4.048480814301173847e-02
-5.593922862178681010e-02
-4.788203281844713444e-02
-5.685546753403274145e-02
-6.422969903724926044e-02
-6.127995603101726863e-02
-7.366727264979437695e-02
-7.650606773564895546e-02
-7.794370894359645141e-02
-8.969160289539034048e-02
-8.374024239384446344e-02
-8.140170110739436415e-02
-8.125896762968656817e-02
-6.677420096364491964e-02
-6.636240689414917016e-02
-3.972226777631398392e-02
-2.565496481713909482e-02
-2.843579961288362351e-02
8.161772869752819543e-03
7.875460822890216830e-03
6.402576984533557558e-02
5.885420593655677629e-02
8.291016024576776389e-02
9.704262060475060681e-02
6.021259552127238707e-02
6.436253020375622136e-02
5.426737325078860585e-02
4.334039188980713664e-02
4.216937499913332027e-02
3.503273356446977987e-02
2.832644888249573681e-02
2.386607330482363662e-02
2.105436844302885704e-02
2.552622617320166390e-02
2.848913770641495202e-02
5.091815055036982840e-02
5.808982863366738553e-02
6.531252025932839100e-02
8.064855556277891746e-02
8.239183826456608628e-02
9.419572509587145759e-02
9.730017226896875426e-02
1.000811282041125516e-01
1.053501796984061267e-01
1.058170731797325181e-01
1.089650035689318369e-01
1.095816063587697065e-01
1.103162925332642902e-01
1.123648121431558844e-01
1.125319295544073700e-01
1.142599295273441090e-01
1.135941329461851307e-01
1.137915370012183014e-01
1.131335135284918941e-01
1.103447335626155656e-01
1.109871286335340351e-01
1.059163053413944705e-01
1.057524257911654497e-01
1.028215024307522485e-01
9.996937946936605701e-02
9.891859327156567183e-02
9.585686408312300844e-02
9.204905157511067415e-02
9.120167604797445315e-02
8.381662218224691929e-02
7.919256509896666074e-02
7.689866399123052032e-02
5.599287381630946997e-02
5.417827831544200917e-02
4.652101220115308078e-02
4.076426551083101729e-02
3.712303726428296119e-02
3.453696679861221336e-02
3.263447988544719569e-02
3.124080788787484894e-02
3.021971641813093676e-02
2.946656353092817759e-02
2.891554626873676231e-02
2.850987574808127104e-02
2.821221467521609766e-02
2.799345132336610378e-02
2.783174974254370992e-02
2.771539742411463850e-02
2.762527781935864707e-02
2.756211283752288757e-02
2.751775858502702315e-02
2.747026541286750820e-02
2.745871710799475257e-02
2.742846657571346852e-02
2.739046784017746747e-02
2.743688840270114282e-02
2.733108183920998982e-02
2.736203601887059189e-02
2.744910142366591144e-02
2.707881638747854439e-02
2.754756223046110619e-02
2.723026238533898455e-02
2.659617581697764493e-02
2.842432668984041025e-02
2.552143029476872105e-02
2.682871800866554884e-02
2.862342441114647945e-02
