-2.211968155644583947e-03
-2.352675844281256270e-03
-4.499677401745574845e-03
-4.578700262959868941e-03
-5.268969842264039846e-03
-5.644795076531407274e-03
-5.684509593264339480e-03
-5.966119746111411999e-03
-6.036693129304073618e-03
-6.105125647637773580e-03
-6.194001501104941590e-03
-6.216060987537255778e-03
-6.254398241679163216e-03
-6.279498389618907994e-03
-6.291146787231230789e-03
-6.306853178340653295e-03
-6.314553983220794371e-03
-6.320921316808364443e-03
-6.326838324194260406e-03
-6.330050967204263988e-03
-6.334170253942171189e-03
-6.336764936275308090e-03
-6.339809808716051660e-03
-6.344846573621405056e-03
-6.345936561623434329e-03
-6.354899920094725894e-03
-6.362056953635839181e-03
-6.363287627087819628e-03
-6.395299553540061133e-03
-6.392532457962648955e-03
-6.417373216990708909e-03
-6.502374410244682844e-03
-6.437118780909403468e-03
-6.624946537591489167e-03
-6.713647823174121419e-03
-6.504028085136337456e-03
-7.079842831928391880e-03
-6.608989017804841812e-03
-7.806864818116405515e-03
-8.415289697368710797e-03
-8.214583298509211401e-03
-1.318539133435385133e-02
-1.291698285211250428e-02
-1.421436883862003953e-02
-1.510601387892481634e-02
-1.432023428152915528e-02
-1.487051422556403928e-02
-1.196900686881926038e-02
-1.414679670101195996e-02
-1.204373981681334388e-02
-4.327529600371408935e-03
-5.562863995058757753e-04
2.920924281812769391e-03
-3.644774068033917406e-03
-5.896922645402258301e-03
-1.363517797108955258e-02
-1.697428955785827351e-02
-2.193415230940188101e-02
-2.763583035497978874e-02
-3.059282414786421156e-02
-4.058785062181101411e-02
-4.782945136438876421e-02
-4.581345651905345540e-02
-5.412483093225178149e-02
-4.623865988569365870e-02
-3.164589663812466397e-02
-2.304401524335325524e-02
-1.543074935027843701e-02
-4.363377913765061761e-03
8.004525803013453874e-04
8.449435703735836897e-03
1.639597128996719833e-02
1.982075213785177217e-02
2.744205363776996975e-02
3.238731196911435323e-02
3.467704387285958784e-02
4.188251882103945223e-02
4.150749877129295690e-02
4.172779157026857560e-02
4.101095388792602714e-02
3.575319129270117940e-02
3.470919381802032438e-02
2.992153211541085864e-02
2.630120951367761681e-02
2.271945084713073923e-02
1.612529020825841444e-02
1.056199877278085793e-02
5.296266091738653127e-03
1.238029568382243697e-03
-4.665471575541784398e-03
-4.310718323121124317e-03
-7.382881487401595638e-03
-1.866365523123238992e-03
-5.941135319060636584e-03
-3.923590672103341101e-03
-6.872718542191736703e-03
-7.093546939283210291e-03
-3.633610884781919830e-03
-5.136403748011109105e-03
-2.260673080500704996e-03
4.587652197107949109e-03
3.482125045277655300e-03
1.282087454739567166e-02
1.387396306471685298e-02
9.843366150693488165e-03
1.087667616960146313e-02
8.075941713280689396e-03
8.874082625421270479e-03
8.944212844647209809e-03
1.050482490369492386e-02
9.925257321291109866e-03
8.156438202104843507e-03
4.355749399024100993e-03
-1.278030145055103137e-02
-2.225065102853649238e-02
-2.375148441979298142e-02
-3.145136107953333537e-02
-2.370401250670999341e-02
-2.636169879652543874e-02
-2.870567059814690264e-02
-2.435153921242917338e-02
-3.705828284448120513e-02
-3.570721381960501040e-02
-3.838385405946652396e-02
-4.208800147376068335e-02
-2.511453008120616281e-02
-2.784593476155736852e-02
-1.639658102841569029e-02
-1.473042810304680920e-02
-1.433296751847201039e-02
-1.106020196428694237e-02
-9.395248594568559458e-03
-7.718967126285827471e-03
-6.033100694832599017e-03
2.987601362244461309e-03
7.456357128868099614e-03
1.300353394153363519e-02
2.459288357052626800e-02
2.808732316347819363e-02
3.909845874406346622e-02
4.284817462722839698e-02
5.312221009350574785e-02
5.540925626907797219e-02
5.740902234830570772e-02
6.291088393625637876e-02
6.335016862722750441e-02
6.889911188397115915e-02
7.316265702747597188e-02
7.630687819713863340e-02
8.664096590848563428e-02
8.983403826359806499e-02
9.686714968168350093e-02
1.034678018931374371e-01
1.067742730200359619e-01
1.138352915419150735e-01
1.175002748191731894e-01
1.220090132635919256e-01
1.275498510603461089e-01
1.302125587944938656e-01
1.358322366279029469e-01
1.393970380594740377e-01
1.428200987220148988e-01
1.486943829864670885e-01
1.504071722947207257e-01
1.557491041405281718e-01
1.590287143447517981e-01
1.486509145793541431e-01
1.525271176328751310e-01
1.433474357484700312e-01
1.371658848469704262e-01
1.367748313033622376e-01
1.210342466685498664e-01
1.201649738592276556e-01
1.073014094429629028e-01
8.919090673262383695e-02
8.226298455722669267e-02
6.136096900233040802e-02
5.077620774574106988e-02
3.705046464516462829e-02
1.282716606892970318e-02
7.131720192815448750e-03
-1.792641148886029226e-02
-2.604167178901173330e-02
-1.427500245920577254e-02
-1.755607212442828260e-02
-7.771606209657596536e-04
7.561390039562403131e-03
9.748834117158220250e-03
2.872822452541909377e-02
2.720076854765587568e-02
3.549572712359513188e-02
2.739329677815983966e-02
3.491309602338978080e-02
3.340167543443817166e-02
3.120464603499991871e-02
3.164118788084967909e-02
2.786611970655159670e-02
2.715389832586201022e-02
1.966103385835554079e-02
2.013136815250015504e-02
1.418605429340686827e-02
1.420593530199643247e-02
1.888255033405137825e-02
1.514128531084700351e-02
1.530782023707969938e-02
1.450341656167699646e-02
1.282459571218479144e-02
1.270326597650837074e-02
1.130263849936838892e-02
9.868594917506625860e-03
9.396706225294183812e-03
6.960767695824317085e-03
6.729402931216381563e-03
6.179407592505930212e-03
4.928369678758857432e-03
4.833535870227968594e-03
2.640039795477966324e-03
2.183899377736119723e-03
4.058339013807617810e-04
-4.285606288917123696e-03
-2.924905280082257513e-03
-1.240440182534279998e-02
-1.823554940582466574e-02
-2.124561444510012290e-02
-5.593903088950240993e-02
-6.788456279410101657e-02
-7.602727679812713857e-02
-1.058698143571631389e-01
-1.110619403245649561e-01
-1.362988637558270322e-01
-1.655353075589110490e-01
-1.785918534909810285e-01
-2.157395465772719567e-01
-2.439444872729941427e-01
-2.649868092657067797e-01
-2.892614113240302709e-01
-2.936269776160189138e-01
-2.996060754592497766e-01
-3.013457747772886330e-01
-2.898221160654267936e-01
-2.808949995731322979e-01
-2.531390818622561434e-01
-2.212154366953836548e-01
-1.744464952125786561e-01
-1.462549188282855350e-01
-1.056346204199312550e-01
-8.882405256217873468e-02
-6.206436796865964084e-02
-4.634638970218570714e-02
-4.845138238623671739e-02
-3.505919058136536953e-02
-3.455110613386130902e-02
-3.440982470658885545e-02
-2.208994214553621632e-02
-1.971519320953619980e-02
-9.133211192624024824e-03
3.784656593026358446e-03
1.058020283535191647e-02
2.269449154911604843e-02
4.415273542324675560e-02
5.225586114726397252e-02
6.063907281281788464e-02
7.201237872281855690e-02
7.196153118333058207e-02
8.098425285982836785e-02
8.087780649764722551e-02
7.821699297414591578e-02
7.886239994643912121e-02
7.817937986882596280e-02
7.858644221127422669e-02
7.871466718326446121e-02
7.938816977722291945e-02
8.092521119806854457e-02
8.027781390984561893e-02
8.391780637432100232e-02
8.325935646024140713e-02
8.399252421237739241e-02
8.698279831326490019e-02
6.998088987005592065e-02
6.980162393709479773e-02
5.794573032487872200e-02
3.641363193478510535e-02
3.120061492121172300e-02
1.952144652785636064e-02
8.790578589626252617e-03
1.337776366145764645e-02
4.934087162145701574e-03
1.490435500331469855e-03
5.616015856969398465e-04
-1.223772364327939399e-02
-1.123497767949882195e-02
-1.237578760183211980e-02
-9.169256841289738155e-03
-6.319573436404372045e-03
-5.860431169609215708e-03
2.568642980745350270e-03
2.252015586306983438e-03
3.364519463973827517e-04
7.761164837212917349e-04
-6.016642189133734712e-03
-6.492078236597816077e-03
-7.087005879364614500e-03
-2.061357922641153789e-03
-1.469025004517546598e-05
4.836533366788101258e-03
1.687269276153627665e-02
2.068476237090705397e-02
3.174762953628514767e-02
3.796765723429303824e-02
4.454041518150412410e-02
4.892408230787535783e-02
5.734125129613439065e-02
5.703489750127559155e-02
5.678691007836522697e-02
5.250559720688714044e-02
5.008095491591127435e-02
4.085436472302933497e-02
2.395084141680937223e-02
5.859665398153481551e-03
6.379985851566213721e-03
7.366469099049064578e-03
7.786715328221407995e-03
7.659418391629325626e-03
4.491308650237302649e-03
1.833553916149632855e-03
-3.607156063315507168e-03
-1.801842053959475110e-02
-3.326658706933445508e-02
-5.466458639739459058e-02
-8.727165787272965491e-02
-1.040880885933362643e-01
-1.383216816778355673e-01
-2.008403014791237395e-01
-2.243100079220290421e-01
-2.782420881549638181e-01
-2.943876671372456233e-01
-3.056268276430858521e-01
-3.219101849880705579e-01
-3.201322396417980998e-01
-3.233014885712044428e-01
-3.232051253301429505e-01
-3.077281869364105193e-01
-3.013519355239392961e-01
-2.787562913892926986e-01
-2.276913527313974561e-01
-2.028712335492291741e-01
-1.372360022705005345e-01
-1.092018947804499068e-01
-7.408457596216067031e-02
-5.895304336995510486e-02
-5.198035541591867342e-02
-2.414974402544651372e-02
-2.028187203458623258e-02
-1.853034317663623809e-02
-1.196592122073263618e-02
-1.936126076645891189e-02
-1.652205108000719125e-02
-2.542080569359711495e-02
-2.693549163290067522e-02
-2.580738310506233008e-02
-2.583236697394746678e-02
-2.881868182124174005e-02
-2.905365864555201072e-02
-3.106185294223668542e-02
-3.464118499779732935e-02
-3.503278023264096153e-02
-3.443868321940657395e-02
-3.504719110594567422e-02
-3.499144235276713255e-02
-3.342197677527243560e-02
-3.723696554207477777e-02
-3.724464406964316660e-02
-3.811506123184305733e-02
-3.750281584484516095e-02
-4.039421811665868528e-02
-4.039027642194167184e-02
-4.663181470726104200e-02
-4.231178521404654891e-02
-4.073340124847646404e-02
-3.342212353643614353e-02
-2.317601849566102660e-03
-1.932183851565991844e-03
1.151323355293415104e-02
1.589014061273182066e-02
1.573051020679985118e-02
2.153324688181399577e-02
1.528342371353431754e-02
1.617542241598570948e-02
1.386103406927465496e-02
1.378454471940136067e-02
1.389886353302724649e-02
1.226286907753585537e-02
1.333802234446028814e-02
1.139884646137602139e-02
9.530976865943511372e-03
1.311655536329674014e-02
8.310905022929273439e-03
5.651765877482659017e-03
2.922179187994806363e-03
-2.121183889176114779e-02
-2.453758632781782162e-02
-2.397826874557155291e-02
-2.944655443337909628e-02
-2.232873526470371614e-02
-2.878447025662208072e-02
-3.098360895992395905e-02
-3.359081252921648775e-02
-4.304723078597696290e-02
-4.223654254493214300e-02
-3.687323600358756448e-02
-3.936533811312716707e-02
-2.185564061240640593e-02
-1.798270276861491102e-02
-1.505997803672443763e-02
-2.044194957673533403e-03
1.236629412965357380e-03
7.855979765546836774e-03
1.748757713394990740e-02
2.078441621108148910e-02
2.246473042418070665e-02
2.902877374571135802e-02
3.312738782667080245e-02
4.931042319765755605e-02
6.217598329247626954e-02
8.004934660369351918e-02
8.321024545241276216e-02
8.316920746898702477e-02
8.326187913936294871e-02
7.936913874433243477e-02
7.926134739481041636e-02
7.684067658072700480e-02
7.510239096839137207e-02
7.561575831879112364e-02
7.240337186997529428e-02
7.407377010638953319e-02
7.311267271168520043e-02
7.191848241377578332e-02
7.783260025440801033e-02
7.734122837124823846e-02
7.652662047499204923e-02
8.019743557094587139e-02
7.471024160062815500e-02
7.583003891557471565e-02
7.365361640530634912e-02
6.509382917880546238e-02
6.532009054171786233e-02
5.730703446573563731e-02
5.519792659741715873e-02
5.470816636442376452e-02
4.982181730953536697e-02
5.448134431118629994e-02
5.303320668967996532e-02
5.642907743544010174e-02
6.478136957529122275e-02
7.136437396410742762e-02
8.869949243793680271e-02
9.186612305181039717e-02
9.926241806297357584e-02
1.063222770576877363e-01
1.040189803317362188e-01
1.104082727599434016e-01
1.060113031281650353e-01
1.035161924664191602e-01
1.016335420608666940e-01
8.723319312595026465e-02
8.073691179264845530e-02
6.979125174252369390e-02
5.662115875581562319e-02
4.959761890163336129e-02
3.757643567622231257e-02
2.700245932228308859e-02
2.014339271842041992e-02
7.892916155252730631e-03
-6.526835073930313839e-04
-7.663194426198086280e-03
-2.130687357202714141e-02
-2.688004430341564902e-02
-3.278916634579056438e-02
-3.814741023972485073e-02
-3.431604072376854414e-02
-3.578993220788419943e-02
-2.615009713698915675e-02
-1.635612303331646783e-02
-7.796760835128547715e-03
-2.725453050693384463e-03
2.439485630874009547e-02
2.814016471893649937e-02
3.808529903934573108e-02
5.050360015999595664e-02
4.632315769920226228e-02
5.253593146024956861e-02
5.308542832531239208e-02
5.505521713086144325e-02
5.862451287035688741e-02
5.995612340257644446e-02
6.146320845078756534e-02
6.487703570636614570e-02
6.408803597863482748e-02
6.286126562155892883e-02
6.291749994686546277e-02
5.933743112832962768e-02
5.886751796991104152e-02
5.440362252553504474e-02
4.897792493348029907e-02
4.841617643393834880e-02
3.394820421505664182e-02
3.305424068290908901e-02
2.941753663294310525e-02
2.477172670864608364e-02
2.303368532728272688e-02
2.047450813312148843e-02
1.713840543721129039e-02
1.350067901149672178e-02
1.243280057957030747e-02
3.520481654234218234e-03
3.243226602743392618e-03
1.801495072896390926e-03
-6.623863352972873819e-04
-6.535412903750877946e-04
-1.837317622945927034e-03
-2.358013413829660593e-03
-2.896766362152098512e-03
-3.284000361327329628e-03
-3.512983404660606577e-03
-3.531064630157690343e-03
-3.662337299944202172e-03
-3.705849162719525563e-03
-3.734254704972192820e-03
-3.778252421262130387e-03
-3.789717690540519036e-03
-3.806583018428725228e-03
-3.819204518926663013e-03
-3.824274543846927898e-03
-3.831327237695524544e-03
-3.834942245620129742e-03
-3.837375081585564333e-03
-3.839813693937872523e-03
-3.840932877840322161e-03
-3.841744327345548039e-03
-3.842544126450523484e-03
-3.842499112667147835e-03
-3.842288588392005384e-03
-3.842681982879880918e-03
-3.840600968148255578e-03
-3.840486532112277144e-03
-3.839759364441301236e-03
-3.832647906744952784e-03
-3.837109383598816779e-03
-3.826207498410945634e-03
-3.813675887972939847e-03
-3.831859157316175237e-03
-3.772179107139120562e-03
-3.789950347556209336e-03
-3.798911937633988548e-03
-3.601275598337322966e-03
-3.826932544297498903e-03
-3.538951412486249400e-03
-3.170826068121806660e-03
-3.356716853624700479e-03
