-1.122755258072250656e-03
-1.205841605099889280e-03
-3.944975479159865302e-03
-4.145402321768078616e-03
-3.861701552962661706e-03
-4.221005012470959925e-03
-3.232675578215507117e-03
-3.320475950786041727e-03
-3.152972107435391726e-03
-2.897462457753402412e-03
-2.927772088051883419e-03
-2.804685822740937348e-03
-2.755257816090554181e-03
-2.742087879979368276e-03
-2.693562384855352487e-03
-2.683675157750271129e-03
-2.669107267781721700e-03
-2.654167093716209951e-03
-2.650464001031723263e-03
-2.643088090810446003e-03
-2.638979017951761236e-03
-2.638066850032257799e-03
-2.634852137029773840e-03
-2.635254020326483187e-03
-2.637427570611856290e-03
-2.634041794403354456e-03
-2.643302333890402457e-03
-2.644436551781578337e-03
-2.640955916086453609e-03
-2.675917619438380676e-03
-2.650321237835225226e-03
-2.681583950406236320e-03
-2.754122642261077128e-03
-2.630589469881655304e-03
-2.874649300951936503e-03
-2.826000969810393403e-03
-2.521714368736566875e-03
-2.670517728101408882e-03
-2.604454129977756393e-03
-2.809021566657439375e-03
-3.218906892604960109e-03
-2.858564432550646846e-03
-4.381227166071334327e-03
-4.251151885041994441e-03
-4.375685665458756493e-03
-9.898534203126524780e-03
-1.066910832912211678e-02
-1.682924566330058075e-02
-2.150757226565805022e-02
-2.265812088690738121e-02
-3.151127558348314900e-02
-3.576327436741148780e-02
-3.826461720065472971e-02
-5.977051066205949642e-02
-6.266100234662194679e-02
-6.991198413003106571e-02
-8.120322686339745410e-02
-7.833878011307236766e-02
-8.091352981755738083e-02
-7.907596546566149354e-02
-6.835053880046357278e-02
-6.207173215756787293e-02
-4.837488567258346750e-02
-4.096233337064793950e-02
-3.498971349697075489e-02
-2.232141961260450044e-02
-1.549307105466294320e-02
-4.966599024525647499e-03
7.110242901328276029e-03
1.046251179357332584e-02
2.863923659165803354e-02
3.069459825737622799e-02
3.325488311724037610e-02
3.976525899778317330e-02
3.749916266701977530e-02
3.779367778964608238e-02
3.848492121935892518e-02
3.093259000778792248e-02
2.927102022778989635e-02
2.380409331725651112e-02
6.455289954546531567e-03
3.381889963869362699e-03
-1.886920928300854158e-02
-2.810086230876466390e-02
-3.959597019396421391e-02
-6.938179512722275621e-02
-8.047036743210757292e-02
-1.015697010592843119e-01
-1.228508972763914242e-01
-1.303884222172807528e-01
-1.507855896299674370e-01
-1.549290265254084087e-01
-1.601188946568722626e-01
-1.680332343010296214e-01
-1.656686977829133489e-01
-1.686597150137432999e-01
-1.644208222293914168e-01
-1.552750266090724141e-01
-1.496133659920754755e-01
-1.361107258145467513e-01
-1.273633380620993460e-01
-1.187610646799336506e-01
-9.017367142013045511e-02
-9.645326252274018242e-02
-9.053950360562246225e-02
-8.229315225890874996e-02
-9.300701783482007157e-02
-8.248705529590022456e-02
-8.723524313490250981e-02
-8.261182797148236556e-02
-7.733252251744113237e-02
-8.528654217798554982e-02
-7.514245529909235888e-02
-7.144046581871282831e-02
-6.402191921068410563e-02
-4.682905633241747634e-02
-3.900328527364076148e-02
-2.128430512345312262e-02
-4.930079801781330970e-03
1.356661899038868677e-02
2.479027535036398139e-02
3.225869262165956958e-02
3.612976143980183019e-02
4.090590352437238619e-02
4.307217076084988300e-02
4.427923362424696085e-02
4.753407866297289924e-02
4.411686536646049900e-02
4.353193844600598134e-02
3.827168661116888554e-02
2.327599013925853860e-02
1.463520417862813026e-02
8.021876716830366599e-03
1.405932763109463786e-03
8.347806852406051276e-03
4.389296663072023499e-03
9.593278069482250037e-03
1.076794998535867201e-02
1.047074231400812148e-02
1.409263087519554460e-02
1.382935639173208699e-02
1.998243485736883943e-02
2.161905388314584037e-02
2.297819970105007339e-02
2.558988676707195722e-02
2.627063322953563859e-02
2.698381650350228922e-02
2.794170430563578528e-02
2.828737136350529743e-02
2.693956552200142684e-02
2.685175545225818028e-02
2.767890751502319682e-02
2.704127476834660565e-02
2.777171200953243088e-02
2.957662082801739908e-02
3.047241622907669381e-02
3.308404440766658100e-02
4.180165798980899766e-02
4.591898492093068884e-02
4.489848411902558345e-02
3.660390841837559556e-02
3.381526776657444583e-02
2.495181957233277500e-02
2.199603230459538233e-02
1.789515753397802333e-02
1.001409207577579064e-02
1.141199578858605353e-02
3.144800585030421789e-03
-1.026660941318189267e-02
-2.120692024070765930e-02
-3.626462996936468536e-02
-5.111676441803710697e-02
-6.904564432412635400e-02
-7.450056339539125327e-02
-8.559494644911590233e-02
-8.983310452950279967e-02
-9.223165973325618550e-02
-9.899177287535264325e-02
-9.992212315820607482e-02
-1.035387763904866282e-01
-1.090084561576522282e-01
-1.113092040802985960e-01
-1.181223948647026761e-01
-1.236168793588454801e-01
-1.257661512911678603e-01
-1.304875946644388218e-01
-1.314757639375611908e-01
-1.237891301438053260e-01
-1.259417364210402290e-01
-1.184566929328936397e-01
-1.108123382629517817e-01
-1.066397212448849247e-01
-9.224714394540936557e-02
-8.803460468912918668e-02
-7.782317005079986139e-02
-7.076175463307109170e-02
-6.897731441677577846e-02
-6.020277465573831144e-02
-5.746153030241678283e-02
-5.326717084688877002e-02
-4.568269568840109540e-02
-4.487906277637743885e-02
-3.871728656286308606e-02
-3.701657499935760015e-02
-3.768045979811013996e-02
-3.383545018510401153e-02
-3.596395427122042743e-02
-3.484842873150845177e-02
-3.419053459353597196e-02
-3.738668248059066890e-02
-3.577769908757138378e-02
-3.689001871533287985e-02
-3.553990315091175994e-02
-3.461529621421947228e-02
-3.228903309610542394e-02
-2.944081733686111646e-02
-2.754764321557551937e-02
-1.683902306074697847e-02
-1.416374173634025145e-02
-1.424920998356081318e-02
-1.217702986717069009e-02
-1.288960086157496694e-02
-1.063109781636809720e-02
-7.243452771531753466e-03
-7.763830070913941596e-03
-2.404665258554163163e-03
-2.489888510626116474e-03
-9.522694967253584469e-03
-1.629944096836592402e-02
-2.984510281472077878e-02
-4.859652838068305447e-02
-6.779729609706995619e-02
-7.342030994961143420e-02
-9.152167387804656384e-02
-9.837547092782443492e-02
-1.000081449759297886e-01
-1.130677152897874016e-01
-1.097187815003504985e-01
-1.120910803032306169e-01
-1.148457282646422883e-01
-1.046004901459889058e-01
-1.061631970977680861e-01
-9.719547774544817775e-02
-7.451568595629640135e-02
-6.927407999321498477e-02
-4.451607167743865806e-02
-2.977879609004192851e-02
-2.621981557640427202e-02
-1.290246476675802403e-02
-1.365221892357309889e-02
-7.170579283970583001e-03
3.564407937911587276e-03
5.351109000576163843e-03
1.770864509087954203e-02
1.675022922313010310e-02
1.527638029867009299e-02
1.948964800974598011e-02
1.934325801224838492e-02
2.051867301407976282e-02
2.902123408759701290e-02
3.028897350349472190e-02
3.327462292995651827e-02
3.962636087565438864e-02
4.002782986509990926e-02
4.390756663174773949e-02
4.908394142789040265e-02
4.934992675950250485e-02
6.458305900077977724e-02
6.492894806867482993e-02
6.790502772707621149e-02
7.785598655353972997e-02
7.514378105580817035e-02
8.236943894253184739e-02
7.539105295580018906e-02
7.634650797507383513e-02
6.814669761722323693e-02
5.457538053496704261e-02
5.641791824751592882e-02
2.528079421345121730e-02
2.530540511110314014e-02
2.615515293411311767e-02
1.779820541409227533e-02
2.365721699080975196e-02
2.167281540969291653e-02
2.301380280503750181e-02
3.206790671146724642e-02
2.953391483142496499e-02
4.482766761593261901e-02
5.220997815735230890e-02
5.352531116131836048e-02
9.792652730435011388e-02
1.005697471554381078e-01
1.209810855911148675e-01
1.271727492766236423e-01
1.340508217950194259e-01
1.250200732936813663e-01
1.251253523834912340e-01
1.287865482017228336e-01
1.173917525011186902e-01
1.167509695119564872e-01
1.085319768451420419e-01
9.182038979836805448e-02
8.474637633188296382e-02
7.020643460021218363e-02
5.733786249732549661e-02
4.701296895620327154e-02
3.042169430784976217e-02
3.123484467529490452e-02
2.355346283345855288e-02
2.369034693755878163e-02
2.356995686378748900e-02
1.122850980988268632e-02
1.133018481255083400e-02
5.578689429438414907e-03
8.224780858189539618e-05
-4.504113561588738855e-04
-4.103315605476914874e-03
9.317913457047946081e-04
2.489143524661013504e-03
4.616480672833294351e-03
3.907641847926753877e-03
3.370473268110398164e-03
3.026863359093400277e-03
2.808682395792687966e-03
3.321803432386313728e-03
3.117406949329372574e-03
3.787691684124443441e-03
3.578110906019766387e-03
3.534222151862273249e-03
3.619841661659075997e-03
3.727740948628557004e-03
3.932194070401099847e-03
3.768287951907235700e-03
4.783618205994399387e-03
4.298455172868761477e-03
4.201901837401174518e-03
2.504389571995132343e-03
2.375252915641387370e-03
3.310963698735279806e-03
1.942128418466923653e-03
8.348849498922412266e-03
9.983407638427376635e-03
-6.213084422179763165e-04
1.614160515257777317e-03
2.351594954349869350e-03
1.460564764717570867e-03
6.435460920977888188e-03
2.328171532709426023e-03
-1.437577818845803008e-04
-1.091954973440419259e-02
-2.069442944130686635e-02
-3.105095960510113190e-02
-4.517821084629730644e-02
-4.385765849275379685e-02
-5.176123356640003476e-02
-5.931029754337369814e-02
-5.448106980408100319e-02
-6.059250830490329337e-02
-5.341281177535662367e-02
-4.748282937877366244e-02
-4.430807053422559233e-02
-2.980857392392546878e-02
-2.198080537850757854e-02
-4.529165800341390311e-03
2.791433060140709535e-02
3.189672668189342392e-02
5.607003609622213808e-02
6.177481353252510521e-02
6.749972102613997771e-02
7.983657179554208561e-02
7.638668110220260543e-02
8.374530535464666525e-02
8.136841904482190746e-02
7.757555632009406621e-02
7.862183864186719773e-02
6.964767912071169464e-02
6.735231570699792836e-02
6.168541466948231078e-02
5.186851225465321374e-02
4.790908164256908741e-02
3.154930129158271812e-02
2.869807623839593438e-02
2.055015729909167102e-02
3.545113701551980915e-03
1.219741348461865146e-02
8.547600624430263389e-03
5.870896306481070354e-04
3.940866701698075847e-03
-1.157424332841476555e-02
-1.640537339035606085e-02
-1.384399086796345678e-02
-2.093743514692030655e-02
-2.721596327505749688e-02
-3.097278315143190547e-02
-4.020848972683734729e-02
-4.374235726301474447e-02
-4.882211174184011848e-02
-5.433054403852541347e-02
-5.731030150308932813e-02
-6.215538287479020763e-02
-6.626229844070326280e-02
-6.933247242057952175e-02
-7.481595755544696857e-02
-7.835420807326493042e-02
-8.255327417276263346e-02
-9.012522423854969766e-02
-9.236914092432498002e-02
-1.015324136477210454e-01
-1.101159761708472712e-01
-1.116417009672100308e-01
-1.325730794654634281e-01
-1.327926321119230202e-01
-1.368691309841373882e-01
-1.454431170399980433e-01
-1.395124257614503149e-01
-1.451735018352480755e-01
-1.432658805879665764e-01
-1.301602848571014603e-01
-1.285809595834682961e-01
-1.107556807598011339e-01
-1.046453567407654855e-01
-9.290379490128633511e-02
-7.525551923652869235e-02
-7.200806471583107160e-02
-4.510372371604579739e-02
-4.195586863130457839e-02
-3.773006163302907584e-02
-2.773523066273096346e-02
-2.686982372633999611e-02
-2.159077715815715254e-02
-1.582027199568789705e-02
-1.522299102618385885e-02
-7.055353886889333993e-03
-6.725830819922622335e-03
-5.704965649226971872e-03
-3.286772095060484962e-03
-3.418928866042546168e-03
-2.838890395782766966e-03
-2.372656898844967537e-03
-2.306513973796491413e-03
-2.018606427536891786e-03
-1.912085581950039590e-03
-1.839359957502840299e-03
-1.737867565317572629e-03
-1.705863128520039183e-03
-1.664047253024542603e-03
-1.632662679878266318e-03
-1.618185840422117381e-03
-1.600146164234209339e-03
-1.590203189436269508e-03
-1.583036775028804927e-03
-1.576234078115076181e-03
-1.572556590955482593e-03
-1.569173976244323107e-03
-1.566507722162533518e-03
-1.564844213816456641e-03
-1.562890626613377661e-03
-1.561425663461843806e-03
-1.560245629780990847e-03
-1.557691374712145147e-03
-1.556688649180807283e-03
-1.553897830591222367e-03
-1.548659976490479812e-03
-1.548899641273888007e-03
-1.537153604269916526e-03
-1.530359401582954406e-03
-1.529924538688452783e-03
-1.488146609488348983e-03
-1.500101949537234209e-03
-1.463657174435325061e-03
-1.364644651629082000e-03
-1.462502319659583164e-03
-1.203372352360638359e-03
-1.150654012311494792e-03
-1.342709615975392961e-03
-1.956571171563971736e-04
-6.028102678516883764e-05
