-1.616516253936284894e-03
-1.893918857717783594e-03
-4.636801309643915833e-03
-4.537125743416262937e-03
-6.301306856429494604e-03
-6.992204844881201586e-03
-7.276040154439252297e-03
-8.028543562959636337e-03
-8.216148375222576475e-03
-8.501106992571876714e-03
-8.766623546763979008e-03
-8.868419740399037868e-03
-9.027296426148669062e-03
-9.121089762041675181e-03
-9.185684533160145757e-03
-9.255871799657080720e-03
-9.292727961662560973e-03
-9.325798708302426854e-03
-9.351285214789770150e-03
-9.362098980442840751e-03
-9.371395240228699158e-03
-9.371992931613195438e-03
-9.361020680846595526e-03
-9.353006896694824809e-03
-9.325522142210197762e-03
-9.289864806424923474e-03
-9.263124138705398913e-03
-9.175991529127219132e-03
-9.123196616436998752e-03
-9.038719565699635319e-03
-8.829357510214748406e-03
-8.806346308580667581e-03
-8.474564025864874880e-03
-8.140478326832647354e-03
-8.181105740363393136e-03
-7.034044028276876213e-03
-7.140611468821170954e-03
-6.838749998043090750e-03
-6.495482902774374692e-03
-6.797634558507341385e-03
-6.380428980361205031e-03
-6.491197715878909737e-03
-6.565658822370094155e-03
-5.245689388314779197e-03
-4.810673254713087113e-03
-5.111013322267881839e-03
-6.344958250156099763e-04
-1.676661694973890799e-03
-7.555954522587504879e-04
4.444611979890650830e-04
-2.650147257674421129e-03
-1.005369443260012560e-03
-1.925874072514253228e-03
-1.923995575308616677e-03
-2.514293563998365282e-03
-7.288855824163851214e-03
-7.454463687728597743e-03
-1.221443176545786158e-02
-1.632731833949867262e-02
-1.762253168879871976e-02
-2.873289145155944607e-02
-3.004965579822860972e-02
-3.580865343806841766e-02
-4.640723866159644079e-02
-4.838051473242530737e-02
-7.341946952536664017e-02
-7.590295407424189900e-02
-8.685960996046529492e-02
-9.788178007481093679e-02
-9.597993815238765880e-02
-1.043548479353582359e-01
-1.006929544563568008e-01
-9.904126645648797522e-02
-9.573059325437084655e-02
-8.620406710629344160e-02
-8.160632829863745386e-02
-6.777632528236353371e-02
-6.169506669756612965e-02
-5.202168616039264115e-02
-4.578262444177447904e-02
-4.458401952969759385e-02
-3.835783114465643462e-02
-3.664057341901358344e-02
-3.470648010010903700e-02
-3.114017623952268499e-02
-3.055355612870231177e-02
-2.818027756222037106e-02
-2.747432104188872806e-02
-2.721685516476602881e-02
-2.589372515218940976e-02
-2.585287121135405528e-02
-2.371965423323454600e-02
-2.025364440412971007e-02
-1.688683788416089210e-02
-1.503016919032940102e-02
-1.224274284713773586e-02
-1.286982327534498538e-02
-1.148447740577985057e-02
-1.141889018833571953e-02
-1.137411250626574506e-02
-5.499501553159548070e-03
-4.398910260551970423e-03
-2.243894126323593263e-03
7.770392345098962416e-05
5.368323377185083229e-04
2.555217788592942067e-03
2.585901459651659875e-03
3.701520632584946909e-03
4.488205626375378968e-03
4.627400904003003794e-03
5.650970477745100376e-03
4.277181296257910256e-03
2.553244037321110698e-03
2.466455873250371095e-03
3.467388440961040753e-03
3.703856224018098938e-03
3.261468928108129852e-03
6.181915696276627783e-04
-4.679174854236197974e-04
-2.077635818518159053e-03
-3.414290957900293320e-03
-4.787073147136138539e-03
-6.450853114603368778e-03
-6.071207962856491058e-03
-5.932932676826283523e-03
-6.719298594351224771e-03
-6.501985833410543758e-03
-8.680820267776235763e-03
-8.752552292260523323e-03
-7.642965384079786033e-03
-8.348686342812201497e-03
-6.575945998271867654e-03
-6.112000887012183567e-03
-5.144790530611846775e-03
2.820364261270795264e-04
4.270396822172986898e-03
6.023958767322366500e-03
1.216737794042530886e-02
1.303635844821674460e-02
1.581615836746953080e-02
2.100118042834743515e-02
2.118734959747424484e-02
2.978094897921063078e-02
3.908702617907791610e-02
4.679648543930928911e-02
6.605558837214810242e-02
7.168107391272088291e-02
8.655406590718886517e-02
9.431212100182551072e-02
1.011523761311371450e-01
1.069546751324639278e-01
1.095162932333425820e-01
1.142144651634577901e-01
1.165631736242278976e-01
1.190937197724194763e-01
1.215690868417104442e-01
1.225670386628785746e-01
1.245635167032100171e-01
1.246261126586869911e-01
1.255044780274685301e-01
1.257109791815476385e-01
1.242453427317855574e-01
1.252219444608728138e-01
1.220434593694723902e-01
1.201469323574120562e-01
1.168041817278388794e-01
1.080651242375445520e-01
1.035485731733602754e-01
9.496310750235827103e-02
8.468199706655489545e-02
7.850630511551723312e-02
6.546014717368427160e-02
5.573060820723647890e-02
4.701654939243016251e-02
3.001953646380797411e-02
2.270854790274669591e-02
1.462649595497839475e-02
7.263225887450612019e-03
4.244720737668649692e-03
2.418931554274277983e-03
-2.516896299434952440e-04
-2.590450822220472914e-03
-3.540074360472924338e-03
-6.037686977975754640e-03
-6.226910960234197275e-03
-8.364422115687060889e-04
5.447027604396763876e-04
5.926158703402566825e-04
3.891983271042880749e-03
1.144438369769593860e-03
-5.463839227723029084e-04
-4.016784227411007366e-03
-8.894915683140177873e-03
-8.318182353746763139e-03
-1.235871442377064686e-02
-1.254231429369107899e-02
-1.377237439751412967e-02
-1.505665403240794356e-02
-1.320898070107717585e-02
-1.609178358973559556e-02
-1.216984710692701338e-02
-1.061442335387645201e-02
-1.909759817376357680e-02
-1.769589511168501161e-02
-1.090980178752085777e-02
-1.246634723476684053e-02
-1.076790158505851885e-02
-9.130646775416280739e-03
-9.760134685056499546e-03
-8.458798127257223867e-03
-8.330555035973520941e-03
-8.782851372804142964e-03
-8.295565830657271669e-03
-8.277872742253106556e-03
-7.947156623244371401e-03
-7.741484999523677232e-03
-7.511273014110505901e-03
-6.596146738857735191e-03
-6.937470009522248710e-03
-5.360390665251787284e-03
-4.417168559140848168e-03
-5.116695358821026808e-03
7.070186556675262532e-04
6.763542193571576511e-04
-1.210962822668594377e-03
-2.930858303481850705e-04
-1.291296060756789293e-03
-1.028181412723725395e-03
-1.161641172229879162e-03
-8.430760006123145644e-04
-9.522814187939295742e-04
-1.107010463606760255e-03
-4.170780478324908236e-04
-2.312477620988132726e-03
-1.546082213899503850e-03
-4.495019715649246732e-03
-4.308975386312259570e-03
-2.984466974281429694e-03
-5.052868251101520075e-03
-1.788198341297681697e-03
-2.451964871409522285e-03
-5.249688360532754443e-03
-4.526770808396357072e-03
-8.546832834752058142e-03
-5.070923209121327643e-03
-2.082779582218767869e-03
-1.314582141103528504e-03
6.740053367573808386e-03
8.863322430167639224e-03
9.061082735522349441e-03
1.256378546612270906e-02
1.329048747991834305e-02
1.484100601221346669e-02
1.677933471696280154e-02
1.553170963206149807e-02
1.570098311476383207e-02
1.324966285761241570e-02
1.117535837187535845e-02
9.890123615389972284e-03
1.940390778906898135e-03
5.378111716654660401e-04
-1.678590491087113452e-03
-5.943606818311604825e-03
-5.231213442468031147e-03
-8.561521805572428964e-03
-9.153061570140036407e-03
-7.539213832731526434e-03
-8.339683065477578733e-03
-6.495220340756433820e-03
-5.952859451064398087e-03
-5.723536332446531663e-03
-4.311654461905030551e-03
-4.268551858374689673e-03
-3.540502516611625933e-03
-2.638503870239399147e-03
-2.725544395943376927e-03
-1.838912394383314473e-03
-2.020980336971170931e-03
-2.859284479894142351e-03
-3.031180548389919051e-03
-4.006002805782173451e-03
-4.786156187988273997e-03
-5.190622375341449532e-03
-6.305968222166216317e-03
-6.416695525698072784e-03
-8.024677731899250432e-03
-8.985128821500659377e-03
-8.702780615177376292e-03
-1.060842122967610608e-02
-1.119020138099997147e-02
-1.310699435302297745e-02
-1.434383899984070267e-02
-1.103762713337046175e-02
-1.147837280241669963e-02
-9.371155280515987979e-03
-3.840275561808659255e-03
-4.409463210909219527e-03
-3.918168147923855975e-03
-4.143697270745393124e-03
-8.740707557133752664e-03
-9.154655417168850937e-03
-1.185312618246250546e-02
-1.025877356397743127e-02
-1.019827077389119305e-02
-7.225865044524017872e-03
2.392043398118228435e-03
4.941220177580209726e-03
3.605268162395171977e-03
6.128011386311734386e-03
3.375376619962221127e-03
3.950060681828226720e-03
3.546198300887230901e-03
2.993389202445625313e-03
5.458983074355753043e-03
6.512874448786893158e-03
7.349562324824965125e-03
1.010069926902975625e-02
1.367136669089297901e-02
1.765072225569857059e-02
1.913298474006137895e-02
2.083664463580043452e-02
2.137234943414410837e-02
2.232362791241062835e-02
2.242813123498130917e-02
2.333020273934564154e-02
2.349878529204978139e-02
2.257640984099359982e-02
2.318899097628049355e-02
2.301261798653127938e-02
2.512379388769184554e-02
2.548710938025822159e-02
2.751002277358091663e-02
3.363746113667146626e-02
3.449656949926011018e-02
4.099965069023045472e-02
4.176720493836519332e-02
4.002568968896933616e-02
4.096144124749346443e-02
3.829591679638670587e-02
3.664618265093360500e-02
3.508585590061554654e-02
3.081835749855931991e-02
2.881152728520713566e-02
2.447427136411348472e-02
1.709756737838321813e-02
1.411691806226671522e-02
7.523165639386585404e-03
7.525955612577002983e-03
1.017000205317505554e-02
9.635145975888541325e-03
1.091436774113126694e-02
9.688133692084951662e-03
9.596090497062215868e-03
1.100909560559085003e-02
1.071193334866290224e-02
1.008755525079113070e-02
1.076378324264234618e-02
9.216889791694989759e-03
8.574370998000473490e-03
9.061713575404353391e-03
7.941318188780311857e-03
8.256448177440610381e-03
7.608581925620073322e-03
6.069105740664612961e-03
6.007682289147978430e-03
3.321157403924363070e-03
2.140148998678527165e-03
5.960878944635319152e-04
-5.374264230570214088e-03
-6.651190899174715988e-03
-1.143928970106559279e-02
-1.660344059214317533e-02
-1.786255178078584999e-02
-2.582732924986708492e-02
-2.838651583926750377e-02
-2.827700122725877036e-02
-3.126541066987068018e-02
-2.919007503226106817e-02
-2.348112258470229710e-02
-2.255888417916167982e-02
-1.588128778064001531e-02
-1.313471273818185223e-02
-1.121333207730617655e-02
-7.364513893689510898e-03
-4.992893908584027443e-03
-2.594263125987323303e-03
7.187951941569987926e-04
2.470991286965940233e-03
2.021803160390864620e-03
2.099563668410815449e-03
2.142391843885567328e-03
3.079793829695966385e-03
2.902128752307531721e-03
3.838939527319932057e-03
3.314814224780249230e-03
3.835680890984653410e-03
3.693956139791066285e-03
5.851284783011768487e-04
4.404885316204533354e-05
1.612932855114763801e-03
2.412941607898282537e-03
1.461647249593723240e-03
-1.293703562122011912e-03
-2.083572109217730894e-03
-4.217799517710292545e-03
-6.036520024725729357e-03
-7.107784640599984320e-03
-9.395297221113286038e-03
-8.745303199197182464e-03
-1.053724498360741196e-02
-1.102145729925790851e-02
-9.578080490113841106e-03
-1.004467082515556921e-02
-7.717358971500919325e-03
-4.386284069096217306e-03
-1.687363591247385136e-03
-5.643448404118303944e-05
1.751988002115339484e-03
3.346289619071412310e-03
3.650892276489304308e-03
3.981514354949504050e-03
6.070416624407770634e-03
5.364835403374658418e-03
9.533173090253159801e-03
1.019507643491783001e-02
1.264243272240394428e-02
2.030357708880944911e-02
2.159338768596210170e-02
2.610513976711154038e-02
2.803068648076247407e-02
2.907587217398399648e-02
3.049872391299655872e-02
2.871956907479928864e-02
2.974294637414106116e-02
2.559798559323516950e-02
2.354085952256473532e-02
2.146496847664469687e-02
1.056884250239581956e-02
8.107294971411735038e-03
1.940360754790233268e-03
-3.788077670620624941e-03
-5.588388101947243738e-03
-1.059647025070993911e-02
-1.272096350140408498e-02
-1.435455948143172546e-02
-1.703481632127995526e-02
-1.743434922982643395e-02
-1.834166701499747101e-02
-1.914575423743002797e-02
-1.832014890317647249e-02
-1.823006918420918068e-02
-1.741315591059097723e-02
-1.478498632028341087e-02
-1.335252684221445788e-02
-1.247123587080806173e-02
-1.070900967790632333e-02
-1.037294760113447942e-02
-9.187011978203214746e-03
-8.345392286998182252e-03
-7.702347698766908064e-03
-6.668154305276775135e-03
-6.167382612665612586e-03
-5.200439092117811052e-03
-4.817913466105487597e-03
-4.358860615632350645e-03
-4.327046407873173794e-03
-3.470402996060739566e-03
-3.456337337511889828e-03
-3.275501654854943816e-03
-2.802062154364081108e-03
-3.323319914879407401e-03
-2.984058918096877538e-03
-3.237111709362187895e-03
-4.047939771483970856e-03
-3.611453325248647605e-03
-5.146938352413197790e-03
-5.665976990081644793e-03
-6.119568247839758841e-03
-7.240218376843581168e-03
-7.526594053885989587e-03
-6.874154101388987859e-03
-7.458359894142669103e-03
-5.545549963867869511e-03
-3.209280396357439176e-03
-2.862544832108632718e-03
4.265563752675755049e-03
5.571622513969498938e-03
5.439457571560700651e-03
8.147643435021906938e-03
5.017657171690954876e-03
1.550027816146564656e-03
9.746904223565924699e-04
2.195901455864181684e-04
2.783620543999060638e-04
-3.059799067003507109e-04
-4.044276981047236147e-04
2.971023960625326400e-03
3.037646614327794981e-03
3.482105387669331628e-03
4.285948513451619257e-03
3.817388092234992331e-03
4.464067068498869285e-03
3.315345161192240469e-03
3.336064417955057846e-03
3.185932143310437996e-03
-9.248038053958025423e-04
-1.233514720493959424e-03
-2.407290217713083103e-03
-3.638393735122505586e-03
-3.861746037873769761e-03
-4.807229751307009330e-03
-4.789890875616593761e-03
-5.646000802257624893e-03
-5.782624709685080765e-03
-5.008472437285938286e-03
-4.920177723304320488e-03
-4.671400328002559173e-03
-4.464272003179745561e-03
-4.429687532825504932e-03
-4.216644987274540193e-03
-4.365824261346398436e-03
-4.136085473162126949e-03
-4.141557336126818790e-03
-4.756839026467701848e-03
-4.838910950151634541e-03
-5.050568738188209415e-03
-5.245831884221338788e-03
-5.296111062933252407e-03
-5.411723874913437933e-03
-5.469768502422635466e-03
-5.507879014389855006e-03
-5.555766669347283505e-03
-5.576940390194182369e-03
-5.599008121201807207e-03
-5.616848423223536751e-03
-5.626453111985217984e-03
-5.636723269323100881e-03
-5.643119182050682948e-03
-5.646891793078190162e-03
-5.650895092286802729e-03
-5.651844269199014260e-03
-5.651489739347696772e-03
-5.652650835737950581e-03
-5.647138148436189019e-03
-5.644909731132606752e-03
-5.642317534729107339e-03
-5.623754510818175859e-03
-5.627778224468570414e-03
-5.604786790362427905e-03
-5.569392018032850653e-03
-5.595594621392377399e-03
-5.486737837778487420e-03
-5.483240919091299931e-03
-5.502771655868631158e-03
-5.163285424732889581e-03
-5.433974635719012423e-03
-5.076638767425632227e-03
-4.408655411914487801e-03
-4.656165777818279707e-03
