4.236367400507065444e-03
4.513820026081477241e-03
1.143925838056136443e-02
1.047089257546247355e-02
1.087575855389655115e-02
1.253846072601988090e-02
1.298514053996064482e-02
1.356251320939810996e-02
1.409143268804637431e-02
1.426991823710787623e-02
1.454609458378104160e-02
1.470046369905906279e-02
1.479483905142589886e-02
1.490199186560462775e-02
1.495483008226136321e-02
1.500321108555305490e-02
1.504542549795383384e-02
1.507248395636504902e-02
1.510018961535307402e-02
1.513065139809782744e-02
1.515464776103273535e-02
1.518911382933773452e-02
1.524077775087191375e-02
1.527454637676306341e-02
1.537109043572779631e-02
1.546930196962978052e-02
1.555175225974864822e-02
1.585230759282005991e-02
1.597620744293860515e-02
1.633318337082317884e-02
1.709124234256390387e-02
1.711318998623428955e-02
1.873378435955273466e-02
1.989062959180673898e-02
2.011437609517569350e-02
2.609777234475350177e-02
2.675089010273733192e-02
2.804402696764509914e-02
3.065750013967736068e-02
3.120313855560392577e-02
3.227182016489248823e-02
3.557116959093772901e-02
3.558568797108833254e-02
3.777969581830105394e-02
3.388784550057230560e-02
3.805020733462080584e-02
3.331972105032604548e-02
3.739195620844783935e-02
4.698633238072903728e-02
4.333120262573762066e-02
5.773606698188259861e-02
5.042602170932686950e-02
4.748984142841190803e-02
5.259724040328259825e-02
4.089261994209855006e-02
4.222471290692166729e-02
1.101157827498360983e-02
1.414135490085910614e-02
-7.358701085282927899e-03
-1.662387112591344647e-03
-1.296935590770459390e-02
-5.600496323644915675e-02
-7.275795618140623588e-02
-1.299218750000842026e-01
-1.572566060291088752e-01
-1.976476742716945789e-01
-2.402108804424935018e-01
-2.316385628719840606e-01
-2.523061408157293295e-01
-2.460728938325429382e-01
-2.365890928429520701e-01
-2.466057509907152723e-01
-2.252863389758404944e-01
-2.258567634356890563e-01
-2.187298268312452554e-01
-1.899923776013917043e-01
-1.878676795764690766e-01
-1.561565986493489711e-01
-1.301624125999248371e-01
-1.123437133840288343e-01
-6.955676235783808670e-02
-5.120109035830874844e-02
-2.689929630044595940e-02
2.658077834839412887e-03
1.132806565297897992e-02
3.947275098486375394e-02
4.759067639065033689e-02
4.403099475356175158e-02
4.484423025312101602e-02
4.596776162853059844e-02
4.162675809051835651e-02
4.109455509080146840e-02
4.861823184919487895e-02
4.525030326041112883e-02
2.188966504308042377e-02
2.185225018938815114e-02
2.868988006689420292e-02
2.480792919610279312e-02
1.859462384845552568e-02
1.033899021660871637e-02
1.278266439247942136e-02
-1.465549426138030090e-02
-1.525913520830585526e-02
-3.669956885274815866e-02
-1.056833179483176177e-01
-9.750337604488842902e-02
-1.368675147448620011e-01
-2.103414690168567414e-01
-2.120861368246565459e-01
-2.422378321661520784e-01
-2.394310460017357312e-01
-2.240668036702823385e-01
-2.215165669104200152e-01
-1.965708540529738368e-01
-2.066995970449488351e-01
-2.005407297978467618e-01
-1.904984723399036073e-01
-1.956071667868567732e-01
-1.844764185185012728e-01
-1.847645988726699384e-01
-1.872632845032703164e-01
-2.064326460111457762e-01
-2.197185433920810504e-01
-2.377597251637658393e-01
-2.590833790481308907e-01
-2.742521062312484048e-01
-3.012206275704792935e-01
-3.283129897455279167e-01
-3.667108500741375621e-01
-4.283431685941699874e-01
-4.715370139813075956e-01
-5.122860581317880690e-01
-5.670200636208417855e-01
-5.857425430336024030e-01
-6.166196954004748987e-01
-6.331206881015236654e-01
-6.405841041209905384e-01
-6.598505817846748167e-01
-6.632559374604769520e-01
-6.735351853434311531e-01
-6.810073240106374604e-01
-6.793863570991541811e-01
-6.797228983529483015e-01
-6.550668316093952726e-01
-6.367683348953749878e-01
-6.035309237689765460e-01
-5.567871151259270457e-01
-5.182383057698451978e-01
-4.724620339165694904e-01
-4.104110879663895317e-01
-3.626146506917449774e-01
-3.247024133710704197e-01
-2.329251403460690928e-01
-2.153535013001432186e-01
-1.545866122854282765e-01
-1.412719323044945574e-01
-1.377743921510943825e-01
-1.081065714332469785e-01
-1.051524135198237536e-01
-9.391237181670805678e-02
-6.236626121281561852e-02
-5.605710295948951316e-02
-4.656822285883187307e-02
-3.548341572824073586e-02
-2.541093241523070465e-02
-2.669422979669137941e-02
-1.025409523643463529e-02
-2.816164284272644827e-03
-2.673242835042181909e-02
-2.619522845179439452e-02
-5.600528448722865565e-02
-4.807098807792205969e-02
-1.330324196368551197e-02
-2.290947434308420252e-02
1.010909544975702005e-02
1.984100400260232003e-02
1.627571054960771924e-02
4.245021762995428161e-02
3.974273191522409432e-02
4.634075983303014012e-02
7.228462082360613550e-02
6.094889930392457383e-02
7.419178155956392129e-02
4.943610316575964420e-02
3.078195874274342742e-02
2.491764840113955617e-02
-7.662003075371881522e-02
-9.642215466429686355e-02
-1.408727071845386480e-01
-1.881590330259558519e-01
-2.048696440678261510e-01
-2.525050744720162554e-01
-2.767729198378009459e-01
-3.052454352313214159e-01
-3.199253394800743999e-01
-3.531758562735465290e-01
-3.644364262385012543e-01
-3.866748006602407917e-01
-3.952611979707137957e-01
-4.084763877528348464e-01
-4.237159716569317003e-01
-4.286913427662342735e-01
-4.457681189933843102e-01
-4.534033430182761726e-01
-4.627580485397632670e-01
-4.806552514032457757e-01
-4.843243722603655654e-01
-5.053102030961241775e-01
-5.215520177675072588e-01
-5.367694970939936860e-01
-5.535470637289207074e-01
-5.593458232575961864e-01
-5.754130359727411825e-01
-5.770676050388915401e-01
-5.708458898318140573e-01
-5.657264735071511064e-01
-5.258114489637460975e-01
-5.047950391045039620e-01
-4.728812478007498044e-01
-4.267452110771366436e-01
-3.905542665880463726e-01
-3.347646552441828627e-01
-2.918158239344618710e-01
-2.494483459625985444e-01
-1.861242400909910721e-01
-1.499870140724245127e-01
-9.641298213433421860e-02
-6.930251858285646493e-02
-1.922830901350922744e-02
1.051504365607253480e-02
3.532563870233482867e-02
8.370910864811065277e-02
8.890090450325868754e-02
9.539250502647636520e-02
1.077895627916700266e-01
7.812520343464232631e-02
7.597287975868494136e-02
5.643675451061477832e-02
-1.149197909245138448e-02
-4.102752379963274521e-02
-8.613835446109646687e-02
-1.305378683608982016e-01
-1.842069579667685308e-01
-1.947942320312544273e-01
-2.733684425742988755e-01
-2.935124516346560575e-01
-2.868704012037246454e-01
-3.211266296435543177e-01
-2.821644311346934719e-01
-2.632722232410894536e-01
-1.982418082843627749e-01
-9.083765846091612639e-02
-9.430067212483309036e-02
-5.481824988562990220e-02
-4.571860277142435203e-02
-5.687216369658366216e-02
-2.839702872851346260e-02
-5.177063112145300489e-02
-6.613118146580015955e-02
-8.947837294818944409e-02
-1.000589774788939595e-01
-6.869599017570462984e-02
-4.345278799229039535e-02
-4.718889378932129147e-02
-4.139376472322192635e-02
-1.803241626539173192e-02
-6.395793046923989311e-02
-7.334710652129010355e-02
-9.274620491619985085e-02
-1.568311032618878720e-01
-1.586681225400352335e-01
-1.649108842132140929e-01
-1.661171609678320782e-01
-1.303140532416818265e-01
-1.116694990141177263e-01
-8.041941842837657672e-02
-4.969224604509654697e-02
-5.639224581975882389e-02
-6.313877977813342479e-02
-8.023652281362610161e-02
-1.284875315451448896e-01
-1.505960497581328716e-01
-1.575666671366718341e-01
-1.850791734868771077e-01
-1.878870359791816602e-01
-1.998798060604789484e-01
-2.090142807670062330e-01
-2.090182194443254704e-01
-2.072555485989993618e-01
-2.008299912766466078e-01
-1.976639208004917214e-01
-1.761180465903190995e-01
-1.672601653383473941e-01
-1.490373486752945009e-01
-1.141547666408993106e-01
-9.943631212334992642e-02
-8.836697840842999696e-02
-7.777467890610416379e-02
-8.291600976441997062e-02
-8.438873916354168447e-02
-8.976992360774656288e-02
-8.665313139569970347e-02
-9.124111069350872294e-02
-9.143064438373466052e-02
-8.666187856013886359e-02
-9.417455556353387935e-02
-8.163730505379288016e-02
-7.882025017008789658e-02
-6.942082503582434894e-02
-2.643681676608649125e-02
-1.487941749833331800e-02
2.381525190366782715e-02
5.223674412352728724e-02
5.494404835018777689e-02
1.906464079464788991e-02
1.936462128270157595e-02
-5.510582117300355520e-02
-4.822065322817731953e-02
-5.352478114153215449e-02
-6.861972703575154597e-02
-5.647424789183409094e-02
-6.350048218217582696e-02
-4.170769060093931085e-02
-3.404714222189405420e-02
-3.424172325336879291e-02
-2.379679618459435222e-02
-1.599128419103192089e-02
-2.011152298925088927e-02
-3.625419746106655575e-03
1.784794604636051867e-03
-2.113237699671617967e-02
-2.246842408919375728e-02
-5.159096157471965149e-02
-4.233050648395162568e-02
-1.204379173469106654e-02
-1.511163424335282279e-02
1.345705264761285110e-02
2.097519026087346639e-02
3.063924624510059105e-02
3.872829504511085541e-02
4.980328538562488888e-02
5.274172319985795387e-02
4.544502084285918786e-02
5.160151655517712654e-02
3.191564094972489107e-02
3.350933328106270315e-02
5.665253485427566155e-02
4.437595495832191705e-02
5.915494955917507958e-02
4.328910838225544927e-02
-4.051995318511459904e-04
-5.456062595392717485e-02
-4.796798334506541250e-02
-3.745666640249666751e-02
-1.814617068586194329e-02
-1.543308117250549553e-02
-2.628041745246882319e-02
-2.671631456759645043e-02
-3.082415434729416509e-02
-4.657863196768738390e-02
-4.461986945052488773e-02
-4.785008477311793879e-02
-5.186200054762816342e-02
-3.659032913199589815e-02
-3.509443933653775410e-02
-5.910557069160227335e-03
2.497808356857884188e-02
4.942299098886029918e-02
7.075530338653726603e-02
1.085006604063627478e-01
1.385767369404058424e-01
1.720449692325097257e-01
1.751194530956023954e-01
1.804393519503339482e-01
1.818495934279851511e-01
1.547028342965535430e-01
1.495295319459144234e-01
1.133307536476760718e-01
8.737941946506513902e-02
5.122265453094541898e-02
3.808586480036376537e-02
2.828045271804206784e-02
4.213008172751663005e-02
7.674642552569152509e-02
9.065685655577895852e-02
1.045805239537525300e-01
1.231891099602688694e-01
1.281002148111029526e-01
1.288931871055588874e-01
1.327993972991627358e-01
1.375586898534508218e-01
1.315866535294025752e-01
1.352247283359654384e-01
1.398738024295169968e-01
1.115155453371596272e-01
1.133547865651881731e-01
9.871372732296621044e-02
1.056002504929824254e-01
9.071095537750903381e-02
8.361706843013157198e-02
7.643848978821528306e-02
6.579119562587901204e-02
6.106102190025398946e-02
8.172869999762337467e-02
6.545285475384843288e-02
6.256107699146513934e-02
4.839050077808636913e-02
-2.816073306393438933e-02
-6.303864554632883366e-02
-8.735486534775502299e-02
-1.143446425218133805e-01
-1.342966737500650432e-01
-1.474584218730541074e-01
-1.629238306669516523e-01
-1.700688248637228506e-01
-1.746898959272467633e-01
-1.804216133715835224e-01
-1.721067696098523836e-01
-1.687266686688662642e-01
-1.526364160807300585e-01
-9.747827489698034087e-02
-5.596951927484744571e-02
-2.421011402353997685e-02
8.917791195571938417e-03
2.529768757637908608e-02
3.288546999568153079e-02
4.337416796495423971e-02
5.162944231514560861e-02
5.035528387966443919e-02
4.917089438209242686e-02
4.157204368269520195e-02
3.639536637583137141e-02
3.005530272556890259e-02
1.970997022411579910e-02
1.146204140031019218e-02
-1.646493472356756532e-03
-1.101883981399423909e-02
-1.978247673791525690e-02
-4.105669153269028704e-02
-2.399122076038606374e-02
-3.226433390229073439e-02
-2.518699322188711412e-02
-1.327565381830514944e-02
-1.065331699310048848e-02
2.499384286422655886e-03
4.167485767117260625e-03
2.721036699337625944e-02
2.703397835908320432e-02
3.113811329296689925e-02
4.067560238604320255e-02
3.357782317107217696e-02
3.816055698278982000e-02
2.485031483113084305e-02
-1.540894938562121542e-02
-2.696156333400304486e-02
-6.952812838319577526e-02
-9.223858102127414915e-02
-1.124606396574989037e-01
-1.586316896166101997e-01
-1.664835131166658988e-01
-2.039639289772074981e-01
-2.093976443459891756e-01
-1.992755072832890217e-01
-2.086259661903728246e-01
-2.023707532279853116e-01
-1.934041548588706638e-01
-1.875989199587104195e-01
-1.807485543388763771e-01
-1.514126910218015765e-01
-1.465476444324063932e-01
-1.343015230672757188e-01
-1.217633054106494056e-01
-1.151060738548789347e-01
-1.039370867786110902e-01
-9.611023431234307079e-02
-8.359671298507520554e-02
-7.577986356755396502e-02
-6.174654829881837115e-02
-4.352220275465396027e-02
-3.814181763914038792e-02
-3.456010683652597452e-03
1.899135265286005115e-03
8.219994179036873433e-03
1.546885631588540769e-02
1.479296699866788738e-02
1.775764177207931477e-02
1.911611755043675018e-02
1.933911869313922546e-02
2.056049403377848556e-02
2.078734222084221289e-02
2.111406923276947997e-02
2.148612785203402042e-02
2.155999491671007837e-02
2.174073050740101681e-02
2.183617442337493220e-02
2.188330791516725909e-02
2.195607782043684092e-02
2.197327442724221827e-02
2.200772241714446520e-02
2.202386406037277339e-02
2.201116286751157031e-02
2.206080547723395305e-02
2.199926057789973813e-02
2.200971521390473334e-02
2.208327030776821923e-02
2.181548670393572073e-02
2.209540123778390777e-02
2.191656846760539276e-02
2.138492298324410137e-02
2.256824341486272228e-02
2.068756032032236999e-02
2.113962035045005572e-02
2.235877751834759383e-02
