-4.682098448221838106e-03
-4.533115123988617004e-03
-1.687107749490983138e-03
-2.927808909374368836e-03
-4.644763852723696011e-03
-4.397993758481618873e-03
-4.504858464742319754e-03
-4.829303553630592827e-03
-4.706185943628407066e-03
-4.834028603470181575e-03
-4.872911163470010701e-03
-4.858793524602007807e-03
-4.906910910843281445e-03
-4.904788776512293037e-03
-4.911544422565345888e-03
-4.922912029664069586e-03
-4.920252116886505642e-03
-4.923804110339948491e-03
-4.924001097575376497e-03
-4.919749966909170956e-03
-4.918558665626748122e-03
-4.911304213646107766e-03
-4.899470142086703034e-03
-4.893804736045235908e-03
-4.863757833802322995e-03
-4.840746074555071256e-03
-4.816729196134453793e-03
-4.714562559271411567e-03
-4.698128393591160731e-03
-4.555525219930263610e-03
-4.300983916629446367e-03
-4.346432700869378059e-03
-3.633925297799002127e-03
-3.342788231565837001e-03
-3.214053883617793220e-03
-4.681762632230275197e-04
-3.331065916508439370e-04
-1.537347240674905783e-04
6.662890234851394280e-04
3.506997629356442374e-04
6.409596475180234397e-04
8.394208796780198902e-04
4.776685005270050370e-04
1.457608561424449676e-03
-2.482300036167519718e-03
2.863508648536669207e-04
-3.076808451021967924e-03
-1.208031589456396686e-05
8.197003845875922706e-03
6.036526146508703998e-03
1.738055880039378331e-02
1.118152997842668424e-02
9.028876999838853987e-03
1.110894821819893158e-02
3.744309784522781293e-03
5.002158589948235701e-03
-1.930851064955175014e-02
-1.464166344993063362e-02
-2.949537651904063362e-02
-2.014185812776561266e-02
-2.583486284998776084e-02
-5.907359777336247675e-02
-7.323114610060260654e-02
-1.183833200795043478e-01
-1.416375331255980974e-01
-1.779965695850597163e-01
-2.149707502984434249e-01
-2.069831002564934408e-01
-2.245324797085988811e-01
-2.185852503021944726e-01
-2.096973034534901359e-01
-2.181388872880512253e-01
-1.997193079239893698e-01
-2.000628406150931071e-01
-1.942644715923256271e-01
-1.692779740512808939e-01
-1.670550687033362514e-01
-1.410452288436976620e-01
-1.185582416576977521e-01
-1.045971005714558116e-01
-7.097064242608859541e-02
-5.650420179260882969e-02
-4.167422504040506348e-02
-2.120890782260861224e-02
-1.975596714982618199e-02
3.577765061758201529e-03
5.898374172244771028e-03
1.131559739438740657e-02
9.454330787109511622e-03
1.097533589163582519e-02
9.318212115638770457e-03
6.530680995306748123e-03
1.434441201951962980e-02
1.140114388266918848e-02
-1.700355686833667987e-02
-1.521709980635661645e-02
-1.093306623340293063e-02
-1.316453532224873095e-02
-1.647102924888664208e-02
-1.822366250197124740e-02
-1.350911206499866637e-02
-3.157276012679144372e-02
-2.722462076579663590e-02
-4.195749493147903769e-02
-9.608291322619647024e-02
-8.392160794686938374e-02
-1.127089365236022822e-01
-1.742652318309464987e-01
-1.749911772045206482e-01
-1.958593449008844689e-01
-1.901303575302713822e-01
-1.728542150721416315e-01
-1.622445614525484803e-01
-1.372144200470815090e-01
-1.422086963196809439e-01
-1.335958596227360962e-01
-1.230668398142187869e-01
-1.238842751899111999e-01
-1.119560808823857195e-01
-1.096322754097215912e-01
-1.079947502202904808e-01
-1.218459139880000014e-01
-1.305228020573839798e-01
-1.421278145265316983e-01
-1.570397586289771497e-01
-1.643723038855710028e-01
-1.835864803241639143e-01
-2.001829615904729409e-01
-2.290213192302942846e-01
-2.826469292017322887e-01
-3.162979509017824764e-01
-3.499721064190630671e-01
-3.971324294810928413e-01
-4.097928840717526278e-01
-4.394024788369740309e-01
-4.511568957379438749e-01
-4.566840348305761244e-01
-4.738458664807321807e-01
-4.733266261805243458e-01
-4.824337278738193291e-01
-4.863256697176658316e-01
-4.816510615397607276e-01
-4.799366093831903268e-01
-4.518333532003203090e-01
-4.337554528790399377e-01
-3.973642158021976623e-01
-3.514584744317341136e-01
-3.192477531426282655e-01
-2.772961574382334926e-01
-2.239432747941972335e-01
-1.891873885650247056e-01
-1.831233002808034527e-01
-1.276093795283303189e-01
-1.230533980146667622e-01
-1.012198685136434795e-01
-9.598528530840380601e-02
-1.020626771066774074e-01
-8.866491568662847322e-02
-8.867464341391367855e-02
-8.595420892610411423e-02
-6.222593189026495719e-02
-5.899822816707379208e-02
-5.490561344466107080e-02
-4.743229645573152770e-02
-4.089555959886348457e-02
-4.428118215565660792e-02
-3.114004571360748722e-02
-2.596890064776876186e-02
-5.073820407693007545e-02
-5.316169098550131006e-02
-8.312013430142672910e-02
-7.571382017554389998e-02
-4.651384163511899233e-02
-5.474068860801958869e-02
-2.036723371955447351e-02
-1.349958640057030354e-02
-1.461026532438691738e-02
8.586463548775360999e-03
5.454715477603080086e-03
1.291607761976425357e-02
3.173038222566886696e-02
2.574040289983902177e-02
3.764359308961562345e-02
1.878991199523852296e-02
7.592563877905146238e-03
4.433138076714464304e-03
-7.858806979650249935e-02
-9.145198285177555397e-02
-1.211212911741593318e-01
-1.517001859852475376e-01
-1.620913162353247172e-01
-1.925380309289630720e-01
-2.073013550355265189e-01
-2.343460863335572741e-01
-2.431402988666455656e-01
-2.690919877547973682e-01
-2.777753784187841357e-01
-2.943160652221868956e-01
-3.007609489494185162e-01
-3.109104998500677453e-01
-3.224312150767982832e-01
-3.257415880120919094e-01
-3.392068108544920024e-01
-3.446925209550741331e-01
-3.515766135052126873e-01
-3.667434362598267494e-01
-3.687220457338105106e-01
-3.870273708330527196e-01
-4.020550144494676181e-01
-4.151815113935026780e-01
-4.304736134132550740e-01
-4.353481152607968085e-01
-4.495094965840032430e-01
-4.512720711941938800e-01
-4.437953624449672008e-01
-4.385831232707871896e-01
-4.018443536814317874e-01
-3.819730668862932887e-01
-3.542904668738512952e-01
-3.137417448973094936e-01
-2.810542577740012260e-01
-2.343326918128403602e-01
-2.001807496874887515e-01
-1.667641099369813751e-01
-1.167453713149917693e-01
-9.213203063106484292e-02
-7.022387255454473620e-02
-5.321863028441369686e-02
-2.270826575363285582e-02
-8.679884607313731112e-03
9.896615336763309179e-03
4.552635136151537282e-02
4.892622962303432022e-02
5.457867057887061391e-02
6.386755738335696264e-02
4.051511622986268130e-02
4.154981573124467975e-02
2.899138731922314138e-02
-2.749850950113491913e-02
-4.654551660388848988e-02
-7.803431293006304892e-02
-1.109657314720037119e-01
-1.473021901965284319e-01
-1.584999570840275596e-01
-2.200782668017301491e-01
-2.379522255184743362e-01
-2.363162572406036499e-01
-2.618748062854810432e-01
-2.342021047456082361e-01
-2.185732547857986152e-01
-1.587275322010113232e-01
-7.163322610885705655e-02
-7.604101561474023441e-02
-4.472586504243394184e-02
-3.804349614548655639e-02
-4.926641361132776814e-02
-2.724154937179212171e-02
-4.897722640859870913e-02
-6.644685551118915956e-02
-9.227702538049810388e-02
-1.019982159963944562e-01
-7.430767717303057851e-02
-5.115552884159179498e-02
-5.449296987663625191e-02
-4.844392814312007550e-02
-2.640471147296591728e-02
-6.518956938860544226e-02
-7.252224825376928086e-02
-8.911856524033436033e-02
-1.470907264041846629e-01
-1.497245047492973269e-01
-1.546989739109247142e-01
-1.547360996655177401e-01
-1.213112196875627824e-01
-1.022938767050244613e-01
-7.216484243551701816e-02
-4.301440118279414165e-02
-4.780600030259425648e-02
-5.314296349048580614e-02
-6.818428104076752760e-02
-1.124400264318140413e-01
-1.321810224110827048e-01
-1.370059549365514329e-01
-1.608751341463401929e-01
-1.625205709721280756e-01
-1.721443891778737800e-01
-1.792392422990893852e-01
-1.790771659245884162e-01
-1.766871482849644293e-01
-1.717010441330391046e-01
-1.700215119725791701e-01
-1.509741315494143865e-01
-1.449159779163050332e-01
-1.291696408158024278e-01
-9.810275833379361599e-02
-8.668734448643404533e-02
-7.921836110546605358e-02
-7.201324189127039643e-02
-7.963984141795862892e-02
-8.301549071901330457e-02
-8.945315395195277408e-02
-8.836702817367539375e-02
-9.362809556194086336e-02
-9.548364982988673255e-02
-9.249774108382409488e-02
-1.007288108674306570e-01
-9.127526950598199851e-02
-8.970867972528824563e-02
-8.301307481025638202e-02
-4.512992323481355983e-02
-3.557515622692972862e-02
-8.525055890005472231e-03
1.423908727867955436e-02
-3.798473303325970805e-03
-1.951316538936295059e-02
-2.465752082412040955e-02
-7.693691754475895372e-02
-7.192670458305204517e-02
-7.563944515255491274e-02
-8.339488618450127677e-02
-7.572363963149035537e-02
-7.925759169878104915e-02
-5.920474746845001690e-02
-5.374734252700451298e-02
-5.317488107701823230e-02
-4.545535059224124763e-02
-3.919879380119837414e-02
-4.350508171298810706e-02
-3.012306005129406286e-02
-2.550093480457599551e-02
-4.989215740533096272e-02
-5.302500792745547253e-02
-8.268524251048825491e-02
-7.450718437406766981e-02
-4.781929002879258678e-02
-5.232142119942934794e-02
-2.052309482810045146e-02
-1.567143848831268130e-02
-7.758947479618923983e-03
8.677008691798223034e-04
7.050996285288168436e-03
7.151789132315479296e-03
1.337639212488405836e-03
-5.358479050632858343e-03
-2.151567015849167874e-02
-2.172431153910855603e-02
-4.705854680390715757e-03
-1.053320601744192099e-02
5.148268148288650571e-03
-6.245474305996249163e-03
-3.843311512406934194e-02
-8.385434851466298800e-02
-7.589959280143417086e-02
-6.008339142394501786e-02
-4.114965736671999386e-02
-3.884130729473622701e-02
-4.956859201329549824e-02
-5.131072254448320463e-02
-5.635585471554317716e-02
-7.207782440186925876e-02
-7.270079642124083197e-02
-7.639942219774716048e-02
-8.214601477160450582e-02
-7.052482698521163329e-02
-7.011437035916340266e-02
-4.691082947597598196e-02
-2.086849255417592627e-02
-1.592740499231654972e-03
8.210798283276601883e-03
3.932983822995544249e-02
6.228914325974393290e-02
8.910415869324599114e-02
9.156898834724526426e-02
9.186209271303649726e-02
9.302544850493398021e-02
6.687585146890989707e-02
5.927018220021484235e-02
2.971943876496883213e-02
3.137791043544790621e-03
-2.850019992676328454e-02
-3.406540465841832038e-02
-4.419304292243442928e-02
-2.760046294054542895e-02
3.366457247821115408e-03
1.646552732766935756e-02
2.826224119732442808e-02
4.836482458636278542e-02
5.132232956397065476e-02
5.279211613476275655e-02
5.588371403752824540e-02
5.913444695805943063e-02
5.593885906814980574e-02
5.505097377921697177e-02
6.298077031716758922e-02
3.579383715922652281e-02
2.980257170067600672e-02
3.723405147337797982e-02
4.111129616999910363e-02
3.013427927624483249e-02
3.059110255911276846e-02
2.359085295816400890e-02
1.707825280055598818e-02
1.700989344524575161e-02
3.328863322094793853e-02
2.457583478774012092e-02
2.419944036389407027e-02
1.515518922758362849e-02
-4.856811462949017083e-02
-7.346213064875757592e-02
-9.050429716065591657e-02
-1.129087012454690897e-01
-1.283395371461859835e-01
-1.399919085398056984e-01
-1.545602978139870576e-01
-1.617350943024479792e-01
-1.659269442395058525e-01
-1.728324271878909357e-01
-1.656295873732582247e-01
-1.645105498228784657e-01
-1.514941927055620530e-01
-1.010435898217522388e-01
-6.497548947958341203e-02
-3.781993208023078784e-02
-8.019003653664438791e-03
5.268396320229960447e-03
1.056058771617163564e-02
1.894034819652337318e-02
2.556305472275014964e-02
2.334483123105246180e-02
2.108865595692187636e-02
1.374808855945281773e-02
7.827030016806577409e-03
1.840554894290445838e-03
-7.977943677081392182e-03
-1.665542419634311738e-02
-2.813298703161807440e-02
-3.682666726630253601e-02
-4.425346618420681472e-02
-6.165300224883459024e-02
-4.779045964502133537e-02
-4.927575390217197454e-02
-4.308209747220098640e-02
-3.194983821306993099e-02
-2.795858403527888211e-02
-1.637320763720145553e-02
-1.502797830952470708e-02
8.160343147801457295e-03
7.019580099836766549e-03
1.050136672989472261e-02
1.996926766224972616e-02
1.045973962818768158e-02
1.541086221477816660e-02
4.236722312182145643e-03
-3.299758292819237465e-02
-4.085702666252823828e-02
-7.242051284698768077e-02
-8.887376602248553414e-02
-1.019482436011958787e-01
-1.360442490317569364e-01
-1.410470514174296253e-01
-1.703174823409072947e-01
-1.720859982480755779e-01
-1.621367803388544249e-01
-1.684394553798794492e-01
-1.635409396785439118e-01
-1.566307649286649284e-01
-1.530490316531613049e-01
-1.490341433945823746e-01
-1.255291850453059133e-01
-1.231601321857869746e-01
-1.152874649981099620e-01
-1.072343144464507902e-01
-1.038854434794277137e-01
-9.739621782402599348e-02
-9.311936990608532527e-02
-8.508798311450055385e-02
-8.091017843323505820e-02
-7.083630299443721690e-02
-5.673762338040306413e-02
-5.391934411024879026e-02
-2.240001504534456372e-02
-1.814253853703461095e-02
-1.382627788254385710e-02
-4.864204569060798927e-03
-6.195391467969654092e-03
-3.429501624676495591e-03
-1.825762973888287377e-03
-1.928099374635508772e-03
-7.430868488289268589e-04
-5.488322247187841282e-04
-3.486384326761344144e-04
-3.201658462241655611e-06
2.669409413965058902e-05
1.567185808025200371e-04
2.362850391626016607e-04
2.569573886518065789e-04
3.075056015743204865e-04
3.240095853348641769e-04
3.341296267145694131e-04
3.498188381266439917e-04
3.487244477721641997e-04
3.452005078359922136e-04
3.527141735555906462e-04
3.236967169067716307e-04
3.175133446406235016e-04
3.142468406984731438e-04
2.048968293019293315e-04
2.594206372187697271e-04
1.228029491517558698e-04
-1.117530119505309770e-04
1.590179935685941918e-04
-7.118169920343979775e-04
-7.545554392076085030e-04
