1.354512760887076643e-03
1.555495554114302240e-03
3.402925202522882366e-03
3.039795065686394342e-03
5.083579930373085393e-03
5.731823879886350885e-03
6.529034188047063564e-03
7.234092389682492130e-03
7.511935858353551397e-03
7.886422311897418186e-03
8.105582801378461918e-03
8.245874580632047909e-03
8.391423986772393248e-03
8.467993687208902678e-03
8.534441340850936267e-03
8.587027372320315752e-03
8.618431271740022159e-03
8.647489656877022784e-03
8.667475332604488228e-03
8.682586954779353619e-03
8.696356555324523049e-03
8.706530192082184011e-03
8.717731777186309497e-03
8.728236674714675083e-03
8.739310311787465771e-03
8.756990058087863599e-03
8.771418835606503706e-03
8.798020040887134102e-03
8.835680710401885157e-03
8.862985861820046191e-03
8.945956937932543832e-03
9.013631907601078741e-03
9.094622923003408202e-03
9.336436470444112526e-03
9.410969111785421129e-03
9.812197616964342395e-03
1.081704891702823385e-02
1.093618400269275211e-02
1.291528488013622168e-02
1.448856491720837414e-02
1.439470065223658751e-02
2.227944513416767539e-02
2.378854723515716127e-02
2.436355817251483272e-02
2.795696732931389483e-02
2.949456569750980722e-02
2.297690669218139387e-02
2.479805297864400709e-02
2.029139814680198245e-02
1.690443008088797147e-02
2.298460007990055579e-02
2.399039304494825220e-02
3.021488824730189995e-02
5.867421363637066734e-02
6.099558453410871411e-02
7.869098644858057989e-02
8.853205203932791589e-02
8.955637080735454059e-02
1.044225247753745311e-01
1.000699190875670719e-01
1.005054377719373920e-01
9.500174314073922543e-02
5.956167908971708724e-02
4.098863016625522299e-02
3.057125341239600932e-02
3.574537871654540674e-03
8.965465777052756711e-04
-9.843239241765860958e-03
-2.137655686582789344e-02
-2.025562315947474282e-02
-3.132985891219254582e-02
-3.430716779662589672e-02
-3.639628502214523054e-02
-4.615058450761330006e-02
-4.642232588790345255e-02
-5.324431477304740479e-02
-6.105021581949629517e-02
-6.112553331401771733e-02
-7.078745130939667618e-02
-7.022581295021766701e-02
-7.038098362897683702e-02
-7.439435335534200222e-02
-6.943557532252568609e-02
-7.156751408274289461e-02
-6.849181504872355053e-02
-6.275058420492751754e-02
-6.064627998577786644e-02
-5.404765921469828482e-02
-5.208788199986560952e-02
-4.870666949303573134e-02
-4.738051013153570662e-02
-4.251283281582925178e-02
-2.707386930638503234e-02
-1.580358576655969613e-02
-8.516607958900206457e-03
1.022163981671451831e-02
1.169704776150647801e-02
1.255946334230360548e-02
1.935925950850098803e-02
1.732867273990170223e-02
2.104256318180732638e-02
2.186534094785819865e-02
1.966812138076760169e-02
2.065182519453799895e-02
1.733979381286687715e-02
1.745100442662771145e-02
1.821904123653415170e-02
1.734141416847634690e-02
1.901753521456290077e-02
1.866115607448361885e-02
2.294846539159738422e-02
2.320071777119847578e-02
1.457349846586464097e-02
8.515045529355067325e-03
-3.074274528168821283e-03
-1.264445184276120036e-02
-2.176086826862008716e-02
-3.247743685146565334e-02
-3.337313646329165967e-02
-3.980574474506060056e-02
-3.832565906380538262e-02
-3.144812022558997333e-02
-3.015334601847365764e-02
-1.734812487767506753e-02
-1.012589067637310533e-02
3.142959560366421524e-03
9.163069820530297602e-03
1.561182166838681259e-02
1.781563443803780081e-02
1.803969021554849630e-02
2.001131026261908710e-02
2.112117260572587973e-02
2.352602015632247398e-02
2.331585732382785922e-02
2.873715293124993672e-02
2.722470254715375279e-02
2.603313884992445107e-02
2.740746555197740020e-02
2.001640115645045293e-02
1.983655269176986743e-02
1.494840726011888686e-02
-4.047084551100157100e-03
-7.910807832871760009e-03
-2.345571501740898249e-02
-3.172077192441030702e-02
-3.557617396120017067e-02
-4.254219146592525674e-02
-5.243701354703044631e-02
-5.717891253713022065e-02
-6.925193927440378983e-02
-7.463001261088236804e-02
-7.911569111089719608e-02
-8.733451567556217709e-02
-8.946728829747016554e-02
-9.499388525832963559e-02
-9.947668150781452390e-02
-1.011709051627947137e-01
-1.061118684136154872e-01
-1.077403755651778483e-01
-1.096396401432329359e-01
-1.128960392772696969e-01
-1.125199374492427268e-01
-1.145131343090199094e-01
-1.151017878451670168e-01
-1.129627177967936213e-01
-1.134893753137916628e-01
-1.073509384961220670e-01
-1.052448808147554843e-01
-1.019426265497013762e-01
-9.687897291236485797e-02
-9.440919756063141655e-02
-8.997605680648554372e-02
-8.563030325890967631e-02
-8.206248436110526179e-02
-7.737558475571884586e-02
-7.243452492845119106e-02
-7.187389363416102350e-02
-6.840800587739614969e-02
-6.359446767940703238e-02
-6.454749144501933933e-02
-5.558241525485006773e-02
-5.364190674392626396e-02
-5.142655520349790482e-02
-1.527285224105872155e-02
-1.583107046858793499e-02
-1.461276595553207339e-02
-7.398043113584425699e-03
-8.623965874563823200e-03
7.401608724681487403e-04
3.415428508946057040e-03
3.865790480729583878e-04
7.136369738133867442e-03
3.624945413179318093e-03
1.083362176465618373e-02
1.157498165184367087e-02
1.299275310233659157e-02
1.545887628578454694e-02
1.588105543291681854e-02
1.732599533426094907e-02
1.591027556660376541e-02
1.926444409621542314e-02
1.766271004739961015e-02
1.139058055072053773e-02
1.105470828584238265e-02
4.430741715877060949e-03
3.064791666780389886e-03
2.736185527185669170e-03
7.149627820652287695e-05
6.192655536563226393e-04
5.825145935618814084e-04
1.143305304039992128e-05
1.549942873488217203e-03
1.031672387049423949e-03
2.973670210114530898e-04
2.928767691160138976e-04
-5.958618218664375017e-05
-6.817145031831411354e-04
-1.388245493746403762e-03
-1.024463604508050367e-03
-3.584730530787930917e-03
-3.344402607017748792e-03
-4.073167508140959799e-03
-1.181624242578448170e-02
-1.326552665932773448e-02
-1.550252229699147083e-02
-8.425474500403149977e-03
-1.344730179774882538e-02
-3.584414137113185132e-03
3.900263134396027460e-03
6.125841535995113669e-03
2.919077890228053904e-02
3.704393521124847710e-02
6.123849378767305673e-02
7.823220754916235253e-02
8.778561059393136246e-02
1.013028699663568871e-01
9.999766008054576660e-02
1.041500571644483619e-01
1.034061542742701484e-01
9.579247763220725964e-02
9.254405092773863861e-02
7.117274762019758227e-02
5.753411951302634525e-02
3.412015775280117375e-02
2.718733500461069721e-02
4.932802382069743918e-03
-1.327670426010673331e-03
-4.838164275505378760e-03
-1.492270218491960343e-02
-6.029068390081203724e-03
-1.235219975465135824e-02
-1.626789115706873262e-02
-1.879405925809977951e-02
-3.503674291236558158e-02
-4.235239546332240923e-02
-5.130623875167375503e-02
-6.388040285996957057e-02
-7.235479737128928945e-02
-8.127836255754618267e-02
-9.317259039240771701e-02
-9.809981380992187361e-02
-1.046590291456149513e-01
-1.104883180184934310e-01
-1.134854778614437648e-01
-1.188820194876367697e-01
-1.210757086131505761e-01
-1.245932766421784660e-01
-1.272222291831726360e-01
-1.306720098105166039e-01
-1.349464430914763535e-01
-1.368902494937213332e-01
-1.421675691145612153e-01
-1.454485467272748078e-01
-1.479399809313429459e-01
-1.550425442675865961e-01
-1.550425554683599327e-01
-1.595881770766159058e-01
-1.614862630704441138e-01
-1.486333475170495133e-01
-1.493626163796474282e-01
-1.373046603169031099e-01
-1.216742133923579550e-01
-1.135095470149811575e-01
-9.720457816620041436e-02
-8.511898795321579114e-02
-7.374269741008956935e-02
-5.827770146541908641e-02
-3.781774558646822104e-02
-2.794051573710551115e-02
-4.498394740656523269e-03
3.720953246155233717e-03
5.817858759302618581e-03
9.789311338037320551e-03
1.014407311392535524e-02
1.056303712115806183e-02
8.775020089281214061e-03
8.081568580719943398e-03
1.320520283327396294e-02
1.398942067124907263e-02
1.601464489391361129e-02
1.649759196043301332e-02
1.828098200735076007e-02
1.643548865013771954e-02
1.782525798997216041e-02
1.189679479197230071e-02
2.770852170243253820e-03
-2.377121301081890157e-03
-1.230989755272085019e-02
-1.878919873723615408e-02
-2.401958591093754716e-02
-2.929237018823592845e-02
-3.752386129521762675e-02
-3.987119226305728403e-02
-4.772107256288483923e-02
-4.734830908673653971e-02
-5.255635068265603754e-02
-5.057932941539397542e-02
-4.672523795597612051e-02
-4.642425170537947676e-02
-4.892946310379717167e-02
-6.272926455754744557e-02
-6.336300856495598322e-02
-6.576608226710821403e-02
-6.914669073657615794e-02
-6.288592806526223378e-02
-6.293565810647140657e-02
-5.049413657261499905e-02
-3.375906524517631457e-02
-2.391623419813633869e-02
9.203558769401400802e-03
3.033662588949729080e-02
5.854949687533520658e-02
1.308704976002829923e-01
1.512511779010348723e-01
2.058370349517937292e-01
2.283693955281737853e-01
2.224692374575844012e-01
2.451645156328130515e-01
2.399916566305487498e-01
2.343020710690210950e-01
2.467759512547302025e-01
2.199949718568048329e-01
2.183978610407462939e-01
2.023525920898388564e-01
1.380365281467766658e-01
1.299833601713135389e-01
7.187667310826348355e-02
4.165552143229232090e-02
3.972537990190613821e-02
1.107622390083844860e-02
2.595588707676448059e-03
-2.947318628793249573e-02
-4.101432519548520866e-02
-4.354119980566974191e-02
-5.548607717700851372e-02
-5.263994405334447568e-02
-5.835568143959168896e-02
-5.595863636692648135e-02
-6.154780557756614479e-02
-6.450880611207521209e-02
-6.972084374403601792e-02
-7.205504916156775519e-02
-7.197457130875689613e-02
-7.518571600852951009e-02
-7.361798094315659402e-02
-7.430633117171733804e-02
-7.818246038686064991e-02
-7.760632890167226683e-02
-7.665241928570255825e-02
-7.823409324558640299e-02
-7.591112843785527420e-02
-7.306405070321583817e-02
-7.045609057192543656e-02
-6.361618440624780546e-02
-6.250124332709865171e-02
-5.874821744302970855e-02
-5.612260008872973355e-02
-5.152635882580994253e-02
-4.437712524464863806e-02
-3.916900962880448533e-02
-9.735484506194706789e-03
-5.573256780525269807e-03
2.391925739333865871e-03
1.360808303343045457e-02
1.401026575860621348e-02
2.053397336459641606e-02
2.622907485099950850e-02
2.589144053343074223e-02
2.860701456879328336e-02
2.466015230316500467e-02
2.549067287194560841e-02
2.628385144305829882e-02
2.605410895497200022e-02
2.705919701440446731e-02
2.512784700696530163e-02
3.016207009736932704e-02
2.742385059476477177e-02
1.817289570776120869e-02
1.601395552669156869e-02
-1.869311486745545798e-03
-1.143199842234002284e-02
-2.154171282815025429e-02
-3.496874387948985252e-02
-3.574602000375908667e-02
-4.424566432962184076e-02
-4.355171973768548477e-02
-3.770121208152846931e-02
-4.479803350548290652e-02
-3.465244321357946466e-02
-2.949064778244775767e-02
-2.611916426519882498e-02
-1.568832625604361106e-03
6.810650180217788299e-03
1.038599421216453156e-02
1.923458439462502612e-02
1.389241717610728913e-02
1.560405929202898084e-02
6.761080620178893524e-03
1.904801907659578811e-03
-1.076548247860302163e-02
-4.287325618484241069e-02
-6.563690721265215411e-02
-8.704875047856762416e-02
-1.182701827028125041e-01
-1.333472615528565608e-01
-1.445772322767823193e-01
-1.489582795638761670e-01
-1.483326264613075707e-01
-1.515065353055301267e-01
-1.488601871262378862e-01
-1.488506448236573132e-01
-1.476777674114536920e-01
-1.442049951704916788e-01
-1.438808265572859291e-01
-1.384828413344640630e-01
-1.360741590296619952e-01
-1.316866794191941248e-01
-1.233024049419394058e-01
-1.200993161059459163e-01
-1.123942406456844012e-01
-1.076889346427119948e-01
-1.034167314836650919e-01
-9.705088056214210279e-02
-9.547898829150848476e-02
-9.015853176502378052e-02
-8.922485327855043946e-02
-9.495643989595174694e-02
-9.522620852601958175e-02
-1.056420984433798643e-01
-1.107353268491041015e-01
-1.217276270358767370e-01
-1.356522851936761975e-01
-1.447075917058519845e-01
-1.683418549662750729e-01
-1.738369728134860348e-01
-1.869483325641336235e-01
-1.899426084392707714e-01
-1.904961053071748400e-01
-1.956188337060999760e-01
-1.910479949846811687e-01
-1.920276641580924981e-01
-1.890452568020704882e-01
-1.830849217585567568e-01
-1.815029497010808013e-01
-1.720487621765597608e-01
-1.673348522872293298e-01
-1.640717135847787889e-01
-1.565993201702680082e-01
-1.540576615007029637e-01
-1.487280601164324423e-01
-1.438916772886479067e-01
-1.403677699604115314e-01
-1.353176135224486432e-01
-1.314104856491283835e-01
-1.270249829102499117e-01
-1.235233306754568439e-01
-1.192478055076981319e-01
-1.081398095065658899e-01
-9.993384623336208639e-02
-8.460422907498239831e-02
-7.288370322438307569e-02
-4.007582624251598835e-02
-3.500882669462861141e-02
-1.391024686472252907e-02
-8.136684234673847993e-03
-1.265002078478770497e-02
-8.223650761902148026e-03
-1.184949171341031365e-02
-1.147583862528601256e-02
-1.665795581109780557e-02
-2.999765708584171964e-02
-3.689058012004859527e-02
-4.447415375400266130e-02
-5.142592551007706125e-02
-6.236427049909719356e-02
-6.543724033919122440e-02
-7.117094636845167077e-02
-7.044419579462532499e-02
-6.640006745899132423e-02
-6.691619621419227226e-02
-6.100325744839342479e-02
-5.958514861546629349e-02
-5.316634139884103549e-02
-4.518025152349598728e-02
-4.382612624048868449e-02
-2.386373002428977472e-02
-2.240716685859056589e-02
-1.817879119541766786e-02
-1.176006588604719925e-02
-1.042757366427061322e-02
-6.721107278113746045e-03
-4.334460416600308987e-03
-5.487575215508989088e-04
6.766414801605519051e-04
4.523883801017260578e-03
4.581263184306257237e-03
4.884863972358423519e-03
5.944464337449120728e-03
5.700776089705131625e-03
6.059894223976288602e-03
6.210995856273760635e-03
5.901508282946893100e-03
6.129105222920096588e-03
5.785097383929484888e-03
5.886784483488452339e-03
5.877521599240599984e-03
5.802942826142532158e-03
5.845745325912161255e-03
5.816471362860946293e-03
5.809908861072346151e-03
5.816844820719337811e-03
5.805023962664046001e-03
5.806926862564084843e-03
5.805700510231420058e-03
5.802791208521657258e-03
5.803494587537794645e-03
5.802203805986954829e-03
5.801648344629907472e-03
5.801305034837488453e-03
5.800848281995365369e-03
5.800174667746299181e-03
5.799380403590823768e-03
5.799515714149407891e-03
5.796754167954881222e-03
5.796836479568539049e-03
5.795891135098676233e-03
5.787653919766534878e-03
5.794271505268531151e-03
5.780771813325993012e-03
5.768782404572859665e-03
5.792156158845786044e-03
5.721236482572548965e-03
5.754100390837320680e-03
5.760653378079893042e-03
5.541758781206041623e-03
5.831793290871509217e-03
5.471225282696621020e-03
5.128416687453613357e-03
5.292713327786665103e-03
