-6.505877925028191169e-04
-7.302319351625283835e-04
-2.838624290113301099e-03
-2.914475536832652255e-03
-3.230050595443844774e-03
-3.592408320526823025e-03
-3.174910141166140815e-03
-3.370383055576249998e-03
-3.335976064882781918e-03
-3.271526520094748380e-03
-3.329238787717782484e-03
-3.295143072656343125e-03
-3.296457537564970001e-03
-3.307137817428786042e-03
-3.293927816490042123e-03
-3.302255417255244713e-03
-3.306971564220212781e-03
-3.292863227530981943e-03
-3.323970212170311144e-03
-3.309858441810232220e-03
-3.282871228272173005e-03
-3.290033575114682373e-03
-3.330717286068879922e-03
-3.343843846218616436e-03
-3.411950793222054412e-03
-3.420408351162499468e-03
-3.553041084664642756e-03
-3.674777132382028248e-03
-3.693015990268502628e-03
-4.244860897068022769e-03
-4.165715124309843191e-03
-4.071674215963346118e-03
-6.259303909897032635e-03
-5.015310198262571545e-03
-3.923953070783622009e-03
-4.148070057987043348e-03
1.406631774928620822e-03
2.413567443537083940e-03
2.023771907456961301e-03
5.193428193148949025e-03
4.919226996190775338e-03
4.733417364718762316e-03
4.591537915925025630e-03
3.977916816361435660e-03
3.875871115449502306e-03
3.794348914333203673e-03
3.424563117136671282e-03
3.420999672533666866e-03
3.497038602913206395e-03
2.455190396224991509e-03
2.391698953010958171e-03
1.724073996711883829e-03
6.857452207495834092e-04
1.134110074308778337e-03
3.025809003957839120e-04
7.182088029522380301e-04
-6.182339750570015448e-04
-4.623967418993869642e-03
-5.239254049572100377e-03
-4.590286077973144280e-03
-4.285013749193169151e-03
-5.044251153457832842e-03
-4.875724248462984245e-03
-6.601245787294108755e-03
-1.158918034140333023e-02
-1.236039300262883021e-02
-1.366188994227035894e-02
-1.441780112453260390e-02
-1.671318950060458539e-02
-1.750119296824924342e-02
-1.711614110875823991e-02
-1.770280042953607108e-02
-1.684909557196669072e-02
-1.651854863724618386e-02
-1.728522879041697810e-02
-1.682616953944991375e-02
-1.734508682567345583e-02
-1.993040476573969613e-02
-2.066548646090441560e-02
-2.221854713821581895e-02
-2.387672388868869455e-02
-2.424851278162369617e-02
-2.486497833900496585e-02
-2.436263116952382124e-02
-2.350775596836603143e-02
-2.217848470381518500e-02
-2.112139049372025595e-02
-1.957127633484576426e-02
-1.555223805092454011e-02
-1.379859075707620501e-02
-1.018494278304093482e-02
-8.470112029156980776e-03
-5.491784075954185204e-03
-4.405736516317343421e-03
-5.886131896599681827e-03
-5.445267512705444235e-03
-5.863391918643808508e-03
-8.375728145742040651e-03
-7.527339238701104968e-03
-6.984173582892561245e-03
-7.524436278046922957e-03
-3.647364756265740731e-03
-2.675609021077487645e-03
-1.992792694573651373e-03
-3.052772705505712157e-04
9.292927581584208832e-04
2.963912256795633773e-03
5.960662060031161717e-03
7.362038041447924522e-03
4.806734722123974339e-03
-3.233804509962984880e-03
-5.989883187107529657e-03
-1.272560133239162769e-02
-1.322631099077116283e-02
-1.184656409566989775e-02
-1.041995851459985405e-02
-6.321900453022014088e-03
-8.069680838649841495e-03
-7.482151875368149747e-03
-6.742485224488342296e-03
-7.426233023596527476e-03
-7.183724863689126133e-03
-7.429201444368564375e-03
-6.503957504264234850e-03
-6.646704842415700372e-03
-5.773693329439944823e-03
-4.351676049301885126e-03
-2.383252073997126769e-03
-4.261829013018914904e-03
-6.060667149462445509e-03
-7.889022844416894789e-03
-1.123589125865744227e-02
-1.227760914504209128e-02
-1.551368366271614271e-02
-1.732373345027841266e-02
-1.704089367691389093e-02
-1.885655009168584959e-02
-1.793253970758131033e-02
-1.535479220831374551e-02
-1.443999357841479168e-02
-1.484847928345410517e-02
-1.215822917043904092e-02
-1.245913558815289410e-02
-1.145610860186679902e-02
-1.059788318647273894e-02
-1.055116583017487800e-02
-9.906248330498086674e-03
-9.605544733935969873e-03
-9.015883792252337228e-03
-8.374633055404369711e-03
-7.581822774161463448e-03
-6.732332645651948298e-03
-6.323572522702519683e-03
-5.475967542606981903e-03
-4.773165820654090910e-03
-4.570456521899668098e-03
-2.464157164886545629e-03
-2.616970981559697818e-03
-3.383932339555355707e-03
-3.813119673753349783e-03
-4.416526472037430456e-03
-6.324340789899698077e-03
-5.942035630610223787e-03
-5.014992177771989204e-03
-4.850252726851627706e-03
-3.697121428584973328e-03
-3.504364601729409185e-03
-7.225558405841967001e-04
-4.340602950973854396e-04
-7.344823320991006668e-04
1.252735144449431792e-04
2.605807916724176601e-05
-1.273191334841179497e-05
5.035463232043755960e-04
2.493948463091020672e-04
-1.562070368868036198e-04
-7.037884869448559700e-04
-2.975155816537615894e-03
-3.525509748331259394e-03
-3.824057393033421411e-03
-4.421317957591681426e-03
-5.586692023239239399e-03
-5.476964209157966085e-03
-6.068175036708477708e-03
-6.422660872920818269e-03
-6.221760061432591443e-03
-7.569418168928998027e-03
-6.998538659123441051e-03
-7.706830694026285677e-03
-5.831158270742859036e-03
-1.381082224681969050e-03
-1.002879894407381631e-03
2.865510442304673396e-04
2.065798144602142797e-04
-5.135363839877673912e-03
-6.745610259629529655e-03
-1.250812159743860778e-02
-1.795032019883380237e-02
-1.943784908722023808e-02
-2.350484369954870464e-02
-2.538448202422647487e-02
-2.585740240549062874e-02
-2.689430911628354001e-02
-2.605421297271949196e-02
-2.487671126934060811e-02
-2.436225962360990052e-02
-2.312945867137370520e-02
-2.250743609051096897e-02
-2.064866591684770894e-02
-1.973582296026539853e-02
-1.935273976313997210e-02
-1.815320138845703465e-02
-1.790603294979289592e-02
-1.734941099896811570e-02
-1.629925623629320183e-02
-1.622839120298208426e-02
-1.495608622518800751e-02
-1.386265162481489094e-02
-1.353727469336503918e-02
-1.082704961805745943e-02
-1.070073998921230660e-02
-9.589668714370891411e-03
-8.710206961592709823e-03
-8.845200227261710429e-03
-7.846019778521161683e-03
-8.257545961497374590e-03
-7.992210298679488720e-03
-7.557912318115580716e-03
-6.190221071549682937e-03
-6.095026218242723288e-03
-3.020562221590712866e-03
-3.487432168774562413e-03
-2.907565243201075574e-03
-2.949440353275429964e-03
-2.996830175618235906e-03
-1.192049820597098448e-03
-7.653710809150683072e-04
-2.046980880039109458e-04
-4.668322213550422928e-04
-2.534248679944104288e-03
-1.715878205411303743e-03
-3.031109661325274204e-03
-5.422429998261480734e-03
-3.101378722539921678e-03
-7.531321330546040735e-03
-7.696325902099062505e-03
3.489955423564055671e-03
2.683969988320647135e-03
-3.830714425588289691e-03
-2.443776743697754356e-03
-2.947463711760281348e-03
-4.199193390523191412e-03
-3.674293731321145486e-03
-4.056181945906507484e-03
-4.271405535915054341e-03
-4.214080719357140951e-03
-3.678619977190846629e-03
-3.633908577699594689e-03
-3.405558172814556438e-03
-3.327139136972736763e-03
-3.316677140020627985e-03
-3.299437103457845272e-03
-3.448345704151653014e-03
-3.462374731627656296e-03
-3.796575350485322138e-03
-4.156364665633612530e-03
-4.284073446176412878e-03
-5.794071234891114835e-03
-6.754874500127469941e-03
-7.196373356199270432e-03
-7.535998431454798453e-03
-8.045276817292031438e-03
-5.710920338764502967e-03
-7.111300352124205748e-03
-4.560107373408161906e-03
-1.712895281514709416e-03
-2.984188894232192232e-03
-3.535642952764575433e-03
-2.069860850874530745e-03
-1.533405726491228558e-03
3.808200786522232735e-04
6.714193695197685470e-04
-1.220038182531228688e-04
9.541180829705812536e-04
-1.235525560192274200e-03
-1.210558912966030933e-03
-7.490993659075881154e-04
-2.896319159892095721e-03
-3.308205173987275368e-03
-4.230253774285567744e-03
-5.282279172093680419e-03
-3.113578672102540381e-03
-2.059643767338986946e-03
-2.848374030946948000e-03
-4.571593564589753085e-03
-7.179352593634787116e-03
-1.063002806499611930e-02
-1.263903301338857067e-02
-1.886450252691006940e-02
-1.890646776203236748e-02
-1.897664979160892593e-02
-1.926088322052599625e-02
-1.692050980385117684e-02
-1.637984323331909478e-02
-1.130372995426210184e-02
-9.189593503313837897e-03
-7.943760697167493237e-03
-4.586122703521466545e-03
-3.750987889398035586e-03
-1.779085064894249824e-03
4.491656453284339329e-04
1.305049786071327354e-03
2.384575851846693333e-03
3.205502621709330549e-03
3.471875747474261441e-03
2.480015316401935812e-03
6.620046726234756884e-04
-2.788144838415512576e-03
-3.544005991624821564e-03
-2.998356328118835686e-03
-4.350113772973803958e-03
-4.170245478772412716e-03
-4.775426086004178755e-03
-4.824857233921044097e-03
-5.003822231777950783e-03
-4.752218916948925537e-03
-2.585198873725725807e-03
-1.728420081469330674e-03
-2.652678519669511743e-03
-2.613549296057724510e-03
-2.741157710470861104e-03
-2.556755943132415446e-03
-2.645425173085719662e-03
-3.733577231690619891e-03
-3.991421885754152521e-03
-3.658226337040528398e-03
-5.230876025987366527e-03
-2.102483564036191060e-03
-1.328699554647606298e-03
-1.731809607080163002e-03
-1.294001018121160957e-03
-7.351799064334114324e-05
1.902740609301359516e-04
8.743180969378596627e-04
6.535237407839506038e-04
6.243252852395408730e-04
8.793906020034388199e-04
6.008321891902551875e-04
4.777912635746121481e-04
9.807455149442145369e-04
1.100971889941418369e-03
2.720500437804454844e-03
1.375807371602807711e-03
8.902581420808115256e-04
4.782561021507176634e-04
-1.825910160549370923e-03
-3.340628488180817819e-04
-1.472998280550636861e-04
1.412695628773063400e-03
-5.433344213339653559e-04
-3.571297309391541653e-03
-8.725159243868884848e-03
-1.203424141326081206e-02
-1.578440702753182781e-02
-1.345331998399209444e-02
-8.717579338843886583e-03
-6.707470237244322377e-03
-5.908876620334148171e-03
-5.960452337866565219e-03
-6.934124137007714912e-03
-7.319033644752967992e-03
-8.262026896507517967e-03
-8.878849896171306724e-03
-8.250429911186671350e-03
-7.015071546625928009e-03
-6.516322850902612866e-03
-4.438077743428891705e-03
-2.543868531284864537e-03
-2.632415512823551565e-04
4.013153328791271650e-04
6.635362010103725700e-04
4.654974075689226136e-04
-2.156055176610053442e-03
-3.453664656720660444e-03
-4.920326833625384040e-03
-6.933548232280493766e-03
-7.605854016819177561e-03
-9.543899789036120948e-03
-9.883922357705826611e-03
-9.860190784076206319e-03
-1.069974316639490941e-02
-1.044786081485523689e-02
-1.110452752741180119e-02
-1.128902029633696742e-02
-1.160583025715047727e-02
-1.250911304423490793e-02
-1.234670149167763423e-02
-1.368040297220472074e-02
-1.350613855492681196e-02
-1.343827509993789603e-02
-1.394484576160468815e-02
-1.285407081948607144e-02
-1.314199433641844925e-02
-1.188776932009698133e-02
-1.114193197487281690e-02
-1.227023805801989893e-02
-1.091939901788471258e-02
-1.057628555200451972e-02
-6.032224802153049806e-03
9.655242310237491157e-04
2.528563533410780554e-03
4.641954850709848271e-03
6.414984071692481256e-03
7.382631245987137519e-03
7.342434704067107680e-03
7.285716867995551543e-03
7.473373119825237575e-03
7.399223768940857079e-03
7.404131808993194910e-03
7.509298300705122449e-03
7.425159907008039607e-03
7.430939874902826522e-03
7.659036439165106333e-03
7.268930263940596645e-03
7.730376857177891775e-03
8.159720121490554243e-03
9.023777776962289832e-03
7.041393499324890420e-03
7.479224068806103638e-03
7.875591470997610200e-03
4.809733555462080909e-03
8.111036260837426598e-03
7.499524730222224302e-03
-9.731214819060436845e-04
-1.283983076895997642e-03
-4.128602551064165967e-03
-5.378552994525632840e-03
-6.942812754699033764e-03
-8.284902150627456927e-03
-5.494830683920906914e-03
-5.569817476739078246e-03
-4.034409083357580472e-03
-3.446568854008990809e-03
-3.214016893978395746e-03
-2.792830170974374467e-03
-2.605381344791335603e-03
-2.534064310457098332e-03
-2.589213816341514717e-03
-2.163592518758132577e-03
-2.825047868540665839e-03
-2.581365565065880767e-03
-1.394620271781475858e-03
-1.553399344314395150e-03
-2.785018074688013802e-03
-4.032977706627942881e-03
-5.941549281470414647e-03
-6.625174963967222184e-03
-1.083045964004630130e-02
-1.117339489528132272e-02
-1.084278014393877387e-02
-1.196899927964362523e-02
-1.167092683551040726e-02
-1.185360203144122070e-02
-1.189383177137572772e-02
-1.171246925675036889e-02
-1.165973339345303603e-02
-1.105046860755517536e-02
-1.102373607667173072e-02
-1.000535432540672516e-02
-8.614390983355348086e-03
-8.899005389558064388e-03
-4.190957821424819152e-03
-4.547765780002782469e-03
-3.459559357112256938e-03
-2.223052977107296650e-03
-2.944365015830964147e-03
-2.082286124122094580e-03
-1.645207586628757383e-03
-1.225448933147687668e-03
-1.042774209476378952e-03
-1.087046260484426279e-03
-5.193508740541251043e-04
-5.311784100150876257e-04
-1.186008176533158431e-03
-1.213965917309456702e-03
-1.546830443591546865e-03
-1.699572296056426875e-03
-1.359831346513747097e-03
-1.406081367237958140e-03
-1.341567168775038973e-03
-1.269703868877392842e-03
-1.280830776973137901e-03
-1.245635467394557013e-03
-1.235200552239175929e-03
-1.232368007745448775e-03
-1.221136518549006088e-03
-1.219792294147429646e-03
-1.216789512779223184e-03
-1.214077930272028285e-03
-1.213606317568254132e-03
-1.212209142912192613e-03
-1.211935710963944757e-03
-1.211448723680489618e-03
-1.211093667945798607e-03
-1.212044448268447113e-03
-1.210400506813856004e-03
-1.212538942810955592e-03
-1.213742210412255837e-03
-1.208642475734229794e-03
-1.221994769068756063e-03
-1.212279002839902926e-03
-1.210531528331999177e-03
-1.255135663842554599e-03
-1.181444483700174776e-03
-1.265665282210840003e-03
-1.313634140301885717e-03
-1.066238760671396916e-03
-1.692236032461806421e-03
-1.895824808267766465e-03
