8.189396506865331653e-04
1.189386683284201314e-03
1.004161444883332199e-02
1.015768925735918878e-02
1.079423808549277199e-02
1.211762367392822497e-02
1.089998618437320634e-02
1.146486708386491860e-02
1.143725357440232397e-02
1.123491069080312897e-02
1.141928630278286894e-02
1.133286830268621752e-02
1.133442013109779364e-02
1.136481470250940568e-02
1.133561430158812854e-02
1.134768355490739164e-02
1.134625475021939014e-02
1.134007470769140928e-02
1.134280674190962616e-02
1.133720446691582548e-02
1.133465895150963590e-02
1.132942375446263812e-02
1.131862712444879106e-02
1.131402678466389769e-02
1.128937460070920072e-02
1.126905272460402944e-02
1.125133433883463568e-02
1.116193551726383897e-02
1.114907080560135523e-02
1.103455721216393612e-02
1.079185338857844602e-02
1.086682849485735847e-02
1.022292151365409608e-02
9.908221105169994283e-03
9.997391593148571495e-03
7.228718932003580511e-03
7.275361928043137284e-03
6.423255335276037946e-03
5.737408378313628085e-03
5.851537475998327964e-03
5.283971387645173927e-03
5.279575524755384004e-03
5.656427502391261734e-03
3.566257791187827254e-03
5.202890568684957577e-03
3.807592589744910293e-03
-1.239591922039228996e-03
-7.297749997837536633e-03
-1.166949247971092209e-02
-1.599684119220195697e-02
-1.634961879802268245e-02
-1.201941344510161144e-02
-1.105661554161919621e-02
-9.813006988326749419e-03
-1.667015561398862283e-03
-1.864601293416522001e-03
-9.854748905998761996e-05
1.911106352020966069e-03
1.940359500880298616e-03
3.288984052009914609e-03
3.082090401045872730e-03
3.999187019704185733e-03
1.349773098229725644e-03
1.545305657592276603e-04
-1.464060175644433344e-03
-1.059102063967043948e-02
-1.172510404431552182e-02
-1.604854502457121745e-02
-1.842115911403459025e-02
-2.219386498186424334e-02
-2.721553270829204021e-02
-3.074956047429393963e-02
-3.723402847288256184e-02
-4.350581138125664965e-02
-4.866530992826988838e-02
-5.816485230807962037e-02
-6.302181952008670263e-02
-6.492346876711134473e-02
-6.917761957531386174e-02
-6.946747760080913825e-02
-7.194333272782788002e-02
-7.162106892214475939e-02
-8.285974404406046268e-02
-7.955024025535124832e-02
-8.069327622472681483e-02
-8.729052565658868001e-02
-7.943605520184146562e-02
-7.732293149803858012e-02
-7.765471356981419604e-02
-7.458900531423964808e-02
-8.354350091378609511e-02
-8.215370852539134738e-02
-8.229776393124441092e-02
-8.870802005425225401e-02
-8.895880573753144061e-02
-8.914578597275533978e-02
-9.298516437091879083e-02
-8.983221890823317457e-02
-8.918146485089478714e-02
-8.535646963925011543e-02
-7.362162558512713728e-02
-7.689756757050190961e-02
-6.898165744543367783e-02
-6.919114932547677788e-02
-7.203257782682861987e-02
-7.088879372036385740e-02
-7.441493474770367877e-02
-5.484641793746047184e-02
-5.432158185765000730e-02
-5.208777153344422428e-02
-4.286719604014503637e-02
-5.086996263308175836e-02
-3.784122726634869815e-02
-4.641988743458788647e-02
-5.674136563448212156e-02
-6.054677234732954577e-02
-7.556957044294131121e-02
-7.533238056477037370e-02
-7.659628294530068660e-02
-7.499950516333846184e-02
-7.046689896676808229e-02
-5.932310289882377491e-02
-3.725962340866156852e-02
-1.647387720965224484e-02
-4.490388112795277130e-03
-4.144614945013860158e-03
-2.625686357729889453e-03
-5.815819040022296091e-03
-8.638434700152030493e-03
-1.553615556630620273e-02
-1.486974005813508290e-02
-1.016069939047076730e-02
-1.161519153339303154e-02
7.263574131357849800e-04
3.048520948405514155e-03
-5.977804229938587025e-04
2.744278494092980240e-03
9.321043661659443591e-04
-5.295729497470307891e-03
-4.124537966266089879e-03
-1.278940510775368640e-02
-2.875812097604579093e-02
-3.360478395633079846e-02
-6.258513429542830742e-02
-6.805630145671955067e-02
-8.370318236921212018e-02
-9.692835041664393803e-02
-9.838389824089439906e-02
-1.090651261689210699e-01
-1.076743569243810705e-01
-1.044928022112581040e-01
-1.142233364967315951e-01
-1.142171832650022978e-01
-1.237481805617037245e-01
-1.387635966322408043e-01
-1.411908783283280511e-01
-1.562236838151952745e-01
-1.553810988046017139e-01
-1.535621180144567388e-01
-1.515114660224001764e-01
-1.256467810807616325e-01
-1.244760158993528654e-01
-1.060169637312797647e-01
-9.644738983802320087e-02
-1.054652173102193224e-01
-9.044149869456998003e-02
-9.388375621184306963e-02
-9.055552569477526292e-02
-6.924182131347264568e-02
-7.261780434351446101e-02
-5.173935038766883793e-02
-4.188428789521846801e-02
-3.951555950547461921e-02
-2.555023640366671164e-02
-1.566229181582728600e-02
-1.096555016362338666e-02
-7.954850434024739181e-03
-8.323780962002912467e-03
-1.403281496808546358e-02
-2.124953721923922637e-02
-2.887925216714466378e-02
-4.074200567804089207e-02
-4.080138257902614363e-02
-4.047658885035965853e-02
-4.163932562675771304e-02
-4.871714595139393922e-02
-5.870945743803868827e-02
-6.503486956460743929e-02
-6.846939930952963826e-02
-6.812960168482361245e-02
-6.723714273799094587e-02
-7.182812489011999868e-02
-7.203781144429004246e-02
-7.453049317105549243e-02
-7.588407416525604077e-02
-7.606808163187482597e-02
-8.201519500993169343e-02
-7.778652042665593069e-02
-8.163529702308747193e-02
-8.211014541699328262e-02
-8.486363308201323730e-02
-9.571727638425152340e-02
-9.603371716484733478e-02
-8.830044237324305434e-02
-8.161411747077694512e-02
-6.701332957123884437e-02
-6.162921928949573885e-02
-5.820358787645420195e-02
-6.681019834734530649e-02
-7.047125014751892680e-02
-8.125492318832609751e-02
-8.664614338617999956e-02
-8.940232462076454223e-02
-9.410620989716252105e-02
-9.014782223583490961e-02
-9.045695279849312598e-02
-8.744837041050836091e-02
-7.700656850422907262e-02
-7.111463914479648762e-02
-2.678924224800038542e-02
-2.301366460966558850e-02
5.478322493630978854e-03
9.234672026366203684e-03
3.284576994162943363e-03
1.316001107708336844e-02
9.707024552721908034e-03
4.451101672411414585e-03
2.399754444196692919e-03
-1.980011835939639829e-03
-5.810338197494619578e-03
-7.195968580660527109e-03
-8.884070358754988378e-03
-9.105519439350177185e-03
-1.235674443255938178e-02
-1.159883236979249166e-02
-1.597687763924020288e-02
-2.639263365634678116e-02
-3.005167423018192605e-02
-4.527424054734702219e-02
-5.549796164780945035e-02
-5.559809012493930475e-02
-6.080052080984128804e-02
-6.957792746366128767e-02
-5.988327087469529075e-02
-6.402623714422008006e-02
-6.559569496731396110e-02
-6.130279527275115520e-02
-6.752631682001530855e-02
-6.105894939130566273e-02
-6.553848205417059369e-02
-6.291185686051373183e-02
-4.415993930851809524e-02
-4.083081515835723652e-02
-1.441048648433262795e-02
-9.516288168977685494e-03
7.395370862366949620e-03
6.073638926484781382e-03
6.199230785295657513e-03
9.609097325278927529e-03
-9.477461632552974802e-03
-1.053785995364273260e-02
-1.785692628702543333e-02
-2.439128598633211187e-02
-1.736291044235324307e-02
-2.931481007697162022e-02
-3.005337781774130093e-02
-2.175717058571762993e-02
-2.312410552940315223e-02
-1.954080949760649000e-02
-1.710372452971550480e-02
-1.633553853643446990e-02
-1.396031189465661050e-02
-1.251317109133939787e-02
-1.166535868830334902e-02
-9.346479105741864468e-03
-7.161058756225362372e-03
-6.518571452659205172e-03
-5.986052656930334302e-04
-2.844894157598884185e-03
-3.790058694881476807e-03
-2.505778732171679794e-03
-1.147124646317522305e-02
-1.096380009794908038e-02
-5.590361667771112132e-03
-4.118585222866203918e-03
-4.493492538898611471e-03
-4.091253990167896884e-03
-5.550183223874840741e-03
-7.416595817855184403e-03
-8.731262720554685414e-03
-1.080375030714973358e-02
-1.354815923525864128e-02
-1.554969115742946446e-02
-1.914469706644359934e-02
-3.071043252322292957e-02
-3.491773174428778465e-02
-4.088781836952317533e-02
-4.638451818343819477e-02
-4.305210631764742890e-02
-4.853640021392011811e-02
-5.907073045326458743e-02
-6.221217145156454631e-02
-7.021232721952663791e-02
-7.335455200020361832e-02
-7.399035144918553186e-02
-7.952781338535611089e-02
-7.564313658593345424e-02
-6.806329424325777144e-02
-6.838853572577741069e-02
-6.883200333113574654e-02
-6.911739855068076144e-02
-6.538061620732148194e-02
-3.926109763212319581e-02
-3.548277000129117925e-02
1.563490280069116398e-03
2.758094839912464229e-03
5.889057397023939391e-03
1.170805541048968411e-02
7.270974999041762872e-03
6.318768115659277075e-03
-7.410350829719989339e-03
-1.257119441785173319e-02
-1.508364808549331540e-02
-2.292147727185350065e-02
-2.695857375351022253e-02
-3.494437611226144935e-02
-4.931582826681538828e-02
-5.264120100908088740e-02
-8.027502911456564638e-02
-8.378026108152196449e-02
-8.465902736511347892e-02
-9.438323174646605362e-02
-8.474556978721702050e-02
-8.723651890431537159e-02
-9.124539914584656186e-02
-8.248461075711413515e-02
-9.378074102860066430e-02
-9.240054855280245560e-02
-9.224207621592991901e-02
-1.016500124769846997e-01
-9.596969321793219487e-02
-8.541321930427175912e-02
-8.330029476502787134e-02
-6.643203733914081199e-02
-5.880938170861740172e-02
-3.492134325559217295e-02
-3.408462955332690336e-02
-2.502219660656691130e-02
-2.230391106277172103e-02
-2.202794812907617542e-02
-1.578729665073999242e-02
-1.388791770410999910e-02
-1.218833784990419611e-02
-2.237880080368109467e-02
-3.380326265181603923e-02
-3.346861567794009312e-02
-5.092000946061624872e-02
-5.497764274314462934e-02
-6.070643826720584918e-02
-6.494530944904947090e-02
-5.676741353689257474e-02
-5.383948532508198159e-02
-4.703135748261520060e-02
-4.458021159534036881e-02
-4.098405527519272812e-02
-3.679697289140838878e-02
-3.287929175410247290e-02
-2.980207421161907774e-02
-3.061374322177583263e-02
-2.575532598249417188e-02
-2.365200437593364263e-02
-2.236927076065280823e-02
-4.039098996780522352e-03
-5.334164468671724439e-03
-1.124309989574849740e-02
-1.321816289545536295e-02
-2.385154492247053282e-02
-2.783225908422772704e-02
-3.722126914455207297e-02
-4.316054001591677902e-02
-4.417722234308874008e-02
-5.076961025748536610e-02
-5.326534108371527854e-02
-5.581559736235095631e-02
-6.235308053924155242e-02
-6.492391213245271575e-02
-7.018097353842955854e-02
-7.872189629934979449e-02
-8.083770490890779259e-02
-8.951147902010918311e-02
-9.137191435915754945e-02
-9.070581020799926841e-02
-9.386386195040170854e-02
-9.153991960951553264e-02
-9.048017254715549906e-02
-8.999542327026734123e-02
-8.634125774707587797e-02
-8.373267907342300809e-02
-8.198487672402302029e-02
-7.733839413877015290e-02
-7.693803865126905284e-02
-8.332611692823523042e-02
-8.271879222268146981e-02
-8.941404169649340428e-02
-9.481537123259570210e-02
-9.782678467156363800e-02
-1.083154232371523473e-01
-1.117811369053609838e-01
-1.109567646277761499e-01
-1.147525364129492742e-01
-1.138318986469002009e-01
-1.123280346050537504e-01
-1.126358529209413178e-01
-1.106622496677268641e-01
-1.052125300862781498e-01
-1.043888129192217934e-01
-8.436122203601734149e-02
-4.596036907363039437e-02
-1.676272240607263458e-02
-1.294179167799238209e-02
-4.225893266291012342e-03
-7.724369998885437932e-03
-8.688445326056185025e-03
-7.297183430081627918e-03
-9.176301881432860283e-03
-8.805124683556620271e-03
-8.789997027469820604e-03
-1.027768463050323863e-02
-1.007308721467175573e-02
-1.060105235397787622e-02
-1.023374296364729964e-02
-1.057045942381312949e-02
-9.295302801999224054e-03
-8.371327740556032751e-03
-8.954656403680528315e-03
-2.555883169822178135e-03
-2.781217344819338771e-03
5.217498651571409775e-04
1.998614879133249391e-03
2.544740398522816072e-03
3.831455749844710299e-03
4.216697912578100914e-03
4.672345224634988185e-03
5.111871634804253037e-03
5.318286937909109079e-03
5.613181874019318798e-03
5.814376731987510975e-03
6.069402118341483965e-03
6.347930159503114601e-03
6.578636458035656831e-03
7.167162514217178745e-03
7.497971756235727661e-03
8.192374143036269124e-03
9.651232768341047943e-03
9.827987161254977955e-03
1.275321675594212265e-02
1.521812612022136607e-02
1.532351376234640863e-02
2.644592874529824028e-02
2.655500764426038662e-02
2.854788303067279029e-02
3.194641992880001974e-02
3.109872752773163926e-02
3.229641498728827442e-02
3.303582706792193568e-02
3.042928280148063033e-02
2.973486791021126216e-02
2.833823726079643529e-02
2.524884041600248055e-02
2.301046574278818937e-02
2.217992067475611784e-02
1.147593453251748684e-02
1.125114462552629854e-02
1.023897991276631787e-02
7.360109516204783008e-03
8.298854345340778149e-03
7.100749004525193538e-03
6.730850230602853680e-03
9.303450887269490086e-03
9.160535633330978839e-03
9.516882854041133766e-03
1.009932150938012453e-02
1.002980860240462388e-02
1.026698535799722319e-02
1.036521045443780653e-02
1.038047976966563653e-02
1.046335877465816820e-02
1.047793413774889514e-02
1.049754582274726837e-02
1.051951757934087121e-02
1.052362087159945149e-02
1.053281065288761732e-02
1.053801144451785646e-02
1.053965946302624392e-02
1.054274911975428518e-02
1.054399529632158057e-02
1.054275424608775574e-02
1.054500055254284363e-02
1.054262924637132913e-02
1.053758676596891486e-02
1.054517743381958549e-02
1.052533546064741976e-02
1.052653287263387999e-02
1.053917494511891727e-02
1.045571018415656327e-02
1.053629626577339690e-02
1.046005981412962554e-02
1.026813322130185752e-02
1.066994476419670310e-02
9.924339182719212060e-03
1.005456549801797377e-02
1.055503056178431348e-02
