-2.433642580051737295e-03
-2.843465276641267934e-03
-6.809550763284381164e-03
-6.462666262789876388e-03
-9.324264816792691285e-03
-1.060448818790861794e-02
-1.142773681660833908e-02
-1.276515209635216766e-02
-1.325361242259715661e-02
-1.388104627974255656e-02
-1.441253629993393542e-02
-1.468869812436438514e-02
-1.503284290435557939e-02
-1.525010071694981803e-02
-1.541544373203143983e-02
-1.557631301965238697e-02
-1.567315818036065650e-02
-1.575952254517788698e-02
-1.582655097742595440e-02
-1.586443690692481562e-02
-1.589864837090538760e-02
-1.591419105450204291e-02
-1.590896482095234890e-02
-1.591133479227269457e-02
-1.587536165025883739e-02
-1.583299235000074079e-02
-1.580736646459226027e-02
-1.567449273540878069e-02
-1.562727215784762841e-02
-1.550843628741823202e-02
-1.520707391745073842e-02
-1.525619221411583792e-02
-1.473621609191842936e-02
-1.436941155941923003e-02
-1.454653750950583857e-02
-1.283176581661857503e-02
-1.352494361035474178e-02
-1.299953770464441771e-02
-1.350367362373478507e-02
-1.452037831300082189e-02
-1.420459655146923128e-02
-1.772161603483341993e-02
-1.783772604578219567e-02
-1.897853066722224313e-02
-2.095141466385836912e-02
-2.072781158309563304e-02
-2.230467224520141928e-02
-2.167058203770104441e-02
-2.207323568662890659e-02
-2.455581160004896568e-02
-2.525220058614869451e-02
-2.790275918003514571e-02
-2.965809542472645777e-02
-3.054009340497348610e-02
-3.352731685413355700e-02
-3.337490451164216304e-02
-3.551780896391985159e-02
-3.456128116828397628e-02
-3.552143572094877688e-02
-3.518997548993341162e-02
-3.172050874828385991e-02
-3.519301137735037638e-02
-2.810016069469800648e-02
-2.459120853034064969e-02
-1.856331632081834396e-02
-6.752678617798123228e-03
1.072543488990546209e-03
1.899383665631722631e-02
3.284098872286127235e-02
3.397302223446672931e-02
4.395706609208571702e-02
4.364036715850525688e-02
4.492135742878542587e-02
4.927934647088650505e-02
4.686368532225619610e-02
4.905290628380888640e-02
4.988719719952214304e-02
4.597958255088111651e-02
4.751050226549406730e-02
4.218278037632815919e-02
3.513590871293100631e-02
3.265924413084008576e-02
1.760007804785903782e-02
1.428051736941509525e-02
1.099059463370541563e-02
3.188336175022236235e-03
4.380657930196950323e-03
-4.054326872238806704e-04
-1.222371745453908328e-03
-6.235980513011362466e-04
-4.576509307544336332e-04
3.593692261259715795e-04
8.154033187932406383e-04
-7.002203123852881973e-04
-8.531315875321563097e-04
3.158585408357745834e-03
2.391951844639863493e-03
3.031141422647228197e-03
3.942487570573981019e-03
7.109415456733403707e-04
-9.344848155821554878e-04
-2.455760784808284740e-03
-5.089164489786641987e-03
-5.565257110156595320e-03
-6.923563561825377653e-03
-1.033224854101371867e-02
-1.029103536946578135e-02
-9.960334967323489913e-03
-9.019731515294865387e-03
-7.370642099888563732e-03
-6.769919410225106599e-03
-3.130365944325448971e-03
-2.545980645226963643e-03
-3.868238789859836145e-04
2.463477294603944913e-03
1.619779896459734581e-03
-2.817339112955930921e-05
-1.775516002422560620e-03
-6.397614786282624331e-03
-9.236726204574465665e-03
-1.300935122319423799e-02
-1.535577001537427773e-02
-1.935143401806601812e-02
-1.889569957244492671e-02
-2.102528034410464444e-02
-2.057500298113259379e-02
-1.507474225991002614e-02
-1.433131731911444114e-02
-1.060161484824163197e-02
-4.722214257549295878e-03
-2.773159727042283015e-03
3.469787245410537162e-03
6.248336370481254350e-03
9.664860934850800014e-03
1.204643245673668768e-02
1.289218055909968109e-02
1.472081650894828224e-02
1.704169769006915955e-02
1.838334019058177060e-02
1.940210444800814088e-02
2.436796413100816849e-02
2.262472011242631226e-02
2.483866183741375439e-02
3.729368606530262392e-02
3.993578822140492895e-02
4.665682609695557398e-02
5.856188842858627008e-02
6.155101654235872743e-02
7.246443800701636573e-02
7.314363741501284100e-02
7.403580899158099249e-02
7.543235663353684006e-02
7.084527858148992330e-02
7.080144140640702577e-02
6.598013608474857794e-02
6.227175211200746546e-02
6.102184996032992970e-02
5.690637910202422239e-02
5.325922368291517717e-02
5.222762998707479454e-02
5.101856085751792225e-02
5.187760051426359986e-02
5.438543409197870576e-02
5.750989386521020152e-02
6.123550605349471071e-02
6.491785410164077619e-02
7.166452588224023201e-02
7.604601897819930623e-02
8.031616234958302569e-02
8.548465240506698815e-02
9.020553842315411075e-02
9.381997656856787271e-02
9.956507076372315967e-02
9.986312511394067337e-02
1.056554624428464179e-01
1.052570905841527238e-01
1.037875449957783719e-01
1.050928635553537577e-01
9.802202675057072878e-02
9.392993087543298480e-02
8.965751111413476637e-02
7.983040033663550694e-02
7.712443700232823884e-02
8.137055507004153920e-02
7.086608232877739111e-02
7.615750308504781740e-02
6.364043985944714543e-02
5.971348606110487428e-02
6.040416658189987770e-02
4.364496478716607675e-02
5.205222462322629112e-02
4.560713622520515959e-02
4.258300773145132223e-02
5.291764836398250155e-02
4.661761122482897118e-02
5.177661049960079892e-02
5.430895038110940959e-02
4.804683234908985190e-02
5.273388533799388406e-02
4.477311366848355650e-02
3.805507962012180667e-02
3.911295832947463136e-02
3.162605251790066158e-02
2.926339464474954008e-02
2.756500570772814004e-02
2.175180686819628423e-02
2.170924027629341294e-02
2.120902108977354775e-02
1.857210647077008753e-02
2.045066703455571469e-02
2.007921218036905903e-02
1.523792880296560501e-02
1.382302493631156273e-02
1.120749404528816918e-02
5.782820024579036870e-03
4.501521158030286421e-03
1.444899709044356266e-05
-4.597231936798741245e-03
-6.838774958821728332e-03
-1.217379969236503066e-02
-1.392546637715098151e-02
-1.452726902567356634e-02
-1.592954799412976685e-02
-1.385364803644903962e-02
-1.490372380916700837e-02
-1.401116238936145515e-02
-1.142715049501609979e-02
-9.844827211087474328e-03
-8.039103794210251952e-03
-7.148359373176428957e-03
-5.544780283479771796e-03
-5.390896444218801556e-03
-3.160939079578030560e-03
-1.064102919261730685e-03
-1.576674017681070281e-03
1.480117354816697702e-03
-4.476379493490294584e-03
-3.990508826935808273e-03
2.627985108422801336e-03
1.567226539084771303e-03
5.540736495312100461e-03
8.322574050254476913e-03
8.242565861225511353e-03
1.443565125556685660e-02
1.429137914395901127e-02
1.667352051148673561e-02
1.705038200393022702e-02
1.337104616707083561e-02
1.144906172942263510e-02
2.140612625235208729e-03
-4.205243361874355028e-04
-6.037103496332275887e-03
-1.036287837113113695e-02
-1.287729759727307410e-02
-1.617326297806092120e-02
-1.763516315813410881e-02
-1.768718301513244259e-02
-1.821715765225488670e-02
-1.849445152272709975e-02
-1.573392325468465566e-02
-1.519782128625319327e-02
-1.433550182214275194e-02
-1.287340715129335102e-02
-1.217851910182853395e-02
-8.764184041854307730e-03
-9.966289615498745424e-03
-5.130829427654531524e-03
-3.819076802849208797e-03
-7.905648764673953860e-03
-3.272737404413062889e-03
-4.307916028783492259e-03
-4.206490738329991125e-03
-3.099294737023872322e-03
-4.351662652954194251e-03
-4.161251249334480505e-03
-5.358034754853655511e-03
-6.283854975482286269e-03
-7.537610848089347157e-03
-1.001831491954576284e-02
-1.143988062373639363e-02
-1.264259788027943116e-02
-1.835693644740081162e-02
-1.848775979201130321e-02
-2.271423292154786319e-02
-2.202084299219091504e-02
-1.982050247644088700e-02
-2.357046540693490469e-02
-2.064775524412640687e-02
-2.216369629757027060e-02
-2.179709701010636505e-02
-1.871302556458210448e-02
-1.959145565611762965e-02
-1.494857654753866012e-02
-1.271800237886656568e-02
-1.121229480247676498e-02
-6.374052607682307962e-03
-3.244907313331907728e-03
3.201556523466712835e-04
8.172811019082869277e-03
1.178140363126901381e-02
1.576033605241868377e-02
1.969238759247628548e-02
1.897354441637902345e-02
2.135712678302378181e-02
1.979800535961166036e-02
1.892330706709250895e-02
1.898434327955046685e-02
6.468934544130276396e-03
2.432015830932352917e-03
-1.888883976740057379e-03
-1.333346408360133219e-02
-1.305844611146436858e-02
-1.895582128821815190e-02
-2.209672280055969065e-02
-1.776317642312837813e-02
-1.870028726982871092e-02
-1.731069057392904328e-02
-1.567538817179673499e-02
-1.238633096787498944e-02
-1.106333081044635208e-02
-5.525218189351503370e-03
-3.188288798939716093e-03
-1.502526917132241150e-03
2.071869080607649950e-03
2.896025895059534724e-03
5.697713205717628779e-03
7.605715443604287723e-03
8.714097506897814163e-03
1.448245394237256990e-02
1.481853245649730234e-02
1.646517529894599152e-02
1.524749215307308857e-02
1.529303211564604290e-02
1.393010585312639237e-02
9.677141014396017579e-03
8.817505815419427947e-03
3.003665085378603907e-03
-2.914889403917080382e-04
-2.019918115764720180e-03
-7.920833177322958787e-03
-8.562012477094069901e-03
-1.177997162195577874e-02
-1.282029922749086497e-02
-1.173418241093951951e-02
-1.239664718820978652e-02
-9.961457543010870594e-03
-1.008907704390983595e-02
-7.747797688789731692e-03
-7.884439803347109352e-03
-6.089133321670501912e-03
-5.284408734114915546e-03
-5.334565492625533561e-03
-2.794730429671602595e-03
-4.199188696693095216e-04
4.707068369243195931e-03
9.989480688443673831e-03
1.270212333844903362e-02
1.493345236738956132e-02
1.451809217460206872e-02
1.388386977596676140e-02
1.312059628347723647e-02
1.015039332360439910e-02
1.010159681307548976e-02
5.853946516219685550e-03
4.865655890213067304e-03
5.692697062187408903e-03
4.612192209685847012e-03
7.822481816186154305e-03
8.309653020792871075e-03
1.051100006231770606e-02
1.637256036378779978e-02
1.989130703596091176e-02
2.291529314589507010e-02
2.657301670582867467e-02
3.319117942275976590e-02
3.485528959221058376e-02
3.708925485774013098e-02
3.877490344755658153e-02
3.681322401617906359e-02
3.621373882948148576e-02
3.533278227649225278e-02
3.290630953776974010e-02
3.203555183191535843e-02
3.008341378387516946e-02
2.686175104892848595e-02
2.585786944767967666e-02
2.144294565886269849e-02
1.762233327035011426e-02
1.555375466163477424e-02
6.677981883020448796e-03
4.747811673814531300e-03
1.134697782367772396e-03
-3.088656041720288636e-03
-3.829858345369777702e-03
-7.009235055721332007e-03
-8.369715407374135954e-03
-9.374778286415920772e-03
-1.124879671152551573e-02
-1.157791805179564891e-02
-1.275751715680187304e-02
-1.345515145785340996e-02
-1.414999064491922511e-02
-1.506318219174926192e-02
-1.526122977967870643e-02
-1.601481291640871607e-02
-1.624081282664022879e-02
-1.592447601112161396e-02
-1.582923502396920562e-02
-1.495899310589065591e-02
-1.461690496103607538e-02
-1.394554044475479829e-02
-1.371118329086213651e-02
-1.294471836638178344e-02
-1.276590471466592346e-02
-1.295488003142149756e-02
-1.258581361060963355e-02
-1.376936670964816999e-02
-1.020389200652139540e-02
-9.808120867063669160e-03
-7.965128729149889911e-03
-5.289005267970594767e-03
-4.739526292328081862e-03
-4.392167262489483047e-03
-3.232335828447040378e-03
-3.336020608048312960e-03
-2.802390999851227076e-03
-2.542761045388723749e-03
-2.997679658835774620e-03
-2.828656220575974725e-03
-2.930183992279844496e-03
-3.354555812694396105e-03
-3.232957647251166571e-03
-4.058806718367660368e-03
-4.264690542520406004e-03
-4.570484244333690958e-03
-6.432772570661667022e-03
-6.798750725373813204e-03
-7.852544054688553529e-03
-8.734934546055863475e-03
-9.182308053171233178e-03
-9.966292957486215173e-03
-1.043147292902959350e-02
-1.089025226099308609e-02
-1.137313970694986062e-02
-1.170810876560690432e-02
-1.208235195347249873e-02
-1.237794895882539555e-02
-1.267999327682024779e-02
-1.293127409719135520e-02
-1.315563273202670184e-02
-1.345304102681161434e-02
-1.355346604062811731e-02
-1.386005742504569684e-02
-1.407819098915882687e-02
-1.405595204591142400e-02
-1.466243870709220062e-02
-1.447747098982759932e-02
-1.473502975365778046e-02
-1.581562096199470510e-02
-1.596377321847199104e-02
-1.664986038711748634e-02
-1.723117110329567062e-02
-1.715699875326709423e-02
-1.799880815778596294e-02
-1.796255965967686816e-02
-1.754009964380282005e-02
-1.716632293061431946e-02
-1.675579423906524770e-02
-1.598853511214650552e-02
-1.541981621655175681e-02
-1.520855318320388748e-02
-1.302096402131478967e-02
-1.287889814477106813e-02
-1.219130532177691191e-02
-1.144955490391687779e-02
-1.145054079157587119e-02
-1.094856850961147161e-02
-1.076182861489208102e-02
-1.101547481476888163e-02
-1.085885681876768045e-02
-1.097881758731477156e-02
-1.101121255548142934e-02
-1.098506873714076397e-02
-1.104349257645980374e-02
-1.103666182678304797e-02
-1.104586274848317305e-02
-1.106341049323336136e-02
-1.106062073714203162e-02
-1.106941288456867421e-02
-1.107375697176694353e-02
-1.107464047141605221e-02
-1.107819014757674761e-02
-1.108123027084024007e-02
-1.108032514304134464e-02
-1.108288990409596331e-02
-1.108729356510201186e-02
-1.107895291131918807e-02
-1.109190206591873819e-02
-1.108809439168297918e-02
-1.107291093651830913e-02
-1.111788955364043444e-02
-1.106190980018903307e-02
-1.108841055904638551e-02
-1.116084568616531117e-02
-1.096085940504590121e-02
-1.123470206118060144e-02
-1.110547955011500880e-02
-1.080322087611076606e-02
-1.173547953825599885e-02
-1.045133223401245939e-02
-1.108232415534538343e-02
-1.180475594351453918e-02
