9.296498565676580058e-04
1.130802389534126722e-03
4.003359746154116529e-03
3.892838618725298887e-03
4.983345740662836754e-03
5.782826593295184274e-03
5.764833787966057443e-03
6.401448132122871358e-03
6.570016000022013344e-03
6.710950367871875571e-03
6.942271305759411572e-03
6.980487364721395943e-03
7.027270131884495903e-03
7.055603016439018250e-03
7.010836311682025132e-03
6.875839867868469707e-03
6.836544900703058966e-03
6.570469084994243203e-03
6.264033417579733393e-03
6.206296588257277994e-03
5.357985786348426482e-03
5.326392414827702676e-03
5.066337871025580405e-03
4.739722342022389609e-03
4.703568680188245990e-03
4.299137280660002801e-03
4.194086258544813678e-03
3.944022739325914011e-03
3.232722867804032132e-03
3.452895496587644365e-03
2.010220934802284254e-03
1.895685098467778454e-06
9.967701984456617172e-04
-3.298106315732528097e-03
-6.960430001856213189e-03
-8.246549744761216827e-03
-1.990965684355142443e-02
-2.299866402047150496e-02
-2.717252520278833419e-02
-3.490833860075133466e-02
-3.661350505301100289e-02
-4.156234431827308951e-02
-4.382162613646566063e-02
-4.520987705144269286e-02
-4.710573475112750375e-02
-4.779961776774983157e-02
-4.775022326634997816e-02
-4.728860974492843372e-02
-4.714248803249780628e-02
-4.371890576044742960e-02
-4.156036794369243753e-02
-4.117506277410606236e-02
-3.599708282801813986e-02
-3.526710925252203588e-02
-3.395502482004546935e-02
-2.987920205328616075e-02
-2.627190190881341370e-02
-1.533174312723556074e-02
-1.117235406349050345e-02
-9.713633405727874204e-03
-6.123785310762328710e-03
-3.196320685807893004e-03
-6.705745432089919552e-04
3.118206524321375482e-03
1.107164195466657855e-02
1.386513064858489741e-02
1.636845994923517497e-02
1.908365522652139684e-02
2.187543610328218646e-02
2.405999850514299598e-02
2.579743994667645091e-02
2.763863969732545736e-02
2.852858416964091162e-02
2.972658424875998517e-02
3.136147873096765959e-02
3.215966119386953065e-02
3.354354740065550178e-02
3.584692429565826399e-02
3.691588262763816769e-02
3.863342230652407061e-02
4.002810528075915336e-02
4.044977401449443427e-02
4.141635141530654318e-02
4.043188142531160129e-02
3.942699763158394322e-02
3.698992760001801328e-02
3.494831305066489757e-02
3.189471878602326282e-02
2.616846290417670917e-02
2.278747395920859703e-02
1.653871865748945263e-02
1.272168082657986442e-02
8.160256204768907839e-03
4.044867788500023688e-03
5.653429429661575162e-03
3.543250558417327528e-03
2.700676591376393546e-03
6.756802957267098175e-03
4.281628683538848783e-03
1.556386333194781759e-03
1.745625642420798847e-03
-5.336434330963380976e-03
-8.679710825539019292e-03
-9.598750286489292002e-03
-1.347025838085667490e-02
-1.663341024107030386e-02
-1.902801672154498178e-02
-2.547732606517268128e-02
-2.634436044894249151e-02
-2.459596301484454767e-02
-2.056792240256056364e-02
-2.076986252271860109e-02
-1.575349322262180329e-02
-1.622215728317487685e-02
-1.747549383169817033e-02
-1.797312567733508337e-02
-2.092020161637639028e-02
-1.768569218323678624e-02
-1.389155083871269902e-02
-8.476707069558796215e-03
-5.728305935967807540e-04
2.632151221731324382e-03
3.081854079520397402e-03
1.892644731902633302e-03
-6.765974124578584764e-04
-9.082652095819684305e-04
-6.825136661304657612e-03
-7.358345171411465394e-03
-8.548031164954237107e-03
-1.060862839863011345e-02
-1.004106194144293272e-02
-1.072307776871249396e-02
-1.067085151433188293e-02
-1.030173110664219134e-02
-9.650726102327951764e-03
-8.672549760257868695e-03
-7.976334157384499385e-03
-5.222783384851056344e-03
-4.335038941256889530e-03
8.300609645866622579e-04
5.371373248991471137e-03
7.971280198983469317e-03
1.886237152014325069e-02
1.997907106284338430e-02
2.469698332016959097e-02
2.838078275177476073e-02
2.650831731649787998e-02
3.003443706547739150e-02
2.772766541603541995e-02
2.527370050098722010e-02
2.467942608019320361e-02
1.866567308272732567e-02
1.721871261610539300e-02
1.309173268740686409e-02
8.821634298391129586e-03
9.621971697709992208e-03
5.708741132290714657e-03
4.076794412064006952e-03
5.087734701017806310e-03
1.387869861437200994e-03
4.311564090436223115e-03
5.030445440027374489e-03
4.802011216084966019e-03
1.050613533857767956e-02
1.091979997939241526e-02
1.132788154692175413e-02
1.270788603660192098e-02
9.717903284173236983e-03
8.894887998578820953e-03
7.396928324991864680e-03
4.130054318240768130e-03
4.876533069224109687e-03
3.292927677304831324e-03
2.808903598407317802e-03
2.712642477732342319e-03
-1.318707102996811021e-04
-8.607708149789947312e-04
-2.147979236320300515e-03
-2.789712032606768595e-03
-1.565137460601550852e-04
1.551607533729634260e-03
4.089238304417794172e-03
5.382082828839198502e-03
6.332706424193328479e-03
7.025863908777751216e-03
5.371126190267588515e-03
5.332220730568723935e-03
4.811436713444050897e-03
6.572681659601889740e-04
-1.532566976829880401e-03
-2.797853068039399954e-03
-8.653144539167299115e-03
-8.720036423980840473e-03
-9.973402129837756133e-03
-1.244826205127766081e-02
-1.069323663310482730e-02
-1.290308361976569285e-02
-1.331337200035681567e-02
-1.403099721823262980e-02
-1.347567031207764707e-02
-1.248931277210254404e-02
-1.030972700696260180e-02
-8.249953232497305236e-03
-8.255639759171373715e-03
-8.350437623960531297e-03
-9.050019719115485334e-03
-8.217775935344838120e-03
-1.234682296543810134e-02
-1.349039682844613806e-02
-1.778526003218282997e-02
-2.203801906119146406e-02
-2.340638038085626066e-02
-2.989344044130669287e-02
-3.104257909569953233e-02
-3.015882873539870584e-02
-3.538829759229732141e-02
-3.351009764482583420e-02
-3.456499213779850449e-02
-3.580485506776973775e-02
-3.065356083525638473e-02
-3.366791203776048347e-02
-3.486885531189026083e-02
-3.357489227074221538e-02
-4.021685269544670455e-02
-3.967661461913844778e-02
-4.103371935632831730e-02
-4.312405335523943756e-02
-4.257398692059254086e-02
-4.288496520237265741e-02
-4.262806816192613035e-02
-4.185296805468596143e-02
-3.892268947168445181e-02
-3.704987094358643679e-02
-3.590240082542356381e-02
-3.407726504215104202e-02
-3.288603896066051580e-02
-3.120116452195019138e-02
-3.021520491434373165e-02
-2.749007878683064343e-02
-2.776777877536632660e-02
-2.624757620306850114e-02
-2.808691379019253448e-02
-2.780302041442329897e-02
-2.668775873868428281e-02
-3.522090786741834817e-02
-3.308494497641090160e-02
-3.528310281648168456e-02
-3.537960007450728639e-02
-2.675364348832760114e-02
-2.406903640166135894e-02
-2.138525290936820270e-02
-1.399205257454999921e-02
-1.484432645253598929e-02
-1.308093479255506217e-02
-1.293725412715447318e-02
-1.488977261607252189e-02
-9.907242527572371338e-03
-8.132569838282730640e-03
-5.347131400067654111e-03
-3.943707339349473290e-03
2.197597062152528702e-03
3.647581568612661730e-03
1.271759837035326595e-03
4.060112249541231698e-03
1.723479981272293005e-03
1.497315990481949428e-03
5.424265797166859596e-03
3.136145347676655600e-03
8.685841428175142612e-03
1.079712515179674474e-02
5.458622755420716212e-03
9.772234116441305685e-03
6.606260617088174913e-03
8.086146341309850827e-03
9.963874584360220971e-03
1.115090016440404772e-02
1.729807281298831323e-02
1.890230740385639291e-02
1.999817298242207234e-02
2.134318534659250879e-02
2.403716419959612410e-02
2.538445193664509020e-02
2.801878619730364603e-02
2.851687262072564316e-02
2.663365501794462409e-02
2.830786442249015253e-02
2.748394081117516707e-02
2.858404159364098807e-02
3.042923271299556240e-02
3.029630403214030737e-02
3.437390954759991790e-02
3.468694504615352225e-02
3.553861824917804030e-02
3.625474610437912776e-02
3.572657658492591620e-02
3.547966634728074581e-02
3.356361716598191269e-02
3.321983657989736188e-02
2.946707806143727959e-02
2.714830356802884481e-02
2.458623178353321753e-02
1.556344479055896124e-02
1.171201389027365022e-02
3.505078402518497713e-03
-2.919559288823022312e-03
-7.912947894578541488e-03
-1.430125473862752482e-02
-1.906650730603004149e-02
-2.427135889632133642e-02
-2.607425233976928824e-02
-3.170778694664755371e-02
-3.552379470298733938e-02
-4.278055406895877461e-02
-4.616875683721002877e-02
-4.731181526062121917e-02
-5.157655076792805326e-02
-5.065334611428014278e-02
-5.140796048264714702e-02
-5.227944466531812828e-02
-4.701757569297024958e-02
-4.676142524340701906e-02
-4.471810819334159914e-02
-4.082251101804208748e-02
-4.047101938529101828e-02
-3.800145841356122184e-02
-3.295862647292609193e-02
-3.314981507172035102e-02
-2.541206815056214902e-02
-1.991298777286603164e-02
-2.245130970230488007e-02
-5.371447513614450130e-03
-7.058917648043538592e-03
-1.273583291280471104e-02
-5.956728794156929130e-03
-1.733590626438745452e-02
-1.174307336398878673e-02
-9.097386324457779061e-03
-1.191687594236560260e-02
4.005214180813006924e-03
6.725462015547028702e-03
1.579683462135041128e-02
2.883239043207308505e-02
3.113224332828588500e-02
4.071860237861942705e-02
4.995452786534778505e-02
4.665421235918638249e-02
5.399533218038991833e-02
5.843014061890711847e-02
5.791068662263088723e-02
6.619093839916349864e-02
6.461655753158396243e-02
6.670491697912678264e-02
6.992426188464272163e-02
6.705896680733645920e-02
6.913753233200235770e-02
6.833737147858678918e-02
6.506580790361626843e-02
6.635478993946332393e-02
6.314610311087369421e-02
6.255090179940117623e-02
6.217927381482738630e-02
5.885197710853967007e-02
5.888806452114157125e-02
5.660835446800371179e-02
5.346276002300284769e-02
5.346434717744349974e-02
4.856034940338560535e-02
4.598348001891727765e-02
4.288027262859478439e-02
3.388429636534229933e-02
3.398534470626442261e-02
2.745951854665935193e-02
2.567670337928907448e-02
2.435722308279128848e-02
2.276145999019770980e-02
2.163284500328021068e-02
1.993039493509258381e-02
1.950927518530028160e-02
1.708072163934780396e-02
1.670475134746346110e-02
1.489903314551746169e-02
1.397669072760305761e-02
1.323298364505280829e-02
1.234730004473765137e-02
1.145075853286742565e-02
1.083218242187512260e-02
1.009425832349626975e-02
8.460864182177587484e-03
8.582970783354728836e-03
6.264736361754865562e-03
3.841013517820781806e-03
2.620344617526734754e-03
-4.331377354342018371e-03
-6.548435170220615401e-03
-9.112296620699287739e-03
-1.252372665710500127e-02
-1.498768473750345352e-02
-1.654677986565254375e-02
-1.889390979678553378e-02
-2.001189895236752531e-02
-2.099784587317703871e-02
-2.201263656221000287e-02
-2.208211438269460508e-02
-2.214407342882210306e-02
-2.208558959322643594e-02
-2.086461474828574247e-02
-2.024160803962231359e-02
-1.889096303622616463e-02
-1.624148947400662693e-02
-1.559670433340914694e-02
-1.194850813728019767e-02
-1.040914684760714526e-02
-9.678790793138021889e-03
-6.332857319678659308e-03
-5.980241094597733148e-03
-4.776039860434211880e-03
-3.496803552725222079e-03
-3.038974203188902178e-03
-2.263989310473351561e-03
-1.417901358249723564e-03
-1.016789413627241330e-03
-5.243461522905867953e-04
8.896120661355211246e-04
1.210817581842354345e-03
1.682072409112654512e-03
2.202563853893918944e-03
2.385521895813902914e-03
2.641391929827392043e-03
2.885708616212442901e-03
2.983689474279251162e-03
3.010702939094332762e-03
3.059943909259097566e-03
3.090423397820076488e-03
3.111827896067704581e-03
3.137068978735948858e-03
3.151861360831006292e-03
3.166091931543029130e-03
3.177974172603977195e-03
3.185757144079166131e-03
3.193900164310418954e-03
3.198023437344463954e-03
3.202110600672683667e-03
3.205742745710147418e-03
3.203124478207687326e-03
3.207705634253503815e-03
3.203287014757401439e-03
3.195499971299330111e-03
3.205934974424643966e-03
3.176971770872963341e-03
3.181634950621065831e-03
3.187324310106713372e-03
3.105760305646440827e-03
3.185493171387191076e-03
3.091345951375349711e-03
2.991451911708413632e-03
3.234900722273211481e-03
2.736010276315230336e-03
3.029828682442582515e-03
3.426392976329331944e-03
