-8.030914510888644215e-04
-9.472658822479315894e-04
-3.098790148582912605e-03
-3.126733850212440411e-03
-3.895218311371616195e-03
-4.326366297567270196e-03
-3.908682895919414306e-03
-4.289451024565441375e-03
-4.242699868079013135e-03
-4.217363210359999399e-03
-4.332061151888455704e-03
-4.289563350454463769e-03
-4.319586084386779073e-03
-4.339759971071111867e-03
-4.330371975709586436e-03
-4.347085764988151482e-03
-4.347898675745453731e-03
-4.349124134976232667e-03
-4.354385635995805179e-03
-4.353546371126851278e-03
-4.355652799375999210e-03
-4.355976672558853346e-03
-4.355442708712096989e-03
-4.357002109428539591e-03
-4.353292793200091472e-03
-4.355018823189090241e-03
-4.353821740220401373e-03
-4.343563577398462314e-03
-4.356004337334798242e-03
-4.335397464795628583e-03
-4.327281740427766504e-03
-4.360668240027685064e-03
-4.264251763032953814e-03
-4.336929788184286719e-03
-4.322965076011027995e-03
-4.042169386869898066e-03
-4.164879571940474819e-03
-3.981870986353455710e-03
-4.347551335032606538e-03
-4.335653825022445403e-03
-4.447360794147587996e-03
-5.826667910951471158e-03
-5.333128120666318431e-03
-8.112382573644964442e-03
-9.023299811048782204e-03
-8.305872805185857827e-03
-1.607640016574474195e-02
-1.403444652648559027e-02
-1.497493892616382112e-02
-1.721217793706704066e-02
-9.821087052357322517e-03
-1.103785363648739776e-02
-7.661851539013322596e-03
-2.348002265115815227e-03
-1.206200136062482615e-03
5.560543451847547482e-03
8.224935478284461574e-03
1.230240771118060357e-02
1.881191930800174897e-02
2.038152162411217133e-02
2.879085305911199821e-02
3.226451629676539701e-02
3.232390440165563983e-02
3.952041883245465542e-02
3.872182637690407131e-02
4.680478693799448170e-02
4.783125447247831008e-02
5.134538187711038676e-02
5.659323237663321099e-02
5.655899395212327097e-02
6.126015109663543456e-02
6.312465001686327903e-02
6.388228289255661052e-02
6.823168926466841033e-02
6.787941392980662014e-02
7.044450386093772942e-02
7.330280206110900698e-02
7.217746807224821592e-02
7.677561556598663794e-02
7.637745753227177803e-02
7.277877848511059289e-02
7.468643654046469571e-02
6.887316288524407415e-02
6.562589137178564958e-02
6.397298431735606861e-02
5.329686857606616424e-02
5.044984112936715809e-02
4.473251158815827466e-02
3.453701133680431995e-02
3.383934284249184854e-02
2.620361084840728411e-02
2.270864478417454826e-02
1.619723791785150635e-02
9.408596765116048616e-03
7.661501639778321715e-03
-1.069200070162726075e-03
-2.533042302378437065e-03
-5.817779522151968934e-04
-4.027807977709833669e-03
-2.542142676245843017e-03
3.155318714976510126e-03
2.790057970524333509e-03
7.476126439631611102e-03
7.838949375528736149e-03
4.197362193225893240e-03
5.878100359570949222e-03
5.096277473386444379e-03
7.630365433280684832e-03
8.180736268414092252e-03
1.199109642695586272e-02
1.622219921700036524e-02
1.723685463957220013e-02
2.113603978471867081e-02
1.655483814603160575e-02
1.569140497530406922e-02
2.322401226764028020e-02
1.948650225010578607e-02
2.661075949411285946e-02
2.393199624405805900e-02
1.797038764919593745e-02
1.764864808377257510e-02
8.752566403055449945e-03
6.252846982054780650e-03
4.165441483490897254e-03
-2.095218501185253275e-03
-4.287387227878293634e-03
-6.636382093898384425e-03
-8.499355366956723792e-03
-8.446976159974540696e-03
-7.260215291858576787e-03
-7.963720491834330728e-03
-5.810648352501779357e-03
-5.073021497846851025e-03
-4.651050776855348602e-03
3.598564200573498625e-03
8.267139377045059842e-03
7.405438283913631618e-03
1.412020765638696308e-02
5.756185855795721215e-03
-1.811241712300249926e-03
-6.534046932397673778e-03
-3.015525169343182682e-02
-4.073083063967399692e-02
-5.202559813702743036e-02
-6.729710000924195301e-02
-8.095875061972437892e-02
-8.647313851270112262e-02
-1.057188593610726562e-01
-1.081948600310511099e-01
-1.123213108638088237e-01
-1.143172121010705838e-01
-1.131226394707302019e-01
-1.154294779427321171e-01
-1.146848132343861182e-01
-1.147656302331818701e-01
-1.155714161419273966e-01
-1.145185300291126362e-01
-1.150161661701982335e-01
-1.145296743600758421e-01
-1.138445632376405420e-01
-1.138841102282843049e-01
-1.126650297847398563e-01
-1.122753637683684969e-01
-1.113415624226666845e-01
-1.097748422867497048e-01
-1.089296629360177737e-01
-1.048448449655019210e-01
-1.030752567736315933e-01
-9.966389276013563892e-02
-9.514436946297789854e-02
-9.276397835879816867e-02
-8.661254972592098700e-02
-8.228792503192322583e-02
-7.752814190705835384e-02
-6.864094882480126225e-02
-6.461190141501385598e-02
-5.662498023030655692e-02
-4.936811245858692410e-02
-4.471232181704460490e-02
-3.362564298274590968e-02
-2.990747204640043302e-02
-2.414039183135335484e-02
-1.892983477835817260e-02
-1.726701656146952674e-02
-1.456306733531440370e-02
-1.174837307053499397e-02
-1.020486049720080966e-02
-9.561830825472151033e-03
-7.173141638210311921e-03
-8.154993090818732013e-03
-7.743110967205271700e-03
-8.839751189208830753e-03
-1.266946328101263911e-02
-1.283752257531985651e-02
-1.653236987023377555e-02
-1.787479956171258988e-02
-1.915025791502441427e-02
-2.097563462397854586e-02
-2.148591282965249191e-02
-2.251768067033918519e-02
-2.247190726146445355e-02
-2.195907244996512728e-02
-2.230415993102430675e-02
-2.182057811064822689e-02
-1.751153025182694903e-02
-1.703831954279943703e-02
-1.572787383165166405e-02
-1.403474840994607675e-02
-1.304994498248968418e-02
-1.085203897478979017e-02
-1.035660158555270875e-02
-6.855151860919379489e-03
-6.506761486532348059e-03
-6.137752077094436529e-03
-5.103670830236435411e-03
-5.185410989672426148e-03
-5.217509910307048006e-03
-5.015643223775463622e-03
-5.482833342381677154e-03
-6.444130589109710837e-03
-6.082029645686335209e-03
-8.497822916949825459e-03
-9.730358530867160710e-03
-9.944570010166514998e-03
-2.036043568503004969e-02
-2.346878963646908609e-02
-2.504220745809456264e-02
-3.326141363813589491e-02
-3.308769293541353324e-02
-3.808745842126940589e-02
-4.550915113911471743e-02
-4.432942641447088633e-02
-4.477618158071235838e-02
-4.328356129303232575e-02
-4.349658377115572100e-02
-4.204521227363666042e-02
-4.244445398352822418e-02
-4.152909641668885155e-02
-4.038848948934135180e-02
-4.060222179566334161e-02
-3.761089359226810896e-02
-3.465991375894430376e-02
-2.937904103973039763e-02
-2.217280521999744070e-02
-1.507176881167283412e-02
-5.558993695062786761e-03
4.793637399447963103e-04
6.276293428719003503e-03
1.183885395447300919e-02
1.863692641684856072e-02
2.434308589999092248e-02
3.093116018919365648e-02
3.742426851615655858e-02
4.480410759312935393e-02
5.290034685627154759e-02
6.146243436577505243e-02
6.886094331148798209e-02
7.974896391999924949e-02
8.470660104530823575e-02
9.385587046249467547e-02
9.767288909631954841e-02
1.000437223655646635e-01
1.045131117613108673e-01
1.042688445170796008e-01
1.054681367792471430e-01
1.059610527383688106e-01
1.041016479068856693e-01
1.049996509912997228e-01
1.031829660942694127e-01
1.028095425412149516e-01
1.015039225314937066e-01
9.914121326121660971e-02
9.894856043781127819e-02
9.442453227765755519e-02
9.345196033316663375e-02
8.968685410834480176e-02
8.194619161347506398e-02
7.765728871253341214e-02
6.655424592835516850e-02
5.951640219155746730e-02
5.236359002892827103e-02
4.216978318238555345e-02
3.686092603648834926e-02
3.093303574964865327e-02
2.471637245651238726e-02
2.058141938958278280e-02
1.527484035874801700e-02
8.653990124505449646e-03
5.391690542200010781e-03
-8.608558758906973167e-04
-3.794673193216773453e-03
-4.982179068266205831e-03
-5.437432294314925585e-03
-5.970396417954326740e-03
-6.360964034970330652e-03
-3.080306185564027355e-03
-3.330091152471092043e-03
-3.607615732312374583e-03
-3.611900630531891809e-03
-7.034017094486024087e-03
-6.824565598431499985e-03
-8.070929115744673518e-03
-8.816945253999189380e-03
-8.918568436640177122e-03
-6.647443305804174793e-03
-1.086960932904283868e-03
1.321907325598260146e-03
5.262707624525634481e-03
7.986600540456023634e-03
1.119584416407366084e-02
1.238655440938347778e-02
1.503649356866362634e-02
1.478833119695079426e-02
1.199385913771280898e-02
1.075080459229935635e-02
6.889223588442760539e-03
1.705527154267816705e-03
-3.330944300554599183e-03
-1.468584419144391279e-02
-1.566497255466468494e-02
-2.035981579795003577e-02
-2.196518521220643810e-02
-2.117044911963221129e-02
-2.505436549707878990e-02
-2.389636544074068628e-02
-2.552525937777972917e-02
-2.911910966944509030e-02
-2.958990311400768944e-02
-3.496395769869242720e-02
-3.805084096884569361e-02
-3.763672559311721094e-02
-4.344238743938803188e-02
-4.434262125985739128e-02
-4.556047011910371175e-02
-5.581719083859828373e-02
-5.538631000040449004e-02
-5.601165585166453104e-02
-5.705741506813062636e-02
-5.389502539547157828e-02
-5.304183881823593127e-02
-5.067638301749590596e-02
-4.711426036458194605e-02
-4.336303987200525178e-02
-3.893894273315326449e-02
-3.359821684242018935e-02
-2.951501677940245386e-02
-2.551790686285981477e-02
-2.133262581266721220e-02
-1.327365228369979493e-02
-1.805483804957653746e-02
-1.661117528959958969e-02
-2.185279581391115847e-02
-2.216779645466385520e-02
-2.785436907524803732e-02
-2.998789467307060377e-02
-3.453748293854665141e-02
-3.944786342558211784e-02
-4.436678685320858545e-02
-5.107910606893886069e-02
-5.046028471782356556e-02
-5.547602857856342995e-02
-5.670290014131000589e-02
-5.663684272995400670e-02
-5.824293929609825060e-02
-5.663990328752577241e-02
-5.568408363584752274e-02
-5.205219047654260911e-02
-4.907198251834669206e-02
-4.102939453886818300e-02
-3.683150440251254515e-02
-3.421465090062634357e-02
-2.815223777470389835e-02
-2.667876437378069107e-02
-2.240836681761853091e-02
-1.856714149344463466e-02
-1.499292758515235850e-02
-1.022283384063552014e-02
-6.662495345916992148e-03
-3.839046580179279224e-03
4.181071612969141662e-05
2.658294289568317523e-03
5.476449673371001740e-03
1.106218638537658991e-02
1.096885521943905505e-02
1.258354900314812008e-02
1.363977702570545389e-02
1.013794430969162594e-02
9.520551723050649229e-03
8.089222572504658343e-03
7.681929347045730362e-03
8.622144787289029097e-03
8.518512943496104814e-03
1.102041713799043442e-02
1.101465153365894199e-02
1.177769912553749271e-02
1.895558768851309667e-02
1.681268736711983777e-02
2.218208997204605681e-02
2.211477037622623654e-02
1.627448357522356254e-02
2.309743767828984981e-02
2.207792313707207521e-02
2.470935761758681626e-02
2.530030814968734984e-02
1.818211454101988436e-02
1.577893178506820440e-02
1.179905775616872307e-02
8.512116099153275994e-03
5.530532021094189225e-03
5.639685030491922322e-04
-1.466322156921360609e-03
-4.226791207610800655e-03
-5.284474546654871485e-03
-2.259276142534247592e-03
5.215462776249507083e-03
1.127803792768697529e-02
1.378395821281133693e-02
1.841581808630657693e-02
1.991012301059089454e-02
1.899233687862978553e-02
2.087588355671201115e-02
1.992571696757348271e-02
2.588264479046266733e-02
3.227863783710833295e-02
3.740512130081780767e-02
4.118449157300935193e-02
3.926958320815138875e-02
3.912769735287535688e-02
3.531720636125215002e-02
3.244771750170162561e-02
2.954239773531788446e-02
2.579481134235272685e-02
2.154241192966544621e-02
1.778257040574937609e-02
1.286086299774356380e-02
6.431757421554600007e-03
2.860563407255586454e-03
-5.007064618712643925e-03
-8.139564416983761930e-03
-1.161732109512097696e-02
-1.634474036654244219e-02
-1.786720585167526215e-02
-2.144816345540900143e-02
-2.364968883215862877e-02
-2.502977211850625563e-02
-2.712895505014416633e-02
-2.629245226190018991e-02
-2.616297269948053908e-02
-2.535908210391206799e-02
-2.328470671986685586e-02
-2.095540172682271857e-02
-1.853009848151054503e-02
-1.424589998872240020e-02
-1.024135666788303714e-02
-9.086898206510003045e-03
-7.123183698323835335e-03
-7.726774577140041109e-03
-8.663072079121104593e-03
-8.673369834775410472e-03
-1.101654796219366135e-02
-1.166381662190128787e-02
-1.361323513259309233e-02
-1.652703452299794651e-02
-1.732516546328248530e-02
-2.160770344150988662e-02
-2.288423125469437464e-02
-2.285682666546955816e-02
-2.508069427519334788e-02
-2.455612817869516282e-02
-2.507288885589942229e-02
-2.582163911496221376e-02
-2.496077752028719177e-02
-2.543115951089306576e-02
-2.510446424274639238e-02
-2.386726039937887844e-02
-2.384690357843743599e-02
-2.156431848159005502e-02
-2.073953118921865665e-02
-1.857737394387988170e-02
-1.395496485567415852e-02
-1.336102169488294529e-02
-6.856956465000025452e-03
-5.843846639942001930e-03
-2.246816470733683374e-03
-4.559404254697400080e-04
-8.951695696970570198e-04
2.863057531697130566e-04
2.717211736405172277e-03
2.362985413156786733e-03
3.494593527749938634e-03
4.016000662362447481e-03
2.285937672007577227e-03
1.327865977816358387e-03
-1.396785140351491710e-03
-4.595708715481236321e-03
-5.523879344979173468e-03
-1.338208401704621235e-02
-1.387590803206299392e-02
-1.466390039459610807e-02
-1.706052871471964646e-02
-1.612673896055115061e-02
-1.741824276554628653e-02
-1.624338547408631442e-02
-1.559789905878004868e-02
-1.587502990723477919e-02
-1.030915157837620881e-02
-1.008464839115792190e-02
-8.500290602675356424e-03
-6.800479476843958315e-03
-6.365613202268303669e-03
-5.257374164211806901e-03
-4.560775944115131111e-03
-3.480416325969594698e-03
-3.040795557842696298e-03
-1.756362781109859763e-03
-1.662536971554615887e-03
-1.814653854706578355e-03
-1.430843681331541318e-03
-1.528482933001728021e-03
-1.445064518232207825e-03
-1.422723711633844604e-03
-1.394528497772353198e-03
-1.400562112560244056e-03
-1.559317126509322500e-03
-1.612888982514958320e-03
-1.511347150125901852e-03
-1.580237964218578857e-03
-1.556011383832088231e-03
-1.545842406308375796e-03
-1.563548967341336048e-03
-1.549756264469211078e-03
-1.553773864842770362e-03
-1.555111468963135332e-03
-1.551536351679047923e-03
-1.553911482926159182e-03
-1.553019865380423671e-03
-1.552821864204571639e-03
-1.553470006591331151e-03
-1.553242419137327961e-03
-1.553744447853810376e-03
-1.553900353170928903e-03
-1.554781314840262023e-03
-1.555279183811031840e-03
-1.555910324010847424e-03
-1.558766376021540785e-03
-1.558162920463452292e-03
-1.562440598881774476e-03
-1.567513810714198227e-03
-1.563990425692626243e-03
-1.583228397919555488e-03
-1.581235211806621783e-03
-1.583260669345607115e-03
-1.640312684858236201e-03
-1.588777046192790462e-03
-1.670853111036304855e-03
-1.751487749607466300e-03
-1.577845113827187288e-03
-2.057756537790081993e-03
-2.123114375686590075e-03
