-2.985083511098766962e-04
-5.036431457971169356e-05
7.795388726065461543e-03
7.876272140919182707e-03
7.960858755595811090e-03
9.149513700268166114e-03
7.793022793288072528e-03
8.201569458199336679e-03
8.134983070619529466e-03
7.866149884547472826e-03
8.011286120107825870e-03
7.906553091227177046e-03
7.884552559726799165e-03
7.904835156225670234e-03
7.867801432854801269e-03
7.873274341755699679e-03
7.869979368900555106e-03
7.862301760683412452e-03
7.865205457693881172e-03
7.863544725907700358e-03
7.863994770192469716e-03
7.866794519093476407e-03
7.870412785656430779e-03
7.874299394715289502e-03
7.883998860685803578e-03
7.895713268524466935e-03
7.906952400948413437e-03
7.941765422868835370e-03
7.964327458225634732e-03
8.009855622192512542e-03
8.114928581838163138e-03
8.141191068469035008e-03
8.355119989600192851e-03
8.580467367757225322e-03
8.629931634351908215e-03
9.499390126558491035e-03
9.455653929538393801e-03
9.590566310454309851e-03
9.479858300406467791e-03
9.633084648888510723e-03
9.523162858257357491e-03
8.421359395420971797e-03
8.221039904103831161e-03
5.548459099289240401e-03
4.123682976017149088e-03
2.987111575196796202e-03
-3.899268921258258920e-03
-7.611739269357731610e-03
-7.676588184633043911e-03
-1.349424489846470787e-02
-1.198061914001913135e-02
-1.326018041755956146e-02
-1.289639806221584868e-02
-1.261172847978698532e-02
-1.213835300298091342e-02
-1.222524500646300638e-02
-1.272384167789554314e-02
-1.292343491210577212e-02
-1.222876980951420958e-02
-1.377384491392721205e-02
-1.292824698208016460e-02
-1.180037748199748611e-02
-1.653165922120704637e-02
-1.323659206656504182e-02
-1.984332169028230411e-02
-3.480230520243324938e-02
-5.489614668407615666e-02
-9.527710400598887741e-02
-1.222315818154865452e-01
-1.155364502282007072e-01
-1.209054990015096948e-01
-1.113146738955991394e-01
-1.122202948929275357e-01
-1.109579920163971112e-01
-1.057005669288783312e-01
-1.089033371050342619e-01
-1.088246740431603604e-01
-1.074569030619667021e-01
-1.138764833178614044e-01
-1.109699142478049044e-01
-9.834928363019054820e-02
-9.662124692650440883e-02
-8.228632764072042749e-02
-8.012917347717819772e-02
-7.897773414000602843e-02
-7.198272811900750801e-02
-7.286610688895889254e-02
-7.212566984782593782e-02
-7.121874024708127471e-02
-7.178107617740314694e-02
-6.596450771127612689e-02
-5.583704303793089047e-02
-5.997943493993634217e-02
-5.015419550847738384e-02
-5.289308234962897953e-02
-6.879278334613377066e-02
-6.617425313379189655e-02
-7.418065793523825890e-02
-7.872046305790017517e-02
-7.205361485860936610e-02
-6.508830318236158430e-02
-6.396232515526961704e-02
-5.688671212985529219e-02
-5.531127775010630243e-02
-5.648109869659912602e-02
-5.983422970601784407e-02
-6.419593063251115284e-02
-6.493232729122515312e-02
-6.782703946351420488e-02
-6.319139575113945362e-02
-6.234698382308406089e-02
-7.175772786245385171e-02
-6.444730528322713259e-02
-8.113902046526826062e-02
-8.981105334230261861e-02
-9.738841512736667871e-02
-9.244233027155408788e-02
-8.905633530523640595e-02
-8.309940179330903287e-02
-7.432749204787103547e-02
-7.708050187654344465e-02
-7.081487250028278835e-02
-4.681349534510319960e-02
-3.189245854437727790e-02
-1.768568441781882133e-02
-2.095121908572830649e-02
-2.651687814907453811e-02
-3.482957666144831377e-02
-4.042040484758056135e-02
-5.957744119221928397e-02
-6.387584753690514483e-02
-7.543877882052715811e-02
-8.116708101170830303e-02
-9.255960512963118392e-02
-9.497744052011444782e-02
-9.281077206003364444e-02
-9.222852348891170948e-02
-9.140336101902665766e-02
-8.577051802666044167e-02
-7.642893292510606618e-02
-7.862149613369863455e-02
-5.326366403759250079e-02
-5.424784244159863017e-02
-7.246790350202078623e-02
-6.909277744980282798e-02
-6.024681728518790913e-02
-5.453346527548861428e-02
-5.880467627380504825e-02
-5.266040870645073702e-02
-6.105497830793377156e-02
-7.116140738378200215e-02
-6.782077912153136601e-02
-7.173265190625138787e-02
-6.889469785066172636e-02
-5.546330221911219965e-02
-5.407386076572019001e-02
-4.651998419488136138e-02
-4.224172616654589540e-02
-4.906117100276931320e-02
-4.876682100779951984e-02
-6.471585435532620223e-02
-6.919996553128168748e-02
-7.676933369711817778e-02
-8.327844224371493131e-02
-7.495229249485503564e-02
-7.713293532781050066e-02
-6.771247032866782589e-02
-5.677693993111474630e-02
-5.759168385499991577e-02
-4.661430069466288711e-02
-3.937213348190134188e-02
-3.993584837514259356e-02
-3.249217184180194784e-02
-3.716517202194671160e-02
-4.400343605201594704e-02
-4.728892963842593750e-02
-5.131153587046281828e-02
-5.434229114967583513e-02
-5.537546992817051622e-02
-5.662601484572599847e-02
-5.916740603438566670e-02
-5.898515931377903282e-02
-6.314796937788931530e-02
-6.196629037048832778e-02
-6.574345206206340386e-02
-6.561259740692942932e-02
-6.072091733059212931e-02
-6.972266177449960856e-02
-7.027415136330980583e-02
-7.902621758729500012e-02
-9.508394333703998336e-02
-9.330825581218130105e-02
-1.041129875550567824e-01
-1.196744828816169448e-01
-1.263154838645605127e-01
-1.315888629379791119e-01
-1.389058630087015578e-01
-1.288021547552583856e-01
-1.224658375996294513e-01
-1.164010404055370318e-01
-1.091093987815422578e-01
-1.128620650790658347e-01
-1.056785842769484701e-01
-9.787603522175125637e-02
-9.324025049471749982e-02
-7.859948476144053287e-02
-7.914924705084533385e-02
-7.690410151822080209e-02
-8.147717001371451717e-02
-9.598338093382860481e-02
-1.016924270536995051e-01
-9.956873746648686740e-02
-1.070366995476784294e-01
-1.014487828185463847e-01
-9.623409213604017243e-02
-9.445996693028915758e-02
-8.338937452859643273e-02
-7.645881341273104426e-02
-7.348695225288005839e-02
-2.638599978308612745e-02
-2.455438565089726813e-02
7.336400244698728160e-03
1.251555849296903840e-02
2.096918611909753469e-03
1.234200915861357467e-02
8.737194305446709802e-03
-3.187371175403123057e-03
-2.628655608227965530e-03
-9.347801502569847917e-03
-1.726753224969854866e-02
-2.102138463610144642e-02
-3.340599921259245625e-02
-3.604874571263677607e-02
-4.697008886420749041e-02
-4.207717507829908388e-02
-4.633175471906694765e-02
-4.563058143517421256e-02
-4.247568350992772523e-02
-8.139529655631069782e-02
-7.717176402202678698e-02
-7.726257779587143715e-02
-1.007190225999588101e-01
-9.392780840419928667e-02
-1.191544018179867409e-01
-1.183351624629109117e-01
-1.129256557082475021e-01
-1.212743984330767189e-01
-1.017112687572624408e-01
-1.021134153537922723e-01
-9.882279542240728076e-02
-8.934734036315095107e-02
-9.210605498736625096e-02
-7.905344938413472189e-02
-5.796139510145520424e-02
-5.400214256507326893e-02
-1.530578645851950019e-02
-1.740775909378270564e-02
-1.164246199276205984e-02
-5.710891143172947514e-03
-2.603277613254853171e-02
-2.743243957766448513e-02
-3.800800778257108770e-02
-4.568592733510675602e-02
-4.028340037082221714e-02
-4.767362360842698071e-02
-4.474179103690829884e-02
-5.195691896072873739e-02
-5.283346759370970147e-02
-3.098741504369820904e-02
-3.342685355837787115e-02
-3.059574363031203337e-02
-2.532005916815686583e-02
-2.628451178025129759e-02
-2.341268131994644897e-02
-2.201823339487650813e-02
-2.049916554500616495e-02
-1.913646866715830105e-02
-1.678404749711607732e-02
-1.676363605262496531e-02
-1.478857172262171456e-02
-1.541065275461183347e-02
-1.390180951856925633e-02
-1.415174777535514739e-02
-1.823243598375023575e-02
-1.854580468568931342e-02
-2.306303915922136225e-02
-2.609567222087963781e-02
-3.198028317824275213e-02
-3.417413546177808237e-02
-3.816589925929642080e-02
-4.351076717810983124e-02
-4.419049535937937673e-02
-4.975207255530986195e-02
-5.025823996750647393e-02
-5.071626897934806977e-02
-5.261352938187088130e-02
-5.019346506008066922e-02
-5.225666932838408246e-02
-5.389975620088791053e-02
-5.478962946824161850e-02
-6.037277323188113692e-02
-6.261863088755946494e-02
-6.694902884412096133e-02
-6.872507114566069053e-02
-6.967354560244264083e-02
-7.342744052206411076e-02
-7.239540508973556221e-02
-6.670435844258403024e-02
-6.096492311965212574e-02
-5.479527426363110104e-02
-4.334423745069715395e-02
-3.659108118865084247e-02
-2.523175097006566045e-02
-1.957912751734638968e-02
-1.544781235687069966e-03
1.151298215134200094e-04
5.562084290964435830e-03
8.059661038274209405e-03
4.428387476948274053e-03
3.414405701025044135e-03
-7.516121664927712456e-03
-7.462374054374482264e-03
-6.225339851261097075e-03
-9.972836607211767526e-03
-2.571429346114982237e-03
-1.339754742982019083e-02
-1.975596044754929920e-02
-2.930130062096268292e-02
-7.162481757345172395e-02
-7.389483458170909014e-02
-8.891587124914301921e-02
-9.291541893322197154e-02
-8.518337959936740644e-02
-9.042357596633079919e-02
-8.015746399013325141e-02
-7.547501783654965435e-02
-7.922090494847580655e-02
-7.776639187069109282e-02
-7.714062123305305552e-02
-7.749693044177378976e-02
-7.352198568606653495e-02
-7.432963571247559742e-02
-7.328023240916152481e-02
-6.794489812889571712e-02
-6.788574498195153184e-02
-4.208402248982497096e-02
-4.166575611598692663e-02
-4.486105651120628895e-02
-3.803895009104603375e-02
-4.722015566047016444e-02
-5.356821839681884245e-02
-5.137591323554518280e-02
-6.529851312773161942e-02
-5.926735686970169975e-02
-6.687840365304346946e-02
-9.121985755279719832e-02
-9.040059216917656348e-02
-9.792836605640704850e-02
-9.505588705676462635e-02
-8.269267895050330663e-02
-8.041701784638367878e-02
-6.536112273786248705e-02
-5.673184477606335596e-02
-3.835375515814710978e-02
-3.557200880857679104e-02
-3.088353339838939907e-02
-3.714600271404509824e-02
-2.855153705896423463e-02
-2.298641542071052854e-02
-2.269585125658641830e-02
-7.508621832697778831e-03
-1.507728420338737621e-02
-3.085278306463051096e-02
-3.752185920695784438e-02
-5.265684069352451202e-02
-5.222732002847771393e-02
-5.345745451276412430e-02
-5.203237323596561492e-02
-3.683058482026603520e-02
-3.050117628442631720e-02
-2.744777390043622034e-02
-1.832760350196585911e-02
-1.615078328670549804e-02
-1.237770085030188288e-02
-7.176147190109519181e-03
-4.764165968920652805e-03
-2.730758588300602040e-03
2.834133361149709929e-03
2.242679270072418449e-03
1.952377753852050160e-03
2.484310846946641716e-03
-5.319183027259902566e-03
-5.790681250192569567e-03
-1.079441754622251920e-02
-1.854253027123855049e-02
-1.899953062251245883e-02
-3.008489246632613592e-02
-3.608552734867213202e-02
-4.160981826394113264e-02
-5.967783929170231150e-02
-6.423710526094116025e-02
-6.746928786973141468e-02
-7.749664022052220325e-02
-7.370900881669545379e-02
-8.006155021021126028e-02
-7.985182943112274778e-02
-7.222990737014847729e-02
-7.235999025459380340e-02
-6.738710396711052042e-02
-6.371856752786564382e-02
-6.365219601875914124e-02
-5.951003397412896190e-02
-5.886581842518653906e-02
-5.863838816561840750e-02
-5.575567683424289406e-02
-5.752361491551832157e-02
-3.351142126270496152e-02
-1.369083321838963918e-02
7.282398304875603752e-03
1.775518826681914998e-03
1.768922274773631611e-03
-2.305493417009623486e-03
-4.934194888744128892e-03
-6.145244559292312343e-03
-7.333645380987309156e-03
-9.371849339003633997e-03
-1.005014002972239723e-02
-8.761679078021547204e-03
-8.408031356134788165e-03
-5.582763382995201661e-03
-3.774350987774411845e-03
-3.089721289573171565e-03
5.942423232836157318e-04
3.873231324460771167e-03
4.197066684231561332e-03
1.645413973241703284e-02
1.645311352146690970e-02
1.911056880029001967e-02
2.231517855603803308e-02
2.228303367054152578e-02
2.389987018032359994e-02
2.454466390114618327e-02
2.476942177228429881e-02
2.537031437862829683e-02
2.546217603880834845e-02
2.558629288504478058e-02
2.575124597538381785e-02
2.561473056205275378e-02
2.559620434556184737e-02
2.554759141106005896e-02
2.496471810361469007e-02
2.504816765069198259e-02
2.429759602088797307e-02
2.298569725586732670e-02
2.368411009566518885e-02
1.980228514676093954e-02
1.906883106409791237e-02
1.907295007996101521e-02
4.825890369607576530e-03
4.274878460406769318e-03
-2.541441509884349338e-03
-6.958008117481095933e-03
-8.272336869102104445e-03
-1.305171809987851726e-02
-1.440364537216104815e-02
-1.631081485404064710e-02
-1.643034836199265894e-02
-1.457038187659261998e-02
-1.351435368351160127e-02
-1.221098107929730232e-02
-1.149176856517317852e-02
-4.467516044814589908e-03
-3.865356993452338970e-03
-2.301312011772970855e-03
-2.541316027032290638e-04
2.343994997432800051e-04
2.498962667936910614e-03
2.758729995874841922e-03
5.227189000949536597e-03
5.202914046119461004e-03
5.453601943710860087e-03
6.029760768834351546e-03
5.966082526559903475e-03
6.172751586074465627e-03
6.276590093125860616e-03
6.285511482510653530e-03
6.362899658535411083e-03
6.378610869566185386e-03
6.395113727518914916e-03
6.416450375085453774e-03
6.420293184845743406e-03
6.428501369851308093e-03
6.433478847459326959e-03
6.435010196351028007e-03
6.437286768134552889e-03
6.438401257297836529e-03
6.437249764751619592e-03
6.436915943077541925e-03
6.436339700953334561e-03
6.428794506246901866e-03
6.430216219518400736e-03
6.420419325192801632e-03
6.400195018454291930e-03
6.414258851062169461e-03
6.352371732277018422e-03
6.337421426181657873e-03
6.358529687700825890e-03
6.102997016995106473e-03
6.268611900867243104e-03
6.023994866001971052e-03
5.291101691970936591e-03
5.413459212512963629e-03
