2.406833931078291439e-03
2.791171045051675775e-03
6.968124285195006519e-03
6.583576179654826444e-03
9.699318508049750015e-03
1.068901348344916159e-02
1.116431216131412267e-02
1.209756312109041415e-02
1.214417978323183503e-02
1.238731757715535141e-02
1.258147828874697088e-02
1.258594313999314082e-02
1.268582086425806832e-02
1.271910820085264855e-02
1.273465046416390883e-02
1.276644518257548898e-02
1.277428664126073476e-02
1.278529581653568316e-02
1.279518838873244801e-02
1.280217963561548766e-02
1.280818456795574344e-02
1.281786413478511188e-02
1.283078463470871747e-02
1.283479456492151068e-02
1.286886670426089230e-02
1.288697357293377803e-02
1.290511051390729608e-02
1.302404054973360474e-02
1.300796097343650051e-02
1.316156563059315068e-02
1.344832141604236295e-02
1.330179558062588238e-02
1.407047342628304186e-02
1.431194093663477537e-02
1.428337636826111298e-02
1.618658499562521461e-02
1.584648001717800167e-02
1.704202731333857856e-02
1.730672527059576651e-02
1.714391069553664049e-02
1.817897976925161863e-02
1.779231392633966527e-02
1.809520843457194245e-02
2.161234191635222693e-02
2.122343038575014856e-02
2.548021245903717494e-02
3.086394555195351094e-02
3.750933273859004963e-02
4.289208679648053024e-02
4.716062882292003378e-02
6.300085127379878580e-02
6.836124967531737040e-02
7.752260963717323705e-02
9.049125801698852667e-02
9.078177171610014862e-02
9.266288994850496730e-02
9.127022456277066043e-02
9.108162653471353620e-02
9.422491736249068162e-02
8.106546615796432487e-02
8.671385381365399880e-02
6.581997957128869758e-02
3.545115523231998772e-02
1.014849211128838850e-02
9.406993822554809634e-03
1.615521479884026151e-03
7.339276945442695967e-03
5.376072679163947272e-03
6.258402175843263276e-03
1.195269760635902893e-02
9.276080065732574681e-03
1.463805591395375000e-02
1.504694265434468152e-02
1.417312348141454813e-02
1.856095639402709219e-02
1.404212545294741474e-02
1.579683785250166062e-02
1.443623000406697547e-02
8.221815601362668369e-03
9.920084244601747731e-03
1.807692710709589770e-03
-1.543981550260769935e-03
-3.272650832734048595e-03
-1.366416974385298473e-02
-1.367006734163979040e-02
-2.078746060211717969e-02
-2.950699008212372826e-02
-3.119947845909719353e-02
-4.119308585899670444e-02
-4.706414409054095194e-02
-2.446721269357595915e-02
-2.190309495234218917e-02
6.312669052043949798e-03
2.202594995179480916e-02
3.061877642514338263e-02
4.445234864833271654e-02
4.494013587105629565e-02
5.289140701804677380e-02
6.031743007904712128e-02
5.962144282871661982e-02
8.290701110082647485e-02
8.261062019145958002e-02
8.651697243733057208e-02
9.125353035317843031e-02
7.972622023297197547e-02
7.807279576530726239e-02
8.074726779501403828e-02
7.334630604513214802e-02
7.935173599961321822e-02
8.168074085561219388e-02
7.396377945856591474e-02
7.776230192022710874e-02
4.485801233793917930e-02
3.641987140276809441e-03
-3.494364424835500610e-02
-7.286311920691337929e-02
-9.965924628717766354e-02
-1.012860898066034743e-01
-1.099588227774748739e-01
-1.159800168596042264e-01
-1.026490159553494208e-01
-1.024778536916612498e-01
-8.892593564240511284e-02
-6.217611707148484185e-02
-4.603804071683027799e-02
-7.063679501261152169e-03
2.868558739194365225e-03
1.927078711554417942e-02
2.392423983388344139e-02
2.753485414123693978e-02
3.228431851072695313e-02
3.784783443026785987e-02
4.336786854894567750e-02
4.699993082406480477e-02
6.892129426409025761e-02
7.579168234841508756e-02
7.818945043453505439e-02
8.517003475478385210e-02
8.057954501658155799e-02
8.414604581589338328e-02
8.215081149193506627e-02
7.886603586061853577e-02
7.691265756756919536e-02
6.875607240779435525e-02
6.829408020342671304e-02
6.298312477134140885e-02
6.437425971963972593e-02
6.783618605826324810e-02
6.744940722899835095e-02
7.333789963843008464e-02
7.477454751632013619e-02
7.537889061701867621e-02
7.999245058470437486e-02
7.850607306492347892e-02
8.043053505489150545e-02
8.175308845952246328e-02
7.884934113383545995e-02
8.069343230922615406e-02
7.794168550515501170e-02
7.477391583599571345e-02
7.494264997277257090e-02
6.800451766387960451e-02
6.606626459347952895e-02
6.160662868583585000e-02
5.250073362527212656e-02
4.971765486795692857e-02
4.019865837040132589e-02
3.530104666304856309e-02
3.199388249657755812e-02
2.366594110467026488e-02
2.535597404730478843e-02
1.715878430381003253e-02
1.507002338487957796e-02
1.391165315279311102e-02
-1.567925850485781371e-03
-5.697783611750227833e-04
-2.349545802927205385e-02
-3.811046371116156434e-02
-4.113676419627299019e-02
-6.715772747251672059e-02
-6.606536572002580376e-02
-5.204303310388092713e-02
-5.811127321559705211e-02
-4.498613532264522652e-03
-3.181242127113025758e-03
1.753642738378595120e-02
4.327037246149201266e-02
3.676139763994684673e-02
6.570430299018836795e-02
5.523913031036723625e-02
5.036574329839071940e-02
5.052179772826521226e-02
3.065774336405735143e-02
2.988926406612193998e-02
2.612700530866507095e-02
1.570462905759482941e-02
1.262384483453009472e-02
1.611654262348419936e-02
2.094006032665853077e-04
9.588750636477842704e-03
1.858011105365108342e-02
1.688692190030899667e-02
4.823842021660974810e-02
4.753692913782914947e-02
3.504271178531248587e-02
4.273324745866895896e-02
3.817203401637846161e-02
3.551704906228141112e-02
3.822085429197419337e-02
3.670604190820954404e-02
3.681710441849028043e-02
3.806495183269709148e-02
3.753627039429420498e-02
3.752496636647419115e-02
3.749520202388666179e-02
3.782689231913322764e-02
3.544145793352944385e-02
3.547160397085197259e-02
3.500849966005557812e-02
2.603665865739782787e-02
3.003610086936644649e-02
1.655477059201849663e-02
-2.358559579029975099e-03
-7.545065267999205398e-03
-5.059728157980791785e-02
-5.944389569211674246e-02
-7.149051796375906209e-02
-9.196510042403875651e-02
-9.644659377839701064e-02
-1.125882874716832016e-01
-1.321062170059510987e-01
-1.447093375120343250e-01
-1.745301740594179252e-01
-1.872108356983591959e-01
-1.956267996303965584e-01
-2.039836777537269163e-01
-2.068819139261422468e-01
-2.068637202313778900e-01
-2.118776504230728275e-01
-2.116725554003714149e-01
-2.062252357948065329e-01
-2.082788782539740646e-01
-1.841405300125491251e-01
-1.460425426907656088e-01
-1.112400015154174776e-01
-5.601314333302783582e-02
-4.375571072962913116e-02
-8.799867543504783993e-03
-2.301499104107366210e-03
-2.934260910542248971e-03
8.912693913213570046e-03
-1.590061639609553421e-02
-1.489456025865899987e-02
-2.310082527528248969e-02
-3.886939414990023961e-02
-3.158892354358024124e-02
-4.719904220077923013e-02
-5.135013875729224631e-02
-5.157044107642333453e-02
-7.049757297640055209e-02
-6.941056898644180906e-02
-7.418591795369429420e-02
-8.330674067820312279e-02
-7.575194273859010841e-02
-7.905000139851540986e-02
-7.609096940873259773e-02
-6.445912441311305030e-02
-6.324032871861955118e-02
-5.637068204265268528e-02
-4.836483142075547609e-02
-4.759855193154617636e-02
-4.007295985825355678e-02
-3.596579014566207017e-02
-3.649115978144366890e-02
-2.945458496728508083e-02
-3.093292473629577835e-02
-3.237786989004910743e-02
-2.762826031726366843e-02
-4.075705369627067448e-02
-4.086525344741327032e-02
-4.616660697232857075e-02
-6.355093726191655967e-02
-6.223902537131462825e-02
-6.970276632778406312e-02
-7.510171840994499248e-02
-6.108775604148965893e-02
-6.290995354631030712e-02
-2.627259154363888183e-02
-2.107892816872157515e-02
3.132331496364303743e-03
2.014281318945724403e-02
1.914068998266917412e-02
3.837243083722625264e-02
4.210078529740247238e-02
4.442550241665233629e-02
6.581657544406027682e-02
6.092749700986438421e-02
6.468609987449262799e-02
6.531500743901562378e-02
4.979129449787507433e-02
4.894565296480317407e-02
4.720606841416457450e-02
5.162746998139872145e-02
5.590944040384800140e-02
6.390067496316237383e-02
8.515267271777431091e-02
8.714705148481141639e-02
1.123026297399116191e-01
1.131164151751203883e-01
1.134040669702668785e-01
1.169247713782780862e-01
9.494409821684604567e-02
8.575847461393611149e-02
6.929018057671983144e-02
5.639553746152622948e-02
3.689360238003119158e-02
3.054092916608185451e-02
1.717817457982594859e-02
9.807382373476910761e-03
1.432224518603805556e-02
1.751838759306290289e-03
1.493409433743297585e-02
8.618017063750793225e-03
7.836913002171645715e-03
2.023215192210812974e-02
2.496065045146378392e-03
1.363808846528084297e-02
2.931515671856932490e-03
-1.974956321362553516e-02
-1.321405230336065821e-02
-4.531081120959287722e-02
-4.521503791474896367e-02
-3.463128751519945620e-02
-4.891631593710532577e-02
-1.448476989874941147e-02
-1.617559078322571356e-02
-3.839050204277640044e-02
-3.493573797271674886e-02
-5.473550639857736877e-02
-7.419025944263284156e-02
-7.987424075439608639e-02
-1.014999776069569759e-01
-1.165823674290383249e-01
-1.214950601250424783e-01
-1.182258254443577100e-01
-1.101405632135328272e-01
-7.429771533285134399e-02
-5.703876943574849590e-02
-2.288153896163408474e-02
-3.494679022873506402e-02
-2.878571891832118479e-02
-3.428085824656634806e-02
-4.564087813462690268e-02
-4.797368025850419493e-02
-5.901027686141100542e-02
-6.988562549472655816e-02
-7.727565403379658970e-02
-9.436425090631891943e-02
-1.134014196585783341e-01
-1.128517562651803197e-01
-1.210904767499142304e-01
-1.243136325055434338e-01
-1.250777583163426854e-01
-1.319443544806001012e-01
-1.345773334968111690e-01
-1.369677247453320867e-01
-1.422251839070185209e-01
-1.431758734887980666e-01
-1.342120580136558217e-01
-1.332994147309197186e-01
-1.214821786442893681e-01
-1.051697403561591693e-01
-9.779809514007557769e-02
-7.415864859122488217e-02
-6.677346570439526841e-02
-7.070462200813679154e-02
-6.090312913053450711e-02
-5.813706867777279630e-02
-4.896978251415394501e-02
-4.060548621226767185e-02
2.873826763185336267e-02
3.308702898313570923e-02
5.288506519783147536e-02
7.271521016231148604e-02
7.578559822438896143e-02
8.617964875142221370e-02
8.853893416230970703e-02
8.901285467816724695e-02
8.277209353720201002e-02
7.639966567513803430e-02
7.497240124735171651e-02
7.545178561867153799e-02
7.741010808319083447e-02
7.915294203901025727e-02
7.348276007873165427e-02
8.753661646333882329e-02
7.373013175251530438e-02
5.003008868163891926e-02
3.995540310368009967e-02
-2.556619180102541120e-02
-5.900325086878734776e-02
-7.447198293289428173e-02
-9.501245042869638224e-02
-8.967497061664662927e-02
-9.658080979991492954e-02
-9.075896834627354692e-02
-7.672922507917702417e-02
-6.660534412855997899e-02
-4.008753298333381232e-02
-1.884944524589740600e-02
-6.399430907519099154e-03
2.375883077662211892e-02
3.327926666383758392e-02
4.183628003914679344e-02
6.413451719437746057e-02
6.704047985908197227e-02
7.110974104564232734e-02
6.372162914996791494e-02
5.381457135843294159e-02
2.861575872960843772e-02
-5.071376564105718569e-03
-3.020159239954877187e-02
-3.918691617923657222e-02
-5.079126561095835546e-02
-4.277078705643631851e-02
-4.246781105117383021e-02
-3.290479037763316406e-02
-2.274319812536402738e-02
-2.419644340057489768e-02
-1.460584458949825554e-02
-1.441920889709787448e-02
-1.347889317472001323e-02
-1.061994613788740105e-02
-1.322228064038298914e-02
-1.281178700942276101e-02
-1.517289101392874789e-02
-1.670691714399473449e-02
-1.897841604605352353e-02
-2.031144619927844827e-02
-2.166504078096415098e-02
-2.324865283167758603e-02
-2.382252665474552181e-02
-2.520671252143415891e-02
-2.590655757318927055e-02
-2.688796825110980476e-02
-2.857938382469445149e-02
-2.903267044328191465e-02
-3.145614679077913395e-02
-3.305158232071695595e-02
-3.514515635796560539e-02
-4.085875231874837310e-02
-4.459585133460086670e-02
-5.350789675427583547e-02
-6.505303238817215783e-02
-7.601326677091474471e-02
-8.945337980507729603e-02
-9.260399665044521944e-02
-1.004794850105329013e-01
-1.032226050791666266e-01
-1.018579527655448375e-01
-1.051474421132510412e-01
-9.816185629133997170e-02
-9.648623735546889291e-02
-9.125651246285317042e-02
-8.068454747628245327e-02
-7.815669507731229371e-02
-7.041062629350712532e-02
-6.886522191566715745e-02
-6.798427664225863143e-02
-6.553596354971749638e-02
-7.402081370900494284e-02
-7.249748584453706568e-02
-8.311316236049098860e-02
-9.276004032359905227e-02
-9.481314809921646825e-02
-1.161394059988254401e-01
-1.189025527702060048e-01
-1.167678488762275563e-01
-1.212586285499357430e-01
-8.830123860553139303e-02
-7.800344574970559386e-02
-1.804655244286345120e-02
5.870558407133294639e-03
3.263462281221560929e-02
4.745898261548620045e-02
6.685604453573057437e-02
7.120261975190102233e-02
8.080829677573145298e-02
8.454238086782529804e-02
7.038945398786236596e-02
6.170902584473356156e-02
5.244707982020691689e-02
4.748098234001407736e-02
4.332369332588759114e-02
3.688865337391893096e-02
3.651646797134300293e-02
3.918971378024765223e-02
3.963563490766960212e-02
4.411674755916004248e-02
4.572487355154162408e-02
4.708223174015888773e-02
5.085809264152030967e-02
4.872078015128089579e-02
5.131209069576490867e-02
5.189042117489912204e-02
4.282983899725492649e-02
4.303862406274779062e-02
3.709914659755037675e-02
3.465655819622791983e-02
3.174571754576189370e-02
2.880262401240513831e-02
2.623547198607483963e-02
2.177706578782559813e-02
2.106096184603612267e-02
1.419898608917034323e-02
1.371779645660188215e-02
1.323973570738879411e-02
1.084998930679625419e-02
1.107203428144178103e-02
1.041470414168878776e-02
9.483486160637277090e-03
9.136144879863493384e-03
8.841646837482891944e-03
7.217816439565350427e-03
7.212889918011536686e-03
6.769173684415534520e-03
6.305798993879313530e-03
6.300112706766425839e-03
6.068103457269750749e-03
5.974707214619678040e-03
5.942064949882365846e-03
5.863674016505350181e-03
5.845493916987837442e-03
5.823191741188235050e-03
5.802106598263592763e-03
5.796266666845723177e-03
5.786793886651948188e-03
5.781544950615891999e-03
5.778982546595870344e-03
5.775840080348576717e-03
5.774288061022553147e-03
5.773776643182090482e-03
5.772410862734354831e-03
5.772155795877489080e-03
5.773709915768917428e-03
5.770416430689357008e-03
5.774803877138481867e-03
5.776416606145068529e-03
5.766735845362352432e-03
5.792725986880018114e-03
5.773496808992725597e-03
5.768782494919711193e-03
5.861648500772163872e-03
5.726821170035705996e-03
5.850761448874554176e-03
6.070487408284022321e-03
5.505804830457515682e-03
6.390783638371697224e-03
6.770693243455860877e-03
