4.146337099275486859e-04
3.765759401766226224e-04
2.201972989807370518e-04
-8.880081961810022695e-06
3.180859646548869638e-04
2.642609078170676069e-04
1.073099152092423176e-03
5.605538684486220278e-04
6.970468903737047717e-04
7.426323716493278635e-04
4.882613070546602146e-04
5.873348742314055950e-04
5.125434434106021422e-04
4.637741649529003737e-04
4.879069910886854860e-04
4.503472179632989699e-04
4.490695887899565347e-04
4.486509224365350153e-04
4.386145560221949057e-04
4.415657167773120290e-04
4.394386394231647019e-04
4.404626661705617193e-04
4.445423543239705819e-04
4.446360010693966767e-04
4.571829866232023413e-04
4.621045433092060210e-04
4.709777790051406410e-04
5.106112488860314750e-04
5.053358088842475459e-04
5.625177805020304192e-04
6.316744167297916627e-04
6.083018646610596596e-04
7.918613841916918470e-04
7.608862877351355285e-04
8.451083176492178153e-04
9.422090577356062851e-04
9.725365228009223185e-04
1.184644704366152749e-03
1.193093007217929050e-03
1.449570955428918558e-03
1.367976467298393471e-03
1.627502308040387324e-03
1.994827670298569919e-03
3.693186211399872266e-05
1.050498785895876558e-03
2.063934728751568655e-04
-1.833510720345361052e-03
2.063487795011029798e-03
-2.011292618354871675e-03
4.896356742660705648e-03
9.104553094782403752e-03
8.633547532931237431e-03
3.181346109694618146e-02
3.532491849009408713e-02
4.310112195031914895e-02
7.501899655906506259e-02
7.710467972962251060e-02
9.795848017414694742e-02
1.022178839422477337e-01
1.022524266231919360e-01
1.050467769350189595e-01
8.830263870265313286e-02
8.177611418886605865e-02
7.367127735897459340e-02
5.563314354870826928e-02
5.037387841569236635e-02
3.574566574253019297e-02
2.370140195540516512e-02
1.567233808571200787e-02
-2.443251457037344402e-04
-7.117900486486262654e-03
-1.829487315869606293e-02
-2.718049613556043631e-02
-2.971559793268711142e-02
-3.686185305256849815e-02
-3.959709595687094935e-02
-4.005063537987738065e-02
-4.297390925050695309e-02
-4.191687599628964728e-02
-3.871582634591580474e-02
-3.809212227296190911e-02
-3.585918643195212807e-02
-3.232357310677604761e-02
-3.042935025839464333e-02
-2.155331392608704488e-02
-1.470002783775256269e-02
-8.923158213794952706e-03
-7.670430216695759210e-03
-5.648220528192198983e-03
-3.361284315564941338e-03
-3.964049657563162646e-03
1.651108016044821431e-04
2.165003647417629035e-03
3.954028986683180528e-03
1.507177163022799769e-02
1.735556389047141282e-02
2.345878003148783170e-02
2.455899164634325546e-02
2.543830107607689128e-02
1.714723897707641498e-02
-1.879289616586762683e-03
-1.472566563272221206e-03
-1.347647143404232320e-02
-1.951050364685343042e-02
-2.088250072809055141e-02
-3.582381733501201204e-02
-3.925483550436711933e-02
-4.644871707981592518e-02
-6.040661757780458468e-02
-5.818261972756828132e-02
-7.193836494505057022e-02
-7.321781045887924833e-02
-6.987264253385042090e-02
-8.085732702613451783e-02
-7.156310841268578860e-02
-7.931253277532882007e-02
-8.319894636638830443e-02
-8.552004216584065122e-02
-9.189364587483202229e-02
-9.134941872169430321e-02
-9.565276432789797389e-02
-9.088966725495967180e-02
-8.766188730922647165e-02
-8.835491146785909300e-02
-8.489272891576098157e-02
-8.693051635068732574e-02
-8.961930951595842298e-02
-8.620181024280947069e-02
-8.951032584030295391e-02
-8.734656824126119101e-02
-8.362404846141084647e-02
-8.394843810918568849e-02
-7.664408628601572515e-02
-6.886314207343353921e-02
-6.434835278290863825e-02
-4.682914254884391891e-02
-4.021735598112547577e-02
-3.237552382513994575e-02
-1.865107099175375774e-02
-1.672796010196822211e-02
-5.986242842918486004e-03
-1.519073166524662240e-03
4.573805449362013109e-03
6.979739047368235631e-03
1.253810274436304058e-02
1.564093731237453655e-02
1.734765950990202130e-02
2.939692709514279273e-02
2.962555008194014614e-02
3.886217972537796272e-02
3.987106004895159955e-02
4.558743220407595470e-02
4.448317328493193307e-02
3.933716311896478385e-02
3.963651536001520925e-02
2.798361875352486927e-02
1.879757304530438322e-02
2.296875346518367084e-02
1.633677570752365771e-03
2.811392636735869557e-03
-6.802404194507952889e-03
-3.141225072034970617e-02
-2.440884561527449648e-02
-4.638695450404077547e-02
-4.937037828965470942e-02
-4.582984068650878401e-02
-6.195198988218201391e-02
-5.332840814045524541e-02
-6.524486324488867894e-02
-7.313590447582835052e-02
-7.328878465514569729e-02
-9.088235527886920351e-02
-8.498033559463973041e-02
-9.289950773969607445e-02
-9.082991464971186535e-02
-6.740833510075311397e-02
-6.882122689815133032e-02
-3.909971103562231293e-02
-2.249554056996701246e-02
-1.949803437538049494e-02
6.298138816743111511e-03
6.040432654699699061e-03
1.398934159289044223e-02
2.772850446645400840e-02
2.431843982795125689e-02
3.355466939404348758e-02
3.652997758730262140e-02
3.651226807681283437e-02
4.016120930533876449e-02
4.282375109537780306e-02
4.080828416452779439e-02
4.298986611732599078e-02
4.250909600215121292e-02
3.954168459203186853e-02
4.216782602646694522e-02
3.919194742487374511e-02
3.939300054256163197e-02
4.372302661158065235e-02
4.155013762209848471e-02
4.627259020450697619e-02
4.942557910920243602e-02
4.973918333350625665e-02
5.688338529463343729e-02
5.869141998553371875e-02
6.036344577571627068e-02
6.641216547408719528e-02
6.529639316497937163e-02
6.780476096244975048e-02
7.081347966160682350e-02
6.616439026849194049e-02
6.911521517993367281e-02
6.534414717966453845e-02
5.696589940632199034e-02
5.497527592827156778e-02
4.098963763278125338e-02
3.328875049026511906e-02
2.754626554050847512e-02
1.376456659605982888e-02
1.073691809983482251e-02
7.779352411609090356e-03
4.505805634244342906e-04
3.229979588803777446e-03
-3.380309145350466650e-04
-5.746462889737365305e-03
-4.894987138992175357e-03
-9.922334808490387154e-03
-1.104849087183933619e-02
-1.060813638063402148e-02
-8.624082907579920868e-03
-8.333149717647082150e-03
-8.226603831803940697e-03
-2.923615515974873139e-03
-4.508185371231875592e-03
-5.833074898060753091e-03
-7.611873163893898356e-03
-1.672089070334691757e-02
-2.434332539535637857e-02
-3.103508825916366509e-02
-3.486369381811487561e-02
-4.998383907553643341e-02
-4.057476026455225648e-02
-4.995653562811624981e-02
-4.739070000690007861e-02
-2.975638118291174666e-02
-3.299748713496677283e-02
-1.800759354701261805e-02
-8.846606908338109504e-03
-1.577461565145259897e-02
-6.718313963027328951e-03
-9.730806348498629091e-03
-2.427336796917665615e-02
-2.474518822917837896e-02
-3.642208537707468385e-02
-4.635924167810440144e-02
-4.499177366942525014e-02
-5.105039983378042989e-02
-4.699696452348384873e-02
-4.597089274666173175e-02
-4.689252517689133232e-02
-4.289870982550320067e-02
-4.338817530933623823e-02
-4.192334572770334278e-02
-4.064527892978019030e-02
-4.090547181763024009e-02
-3.930867719613169442e-02
-3.718753165728050369e-02
-3.671372275191182866e-02
-3.726213803845045830e-02
-3.644386222442662360e-02
-4.193999911224620403e-02
-4.355634223670362681e-02
-4.685140595048618156e-02
-5.347911172291719417e-02
-5.606788663013079210e-02
-6.101068333263624105e-02
-6.609881795495833878e-02
-6.928394323120537490e-02
-7.537695656048584714e-02
-7.911358016575995022e-02
-8.271421091572439543e-02
-8.293959957172561404e-02
-8.577562718741081615e-02
-8.042629541922084735e-02
-7.300756613743275558e-02
-6.562161444692182766e-02
-5.089825234395168457e-02
-3.613770372995232100e-02
-2.382433909978689743e-02
-6.619043643570223824e-03
9.383531777335729282e-03
2.102489979808642995e-02
3.449078111198507213e-02
4.100549805451366575e-02
4.457105181818273726e-02
4.741939519225835814e-02
4.521600485376767176e-02
4.458737574486879018e-02
4.261045508767224294e-02
3.702867777451004233e-02
3.536570659432391323e-02
2.929203791004631602e-02
2.309893161680631399e-02
2.110149465248272252e-02
1.126548506941306253e-02
9.029605142618631758e-03
6.449627013127343274e-03
5.145433225302675859e-04
2.269921147656233425e-03
-1.415416534603669563e-03
-1.802148074256633339e-03
6.622782700466932088e-04
-1.376424124396888196e-03
-3.753952627651099025e-04
-3.616893417230997946e-04
-2.113164058828703902e-03
-4.425943408426787724e-04
-1.015203592435847237e-03
-1.108595652285631521e-03
1.505944785233729547e-03
1.320338828008856685e-03
2.811806547175583950e-03
3.724268056150496341e-03
4.090972992669908090e-03
4.867508952882460861e-03
4.592356790647861113e-03
5.375976095515822874e-03
3.724856351934450679e-03
4.697678273899854456e-03
3.810677543371124732e-03
2.856841044955940601e-03
1.745416045916172625e-03
-6.241765457462294421e-03
-1.057062106311217227e-02
-1.353115598561030822e-02
-2.356671236660584645e-02
-2.504566160967290275e-02
-2.566101283010218184e-02
-3.006390373142971140e-02
-2.924745695405437176e-02
-3.035051463171768715e-02
-3.135150095692882527e-02
-3.112154811690568887e-02
-2.995017618558569461e-02
-3.036639089765398938e-02
-2.868842309712375110e-02
-2.749230616230889310e-02
-2.764880861812156129e-02
-2.368847145860319622e-02
-2.201149957513790292e-02
-2.137422153480810980e-02
-1.169943628461909274e-02
-1.137837811949981605e-02
-8.043181145510617386e-03
-4.598880695683087161e-03
-4.014542375260073299e-03
-1.885260242788589728e-03
-3.865364266691451514e-04
4.148247098069188601e-04
1.768278458121714256e-03
3.512660933216860473e-03
3.755147881552564799e-03
5.838068377625360746e-03
5.800446881908533081e-03
5.637463657008803808e-03
6.344980673258276450e-03
5.714455847589575144e-03
5.757800742398518079e-03
5.996935310384835134e-03
5.718201070681687946e-03
5.843710209697103655e-03
5.841589314251455917e-03
5.777808634712599048e-03
5.831967890243241505e-03
5.808977117969380682e-03
5.806457704201088178e-03
5.818253053129667125e-03
5.808821983827152161e-03
5.812656780224972550e-03
5.811991506781420506e-03
5.809820389401334356e-03
5.811268669168774721e-03
5.805113731582342215e-03
5.808114442180614678e-03
5.801722914577892194e-03
5.788674155178154777e-03
5.803676781531678583e-03
5.760402716418921119e-03
5.760433349340383577e-03
5.768774592740303839e-03
5.635353667182335484e-03
5.728223572583044515e-03
5.538052543237271912e-03
5.475129547958091682e-03
5.468642015215332587e-03
4.806346473174565904e-03
4.901991736173050979e-03
