-6.047214131611971079e-04
-7.264000710907768041e-04
-2.598621724266621247e-03
-2.668995550969527775e-03
-3.241089146429011660e-03
-3.573179046442231249e-03
-3.066489659567126543e-03
-3.366098554959823849e-03
-3.277685068886780628e-03
-3.209634473600445591e-03
-3.294603390437713091e-03
-3.232728849715997034e-03
-3.244512321217209259e-03
-3.253160935786517018e-03
-3.234710644220369340e-03
-3.243983221516768232e-03
-3.239911645697892556e-03
-3.236919275126690088e-03
-3.238990712728537398e-03
-3.235804025595655047e-03
-3.235544557436709125e-03
-3.234222366408784095e-03
-3.231906107896211598e-03
-3.231119009775550339e-03
-3.226342952323445895e-03
-3.224479420158406912e-03
-3.220191336292772995e-03
-3.208445817329234548e-03
-3.210250210263174923e-03
-3.188725244900407138e-03
-3.171290464936842284e-03
-3.179268040377184520e-03
-3.095960033097025152e-03
-3.114813683170641282e-03
-3.074032479208915151e-03
-2.826543020168882561e-03
-2.748611627321292765e-03
-2.619423557036057969e-03
-2.542774508264406506e-03
-2.327311930221245394e-03
-2.314164341740637589e-03
-2.145617289513461652e-03
-1.856261805878861148e-03
-2.826671129387400318e-03
-1.675321467375122560e-03
-2.279398907693646996e-03
-3.041435094000731129e-03
-1.389974771061774255e-04
-3.215941643057583683e-03
2.752155857620580074e-03
4.923172609049769784e-03
4.934137616712186425e-03
2.273140509188902036e-02
2.411232958435699861e-02
3.183606106158397980e-02
5.503210039097000683e-02
5.768603171749281389e-02
7.708693465792497423e-02
8.112047561727256384e-02
8.696512101290905516e-02
9.140767903712493370e-02
8.385192688110673642e-02
8.313666448702769496e-02
7.911795567208733393e-02
7.089241939559320915e-02
6.765516082941643028e-02
5.991269367505201032e-02
5.337016312956155417e-02
4.767090799289531305e-02
3.847417326314447189e-02
3.306463618220407269e-02
2.468637525876998806e-02
1.827167046391756089e-02
1.519237436442453029e-02
9.115363728320332454e-03
5.821948019349955199e-03
3.301045358149113946e-03
-6.125378640665812184e-04
-1.926103823889642680e-03
-2.573294262527515194e-03
-4.047145288509732854e-03
-6.091736886665994472e-03
-7.216394570715551314e-03
-8.556697890356734781e-03
-5.979153828555680734e-03
-4.042277378322972278e-03
-2.809079991459586222e-03
-4.286013146352775360e-03
-4.716747863206193457e-03
-4.285958416427947115e-03
-4.981594358552861659e-03
-3.682723792874550463e-03
-3.215481336492345774e-03
-2.540703633718503513e-03
2.186129299632381170e-03
3.156711705784206231e-03
5.942270848986133495e-03
4.978517891043377983e-03
4.449385558106066715e-03
-2.179613703630811986e-03
-1.585460228756209455e-02
-1.640675787439750677e-02
-2.438369411062667191e-02
-2.833940546442940273e-02
-2.974848855405744924e-02
-3.997185649297314847e-02
-4.271118515199128635e-02
-4.833418800674851856e-02
-5.801724201000545145e-02
-5.700595179185043854e-02
-6.675779014713281723e-02
-6.719972480071166598e-02
-6.422821503471626281e-02
-7.079374445347691447e-02
-6.371963246258403879e-02
-6.761709144233420121e-02
-7.146322145497994993e-02
-7.377906926354935169e-02
-7.685574236343307997e-02
-7.917998871205327027e-02
-8.035516152660289457e-02
-7.723479462715396315e-02
-7.594028441100733606e-02
-7.340318877307144829e-02
-7.380462031046138016e-02
-7.340964787462073149e-02
-7.464403388399541706e-02
-7.330416090586582001e-02
-7.323258121117383335e-02
-7.235012465068790810e-02
-6.930050168438105229e-02
-6.812756377644890726e-02
-6.397523686843757662e-02
-5.782483721166420398e-02
-5.427590465695576044e-02
-4.243671014753406384e-02
-3.746705523154464368e-02
-3.224747898761572140e-02
-2.383485376321947680e-02
-2.155461201870515625e-02
-1.337581122162998480e-02
-1.019153026615624361e-02
-5.412161290124340753e-03
-3.112970645824580506e-03
1.500841336189427363e-03
3.185946760563875164e-03
4.358178522348621700e-03
1.061060165307552497e-02
1.109986466224753554e-02
1.632309249161284156e-02
1.707228750730309039e-02
1.942397758243836342e-02
1.828970617791623662e-02
1.556232507149085155e-02
1.438764805493338537e-02
7.365786793829696456e-03
2.063063716179719224e-03
4.016486567690691865e-03
-7.446242136078763327e-03
-7.251532999085639510e-03
-1.365770628051424414e-02
-2.856376050076856604e-02
-2.625304410590607873e-02
-3.864856171751331754e-02
-4.006215283207919392e-02
-3.710183350390092172e-02
-4.386200693440577697e-02
-3.833545445814114105e-02
-4.360081697761933328e-02
-4.795329780899445365e-02
-4.931853765248493671e-02
-5.853527966868536658e-02
-5.641963289130121073e-02
-6.115635986551554854e-02
-5.768461515813119028e-02
-4.329193548776975181e-02
-4.124705610237013736e-02
-2.081995716195442908e-02
-1.044139304878278010e-02
-6.788370170085346149e-03
8.299085796848867588e-03
9.491940032580152911e-03
1.682844763825578835e-02
2.531423175899627162e-02
2.730765001924490010e-02
3.504715031829988559e-02
3.838169243918082563e-02
4.370523777482464983e-02
4.780044876340462656e-02
5.183704587832290572e-02
5.476530710003423008e-02
5.616399448083096019e-02
5.920402769569442503e-02
6.008638712762776751e-02
6.212847656900817583e-02
6.462010335468752753e-02
6.587789938633582809e-02
7.020749604550223510e-02
7.160404194484421003e-02
7.409798889775770503e-02
7.699371915813162104e-02
7.760673397379461158e-02
8.065611272814628141e-02
8.196403301147550668e-02
8.186668930185116155e-02
8.417736286953464431e-02
8.303574110323939939e-02
8.299698884956133171e-02
8.388612465717891487e-02
8.027454851972105898e-02
8.103583141436161708e-02
7.790444685080775977e-02
7.156367276716719961e-02
6.844584044792079158e-02
5.831682396544143193e-02
5.237897759831473821e-02
4.614095915209229931e-02
3.681377324080626484e-02
3.251990741508950511e-02
2.750427305998883604e-02
2.201963558203574867e-02
1.874540174771929107e-02
1.397486623443953795e-02
7.694130640551302518e-03
4.719073861630448258e-03
-1.349217797396349248e-03
-4.359662680375067309e-03
-5.724678358044645553e-03
-6.454166157358762201e-03
-7.668748825445143198e-03
-8.602371552973891652e-03
-6.677613030426517854e-03
-8.418094215646279577e-03
-1.052754658170347059e-02
-1.335274210277039540e-02
-2.090029836038865066e-02
-2.625218574560418336e-02
-3.276059994277753795e-02
-3.769241405615279122e-02
-4.908751667986882561e-02
-4.867109823945470898e-02
-5.796015098347356842e-02
-5.984662140909825095e-02
-5.220252229613958628e-02
-5.572771584360088071e-02
-5.087830061724030184e-02
-4.842897670208492350e-02
-5.686984963087452633e-02
-5.583036221191049753e-02
-5.956714482890535650e-02
-7.288153612171499596e-02
-7.674260917196368270e-02
-8.449876009996426518e-02
-9.278131418308366296e-02
-9.304549631804746868e-02
-9.604690099694362937e-02
-9.533262730649477712e-02
-9.209505321117679444e-02
-9.339391906736384252e-02
-8.851272822877434554e-02
-8.530710341109432049e-02
-8.358441385865100770e-02
-7.533787361543446692e-02
-7.323194315263997778e-02
-6.595254181645755776e-02
-5.711844441549603774e-02
-5.333347710580051831e-02
-4.630161316763289209e-02
-4.291030010987096494e-02
-4.332883631717993761e-02
-3.952058504605215905e-02
-4.014117021432339616e-02
-4.150949342495171418e-02
-4.143375288019333913e-02
-4.315707183342198938e-02
-4.414696115811563709e-02
-4.511109013523303263e-02
-4.694621669486787052e-02
-4.793604226716445538e-02
-4.936910380177182006e-02
-4.949889732933165920e-02
-5.121302486251888553e-02
-4.851411470236791784e-02
-4.389717767493325762e-02
-3.984239559627807820e-02
-3.090445328599474017e-02
-2.164988188745501502e-02
-1.475601641784709574e-02
-4.546693765965955682e-03
5.696867046774813613e-03
1.197090656128498021e-02
2.012419743209215017e-02
2.428853718130360995e-02
2.657805552873253666e-02
2.888038044402378365e-02
2.783753822509449707e-02
2.838242671027622899e-02
2.804560043642367884e-02
2.534565763419603657e-02
2.547313993682249339e-02
2.226664684031856578e-02
1.895373737333419864e-02
1.847686983342862813e-02
1.165408080843833259e-02
1.068392315075213268e-02
9.442369257776866628e-03
5.275199785794629399e-03
7.074666722884590149e-03
4.492489079517089645e-03
3.309433653974153122e-03
5.160358200965915222e-03
2.702137468510281641e-03
2.635422456624778031e-03
1.669076832599772136e-03
-4.443500323094181476e-04
-7.647198836495679272e-05
-1.947538890467560542e-03
-2.355923181146689447e-03
-1.608057469180401971e-03
-1.880617164585822194e-03
-1.235320562270978513e-03
-1.207220724183299216e-03
-1.100014253409833985e-03
-8.307385971509289929e-04
-1.118949027569977493e-03
-5.882521405215043091e-04
-7.967994145542333338e-04
-4.642136594936993924e-04
-5.533196446559152711e-04
-3.122111721485231264e-03
-3.972575828530285069e-03
-9.266301566250346317e-03
-1.215469981733810836e-02
-1.408087192607171585e-02
-2.043814252217146174e-02
-2.129155143745584469e-02
-2.206484521793211293e-02
-2.426557279643294304e-02
-2.419658725131957136e-02
-2.465507401821038710e-02
-2.445148115232442451e-02
-2.459193617849594893e-02
-2.268421853380679643e-02
-2.277700930879061544e-02
-2.139668043821339044e-02
-2.007708409086812751e-02
-2.002157015248029123e-02
-1.759507687256726266e-02
-1.664858301447743466e-02
-1.616839186164611974e-02
-1.026555230710088883e-02
-9.859447007943670377e-03
-8.082204387684579702e-03
-6.257161533335979346e-03
-5.898106218780126142e-03
-4.810689376293034863e-03
-4.050899988156085769e-03
-3.599698855327871164e-03
-2.891267027768999222e-03
-1.913268897155731519e-03
-1.675729909881011181e-03
-3.982700844987073410e-04
-4.505886264274847845e-04
-6.047940507187724675e-04
-2.810670833114946093e-04
-5.978026739237837827e-04
-5.962725784484625364e-04
-4.415821423582113616e-04
-5.568013448583494481e-04
-4.922687488112879569e-04
-4.848942495419480145e-04
-5.063953946865838501e-04
-4.797730722203270111e-04
-4.882283178324055783e-04
-4.866483127481275326e-04
-4.808962899339042215e-04
-4.845730608982824262e-04
-4.820780110158744526e-04
-4.825208420357915244e-04
-4.832898574161850085e-04
-4.833637915075212547e-04
-4.858070246389960224e-04
-4.854380313623821836e-04
-4.903804431646732569e-04
-4.931872647909595238e-04
-4.932911655275720947e-04
-5.109639392152086649e-04
-5.052160713157403775e-04
-5.210878919587023667e-04
-5.599539550903131222e-04
-5.197693078936941593e-04
-6.252325206054599798e-04
-6.371955971774789220e-04
-5.692873448360097084e-04
-1.001846774633534647e-03
-1.006486404367692988e-03
