-1.335689850018262088e-03
-1.473409329867290561e-03
-3.687626684043045135e-03
-3.735693388216896130e-03
-4.454032569054204062e-03
-4.797552707489057856e-03
-4.514479791920683605e-03
-4.794398320664255628e-03
-4.769703497062357557e-03
-4.759276443926353795e-03
-4.831437654706322200e-03
-4.809466427503641082e-03
-4.826662807549527909e-03
-4.838251842600998533e-03
-4.834074097343334618e-03
-4.842112280735246660e-03
-4.842931439622420904e-03
-4.843540383597915062e-03
-4.845931377452952944e-03
-4.846007848702624070e-03
-4.847028446391924913e-03
-4.847850698865653618e-03
-4.848443353352001328e-03
-4.849863155732445433e-03
-4.850671598682201012e-03
-4.852946510439663970e-03
-4.855914266202052826e-03
-4.857702686483580251e-03
-4.866387120192099125e-03
-4.871119258439153901e-03
-4.879524340806481661e-03
-4.907711034697402434e-03
-4.907523530460934300e-03
-4.957309214480473333e-03
-5.019713306264933853e-03
-4.995222628890914722e-03
-5.188466925442791929e-03
-4.987594859747319052e-03
-5.350683854880171168e-03
-5.580251544329119587e-03
-5.487133690082817220e-03
-7.094700342399604988e-03
-7.137463631488830118e-03
-7.624218189726380754e-03
-8.484032631029396129e-03
-8.320905516734687993e-03
-8.873234956707793525e-03
-8.857266715600864079e-03
-8.207064506377389698e-03
-8.790230862600917350e-03
-8.162957118122170230e-03
-8.061275172071216341e-03
-7.894141923618182288e-03
-3.873066079589569406e-03
-1.579022100984725160e-03
2.275663545867662901e-04
8.538168753719408560e-03
1.003003989447693450e-02
1.275257942059995590e-02
1.836213325099290625e-02
1.856922998717815479e-02
2.203087177804420593e-02
2.175555905664242062e-02
1.973102103546973962e-02
2.044666710402718787e-02
1.929025241648146816e-02
2.114401763393366357e-02
2.147040754212348884e-02
2.252556531780992854e-02
2.297826134579839322e-02
1.804413070643901690e-02
1.920569448436763166e-02
1.417194448942110316e-02
1.160217330226409431e-02
1.008061829182745756e-02
1.818899946985335215e-04
-2.329011202880189833e-03
-8.160103589885706402e-03
-1.638929614674646332e-02
-1.765919046926442068e-02
-2.531923226402776547e-02
-2.821178476996964030e-02
-2.277334356622639014e-02
-2.410325997412717317e-02
-1.813984441968008801e-02
-1.429651867350335143e-02
-1.292746562655724789e-02
-7.025252306780888079e-03
-6.775399287290259816e-03
-7.703091732186279940e-03
-6.830840409640398340e-03
-6.218214523766484730e-03
-7.943158956266883897e-03
-8.260484584821887327e-03
-4.081801065977001992e-03
-4.428669496856741175e-03
-6.983730935087640625e-03
-7.838264947341126720e-03
-8.279340037180209916e-03
-8.101870023872600676e-03
-6.974550451716733830e-03
-7.960747687980997481e-03
-6.852787714896711214e-03
-7.682201687046138344e-03
-1.361848970363530378e-02
-1.848290934531413021e-02
-2.549056174965328228e-02
-2.953202638940000818e-02
-3.430039923255417955e-02
-3.733134393177934413e-02
-3.927607305606115734e-02
-4.276431432381394560e-02
-4.325000069857020540e-02
-4.316627480277026446e-02
-4.773002882625515531e-02
-4.794914650874206735e-02
-4.857597175867558320e-02
-5.019089681315946905e-02
-4.952997553644461481e-02
-4.632601055893843106e-02
-4.584648832099257054e-02
-4.014671221777516702e-02
-3.552136518625818168e-02
-3.302140788632648011e-02
-3.020039657494397872e-02
-3.035397241944823993e-02
-2.942941748474389371e-02
-3.199456963829536149e-02
-3.754469700905317675e-02
-3.977765458923216563e-02
-4.224459103638836949e-02
-4.532810612750695634e-02
-4.520372919594397437e-02
-4.752252974256899326e-02
-4.620071086418480605e-02
-4.670512842265419490e-02
-5.006965248687640646e-02
-4.922131094145078961e-02
-5.277637633743528789e-02
-5.465157613914624346e-02
-5.539113478453757539e-02
-6.082126221610975603e-02
-6.031936382891669307e-02
-5.734317632985800467e-02
-5.778802885488934504e-02
-5.073554371394011636e-02
-4.674255776301144277e-02
-4.319883188907205213e-02
-3.845875111410516911e-02
-3.221635776088976194e-02
-2.911482369831419267e-02
-2.468554957958614404e-02
-1.947314381667377900e-02
-1.747088819386231201e-02
-9.715478556165134394e-03
-8.782099598339402138e-03
-9.126554802102665800e-03
-7.002104829023933150e-03
-6.577634815030268707e-03
-6.400854610201159658e-03
-5.678939073295838184e-03
-6.458075832449288942e-03
-5.731741460256109533e-03
-5.709512065888778728e-03
-5.917629602335167625e-03
-5.446046049792518592e-03
-5.532030450297803666e-03
-5.776771530128609403e-03
-4.773382975769725929e-03
-5.377037381547187384e-03
-8.758822585309007300e-03
-9.039841473565707330e-03
-9.256704138834760676e-03
-1.048643925758465864e-02
-1.046164743772555125e-02
-1.026302913286743571e-02
-1.154063114019810050e-02
-1.182611442684523839e-02
-1.242464105711579316e-02
-1.061643850926707183e-02
-5.341591037831197077e-03
-3.932656806112262531e-03
-4.293980922585529866e-03
-4.686540871594284917e-03
-7.003358202785758130e-03
-7.746517590054438109e-03
-1.490132793346990621e-02
-1.745682710526700113e-02
-2.030936927441349613e-02
-2.320198632153905663e-02
-2.583485872247536300e-02
-2.826631406074236325e-02
-3.046167076834249005e-02
-3.635436135165325683e-02
-3.688060657539679599e-02
-4.007916204907390617e-02
-4.127951841004430522e-02
-4.140481999932435486e-02
-4.260707459457704210e-02
-4.324786859094471858e-02
-4.416801545975062443e-02
-4.537407617164464918e-02
-4.594811164162312250e-02
-4.798601312706637922e-02
-4.868204794058099416e-02
-5.061285483790131656e-02
-5.329160261909950819e-02
-5.376705752325799947e-02
-5.824085283477456465e-02
-5.900811197671008285e-02
-5.952112528093395083e-02
-6.268589824824266632e-02
-6.136768766353943583e-02
-6.406436241427884704e-02
-6.639793397651751194e-02
-6.713046433412921121e-02
-6.923830389062347879e-02
-6.753944398995744003e-02
-6.903212304788676479e-02
-6.721702354485033226e-02
-6.094435025731534394e-02
-5.794500791599978273e-02
-5.057261922238302093e-02
-4.657457064962436388e-02
-4.055218910485224038e-02
-3.553614010039331250e-02
-3.095006071951869608e-02
-2.845905059376014137e-02
-1.860324235337069282e-02
-1.628966758718138411e-02
-1.534641553597969159e-02
-6.611982948253427791e-03
-6.820063329326537735e-03
-6.597585871870103452e-03
-4.475231899759883440e-03
-7.502363040532995971e-03
-6.224434034106349732e-03
-7.170402356996717110e-03
-1.225471835620793072e-02
-1.454916040003881653e-02
-2.045422600803140090e-02
-2.436527613003119236e-02
-3.055884170860825519e-02
-3.370626692938642061e-02
-3.606775356471447758e-02
-3.608082191896844204e-02
-3.758008209320481963e-02
-3.423353564303106833e-02
-3.473230403826878254e-02
-3.472625211053458755e-02
-3.330564386170103974e-02
-2.933207500346494273e-02
-2.930882612031098303e-02
-2.746265587776510614e-02
-2.525557142736200786e-02
-2.702565216169652840e-02
-2.340956700383968817e-02
-2.463482137136958905e-02
-2.269859533059873438e-02
-1.970660486692252938e-02
-1.802070023844034447e-02
-1.388026070993837041e-02
-1.239114042344140881e-02
-1.266654129494858630e-02
-1.227230800549567943e-02
-1.035335380846009144e-02
-1.031954828487316629e-02
-1.291948837099338686e-02
-2.090291023083376554e-02
-2.545122504911391872e-02
-2.839283178415058853e-02
-3.070827654373052898e-02
-3.259718452958855484e-02
-3.216229302106109883e-02
-3.192344688424343657e-02
-2.840835999030532147e-02
-2.403406620858996451e-02
-1.985981303278938626e-02
-1.553897209769096628e-02
-1.277461091769323438e-02
-9.257110807675614575e-03
-7.755902777257861654e-03
-7.230097957562475058e-03
-5.652422532846981644e-03
-4.779109562699957077e-03
-4.617831807959855463e-03
-2.311927651329776217e-03
-8.986100048992433278e-04
-4.073141071531434163e-03
-2.115335383946161628e-03
-5.383202847565810197e-03
-1.344195330024233227e-02
-1.827639850643500083e-02
-2.549148186065278501e-02
-3.094306965524435196e-02
-3.493692855726435176e-02
-3.765935335038780168e-02
-4.093227807281313302e-02
-4.221568215789812950e-02
-4.411355048704519027e-02
-4.670288433986967414e-02
-4.471890437648656097e-02
-4.516589679507691107e-02
-4.567464140900850955e-02
-4.139274053668564463e-02
-4.199171326486254852e-02
-3.860810796435105302e-02
-2.979732830901482554e-02
-2.737802939482867834e-02
-1.973981176870649029e-02
-1.629283770033401746e-02
-1.472592616372627936e-02
-1.148931119365511830e-02
-1.066947936178264285e-02
-9.899669032520983999e-03
-8.504665445734662516e-03
-7.772952141857039643e-03
-6.823357147218087060e-03
-6.887828619559752813e-03
-6.583975288794874890e-03
-5.514204161640945401e-03
-5.822575388232446164e-03
-5.370954458108003621e-03
-5.935832728383819666e-03
-5.520889648199285224e-03
-5.446271661748441559e-03
-5.673967693999196898e-03
-5.257038750720092329e-03
-5.281085420424321691e-03
-5.559475218386601691e-03
-4.424522664508016498e-03
-5.033359235607574519e-03
-8.313023509726794741e-03
-8.346274188956025186e-03
-8.687544864730794084e-03
-9.316227617705634748e-03
-9.204747095645383209e-03
-9.095430531542108774e-03
-8.605449789881293443e-03
-9.089683663826455054e-03
-8.105610607815078722e-03
-8.828450698318508760e-03
-7.860083104463419165e-03
-3.027695998386744757e-03
-6.043061377515208401e-06
1.699839866181911867e-03
3.973286460001556296e-03
2.190687302553543173e-03
-8.581754147247127717e-04
-2.051959004743007862e-04
-8.815308712561245250e-03
-1.027429308514405705e-02
-1.784023641759153317e-02
-3.074279584870089413e-02
-3.903582793474751067e-02
-3.999499858596208129e-02
-4.340213436687859888e-02
-4.462201078862461368e-02
-4.544144497394236870e-02
-4.919157808867818948e-02
-4.646100614997471234e-02
-4.571012817861796335e-02
-4.431087039747090561e-02
-3.702493375143007387e-02
-3.378066560046070338e-02
-2.991087835296832309e-02
-2.745933194000211783e-02
-2.667938243461005082e-02
-2.566588487584077136e-02
-2.522682643538265782e-02
-2.416057471382137764e-02
-2.432857936225401446e-02
-2.360069244890732401e-02
-2.226523511423463345e-02
-2.228398076694155031e-02
-2.037849153714556619e-02
-2.042379289167819273e-02
-2.014155404086175050e-02
-1.976332504654347913e-02
-2.015633135125411216e-02
-1.611015056037855622e-02
-1.382093050432169415e-02
-1.108310292488236780e-02
-8.857849603172793934e-03
-7.810637241148634530e-03
-7.873591044931760666e-03
-7.186129008431309771e-03
-7.788787519907821796e-03
-7.735456849380259632e-03
-8.243685903618361288e-03
-8.521673008967145177e-03
-7.712915039687929034e-03
-1.021312048079279361e-02
-7.741144027756931452e-03
-8.432567863922321022e-03
-1.005896764296154537e-02
-7.999218705308057398e-03
-1.086079374325911798e-02
-1.018770402916049055e-02
-1.234948116540228111e-02
-1.599916028556722103e-02
-1.739882684110616654e-02
-1.563080492715978459e-02
-7.523951677699708927e-03
-6.924889590816041968e-03
-7.139113567532860867e-03
-5.866049105963971888e-03
-1.498213540914362409e-02
-1.865112179328215838e-02
-2.430443804756356185e-02
-3.348488143323750249e-02
-3.891373702478564262e-02
-4.231445085023449737e-02
-4.659731148854993898e-02
-4.737980232210629167e-02
-4.858049250432359967e-02
-4.807763386559803231e-02
-4.666596935663298168e-02
-4.588553726196169941e-02
-4.407067949746391877e-02
-4.138872411214339353e-02
-3.943290493629987570e-02
-3.841573679126169399e-02
-3.725617658625327705e-02
-3.653514938224940861e-02
-3.643312661837301569e-02
-3.556129143969561507e-02
-3.531129678113729270e-02
-3.504466102557170920e-02
-3.356194657930697267e-02
-3.293888761266521026e-02
-3.116508096310612042e-02
-2.834695181364919880e-02
-2.784378910667974216e-02
-2.416587017879417640e-02
-2.208862025050352396e-02
-1.726238167175702873e-02
-5.990423289874635508e-03
-8.021596898799729337e-05
-3.512848041798709298e-03
1.018011286860387313e-03
-5.188877641629687908e-04
-1.452824829065463763e-03
7.154180611103562774e-05
-2.843298928510675210e-03
-2.492692585726589537e-03
-7.697710149743067741e-04
-1.154191520454113775e-03
1.383621210145715674e-05
5.767080504388685715e-04
-2.795962637665076050e-03
-3.829886204821092172e-03
-1.007838093777592599e-02
-1.917114182005503001e-02
-2.211794371789110869e-02
-2.521548621446320290e-02
-3.047110396848055555e-02
-2.919048349742153076e-02
-3.516831252607011127e-02
-3.581376317434818018e-02
-2.995191605497168549e-02
-2.911160587639162814e-02
-2.416125728147938689e-02
-2.102531428761814439e-02
-1.903241081348668734e-02
-1.569686591758927621e-02
-1.107590559285391921e-02
-1.001817492161713279e-02
-3.768566021611796657e-03
-3.802144068441961657e-03
-4.220228850211595918e-03
-2.615858347952567785e-03
-3.084565382989631378e-03
-2.735575332566280143e-03
-2.472993681406336457e-03
-2.596208681247402696e-03
-2.377839893292913679e-03
-2.490428056384359681e-03
-2.397630391561854975e-03
-2.402605048327103102e-03
-2.855960857428703828e-03
-2.971633049443456707e-03
-2.998319696960577083e-03
-3.179832729465840221e-03
-3.161558040629347619e-03
-3.197818291206795931e-03
-3.234576331992885297e-03
-3.230535439731794904e-03
-3.249179926134043196e-03
-3.254723131607081300e-03
-3.256643169477975528e-03
-3.262500241294514092e-03
-3.263157212119378956e-03
-3.264735193576006732e-03
-3.265915556800892162e-03
-3.265706519066495679e-03
-3.266266217840122551e-03
-3.265265930333377444e-03
-3.264457261056314275e-03
-3.263980235746692226e-03
-3.259029136628351087e-03
-3.259057625668351429e-03
-3.253072872238822483e-03
-3.239397830632995742e-03
-3.246189982166953689e-03
-3.208960584502641017e-03
-3.193350174380695395e-03
-3.205328971423444633e-03
-3.047401523810690932e-03
-3.125608572832009029e-03
-2.990860767233113979e-03
-2.514270430694643451e-03
-2.596669214354053404e-03
