-1.029623371921547072e-03
-1.152059237725157467e-03
-2.506237049361974712e-03
-2.550671751210661833e-03
-3.310700389422355661e-03
-3.521923407703024707e-03
-3.353492727680556888e-03
-3.605066490102172040e-03
-3.576362329064522623e-03
-3.591620274590445663e-03
-3.650960959410417400e-03
-3.635924033363145159e-03
-3.656062954493367878e-03
-3.665239674684932312e-03
-3.663982338926975984e-03
-3.671731303803485967e-03
-3.672494007486828103e-03
-3.673679857892259842e-03
-3.675689263003971245e-03
-3.675552470267128523e-03
-3.676253220151803024e-03
-3.676337028500170547e-03
-3.675710693402297821e-03
-3.676075038700935254e-03
-3.674248050248666523e-03
-3.673183223956189101e-03
-3.673211296909223780e-03
-3.665458214707368548e-03
-3.667645112821855350e-03
-3.660569297114581438e-03
-3.639267321970606709e-03
-3.660038845707800238e-03
-3.602902647773660941e-03
-3.585216311265910626e-03
-3.637412804350467332e-03
-3.363574171567902931e-03
-3.467362183711332913e-03
-3.352712566949566167e-03
-3.387869228613160037e-03
-3.618181480089104150e-03
-3.497315955703479001e-03
-4.023064048354037595e-03
-4.115112383947874992e-03
-3.636433689584242686e-03
-3.966031185554512797e-03
-3.965916253715969994e-03
-2.073916979645357758e-03
-2.193472324770621117e-03
-1.284514991849058018e-03
-7.265244802904053051e-04
-1.093697598677561113e-03
3.161495816596700259e-04
1.825205435399234724e-04
2.476498409409365071e-03
2.326047224377343885e-03
1.908251465689604414e-03
2.456891365422184809e-03
1.666911881622968293e-03
1.678354398448413543e-03
1.119003700618602338e-03
-5.143702263706398945e-04
-1.082187306534992564e-03
-3.684700090829839698e-03
-3.822490776380244818e-03
-3.008735825698541887e-03
-1.408874617332584204e-03
-3.362467005465545828e-04
1.339062982996738771e-04
1.513127093519313349e-03
1.898701654565785506e-03
2.774422629497863904e-03
3.921195768977869811e-03
4.192104951785646273e-03
5.751617648282334599e-03
6.505171483491356890e-03
7.327454432260360057e-03
9.418811419479030528e-03
9.458498315198324985e-03
1.114897119179638144e-02
1.148232198607767283e-02
1.059972156057602082e-02
1.143361770495243852e-02
1.044792495748646764e-02
9.574522926681450566e-03
9.949690299759393272e-03
7.507161688717924747e-03
7.352693695745702793e-03
4.411133343861734467e-03
1.333161867520723522e-04
-1.032906493642359730e-03
-5.589087680644319947e-03
-5.970042121114784058e-03
-4.934968091181442251e-03
-5.058457179321218175e-03
-4.391740349852971993e-03
-4.607965519798376541e-03
-5.390137016837186733e-03
-5.148317872258834083e-03
-5.821474476926746452e-03
-5.780552043459447412e-03
-2.312143707783369685e-03
-1.873129543363298869e-03
5.313046368253347826e-04
1.638190902546906658e-03
2.425395064802086768e-03
3.586420187111976406e-03
2.237571281965402680e-03
2.504318282612456609e-03
1.644656273993739572e-03
2.161554706643106002e-03
2.102284814936758971e-03
1.189041383711596841e-03
1.561652971095232184e-03
2.058361749743505432e-03
4.739807506632200997e-03
7.372931118079386649e-03
8.951986382922803159e-03
9.766899504453424238e-03
8.334115521254794115e-03
7.758523192590799020e-03
6.034927364823231347e-03
3.255870875485734808e-03
1.926693899587393665e-03
-3.699268410044560394e-04
-1.357308795953444643e-03
-3.832029868068157537e-03
-4.628101960412232298e-03
-6.498783248457918466e-03
-6.568661805986903031e-03
-5.696224178978583422e-03
-6.249984414825541200e-03
-5.323733441752757402e-03
-5.341262727598822604e-03
-4.917205329009310261e-03
-2.097476440862148465e-03
-7.513218607368427743e-05
4.345374091446924407e-04
1.928101720577468777e-03
1.614540604836061039e-03
2.145825898227663928e-04
5.382155740271874194e-04
-2.043727160495002119e-04
-1.944839822870246028e-04
5.854945935995048249e-04
5.978598965429043248e-04
3.693026379044184247e-04
6.407653160183419830e-04
1.166807301616468303e-03
1.297087647742579996e-03
2.053596711717509560e-03
2.119198170915186606e-03
1.876298580605783705e-03
2.214888273231453448e-03
1.990242378215223602e-03
2.140422623100305625e-03
2.236782284002764108e-03
2.214279701448831298e-03
2.549508252903134008e-03
2.517351201520089815e-03
2.921721937281769512e-03
3.226851739524562879e-03
3.339372200446351531e-03
4.265564253910197022e-03
4.146172487242079201e-03
4.587621801762839339e-03
4.402972543103749262e-03
3.618233689986858660e-03
3.361243661777003726e-03
2.661835867064000008e-03
1.613892769855483200e-03
8.895110901556613128e-04
-3.524720176696183684e-04
-2.146484164639670539e-03
-3.027443479738921653e-03
-5.082455782766676609e-03
-5.354931527117446320e-03
-5.257958474039654828e-03
-4.890955913135498420e-03
-5.255911336013723185e-03
-4.784034563701905843e-03
-4.697963938878459665e-03
-7.757658658280443785e-03
-7.017503633738518716e-03
-5.982441632132857144e-03
-5.242387023989468660e-03
-1.049194680830295824e-03
9.312246017719064215e-04
1.039456263548294533e-03
2.599811549362911981e-03
2.102249972135920419e-03
1.788325034152086221e-03
9.625340847745330122e-04
-1.760898488903654864e-04
-7.705306496457804862e-04
-9.444354937713743533e-04
-1.012550269262873148e-03
-1.303933718783054085e-03
-1.323137185220907893e-03
-3.673682558555718333e-04
-1.764497505409606598e-03
1.925543550953269219e-04
3.808754577879844153e-04
-5.846243455210799710e-03
-5.544322526633979446e-03
-2.497061025263656690e-03
-3.423691315175665054e-03
-3.086767630451614768e-03
-2.579740427608231013e-03
-3.066089736021836935e-03
-2.962396918363552692e-03
-3.009818748247623625e-03
-3.756008772555767972e-03
-3.657843569309733502e-03
-3.556851033704499891e-03
-3.567868669125249213e-03
-3.493043935447789905e-03
-3.264060289857030357e-03
-2.899770273938953417e-03
-3.001025759503799309e-03
-1.704257500984150686e-03
-1.460996885897329449e-03
-9.465421508334923755e-04
3.786400816736438558e-03
4.230091455125583981e-03
7.244669454682528195e-03
7.842264516241379338e-03
8.590951687980062992e-03
9.307242452959003931e-03
8.862399939474055813e-03
1.013267626444831586e-02
9.158170927783582799e-03
8.586994062086921245e-03
5.447038135264849201e-03
2.186450884938446679e-03
2.539108512930788545e-03
-1.390795027612355553e-03
-5.355010827328435469e-04
-5.263610520458263456e-04
-2.184963079348506334e-03
4.414301777205680596e-04
-1.180130294237801162e-03
-2.410822972587918153e-03
-3.289340646355513788e-03
-5.232502945651368829e-03
-3.775227011213686153e-03
-2.113049820931712890e-03
-1.349352656187688881e-03
2.189926089500813904e-03
3.420496606249054296e-03
3.629117685171840118e-03
5.239057347475434799e-03
4.544150980360594193e-03
5.125072008182525451e-03
9.174900558369017411e-03
8.972485212379956165e-03
1.002871031518480852e-02
9.870572302193802300e-03
9.729840722046486853e-03
9.819170078550177108e-03
5.626673696396068854e-03
5.224804561852228364e-03
4.486497624395627964e-03
2.613705340088058431e-03
3.448997584846882382e-03
2.430615386889648909e-03
2.385975433073678730e-03
4.305598603269304193e-03
4.239506467027912527e-03
5.215338582283197272e-03
5.972212967957157316e-03
6.023661668386358879e-03
6.795979911537060845e-03
7.031853663500561152e-03
7.203247422038882436e-03
7.825800893107012768e-03
7.765676176930696659e-03
7.877746036455059164e-03
7.674660637593634822e-03
7.225697593464262651e-03
6.811267098114773440e-03
6.366065048555690463e-03
5.951113113898857422e-03
5.432168080500251670e-03
4.362725248087482438e-03
3.987187419875691183e-03
1.683849098178985841e-03
4.605289127951284699e-04
-6.527342560598844252e-04
-2.125607057401512207e-03
-4.374589514815238091e-03
-5.895837860463291891e-03
-6.438340319903448211e-03
-4.953349039094681605e-03
-4.942170068871123284e-03
-3.989126142691014343e-03
-5.627506787176335184e-04
-9.540909028433279798e-04
-2.472349494724614669e-04
-4.977445107371095568e-04
-5.431307352631941678e-03
-6.143087609354203581e-03
-7.578943632087068762e-03
-7.865003710078141003e-03
-7.426733016602745686e-03
-5.985927626759201224e-03
5.961604498310819813e-04
1.997067804873199279e-03
-6.777543333648663407e-04
4.244994626675083660e-04
-1.866575987169811915e-03
-2.520015795468406438e-03
-1.950312074389606723e-03
-2.356341844892626426e-03
-7.051635103843364354e-04
2.205748545152886534e-04
5.044322306540353386e-04
1.939882473747359896e-03
5.519133506115365614e-03
8.603631468585637779e-03
9.263027277078349914e-03
1.137830797261257625e-02
1.122699217319408742e-02
1.166172059185648091e-02
1.213743057594824856e-02
1.208648747695878836e-02
1.249409116588887612e-02
1.204473529968434417e-02
1.154869569316247652e-02
1.197950909727084519e-02
1.165261916317809204e-02
9.397411093700226009e-03
9.261601918444729506e-03
8.821186009802856401e-03
8.179820944220563689e-03
1.114789146545884166e-02
1.143735172248454973e-02
1.024010104472697011e-02
1.081354587162935803e-02
9.930808970526911611e-03
9.027905553180174542e-03
8.631035243888312766e-03
7.114830830676906540e-03
5.316977135139065377e-03
3.654825748904785843e-03
8.412639405860236445e-04
-5.975740215040761024e-04
-1.538031690718672613e-03
-4.285019935310354874e-05
2.087583485541600909e-03
3.728422417784031228e-03
6.240420494050281583e-03
3.572568839584460906e-03
4.164598191853228874e-03
6.144613523813335747e-03
5.965893258884623698e-03
5.966701926274898399e-03
6.553746635525325992e-03
6.916081835317881843e-03
5.469660753397585957e-03
4.608266362793392301e-03
4.421135708766818322e-03
5.499659579338528163e-03
5.373331727064086308e-03
5.638762759621768553e-03
5.869396481060585279e-03
4.799386045780306732e-03
4.993153768382893078e-03
4.363859913266853081e-03
1.533639195388071877e-03
1.252730917299727789e-03
9.180911948132175352e-04
-2.434676223290400856e-04
2.183546752760053369e-04
-8.836285467655576520e-04
-7.442504038902316007e-04
-4.836970123684373297e-04
-6.017639135797264683e-04
-3.003860553796787957e-04
-2.815353561101346740e-04
-4.403781115427446631e-04
9.394650833569452662e-04
1.049474855032992001e-03
-3.789458760746057075e-04
4.039144595781873643e-04
8.657093788953253675e-04
7.941854336808918573e-04
2.024557438533078086e-03
1.721398248575814298e-03
8.766579856819453316e-04
8.821415735323338446e-04
6.773892790385019694e-04
1.174116640486521463e-03
1.052124291418631181e-03
1.403305873000844448e-03
1.428871211725143021e-03
1.296158495478096214e-03
1.170943216868739574e-03
7.075428638656334557e-04
6.359043547240255051e-04
3.917734583346112708e-03
7.090243549351117093e-03
8.358303353726387677e-03
8.768791689746806284e-03
7.848820611053483262e-03
6.631587011186937212e-03
4.072706802971750445e-03
2.335119400390299124e-03
7.763625654677310754e-04
-3.870118552333023476e-04
-2.127638030853693570e-03
-3.177634341416241560e-03
-5.035561382847183673e-03
-5.985963816635472313e-03
-4.877574397959656520e-03
-2.483784010948404241e-03
-5.217915694558856229e-04
2.643550575991570782e-04
2.522245319814378321e-03
3.274290085092582733e-03
3.713381105010289934e-03
4.925197584085894316e-03
6.321155767802082506e-03
5.704830141775623503e-03
7.771831367080611445e-03
7.979934225956612087e-03
8.439347537882019995e-03
1.355781929137291064e-02
1.372719949936657309e-02
1.731007921722724219e-02
1.845146813548274867e-02
1.891439948899923534e-02
2.037739404530493695e-02
1.887888735770572660e-02
1.967266580112127933e-02
1.757034529082141319e-02
1.532521272000670828e-02
1.507046599701885974e-02
7.909606912560674177e-03
7.366803006573632157e-03
4.987547677755885429e-03
2.070981121123409430e-03
2.757002597716502312e-03
1.205055653095091260e-03
9.212749854453295339e-04
2.600305541118191725e-03
2.034807479046788804e-03
2.672229101715283255e-03
3.444228100854556177e-03
3.478748516900319679e-03
4.061008063243320802e-03
5.181837385465999299e-03
5.070829386705832942e-03
5.902868061845261034e-03
6.386909034523715993e-03
6.594301943879934610e-03
8.509660047749580819e-03
8.143012899942878718e-03
7.764360612171131160e-03
8.057862114292128550e-03
6.637985032732072153e-03
6.640489609449349781e-03
5.174434209561323481e-03
3.754285991774667167e-03
3.176027704026372894e-03
-3.153461810472460284e-04
-9.021877749784028896e-04
-1.662500616295286204e-03
-2.836915887817998555e-03
-2.678473665158508793e-03
-3.360608210259840960e-03
-3.047838841184238347e-03
-3.340140327651872337e-03
-2.883928107468889702e-03
-2.217717466105222687e-03
-2.502223061875504320e-03
4.755396765634095055e-05
1.250460002495197467e-04
-7.698788048685268519e-04
-3.455245698028353344e-04
-1.596493424153741687e-03
-1.173446394295988302e-03
-4.277735470379719074e-03
-3.913749650994607400e-03
-2.833975487373436176e-03
-2.919705604785215701e-03
1.342217221686980988e-03
1.982742993482293839e-03
1.706298992295594190e-03
3.401224542299001279e-03
2.404880940662422820e-03
1.697056123171539329e-03
1.593761443974553481e-03
8.589836537891521687e-04
1.019511544639649858e-03
6.159296447592289489e-04
4.675580997368428875e-04
1.503738093010804043e-03
1.426820901396479895e-03
1.611164327207370572e-03
1.742421442032683317e-03
1.482747268660695224e-03
1.652306467501185420e-03
1.003576679833426914e-03
7.076137251220041653e-04
6.638538847967127322e-04
-2.070228915250233587e-03
-2.117257117753313603e-03
-2.521753347751785543e-03
-3.140360144861144807e-03
-3.090678723848179661e-03
-3.428752271472511760e-03
-3.308001863202864306e-03
-3.521970670412247120e-03
-3.562674428648365116e-03
-2.680010864527452696e-03
-2.596799807064339299e-03
-2.399762607181742547e-03
-2.177589310090909721e-03
-2.135408703017010589e-03
-2.006862664010347023e-03
-1.982719397988544005e-03
-1.840487747834903187e-03
-1.813553283770242847e-03
-1.860566894388567026e-03
-1.887161960542153676e-03
-1.943811465022439976e-03
-1.958510707174790626e-03
-1.976234816374733329e-03
-1.991625068302057058e-03
-1.996689651695980009e-03
-2.003950334913976328e-03
-2.007896763903375785e-03
-2.010142095557177974e-03
-2.012565168678366861e-03
-2.013685880672482723e-03
-2.014616375744641887e-03
-2.015358510087498795e-03
-2.015731192637549348e-03
-2.016064479403765954e-03
-2.016336645180128589e-03
-2.016413155499567969e-03
-2.016572186209837376e-03
-2.016768841874769062e-03
-2.016516964056659904e-03
-2.017047918710855332e-03
-2.016938719495726690e-03
-2.016282840157399264e-03
-2.018580007489943848e-03
-2.015777958216939236e-03
-2.017142068882047615e-03
-2.022572643022953285e-03
-2.008687181308269065e-03
-2.028731285180269787e-03
-2.022985408807225199e-03
-1.989952253658670150e-03
-2.086792488414155548e-03
-1.961623752517210450e-03
-1.985659032184128921e-03
-2.043193370297956800e-03
