9.674888490620855430e-01
1.026991189384979464e+00
1.479747289595910509e+00
1.499777213363625794e+00
1.526653185206757968e+00
1.550187885618280026e+00
1.536439494251917726e+00
1.550251496623870295e+00
1.550063344500866691e+00
1.548543248420941154e+00
1.553477294931624897e+00
1.551676781731413657e+00
1.552820355809971131e+00
1.553724106835807639e+00
1.553131447227081408e+00
1.553890645169158535e+00
1.553826172206183687e+00
1.553810000784905831e+00
1.554055162456608796e+00
1.553898461324350944e+00
1.553998428164116818e+00
1.553967747363148799e+00
1.553794593682593206e+00
1.553949688414218988e+00
1.553527990790350533e+00
1.553462578657610171e+00
1.553516665367545846e+00
1.552170111607203085e+00
1.552945432200009357e+00
1.551415185440269795e+00
1.549098643443292955e+00
1.551747580355786305e+00
1.543301977808097636e+00
1.544179324784949570e+00
1.543108610076335374e+00
1.513061050618581760e+00
1.507870057292177490e+00
1.476842057967546751e+00
1.461546570036276860e+00
1.454725097962515701e+00
1.430402965593436493e+00
1.432091532313795490e+00
1.448078894135601757e+00
1.387391311397396354e+00
1.366361687104524325e+00
1.325021597446054855e+00
1.062664072741582144e+00
8.648422954723719025e-01
5.328955539131086105e-01
1.636487186771607705e-01
-3.302084266682214775e-02
-2.003806637948523650e-01
-4.428527640138488763e-01
-4.969908517532204417e-01
-6.481527060981813193e-01
-6.738314695516082198e-01
-6.859912555880749441e-01
-7.205245296713944647e-01
-7.067932968087736745e-01
-7.070340403077504110e-01
-6.604580027273696530e-01
-6.102172893996244962e-01
-4.044821209029375031e-01
1.348435021300297132e-01
3.233402440361907715e-01
1.535871064227738669e+00
1.895461705249287920e+00
2.301104676447332409e+00
2.411850862052103306e+00
2.404744152470547292e+00
2.371188636302885122e+00
2.333165203457089110e+00
2.350998816710752504e+00
2.311802288846656950e+00
2.317802421830184478e+00
2.336261393019285926e+00
2.325743479369145827e+00
2.383715509844364977e+00
2.406993957111749349e+00
2.447812033685699884e+00
2.490785377994113148e+00
2.513817826758558027e+00
2.504080478296628609e+00
2.478596718647613883e+00
2.388309545944141910e+00
2.258161430130580793e+00
2.094418861499468321e+00
1.825130031728675384e+00
1.901756040064255693e+00
1.858861634219514780e+00
2.172962577396092776e+00
2.323725105742166619e+00
2.325686924694471802e+00
2.598797377264069119e+00
2.553984949843582264e+00
2.559447845248348230e+00
2.623290903417800024e+00
2.544420916055984083e+00
2.616989192853102164e+00
2.582782111780377310e+00
2.514508332147986192e+00
2.548732678544701535e+00
2.413000903963779198e+00
2.426027252482008123e+00
2.345633235173098630e+00
2.184775646417689732e+00
2.178337840805844916e+00
1.819897160178508555e+00
1.839457957706293723e+00
2.147110606012576639e+00
2.184686646054421200e+00
2.328139095314259333e+00
2.368897356123794040e+00
2.421114220997183875e+00
2.506464242139491372e+00
2.491666923816676427e+00
2.500019034035666721e+00
2.533255714226216426e+00
2.468251416553492117e+00
2.452433804703414655e+00
2.366171558241147110e+00
2.246484325786245684e+00
2.105021970895763150e+00
1.949164473232821715e+00
1.745651819190346954e+00
1.590403192244306707e+00
1.118555310064333064e+00
8.402211799590454389e-01
6.713941451959353213e-01
2.815092891551784771e-01
2.328034407914533199e-01
2.714321944273391518e-02
-1.387558175576829589e-01
-2.268293940659151242e-01
-3.687009858377290894e-01
-2.005109812933292268e-01
-1.403505765679459449e-01
-1.381936679835287229e-01
2.826486449226798259e-01
4.032812842959230260e-01
8.094777286634322611e-01
1.824262478373640972e+00
2.005784806231091455e+00
3.098894774819292319e+00
3.147647589012314562e+00
3.150070438403376194e+00
3.106749646063729386e+00
3.033695900677949364e+00
2.966563675530466515e+00
2.906594298859603409e+00
2.831379041856607159e+00
2.785337476585592054e+00
2.734582632588493212e+00
2.682616341884809241e+00
2.647738782053684403e+00
2.604386745585839602e+00
2.567312472738498830e+00
2.539028007144453536e+00
2.498750585428231918e+00
2.479377581987788126e+00
2.455570582689715398e+00
2.433161980079753928e+00
2.423756781831443163e+00
2.406093614966426042e+00
2.416415092798021913e+00
2.419078804243989023e+00
2.429598286332140589e+00
2.471953794245858926e+00
2.494889523164169010e+00
2.558918639596113653e+00
2.683854860531189157e+00
2.743860020145061362e+00
2.936114522110457870e+00
2.986433384244240319e+00
3.081721208119845734e+00
3.125279670104981200e+00
3.128458679840278922e+00
3.188013306462171403e+00
3.169025321378659665e+00
3.179003818692191174e+00
3.150580899257094725e+00
3.078291278534775355e+00
3.009449660565984175e+00
3.096773384331416690e+00
3.094205473993634659e+00
3.111870279842150921e+00
3.193866115672206352e+00
3.152843438382890273e+00
3.200956755871575687e+00
3.212747707984805245e+00
3.155931033945002628e+00
3.109321913947890703e+00
3.047062931883776749e+00
2.944100768159132020e+00
2.888788155278323000e+00
2.822164830003046188e+00
2.755109223860502166e+00
2.717154305111103785e+00
2.636037296667973706e+00
2.591446793704713869e+00
2.471815500403089061e+00
2.412039370596215537e+00
2.349565843547619437e+00
2.138602712973376008e+00
2.078358686359737639e+00
1.951145629880994603e+00
1.788758593652824525e+00
2.027283128236709864e+00
2.159217689656516725e+00
2.373222919463874536e+00
2.432602191361683097e+00
2.439338090549915794e+00
2.506411561403298460e+00
2.476634922486105950e+00
2.466821236436764764e+00
2.459703047967339629e+00
2.360122580611546006e+00
2.322798219679321541e+00
2.212675756650127390e+00
2.017545093909201004e+00
1.981041324804159620e+00
1.721653924350618814e+00
1.646777820911174306e+00
1.609021906713123951e+00
1.473514290974006213e+00
1.498054026350510659e+00
1.446648653316182420e+00
1.439569146750207862e+00
1.526816259165257872e+00
1.352768970089766487e+00
1.380674509168279274e+00
1.271788317094957765e+00
1.129597880750490280e+00
1.227651179624863476e+00
1.106532938111886466e+00
1.547321021823022225e+00
1.964109116552614331e+00
2.234805112499398394e+00
3.049638011870186904e+00
3.028125697034454777e+00
3.117316518362226674e+00
2.978064548247091103e+00
2.957583237624273220e+00
2.868347663153090199e+00
2.762838374910943084e+00
2.760514533623627642e+00
2.651410255351025924e+00
2.589819969929826105e+00
2.538176470962809628e+00
2.388180317015211163e+00
2.371351610030219881e+00
2.277043800979758004e+00
2.180961786873186092e+00
2.132398393166263784e+00
2.032075125425956585e+00
1.843650283853502270e+00
1.722328931041195332e+00
1.595681457742007092e+00
1.476480992873283160e+00
1.264465802782502202e+00
1.199383376595136941e+00
1.133869214404985337e+00
1.117704367726554571e+00
8.240774188475488149e-01
6.587566263295012714e-01
3.858169468540111890e-01
-3.009644282976842722e-01
-5.932508087037946520e-01
-6.441398055345797236e-01
-8.117555831464953187e-01
-7.949460370979194446e-01
-7.985343806258090593e-01
-8.382008225916359745e-01
-7.914625854740333644e-01
-8.004010452049116209e-01
-7.801295630499206490e-01
-7.167553095432908083e-01
-6.808024782908635997e-01
-5.316818419417150832e-01
-2.431619369011046305e-01
-8.628313864653693044e-02
6.299376283751302319e-01
1.085325693667615221e+00
1.807204288662889846e+00
2.772770908303355153e+00
2.821235555899759273e+00
2.904101061468483014e+00
2.931612464980648092e+00
2.956369518133660890e+00
3.000987824011780436e+00
3.009703158760046016e+00
3.031868292067234627e+00
3.061650550638795210e+00
3.054207042626855717e+00
2.989786706401894811e+00
2.969120577888767709e+00
2.695051535662424058e+00
2.610347639987850688e+00
2.528705684636044726e+00
2.456443332719571160e+00
2.456726493256593535e+00
2.435291212054301990e+00
2.437345755415175841e+00
2.434634288260899559e+00
2.428938399914663204e+00
2.430921499213523074e+00
2.426027197605685526e+00
2.417954038920712811e+00
2.404847961365550901e+00
2.338391304295853068e+00
2.278276293986287282e+00
2.203716507663101343e+00
2.094614317920411750e+00
1.997691066426890094e+00
1.828056738178034601e+00
1.707939642961558313e+00
1.641228053170881829e+00
1.533151144462611137e+00
1.417038518213483922e+00
1.378022460903106872e+00
1.217921962757936072e+00
1.238759949703098107e+00
1.299835260030249184e+00
1.312307260609655080e+00
1.571305875867645696e+00
1.763763245896374787e+00
2.053563189967652747e+00
2.284000165636494994e+00
2.639176506924969967e+00
2.719150858814457283e+00
2.768333795080111237e+00
2.772516759256342667e+00
2.810953860786135738e+00
2.761129537926417132e+00
2.775921439340853780e+00
2.746866353727938304e+00
2.623998377110742020e+00
2.610178115307412394e+00
2.419625077456940332e+00
2.289994402767741910e+00
2.150932448186046120e+00
1.753438642779505230e+00
1.600678642007982377e+00
1.448283234383528129e+00
1.233643367181187500e+00
1.240438523746344668e+00
1.137870225574270977e+00
1.132938612597270245e+00
1.109403918694744862e+00
1.120665676459165816e+00
1.196193823332512896e+00
1.299567605725810759e+00
1.704688342887133334e+00
2.049056779025458130e+00
2.291661384082428032e+00
2.443773439762223720e+00
2.531494745078135100e+00
2.521457953688644338e+00
2.596403183784485424e+00
2.632303512738210394e+00
2.639864959318110493e+00
2.721707027752231500e+00
2.799343272587561771e+00
2.943606485519843829e+00
2.949695973655775738e+00
3.010673550448470515e+00
3.046052406632441478e+00
2.958915253154919434e+00
2.991434374712701239e+00
2.904166713885924178e+00
2.731209603451016932e+00
2.686133045183974666e+00
2.551381417287846176e+00
2.509329763625535392e+00
2.525054113341090645e+00
2.502740464175895241e+00
2.501344757130343321e+00
2.514109878316805879e+00
2.513017944130750081e+00
2.532132439682789116e+00
2.531874335940106580e+00
2.538656042926840328e+00
2.551285317341352332e+00
2.549468465928438121e+00
2.563192802683941895e+00
2.569805415300929319e+00
2.572435448263836300e+00
2.590138201612051105e+00
2.588350096415122259e+00
2.594852774634551995e+00
2.596181731370291956e+00
2.588573873658457369e+00
2.591123413939457887e+00
2.583945531997317691e+00
2.577063965468585405e+00
2.575590042951711567e+00
2.563165954521076095e+00
2.557132148150949913e+00
2.550272215258764241e+00
2.534064745621240622e+00
2.530541369438219057e+00
2.526251856598618950e+00
2.518413861185339275e+00
2.521662339805911923e+00
2.514990674540025672e+00
2.518065119388695372e+00
2.522816515249084901e+00
2.525245923628528288e+00
2.536337816502204134e+00
2.533062026342515871e+00
2.543736788543206728e+00
2.535853384358851770e+00
2.529894902586873329e+00
2.525738856448776826e+00
2.481439828030407302e+00
2.455822928689322726e+00
1.836047214262001237e+00
1.578478550128396218e+00
9.547288368297626171e-01
8.037522916303970755e-01
5.180330719091310598e-01
4.201608287691936394e-01
3.700331266271235098e-01
2.344740266036021148e-01
2.399323115220044489e-01
1.491351740728354136e-01
1.094094139740992289e-01
1.180699842754181494e-01
8.296060161223990648e-02
1.584195542738045803e-01
1.708706018349497591e-01
1.863275440779799119e-01
2.481881944005449592e-01
2.642721738753888161e-01
3.036089889810154596e-01
3.955295891138498332e-01
4.175867747051175138e-01
4.598934402787601683e-01
5.025269810811234805e-01
5.141072796208346896e-01
5.539770096057879956e-01
5.680033499809077346e-01
5.906360680143272202e-01
6.165869592913930664e-01
6.262958171639038119e-01
6.610023558200642801e-01
6.713303247315713929e-01
7.002469819905166037e-01
7.363316307830040097e-01
7.447196174323224005e-01
8.102021908694467811e-01
8.311477936253519605e-01
8.759998562149649004e-01
9.734864308066664140e-01
9.795130439730307392e-01
1.120673776884607786e+00
1.209097955970267479e+00
1.266380895865484080e+00
1.544555781756179691e+00
1.586242064415016584e+00
1.672516903477790917e+00
1.774577742205354580e+00
1.761590286746834044e+00
1.843453535766484741e+00
1.844952608568662500e+00
1.821869207721725559e+00
1.817748786866461019e+00
1.800751475917391486e+00
1.779145988731829497e+00
1.767379500154778738e+00
1.753864671560351640e+00
1.699071205847627608e+00
1.686148094807877973e+00
1.652302811198373966e+00
1.625567898334971506e+00
1.614049401116924409e+00
1.574070411290033444e+00
1.569543474125409066e+00
1.546719498324174547e+00
1.544926894035303366e+00
1.542554019654802655e+00
1.535734095681794864e+00
1.536583151035522565e+00
1.533852663809249561e+00
1.532435336928841707e+00
1.532426708018540085e+00
1.531078796821764065e+00
1.530963935088924810e+00
1.530570173735591233e+00
1.530122373480373721e+00
1.530119569569880378e+00
1.529569568212664432e+00
1.529627149620682136e+00
1.529229250867843559e+00
1.528519719654316544e+00
1.529084749407792820e+00
1.527093745363550914e+00
1.527131126764534219e+00
1.527208367052351967e+00
1.521556584091738884e+00
1.525813565100162972e+00
1.518602006864492537e+00
1.510913406075085064e+00
1.522968075271645461e+00
1.487718348485357556e+00
1.500229590651811273e+00
1.498248206236830971e+00
1.408163654394916309e+00
1.505306002080466721e+00
1.353768732398360264e+00
1.250643664961275547e+00
1.350131717582344182e+00
