2.923787098342409130e-02
3.598339314553763990e-02
1.321512735026801333e-01
1.394139228070405689e-01
1.365639864295024042e-01
1.519319071691203893e-01
1.406703379788114550e-01
1.444783365773663619e-01
1.454380264782490217e-01
1.427349203493661345e-01
1.446952023002448517e-01
1.439362887412610204e-01
1.438502861407062738e-01
1.442401207254789541e-01
1.440452677746722199e-01
1.443632732118538542e-01
1.441639157196840659e-01
1.449883416602837094e-01
1.448263058274184278e-01
1.449759525843746233e-01
1.482566655106568043e-01
1.490171408824276789e-01
1.553325496085183055e-01
1.567358918267854062e-01
1.619696193275632912e-01
1.682299462996713346e-01
1.709752699473029158e-01
1.868138785289886472e-01
1.938098487491855260e-01
2.111468687450497317e-01
2.548975655258181039e-01
2.809005760549020958e-01
3.405486337795536333e-01
3.901739620792779584e-01
4.980078757522101163e-01
5.261046280359712446e-01
6.221959352109922570e-01
6.494988160423730283e-01
6.293096946574714412e-01
6.675270434411678666e-01
6.545861458931990784e-01
6.183307135054827430e-01
6.215642802198537709e-01
6.108802589503218305e-01
6.029884282405890694e-01
6.057286470423275393e-01
5.946338893628736466e-01
6.006165872087437796e-01
5.952744935213782895e-01
5.812455774476782411e-01
5.855724383686504719e-01
5.260377186772129399e-01
5.170705398959840604e-01
4.894561443455490712e-01
3.616063343730789303e-01
3.099046740474382666e-01
2.295813219867073596e-01
7.802126522943297893e-02
5.214136772445426837e-02
-1.991988921687480318e-01
-2.758251968856121894e-01
-2.409450799805129551e-01
-3.642349143908324982e-01
-2.744816742508437435e-01
-1.765137644696636587e-01
-1.297936899773503017e-01
-2.850668872124640166e-02
-1.242964641405460563e-02
4.911581790272334484e-03
2.269947724293835609e-02
-1.950721032687887865e-02
-1.511808089241012051e-02
1.614195672569823095e-03
-2.217624494397546497e-02
2.129365857059243444e-02
2.163068986744430197e-02
4.352424584023410759e-02
1.050460259350432385e-01
1.202096863371240609e-01
1.796048327860571003e-01
2.226515913584690420e-01
2.516316244992928275e-01
3.163461793493266283e-01
3.367615519584310491e-01
3.409071014417814904e-01
3.580181816785913407e-01
3.423080912046708724e-01
3.314550124328340952e-01
2.990828413909955019e-01
2.524994174625052601e-01
2.323443815574916527e-01
1.968383239841045851e-01
1.634536820256662359e-01
1.571902959477979866e-01
1.316365889531475875e-01
1.217918172398890497e-01
1.116974088309017482e-01
6.407662345991377295e-02
6.998035751533075721e-02
9.017497399222371146e-02
1.022510304960347616e-01
1.644744768294096882e-01
1.956090027135800324e-01
1.793494426627643135e-01
1.988479718116115957e-01
1.981336436370978726e-01
1.962684880366136753e-01
2.253147447190745889e-01
2.265783948399593406e-01
1.616496692150176107e-01
1.199094959589044745e-01
1.203321591038413602e-01
1.127634890956866615e-01
9.579523738572849612e-02
9.249770309301036386e-02
7.701480275046300450e-02
8.619059483318139425e-02
9.200394679068620019e-02
9.123629809025000925e-02
1.099401058742210252e-01
6.116050566937374783e-02
7.388226615988650881e-02
1.018914510584764815e-01
1.452898468743920868e-01
1.729095777871893225e-01
1.546311441874674286e-01
1.330729838989781200e-01
1.408865836664308646e-01
1.513929921535592804e-01
1.510473203233918260e-01
2.136991772330574801e-01
2.295866918846988236e-01
2.259639657002855129e-01
2.512399965647165168e-01
2.537955258786981361e-01
2.360964773613964396e-01
2.735776325531814046e-01
2.359065149371812053e-01
1.895657984947737851e-01
1.375396175593770198e-01
-1.260057206725174322e-02
-2.122081946876812342e-02
-1.167026419024917855e-01
-1.220721406103958129e-01
-8.307206988434416572e-02
-9.668524133457830072e-02
-6.415836183462980680e-02
-5.047819218095379867e-02
-3.229498053715680606e-02
1.595739714005316168e-02
3.480507313292810490e-02
6.452582663407369079e-02
9.877350643600991964e-02
1.048328462042050629e-01
1.254262566153946379e-01
1.174893933508113358e-01
1.035570512441943702e-01
1.058990204998719181e-01
7.279937376224190904e-02
4.096768016313848126e-02
1.121986249953947461e-02
-2.881969408470404226e-02
-5.740793098054614713e-02
-8.403465808817385529e-02
-1.155187921383445532e-01
-8.513785234921629475e-02
-8.149217357406986217e-02
-4.768714173821898827e-02
1.889860186874833684e-03
2.860645819595997869e-02
7.514605427487282274e-02
1.005374827169687457e-01
1.135120141433556135e-01
1.401694545614679266e-01
1.239055382963425017e-01
1.253094283142563159e-01
1.263235957467267745e-01
9.868711613065371535e-02
1.171692811726113836e-01
1.185851505538706163e-01
1.243584313009827857e-01
1.946045699372325744e-01
1.896483473110094353e-01
2.183780177091329266e-01
2.322783120054209560e-01
1.973480840277521686e-01
2.075924430586113256e-01
1.888062515098551664e-01
1.142025265641721105e-01
7.402781286852742892e-02
3.424094523175439525e-02
8.533413278576616745e-03
2.086409056715326366e-02
4.980948626902898663e-02
6.706836952506285698e-02
1.194624508804923019e-01
1.646780510853926016e-01
1.197727229824576134e-01
1.029726710988039112e-01
3.224759669188526773e-02
-6.876908255534654180e-02
-1.439378297613830016e-01
-1.987383573350922084e-01
-2.271319824725109848e-01
-2.470475478503464384e-01
-2.834669188207691870e-01
-2.917092615382378962e-01
-3.337361247892146054e-01
-3.362727276365374274e-01
-3.569895670225696205e-01
-3.494742588812166928e-01
-3.195385532698885589e-01
-3.311187635539710739e-01
-3.012408088256937622e-01
-2.778628748047920483e-01
-2.770199705642832355e-01
-1.388945230775187611e-01
-1.013232400391746169e-01
1.419589947577758471e-01
3.808943068743523841e-01
4.844862900504316450e-01
6.125686454225353073e-01
6.702523692541750844e-01
6.853265127077073915e-01
6.979883414921502771e-01
6.878331176407859182e-01
6.853486425424230033e-01
6.881053207275137362e-01
6.700874005357710939e-01
6.612885351733229777e-01
6.628701793417568489e-01
5.969112030534520219e-01
5.835322382836503063e-01
5.406148490355707770e-01
4.410786638932113202e-01
4.242110059270804978e-01
3.749592563366168640e-01
3.406054038048768051e-01
3.335325091808900577e-01
3.088943379206712803e-01
3.039813681209192486e-01
2.987635536122815738e-01
2.669206069363285749e-01
2.706983183510877078e-01
2.561590754861695629e-01
2.473066064116756779e-01
2.531862863293399268e-01
2.388787715955895119e-01
1.470018792409672204e-01
1.196437062980824639e-01
1.029388155305254321e-01
8.381460758083861262e-02
7.534785378371965103e-02
4.162570917903944678e-02
2.389911700867431918e-02
2.282617642740885147e-02
-1.444903617051881278e-02
-7.175677779247676899e-03
7.736986479369665874e-03
-1.170055659966229636e-02
5.374295672299535948e-02
5.329626181480553310e-02
5.192018021684075696e-02
5.232185730829664455e-02
2.410883815770219121e-03
-3.238975456662073014e-03
-1.262760115826110259e-02
1.033468457095616279e-02
-6.900118233170979276e-02
-7.518791211087372250e-02
-2.038218314549712917e-01
-2.252764672857168471e-01
-3.154058723561463107e-01
-2.743464644206279890e-01
-2.975189798145552733e-01
-2.181206829638666911e-01
-9.800009474154609823e-02
4.344749334179609946e-04
6.106913932970631925e-02
1.586839469521631185e-01
1.612948321965554099e-01
1.808122378754250803e-01
1.962997222909128314e-01
1.859716782461029727e-01
1.909914256164196855e-01
1.820054470433036253e-01
1.810992838653936177e-01
1.861193272053207060e-01
1.812586280107013337e-01
1.888118252320599155e-01
1.987755288455395619e-01
2.039328302447484809e-01
2.183661754163078728e-01
2.267853227752921752e-01
2.347511347586082042e-01
2.465277022896385783e-01
2.542365342829935315e-01
2.618711147689686825e-01
2.747483786683215801e-01
2.816236115861193157e-01
2.925610781547882122e-01
3.103782049601268023e-01
3.185997893323228580e-01
3.520557587557299750e-01
3.653559480838206586e-01
3.903421613314767558e-01
4.358046861313976117e-01
4.652321351081616374e-01
5.614034110681928036e-01
6.400488770601064914e-01
7.233420911227941286e-01
7.257518894805563558e-01
7.324424040876825748e-01
7.193990807971692991e-01
6.995188739107224274e-01
6.967946916615846975e-01
6.791131124669118613e-01
6.656996587966954593e-01
6.575315255634305300e-01
6.240744003388120076e-01
6.057771362709158947e-01
5.682465543056666180e-01
5.563925095760444695e-01
4.852601717846633522e-01
4.646165774415383365e-01
4.681771212158628570e-01
4.492697290033963453e-01
4.181868219005339116e-01
4.008880142403131730e-01
3.829506267634286143e-01
2.941514379245926403e-01
2.961932970982079638e-01
2.576576834673902083e-01
2.481544537450775800e-01
2.814660264605238216e-01
2.971238949983779909e-01
3.789390230388255953e-01
3.974732540738826203e-01
4.806875037053727207e-01
4.957583343516313579e-01
4.218543122801973189e-01
4.424604249695630598e-01
3.648020883320425289e-01
3.463915308176583885e-01
2.666644911549025387e-01
1.460195919944194121e-01
1.036737278678425689e-01
1.982139885742858782e-03
-3.757783023367938791e-02
-8.637122152074444559e-02
-1.087467187920619083e-01
-1.446849918307587524e-01
-1.680229699612393324e-01
-1.878514363330048564e-01
-2.141378473168983609e-01
-2.254203809717278406e-01
-2.488825193510100231e-01
-2.583741862470730899e-01
-2.675539068959463807e-01
-2.753584079387321193e-01
-2.727977513332597304e-01
-2.774643172950113645e-01
-2.752375962676933407e-01
-2.722997029172549710e-01
-2.728841215400231723e-01
-2.659320586853928803e-01
-2.635788124845943048e-01
-2.583375272796629707e-01
-2.493749612017782946e-01
-2.555972072902741865e-01
-2.466621260011721273e-01
-2.670799912686719346e-01
-2.851407210236212575e-01
-2.943465731684941078e-01
-2.167203461603721126e-01
-1.938211346472222263e-01
-1.357118280345727956e-01
-1.027136085591521530e-01
1.203526756322070672e-02
3.069034788472542810e-02
4.584092629310328876e-02
7.830015124217999667e-02
7.906090549715300009e-02
9.185523106129141191e-02
1.000286852435593593e-01
1.081684475453226768e-01
1.128061534058728971e-01
1.268756652508300220e-01
1.437260834297155176e-01
1.446243711948245469e-01
1.970602695416593941e-01
1.911278489769320243e-01
1.589978486743632291e-01
1.603666117132502844e-01
1.768901490660432507e-01
1.715722552762543041e-01
1.772522127265283853e-01
1.815611167559109396e-01
1.648245851925685124e-01
1.710523533915891126e-01
1.671559986216094584e-01
1.643982486214519700e-01
1.693318931520587101e-01
1.676760010509228127e-01
1.717711321741688668e-01
1.782619738961753464e-01
1.791877852406823790e-01
1.925213657952200563e-01
2.002426235116981090e-01
2.072064682352640907e-01
2.435963089059495768e-01
2.729108011420895430e-01
2.890293723011375659e-01
3.315406812549655524e-01
3.284406140295655363e-01
3.332487024464564351e-01
3.403447670433898398e-01
3.272953044925763777e-01
3.323600618391271966e-01
3.125147416581260940e-01
2.937365109271139474e-01
2.931592830866426858e-01
2.162521466951204119e-01
2.127457229288327589e-01
1.952970064648517912e-01
1.703649823410306186e-01
1.698563045604708499e-01
1.583121643452022331e-01
1.492409870148725393e-01
1.484239463341833765e-01
1.474621227084949859e-01
1.479516290319561334e-01
1.481064454388853757e-01
1.480056576555584258e-01
1.482298603902683365e-01
1.482023681299716455e-01
1.482288590898931668e-01
1.482816139729464522e-01
1.482543750231591628e-01
1.482816300368975382e-01
1.482641719556310744e-01
1.482382241034415349e-01
1.482571452441331927e-01
1.481451016676701149e-01
1.481559716691518702e-01
1.481016432360948987e-01
1.477821277821483592e-01
1.480199505366936452e-01
1.474207973524143123e-01
1.470068676877294145e-01
1.476778902267475713e-01
1.448902124968096949e-01
1.461787161561513282e-01
1.453844417430198988e-01
1.377588393634665564e-01
1.472977607100836028e-01
1.314656125485662297e-01
1.231596795130228822e-01
1.334062085749589122e-01
