9.918606963247101390e-04
1.134610291981367775e-03
2.655420958872066299e-03
2.708741036484193891e-03
3.591525402191590288e-03
3.815700426517633272e-03
3.671687046539343427e-03
3.953741307981016757e-03
3.927941549207608976e-03
3.953813002951791188e-03
4.017899393243496917e-03
4.004260439609869278e-03
4.018901716468892965e-03
4.029154239742534921e-03
4.018865609406827022e-03
3.998770445551680201e-03
4.015176218715410875e-03
3.946801243794463565e-03
3.909424741735815882e-03
3.949948510759738324e-03
3.620499186890014862e-03
3.646592699040849227e-03
3.554850252154572853e-03
3.514456855887410861e-03
3.555365053592091269e-03
3.645405630152837462e-03
3.681643809845196180e-03
3.927258485202568539e-03
4.254680414702588509e-03
4.332462588603359227e-03
5.319322720529752642e-03
4.889342962331465030e-03
3.435701213553922148e-03
2.061765839508265981e-03
2.685092483650367186e-03
6.015039381892750515e-04
1.325435910108876307e-03
1.065881714391466633e-03
9.926149019802853364e-04
1.039875172784307912e-03
-1.264318778364699740e-05
-3.307726575031993575e-04
-2.323394441238504882e-04
-4.752989012738332089e-04
-7.844321832939030051e-04
-6.405722358819935765e-04
-7.221002063703145426e-04
-1.977980058623407186e-03
-2.049711066959716919e-03
-3.529728969600968731e-03
-4.103019868084986123e-03
-4.094814564932930737e-03
-4.324259703861778326e-03
-2.343988000061426533e-03
-1.194138192262141074e-03
-8.735851217694535348e-04
1.719077868102670322e-03
5.094143584496388551e-03
7.510115048050113734e-03
6.759268346913879268e-03
-1.580824189379963630e-04
-1.266670303736068320e-03
-1.249624722636113832e-04
-9.940076145762502275e-04
1.327108474627914248e-03
-2.824405814052308845e-04
7.836558838895512497e-04
-1.844387249463734892e-03
-5.617742479598787121e-03
-8.334516132944712677e-03
-9.603627941240618429e-03
-1.094292622834695111e-02
-1.192481142112057114e-02
-1.355788720167551073e-02
-1.449732955753963229e-02
-1.744314291835326672e-02
-1.920558779068337954e-02
-1.735305432497673966e-02
-1.893483016176477143e-02
-1.768951867625096624e-02
-1.416489374956955878e-02
-1.325866742762110174e-02
-1.349247316714873197e-02
-1.216738679288051003e-02
-1.287562497152669287e-02
-1.050860521933511156e-02
-6.807976828951112051e-03
-5.595330099836984955e-03
-2.293819970009305844e-03
7.359776912224237719e-04
1.562419213988345927e-03
5.888931884790503911e-03
6.086460960147766983e-03
5.068905367192479833e-03
7.548289498663780968e-03
6.046035057740957799e-03
5.814766994157677046e-03
5.643317492264891301e-03
-9.309457475938887842e-04
-8.338684093644340399e-04
-2.236755663141278428e-03
-3.768984073081575910e-03
1.517936298900071255e-03
1.782849399301835499e-03
5.704860507000291759e-04
3.497640983985209930e-03
2.203875772852411079e-03
-5.077049600242667781e-04
-6.219844785137762511e-04
-3.180826727812003686e-03
-3.383872534363530429e-03
-3.393894893866251147e-03
-3.819393859920262955e-03
-2.772996004680435521e-03
-3.881417188660325496e-03
-3.312549091460510742e-03
-3.806489014476776254e-03
-5.977988481613319589e-03
-7.120179856871835557e-03
-8.705843430770686051e-03
-1.235177416238318095e-02
-1.333146410113790307e-02
-1.505500112337691820e-02
-1.585313980958089064e-02
-1.420603194832568451e-02
-1.279514524273272016e-02
-7.930082055126649529e-03
-6.717558590298400648e-03
-4.388714765709525456e-03
-2.498518705810537106e-03
-1.918334730965786218e-03
-1.330018281753650011e-03
-2.044418572630776667e-03
-1.751536722185589260e-03
-1.826127754166310220e-03
-1.455596338369590133e-03
-1.336266529550419590e-03
-1.328347947976162968e-03
-1.241316752076242333e-03
-1.061864105612884577e-03
-1.385863139053353016e-03
-1.081940371528631629e-03
-1.053131630362312814e-03
-2.403714863490795731e-03
-2.636907153946542980e-03
-3.637558706664706289e-03
-5.032174461137232935e-03
-4.970804820405911283e-03
-6.859308552238633019e-03
-7.011610293005710558e-03
-7.050105506884307184e-03
-1.070694633112025985e-02
-9.241022123196388632e-03
-9.875046613159349854e-03
-1.024504860028941852e-02
-6.475814942871225416e-03
-8.705923096308800305e-03
-8.469465392164692019e-03
-8.346555734506804630e-03
-9.729269893279660769e-03
-8.391437298987431889e-03
-9.230458834328120893e-03
-1.241918324631890481e-02
-1.451021235183470350e-02
-1.610510648028637762e-02
-1.740809220618102018e-02
-1.745773630142952865e-02
-1.586941531155525165e-02
-1.561595014822743377e-02
-1.422695713402953588e-02
-1.203116194274121871e-02
-9.472342905933392454e-03
-4.924820648811201705e-03
-2.834775624190668652e-03
-2.407445839445630873e-03
2.022576942101898605e-04
-3.010386850230324391e-03
-5.741052776404432026e-03
-9.053816258849583382e-03
-9.681061658000755799e-03
-1.062912057773778528e-02
-1.145923622447581926e-02
-1.141773438233419612e-02
-1.186372805666754439e-02
-1.322688451160154363e-02
-1.226221602606964410e-02
-1.362781035449625762e-02
-1.331753575253391726e-02
-7.038443872737660048e-03
-7.662415248055347641e-03
-7.651469326014273022e-03
-6.926484503882960643e-03
-9.963595172533973657e-03
-9.353860045539525575e-03
-1.154167179933590637e-02
-1.260953163764745588e-02
-1.182796367875832942e-02
-1.403034492805239203e-02
-1.220173029860474601e-02
-1.183481645672931903e-02
-9.953571190902454902e-03
-6.301227394586591223e-03
-6.783367339151111924e-03
-2.884137684128571660e-03
-3.352263761187052916e-03
-3.973193185464202019e-03
-2.185849776728939972e-03
-5.080018017737420420e-03
-3.939718364916059215e-03
-2.276903951045121822e-03
-1.575009011277213799e-03
1.573402751344225772e-03
5.590279532760133833e-04
-1.024705315143876160e-03
-1.377678601340660012e-03
-4.579549274499488710e-03
-5.362695229194048077e-03
-5.488612291342018570e-03
-6.555077310640404324e-03
-4.630166217708739720e-03
-4.602196496976349201e-03
-5.853748429146217458e-03
-5.318736289929062652e-03
-5.229971630827554181e-03
-5.362131411018026053e-03
-4.831348228233468649e-03
-3.775797070624700973e-03
-3.736019622835346811e-03
-3.737614802089641447e-03
-3.163345207615541211e-03
-3.909136321032237807e-03
-2.468193428193583058e-03
-3.694498391650354995e-03
-6.056439882095838480e-03
-8.349540772791654367e-03
-1.234834501170524110e-02
-1.200119786075592131e-02
-1.439112749631083453e-02
-1.434416765507354370e-02
-1.493690981850277245e-02
-1.772269640520181266e-02
-1.858887392248695022e-02
-2.114948991850333290e-02
-2.147712169045278702e-02
-2.073226047529438607e-02
-2.090905359766315197e-02
-2.016240305424468748e-02
-1.902383485995083612e-02
-1.773873883028846341e-02
-1.677252721711658401e-02
-1.341255222768759393e-02
-1.210718883682887666e-02
-1.317864894944663010e-02
-1.178770935492341396e-02
-7.099403731656710702e-03
-6.162020452639036319e-03
-3.271401428974393504e-03
1.247905139581410774e-04
9.683582831524701132e-04
2.797662105979965060e-03
2.515366061979699367e-03
1.211480951043007607e-03
1.234721371952651227e-03
1.159566865353315538e-04
-1.515454769752230173e-04
-2.065162461000063805e-03
-2.383982614280475646e-03
-2.221792833413423120e-03
-2.889000749556481194e-03
-2.956443783349704119e-03
-3.125717510773159524e-03
-3.630471881484297579e-03
-3.918414138012284165e-03
-4.042693554412762208e-03
-4.105430126876295251e-03
-5.199670742763186880e-03
-5.115619121251061344e-03
-4.280918332487362171e-03
-4.239479979578649090e-03
-3.483545944639234240e-03
-3.322336602488001282e-03
-3.650336299611924799e-03
-3.406331591720698770e-03
-2.453194760794088006e-03
-1.568446600668239356e-03
-2.737351318065575894e-03
-5.396132922769893148e-03
-7.817958491821904235e-03
-1.039596579440257677e-02
-9.725300118620010606e-03
-9.717112843060099134e-03
-9.199143851639850558e-03
-7.103839138465419499e-03
-6.935910261420375790e-03
-4.289691004128283643e-03
-3.698752310556227899e-03
-2.237818125305373208e-03
-3.150379687859072218e-05
-7.406418126354820169e-04
2.577319653046355064e-03
1.991905463969947943e-03
-2.316909325654952466e-03
-2.508212357918656633e-03
-5.552699384771918670e-03
-8.168759116898008030e-03
-8.877582941655666818e-03
-1.071338848882355532e-02
-1.106530090378681982e-02
-1.132706229871991224e-02
-1.179751826866554283e-02
-1.194109876927500549e-02
-1.180350884148348260e-02
-1.198219917748063329e-02
-1.178880563712798347e-02
-1.172715822580403661e-02
-1.169606730206269180e-02
-1.137658501162833354e-02
-1.134601686188420853e-02
-1.101852717533623877e-02
-1.065900034873529072e-02
-1.053642484072139784e-02
-9.841627807765101696e-03
-9.692126239089354778e-03
-9.485732295887568111e-03
-9.371095002306137345e-03
-1.108498244467035626e-02
-1.158103985697485176e-02
-1.238736115724176079e-02
-1.436606422481215110e-02
-1.491878388528861121e-02
-1.586825064144687866e-02
-1.667826549412447165e-02
-1.372615418592519620e-02
-1.164966940508468593e-02
-9.915338962025285058e-03
-5.636482543769042765e-03
-5.366358265530068311e-03
-5.936642441866234361e-03
-4.748975832896766211e-03
-5.667937289632032395e-03
-5.437807564552075458e-03
-2.738602868010380290e-03
-3.204530833826170141e-03
-2.022319871632274023e-03
-6.389361555929164768e-04
-1.128326549731496460e-03
-1.352224161891336669e-03
-1.681966618788327886e-03
-2.683240275908312187e-03
-3.152076216768540801e-03
-1.974902679766585203e-03
4.485652127845373848e-04
-5.916031058662122883e-04
-4.132513956039936872e-04
-1.112437016280082291e-03
-5.876525283366389012e-03
-6.116000793958618377e-03
-1.025036369355311963e-02
-9.977284100472183850e-03
-1.047967232921605610e-02
-1.178056953929538901e-02
-7.449558792358828944e-03
-1.022568089843244390e-02
-1.588405104205318705e-02
-1.816293902396334467e-02
-1.838029295487542819e-02
-1.383575635458753929e-02
-1.292765276089823633e-02
-1.098545729083204477e-02
-9.040310767469795367e-03
-1.035291822421408395e-02
-9.307128064840028761e-03
-9.087067105289434177e-03
-9.455769769694165328e-03
-8.407562097075675991e-03
-8.324942745227747673e-03
-8.031621780501501176e-03
-6.795694945231518617e-03
-6.823384913987849860e-03
-6.282590634682585357e-03
-5.891814794704729533e-03
-5.902030533872891158e-03
-5.538023071348415448e-03
-5.512440853361830380e-03
-5.436632860133585286e-03
-5.337053723675123755e-03
-5.366411933232680988e-03
-5.350332781179319326e-03
-5.418503164010612244e-03
-5.440868972393046038e-03
-5.626717144204378303e-03
-5.724981096763513515e-03
-5.897177541455720512e-03
-6.333569627365357411e-03
-6.409248308179504687e-03
-7.083420887371468834e-03
-7.614940968338538424e-03
-7.892160627984288329e-03
-9.278251693177228671e-03
-9.119084614277905843e-03
-9.380728815339415411e-03
-9.158638782831371103e-03
-8.602605856975472504e-03
-8.715953762839959845e-03
-6.304948010899853392e-03
-5.647437469828128602e-03
-3.995152026640548353e-03
-2.716386030974006667e-03
-1.703793225584384827e-03
-8.342329812936049313e-04
1.563762371860413563e-03
2.147854089390373832e-03
3.503846429141712314e-03
3.431953304259757320e-03
2.100468738347604277e-03
2.465796996700845688e-03
1.992556593769714748e-03
1.759482870568410042e-03
1.804746241646632259e-03
1.529765802192117408e-03
1.475981080712921280e-03
1.370198277347083656e-03
1.037691004124626512e-03
9.935356632411950720e-04
4.840467158826949412e-04
-1.849262032197440361e-04
-2.705999758333714131e-04
-2.321784742489163816e-03
-2.347554227540609145e-03
-2.182959713080597983e-03
-2.753709242065342615e-03
-2.643284002345504518e-03
-2.765733726625287971e-03
-2.959026623722142094e-03
-3.069135865649364435e-03
-3.113773816075225426e-03
-3.553186251768035084e-03
-3.694127265098353166e-03
-3.621855445885702272e-03
-3.767018671217084100e-03
-3.589462500852928437e-03
-3.510155424195964425e-03
-3.500748508515448207e-03
-3.400091273203956471e-03
-3.353054048509587683e-03
-3.311671186304713382e-03
-3.183597155472895658e-03
-3.111054189098484950e-03
-3.000311012122474329e-03
-2.675139649101631809e-03
-2.625861908734244705e-03
-2.113410233362179435e-03
-1.444083935631131684e-03
-1.481860976750840140e-03
5.688144608814731280e-04
4.928040740616693475e-04
1.036428238294689365e-03
1.603520801797903668e-03
1.554765690467922474e-03
2.217011903730239583e-03
2.306134140575553850e-03
2.538842321146320830e-03
4.116479761567732633e-03
4.278896554666808058e-03
4.151982862180584113e-03
4.576051148556008023e-03
4.466082316183530437e-03
4.578856199185426037e-03
4.572129373869721070e-03
4.521035572659715292e-03
4.666446837326062962e-03
4.225988917418800617e-03
4.548739103471256297e-03
4.315698436418039484e-03
2.773145540245988000e-03
2.388931341956204192e-03
2.341625919243469928e-03
2.251285692957758888e-03
2.331448042402091241e-03
2.332003920419792927e-03
2.330485732708241931e-03
2.353035364943927791e-03
2.348792004860329307e-03
2.354103370378494552e-03
2.358248286601808547e-03
2.357496888474598304e-03
2.359886864951921993e-03
2.360374477566512530e-03
2.360490593838240111e-03
2.360967237183956777e-03
2.361064682705104646e-03
2.360548429884166965e-03
2.360390662329908337e-03
2.360332839761796267e-03
2.357539235677376995e-03
2.358652644965039420e-03
2.355499642702841949e-03
2.348139944270586157e-03
2.356036059634237807e-03
2.332794039560897540e-03
2.329715176908656558e-03
2.345762411971847629e-03
2.244115592836005632e-03
2.326024014973576085e-03
2.244173651434137017e-03
1.938608024053303921e-03
1.979322689618373630e-03
