9.087362756078985315e-04
1.144360051997413618e-03
5.440150616946170734e-03
4.874302867195280491e-03
6.519253569210213713e-03
8.207690259315870984e-03
7.593087706309523989e-03
8.814679187107999844e-03
8.871819098421402511e-03
8.754230039487404663e-03
9.151061599247342984e-03
8.997196604654981306e-03
9.046319757845391191e-03
9.108066125867106400e-03
9.051547166658251500e-03
9.085283043430952832e-03
9.081982455170735033e-03
9.072526885364605442e-03
9.081705148359112134e-03
9.076011767396051366e-03
9.074246704938516636e-03
9.074127450404321019e-03
9.068879650892208363e-03
9.063022063002303466e-03
9.059731821387924378e-03
9.043889718155433827e-03
9.030170907216538562e-03
9.018944059411849665e-03
8.961762315321895184e-03
8.946379457949873298e-03
8.880079457081711813e-03
8.715810502835511994e-03
8.725795730450593840e-03
8.390753053720782090e-03
8.080696403403591840e-03
8.081348371654969304e-03
6.928585989136612153e-03
6.875291865975057676e-03
6.520427185733434355e-03
6.088091865545522743e-03
5.856441011693820815e-03
5.734609789913242342e-03
5.087558941806481598e-03
4.951087380003967378e-03
4.708862856766471428e-03
3.102144421806801548e-03
3.299066873080989688e-03
6.529542271349040618e-04
-1.112323858275355865e-03
-1.218563208200077602e-03
-7.171426972277392120e-03
-8.094127731043943702e-03
-1.182529000200543620e-02
-2.295439981553524036e-02
-2.420200032327808615e-02
-3.267123639707395638e-02
-3.672832294791514296e-02
-3.783764410731436933e-02
-3.857715166053676120e-02
-3.799656520620549316e-02
-2.978253857280211900e-02
-2.417840316126752126e-02
-1.395931178754272056e-02
-3.403948552751059724e-03
-4.424332256003684835e-03
3.412233477571787431e-03
-4.315497778521198849e-04
-5.772241886090657449e-03
-7.746228544948145604e-03
-1.103664545987457710e-02
-1.860682197105085686e-02
-1.938998461427678469e-02
-2.106067679996129899e-02
-2.467067168701275043e-02
-2.407586326987308858e-02
-2.578431464620413102e-02
-2.725321736990789570e-02
-2.542054459149619208e-02
-2.808129543945554751e-02
-2.587008625401546191e-02
-2.231599049532701981e-02
-2.293573077826508225e-02
-7.783359424329850014e-03
-1.429482770625111615e-03
1.779798187102960266e-03
2.682306549090624978e-02
2.653774836911033941e-02
3.051307583242610783e-02
3.189136909118290425e-02
3.017431170168957330e-02
2.821434186634526331e-02
2.274330732797824953e-02
1.978936682738064931e-02
1.353097717736880153e-02
7.073672613450696957e-03
5.451216850722301679e-03
-3.859304559519149361e-03
-4.018437298529030192e-03
-3.175327313238683613e-04
-4.973754083848910823e-03
1.049689371883591113e-02
1.133226310289542522e-02
9.519281988160875271e-03
1.193384416950184906e-02
6.203408965052926993e-03
4.048934936835280919e-03
-1.820631097618601859e-04
7.438992993539172115e-03
6.288123668143608645e-03
1.295563280638179111e-02
1.612600959842407783e-02
1.176879291738837721e-02
1.549242528370958424e-02
1.308043725932067636e-02
1.222445091589691689e-02
1.422769319818362015e-02
1.542251468491675007e-02
1.020782637302807341e-02
6.601781014014451200e-03
-6.270498187412665465e-03
-1.069522854796195292e-02
-1.917348051702788200e-02
-2.195257411035445028e-02
-2.490688634411185667e-02
-2.832144838908961376e-02
-2.591598868166235595e-02
-3.019900621600978691e-02
-2.412223205162596779e-02
-2.117458199641250247e-02
-2.034247171293431661e-02
-5.802700829255652039e-03
-1.406010438623801198e-03
-3.820310306094287442e-04
5.098068421230219846e-03
3.481014696211698936e-05
1.091440049937214031e-03
-4.208239068752969367e-03
-9.147280020440851089e-03
-1.131570178630520243e-02
-1.713889538330231818e-02
-1.813722761424634011e-02
-2.051954994415816982e-02
-2.182827910213026856e-02
-2.279945351416015620e-02
-2.230936837783951965e-02
-2.427014301680063130e-02
-2.023717376241455229e-02
-2.006758531739904691e-02
-1.921843197531486122e-02
-7.075489968514970390e-03
-5.539026465778040982e-03
3.427482677004779852e-03
1.336168270248598924e-02
1.511408541917117800e-02
2.807407965495311089e-02
3.156896821824294042e-02
3.720268364852850895e-02
4.702719467237655160e-02
4.967756343491111504e-02
4.890407954894807757e-02
4.247574819635516891e-02
3.543307532986467168e-02
2.896915507494727746e-02
1.955268316692989131e-02
1.322713286410730042e-02
6.169548940220465245e-03
-4.568201439891086263e-03
-8.455112058543799020e-03
-1.818289295923681062e-02
-2.449456277971073792e-02
-2.840378696087346097e-02
-3.705137076038944599e-02
-4.177051174459874699e-02
-4.955437816612595636e-02
-5.565413775869933188e-02
-6.286776416612435692e-02
-6.807905925276286352e-02
-7.312774208952774191e-02
-8.218118562617586498e-02
-8.345555569360835202e-02
-9.233643966729308816e-02
-9.717153578541896930e-02
-9.168610267124976954e-02
-9.788194402685615469e-02
-9.176092092390847332e-02
-8.307628500658628679e-02
-8.214421427445564583e-02
-6.830840178491574821e-02
-6.040882388411888959e-02
-5.785491779029499487e-02
-4.048664875425516535e-02
-4.180130825380742876e-02
-3.512590564743116317e-02
-2.850859839193128215e-02
-3.560356600578096914e-02
-2.756248135481209269e-02
-2.946816918296010779e-02
-2.516167958960904144e-02
-1.890287862456582757e-02
-1.436651927526600564e-02
-1.427184803828541668e-03
3.000748035723391390e-03
1.846068993231163996e-02
2.409576006354318539e-02
2.997268307503542922e-02
4.100465665002025334e-02
4.050436109887400882e-02
4.829190722426556642e-02
4.957165317949958211e-02
4.667846836128113075e-02
4.834952951284673256e-02
3.868599108732953540e-02
3.407681956350947644e-02
2.756170003919195324e-02
2.188713770923312804e-02
1.760920477572193096e-02
1.415099980175960406e-02
5.934895680174878153e-03
9.118989107267117802e-04
-8.574432814735923145e-04
-4.520548160674855466e-03
-4.504489115034767711e-03
-9.570178544480159241e-03
-1.548413359241491288e-02
-2.129764322489655776e-02
-3.818310267258213236e-02
-4.767111911145301140e-02
-6.841163558904765629e-02
-9.673840611120763933e-02
-1.089930386547221103e-01
-1.259917602837267447e-01
-1.347796454198995353e-01
-1.347980352713395447e-01
-1.370069122257416283e-01
-1.364672255215828578e-01
-1.230080330782980236e-01
-1.203752139621717121e-01
-1.099491999591776098e-01
-8.893801990694973070e-02
-8.630518638111180085e-02
-6.216687747936586184e-02
-4.697667063181510533e-02
-3.598698119460029543e-02
-4.417713357596837753e-03
4.227654793809679408e-03
1.924089758853838455e-02
3.312434772778646841e-02
3.269130528983377887e-02
3.078161415383108557e-02
3.150807946531014592e-02
2.749719649954332143e-02
2.234728669248823088e-02
1.729402158556108543e-02
1.159440307677831253e-02
4.182102907513498419e-03
-4.440527956423051537e-03
-9.494127387882285093e-03
-1.600566103334684354e-02
-1.845728969072418096e-02
-2.263156118075451348e-02
-2.414078737429305524e-02
-2.670665375482046341e-02
-2.926758852137323341e-02
-2.891908596551280228e-02
-3.112679012426210548e-02
-3.011557028446072357e-02
-2.363586545501713751e-02
-2.523670494330930089e-02
-1.772396491001328178e-02
-2.006878134925053903e-02
-1.678301585562417750e-02
-1.591016382501329179e-02
-1.877069725185003674e-02
-1.640811644950548875e-02
-1.717921641747441330e-02
-1.724113692236698206e-02
-1.581779800347114101e-02
-1.465001509122053000e-02
-1.193861803357178578e-02
-1.349064543004278860e-02
-5.056186029502712613e-03
-3.423569194550482066e-03
-7.675940740244397917e-03
-4.036299237636991818e-03
-2.190034796590793319e-03
-3.111596354977269260e-03
-6.060987054428161516e-04
6.056232440479946723e-03
3.056079851434833402e-03
1.158187893614597008e-02
6.474895777837967256e-03
1.047645584469267602e-02
1.954868472172865621e-02
1.744773876141592420e-02
3.701537283949677543e-02
4.925837752952629683e-02
6.345253125630315183e-02
9.290821882661827458e-02
9.419643093558950631e-02
1.209351987709584297e-01
1.312238305860972676e-01
1.278796132581380141e-01
1.451789444388078554e-01
1.390688248471650124e-01
1.415244136479634207e-01
1.487607873075459108e-01
1.375044394852640017e-01
1.367653138159488080e-01
1.263866780193279027e-01
1.061889748829796393e-01
8.940424524658990846e-02
7.223131747151631532e-02
5.164583729922980065e-02
4.760304818337091071e-02
3.643204029240514757e-02
2.267597313258291891e-02
2.237749963315426721e-02
1.238754935720459867e-02
6.976676780950165010e-03
6.719017431782833318e-03
2.394774072614431516e-03
4.935463801667077516e-03
5.354409854532132633e-03
1.744768791424408921e-03
3.232426977300454588e-03
2.061664555230929320e-03
-3.218478507931036518e-03
-2.535429668425196337e-03
-4.013218699597326938e-03
-5.297254839271167692e-03
-3.425351397045995564e-03
-5.089050599906119916e-03
-1.189395357276922449e-03
3.105912993636554824e-04
1.466884992823467378e-04
1.167215833168730454e-02
8.908711044075728891e-03
1.688547584532477247e-02
2.019562379499445504e-02
1.911001152246228144e-02
3.090429221393957079e-02
2.872970812423820269e-02
3.371753124718186723e-02
4.186748697718432888e-02
3.466287578086301585e-02
4.506310457242900663e-02
3.835900315792390575e-02
3.265122174236798763e-02
3.568469429165976176e-02
2.693173294035154999e-02
2.948275116627148418e-02
3.173982634438816258e-02
2.999199776170571874e-02
3.633306492729208859e-02
3.614435640043686671e-02
3.894876077275669785e-02
4.483456467735425638e-02
4.190565760351269015e-02
4.824762201669465650e-02
4.922141261948969476e-02
4.789376614099129931e-02
5.447529949020421536e-02
4.741340221991616199e-02
5.025881970389967091e-02
4.095233945730983316e-02
2.689447022781772667e-02
2.213611237486449654e-02
9.096563332967688362e-03
7.348211759170951256e-03
-7.695986339859339819e-04
-7.679592072126055838e-03
-9.284937084736160848e-03
-2.065296149227658848e-02
-2.210118595701020261e-02
-2.941244264906613115e-02
-3.604331884875040110e-02
-3.513095432207057056e-02
-4.277982770420046127e-02
-4.252417396534676625e-02
-2.988451525883747267e-02
-2.804071211836635380e-02
-1.787816747718792842e-02
-7.724901102134325466e-03
-1.101517217209829411e-02
-3.302378258476938114e-03
-2.085998982066208235e-03
-1.097522884143351148e-02
-8.377792894561385262e-03
-1.072998603512704749e-02
-1.481846396967322066e-02
-1.647302424068218876e-02
-1.777393678350605577e-02
-1.921580158690763471e-02
-2.054435168076276796e-02
-1.758581722333226599e-02
-1.864309777909291602e-02
-1.754341839993498256e-02
-1.635102540898208251e-02
-1.666928718860520228e-02
-1.532251940124143910e-02
-1.494144281715298166e-02
-1.463059260352707336e-02
-1.237724037960749243e-02
-1.278179327596229431e-02
-1.014955422631195515e-02
-5.936044534742332575e-03
-7.613670583678127865e-03
4.125710743710004486e-03
9.102400915329890083e-03
1.220775773056878219e-02
4.161087185678447736e-02
4.203601194020559206e-02
5.671474644097966589e-02
7.227425130660670993e-02
7.093766126461074906e-02
8.720740069196238065e-02
8.839747397058092537e-02
8.169767205924120812e-02
8.464001665683196229e-02
7.275987552826958249e-02
7.153058346089358199e-02
6.441258449495435023e-02
5.395186627262557599e-02
5.356799096928736154e-02
3.684683112699622259e-02
3.575411011240268305e-02
3.267645231044148668e-02
2.604704398705876348e-02
2.591878579148611250e-02
2.140785295475378103e-02
1.698714496675843982e-02
1.690002057570513111e-02
8.709486149133308791e-03
8.364150090458433162e-03
7.263867756308091915e-03
4.227271144300466868e-03
4.685608466477554461e-03
4.135155006914762767e-03
3.664899995916960553e-03
3.663157195084896806e-03
3.521197650474398953e-03
3.408456921420844384e-03
3.399689934000808995e-03
3.363046973595110525e-03
3.327908363038514696e-03
3.325240111618561756e-03
3.310374896652261596e-03
3.300980121034057142e-03
3.299105749381703485e-03
3.293386500623043164e-03
3.291239042074272075e-03
3.289900041985658555e-03
3.288081036174900738e-03
3.287426216679740533e-03
3.286724713225557155e-03
3.286089789169329128e-03
3.285548131468358016e-03
3.285250811924122095e-03
3.284376605022025844e-03
3.283586095187483560e-03
3.283361600795780145e-03
3.280216846732209816e-03
3.279970600636838117e-03
3.277450023454609677e-03
3.267976335351292869e-03
3.272865455389805962e-03
3.253796696761211867e-03
3.238357718434591633e-03
3.254190471136146276e-03
3.168976357222282134e-03
3.191715478238487357e-03
3.172833732028298125e-03
2.953515119493427179e-03
3.168359059136862874e-03
2.849317314591699127e-03
2.655366112162548496e-03
2.821726993701677028e-03
