-3.632304451410695435e-04
-3.981907579988626595e-04
-2.591642591373206819e-03
-2.650351625104489881e-03
-2.480436825919454715e-03
-3.099576428319557493e-03
-2.300241856146057005e-03
-2.680311211367717491e-03
-2.657157793260728207e-03
-2.469920708971890325e-03
-2.680758490026143026e-03
-2.574517771923771556e-03
-2.583731229795794074e-03
-2.626238545634952508e-03
-2.581967352674458763e-03
-2.601785562439496140e-03
-2.599130264150741488e-03
-2.589373617773210040e-03
-2.595029612066472591e-03
-2.588513571178125382e-03
-2.586293864030068338e-03
-2.583022939757236795e-03
-2.574712116972882603e-03
-2.571171110009081839e-03
-2.554709684094292124e-03
-2.540729297241867655e-03
-2.527764842450340443e-03
-2.476835962825002166e-03
-2.463562253426361797e-03
-2.405471509790036745e-03
-2.303142611780495397e-03
-2.313828114903701116e-03
-2.121746028071943083e-03
-2.074277136396076963e-03
-2.065789630525791034e-03
-1.734456519017835759e-03
-1.944872745475401945e-03
-1.810057007203791498e-03
-2.181791064190568424e-03
-2.381613588744676147e-03
-2.577049897138209301e-03
-3.957545860602344409e-03
-4.105739349888694149e-03
-6.121551874017995380e-03
-6.585554696217574451e-03
-7.177252802527607153e-03
-9.171513101698955742e-03
-5.773463725754240938e-03
-6.296750758432819416e-03
-2.621765817118741886e-03
2.886876198098306014e-03
2.900942539662140166e-03
1.864175102548121243e-02
2.438111707056535640e-02
2.935232910830303660e-02
5.200555615620709726e-02
5.480599708885006832e-02
6.946376197877256187e-02
7.894229690336980465e-02
8.410123340962716298e-02
9.285156043688305716e-02
9.412128853464159228e-02
1.030077181394472852e-01
9.808045159023137671e-02
1.010380287879387301e-01
9.656801480003265881e-02
8.959177741445362164e-02
8.671499369605030483e-02
7.693500002809756932e-02
6.834480187724596700e-02
6.279546677599519289e-02
5.020764888143883914e-02
4.503404499353706736e-02
3.903673283184103115e-02
2.954123381122709599e-02
2.719745798273801030e-02
1.826360910458788012e-02
1.265251197559257371e-02
8.552390798463564356e-03
-2.445530331559502089e-03
-5.957382520475354437e-03
-1.863466105580828189e-02
-2.959298180936723727e-02
-3.576367906762612653e-02
-4.358878768723471742e-02
-4.446406431502901435e-02
-4.298812298484410571e-02
-3.548880751304397951e-02
-2.231124023004868104e-02
-1.879561814160083180e-02
-1.586966979169536496e-02
-9.311883270028697285e-03
-5.208255486315646783e-03
-3.029372750069479411e-03
7.194054694330690239e-03
9.326584044174820662e-03
1.501763765199817802e-02
2.027638972633307585e-02
2.006322551029966414e-02
2.237989366791060669e-02
1.087030202367861645e-02
8.428431818206598078e-03
1.107918673985242887e-03
-1.008832395387041815e-02
-1.504522126048241787e-02
-2.627424545617103660e-02
-2.998783641376954676e-02
-3.834471769344396930e-02
-4.609087028625941107e-02
-4.835059644514431987e-02
-5.655113118754094559e-02
-5.660814792097202536e-02
-5.820801692014776485e-02
-6.192614414751042295e-02
-5.706235280097928658e-02
-6.162930730845287558e-02
-6.018924957719392482e-02
-6.346717620830334694e-02
-6.367970023293013926e-02
-5.921068563469496226e-02
-6.163274572548021329e-02
-5.587413083959143212e-02
-5.627785500635296839e-02
-5.970942153890283766e-02
-5.811144568435278740e-02
-6.655068111260273311e-02
-7.141837924755183031e-02
-7.112604718349704869e-02
-7.964122193913407421e-02
-7.779871530083315445e-02
-7.895326342155692401e-02
-8.258563008714896181e-02
-7.703117765932633587e-02
-7.525283049013452297e-02
-7.158908867316465807e-02
-6.169591845022497772e-02
-5.939912348909433260e-02
-5.240283638254725207e-02
-4.636648826546856811e-02
-4.473050460956209257e-02
-2.802317516381023013e-02
-2.530068279004982906e-02
-1.805816331608094821e-02
-1.313569642214235805e-02
-7.053944998077786577e-03
-2.400232828681499262e-03
-1.585457654922821022e-03
7.571895985002526086e-03
4.773517342457262759e-03
7.176118273125598954e-03
9.411124248802492376e-03
1.670095843605873872e-03
4.530229736325109592e-03
-2.453326162135764914e-03
-6.315043754168750238e-03
-4.704140098781443846e-03
-1.789315772405624533e-02
-1.611790120238224336e-02
-3.682171875195131699e-02
-4.695260142092041317e-02
-5.252263286292813138e-02
-7.454941758607951108e-02
-7.361002281726036767e-02
-8.721295220920759206e-02
-9.552953074247326481e-02
-9.322582526272712999e-02
-1.060044394737762324e-01
-1.040050440559092404e-01
-1.087994008791190736e-01
-1.149729836025627921e-01
-1.080930879816702633e-01
-1.105940089808383209e-01
-9.777226590371809745e-02
-8.495909661627894238e-02
-6.937179694326184309e-02
-3.343070578935005560e-02
-2.008794945939971002e-02
1.322005048524877574e-02
3.383020055487862693e-02
3.291716731650035782e-02
5.412770127253338504e-02
4.655428111126826141e-02
4.459040166948205486e-02
5.061233454445091678e-02
3.734641070066760382e-02
3.414044450638330230e-02
2.779399203705399182e-02
1.733555160953783800e-02
1.328486966448068352e-02
1.119607988819689044e-02
6.722348604930586044e-03
6.691227838534703591e-03
7.593492606818032752e-03
5.182323932413172678e-03
9.950921141504219525e-03
1.317972249816263229e-02
1.660963086302267785e-02
2.820812234384575956e-02
3.192430716247759287e-02
4.135262134700209979e-02
5.219411673078148267e-02
5.613968767251462100e-02
6.903184797903230696e-02
7.387015213563655203e-02
7.811611468123907942e-02
8.700704459598568308e-02
8.717417789460066291e-02
9.264074328904821354e-02
9.590910130721388982e-02
9.419096299477189294e-02
9.906601456152769325e-02
9.566583720477771224e-02
9.383883507824994363e-02
9.352512304991696113e-02
8.185570118316626287e-02
8.024103156135292680e-02
6.897275198333359392e-02
5.544446339506469562e-02
4.724252274624735071e-02
2.615659023626966742e-02
1.835321748615545423e-02
2.858747878453737293e-03
-8.283617503289944506e-03
-7.179799141626030078e-03
-1.614272346701822736e-02
-1.426626235614446986e-02
-1.223459457061424477e-02
-1.460890972921336656e-02
-8.636027336749606612e-03
-9.340181414398700602e-03
-1.010416557945769192e-02
-7.606993367771232133e-03
-1.199413886005280816e-02
-1.302459396551922631e-02
-1.786553409167656453e-02
-2.359408376708327371e-02
-2.457130624715163358e-02
-3.803997103908026561e-02
-3.071360742707978514e-02
-3.505886048499149560e-02
-2.834497271443174940e-02
-2.034459177987138143e-02
-1.922730089605259943e-02
-2.203818524995044094e-04
3.397481602571640960e-03
7.471498919526324035e-03
1.750482721704158667e-02
1.399464966671304898e-02
1.716059071786550996e-02
1.670872183718122642e-02
1.647858937790820351e-03
-3.225410707596434307e-03
-1.152704758889441274e-02
-1.644427119359477898e-02
-1.097479770934309783e-02
-7.938834740279581206e-03
-1.634341422110087427e-03
1.659923380146141559e-03
1.440719523515954789e-03
3.822114441085725824e-03
2.751130889502568892e-03
1.968935890898959422e-03
-1.648423587313802181e-03
-5.910207319949612598e-03
-1.153819023859640504e-02
-1.921843731637755057e-02
-2.564288570088291835e-02
-3.046448815173718322e-02
-3.573523549851345682e-02
-4.231698175643839460e-02
-4.644465265252635533e-02
-5.200842669373183930e-02
-5.661864864414783982e-02
-5.901707571621914172e-02
-6.355063101795677127e-02
-6.485881204402940692e-02
-6.676421454002351430e-02
-6.862178683203618013e-02
-6.646447522065469793e-02
-6.525647943842947940e-02
-6.014104519153557621e-02
-5.348775062115387197e-02
-4.399826252778243213e-02
-3.277613839440515070e-02
-2.169152463027026329e-02
-7.463824355168392072e-03
4.824008496628191117e-03
1.427258852787036646e-02
2.367347051224975157e-02
3.171089322412805334e-02
3.295297685810145982e-02
3.899630456847928694e-02
3.813602995101696147e-02
3.369511827683268484e-02
3.249022084752078987e-02
2.456108086851379463e-02
1.831749326637728895e-02
1.441811951577057563e-02
3.584100452204109881e-03
-1.091591181913514463e-03
-6.913628080406380126e-03
-1.826740386195768381e-02
-1.841138020797791416e-02
-2.678074335830449987e-02
-3.081469489765335454e-02
-2.840783808603636329e-02
-3.650556450886852794e-02
-3.369436039973626451e-02
-3.513209065350077209e-02
-4.320603195675953162e-02
-3.668572730780897406e-02
-3.761387810831032935e-02
-3.732377644873608596e-02
-2.937023959163748490e-02
-3.354898112898649365e-02
-2.614589884071275017e-02
-2.294370127892406477e-02
-2.319160053308434721e-02
-1.130331124839503883e-02
-1.124612091755161462e-02
-9.594979477110413685e-03
-5.399184351450502829e-03
-5.850879090524988349e-03
-4.477992300992878275e-03
-1.841590199973143016e-03
-3.689441727310435303e-03
-8.036224094436641248e-04
2.167950546048243925e-04
1.993076794244359393e-03
1.386398529610759385e-02
1.727693781356760827e-02
2.964646374268793683e-02
4.040447517998621563e-02
4.286523808496315452e-02
5.931857285357813869e-02
6.186505310067909325e-02
5.535295058531641832e-02
5.753531888912168796e-02
5.249032171285485798e-02
4.204086169964008773e-02
3.427841201914791358e-02
2.916491628492324031e-02
7.566056503560228061e-03
5.185626781748931685e-03
9.002331185067665321e-04
-7.201044505982972729e-03
-7.903913376644360056e-03
-9.709231863285001235e-03
-1.266539662066793609e-02
-1.238232446619039542e-02
-9.419867516592590057e-03
-9.377932948630705520e-03
-7.603247135055877549e-03
-6.263416462800274614e-03
-5.707375814197294429e-03
-4.553406804450660893e-03
-3.637597208736389510e-03
-3.138297137719845038e-03
-2.163743611882968862e-03
-1.128019248721263707e-03
-1.005562632174894890e-03
7.736558398126465539e-04
6.557178740485189970e-04
9.714723753678546634e-04
1.550300592379482171e-03
1.015288486889825590e-03
1.254004483088687729e-03
1.342430277032668866e-03
1.157291301791740432e-03
1.291709030849843339e-03
1.239110392109012441e-03
1.208820220387515085e-03
1.245099369598622052e-03
1.212841065299011083e-03
1.216599474014713831e-03
1.220708925605109305e-03
1.211648910882375018e-03
1.216370195238281526e-03
1.217605505277834840e-03
1.216732423022520758e-03
1.223820099554272190e-03
1.229483784867134140e-03
1.231194415008238403e-03
1.255995849647630232e-03
1.262343978229326941e-03
1.277779563825669901e-03
1.353250667166631255e-03
1.332924893038719234e-03
1.427818617712302285e-03
1.585776858590499157e-03
1.465761463467637636e-03
1.840432562163302373e-03
1.996756824535962649e-03
1.674134645011774109e-03
2.856984851815122257e-03
2.977184303069242786e-03
