-3.477993545329445633e-03
-3.529593373953014961e-03
-6.518454526371907781e-03
-6.255535284018684007e-03
-8.481424986813295569e-03
-8.819530306971534034e-03
-1.005653300898168463e-02
-9.672378930570843178e-03
-9.853674654615196885e-03
-9.999326817846349025e-03
-9.761508633174629385e-03
-9.883196600177522606e-03
-9.837768499379761708e-03
-9.797617312380210025e-03
-9.829969270023622419e-03
-9.801653695724173165e-03
-9.802555208944187595e-03
-9.804822606920960901e-03
-9.796645870248350471e-03
-9.798472670650265268e-03
-9.796120283206307539e-03
-9.794541749342714973e-03
-9.792970371951138092e-03
-9.790643874691048673e-03
-9.789684931646201044e-03
-9.781606533561958486e-03
-9.781721398078169552e-03
-9.771202946688324620e-03
-9.749920151176197022e-03
-9.754973476898839979e-03
-9.674555929669547555e-03
-9.657227120881104604e-03
-9.538311708003836820e-03
-9.148183507244892626e-03
-9.248303098118044324e-03
-7.811453816656082488e-03
-7.608251126744505419e-03
-7.437875879418939622e-03
-6.728588763110503364e-03
-6.513259564970885589e-03
-6.453322014722019662e-03
-5.700476168077201790e-03
-5.812153609267187507e-03
-5.264159220054158081e-03
-5.165706567447950551e-03
-5.208074328712972677e-03
-4.730171369618216271e-03
-4.414870734426342216e-03
-3.277800268196471526e-03
-2.523775313410333947e-03
-2.795553197969702797e-03
-2.874449019373609762e-03
-4.745444953715581039e-03
-1.398582539106882870e-02
-1.543116208203084046e-02
-2.069339441298101781e-02
-2.427679053792944353e-02
-2.460582168060763616e-02
-2.783232481300821834e-02
-2.721017947593144803e-02
-2.531840611917584791e-02
-2.319899733614422255e-02
-1.322932875568750936e-02
-1.535975190830913759e-03
5.392504352514980101e-03
1.271708744735057343e-02
1.565918298138559844e-02
1.633263757472605895e-02
2.007228857871801511e-02
1.842379628582901940e-02
2.103093392282833277e-02
2.342480659998770823e-02
2.283328616782090772e-02
3.071524993547686613e-02
3.181061476023128859e-02
3.798151563670285058e-02
4.868127154769369414e-02
4.855976792879434373e-02
6.187121884027425162e-02
6.334536605935039977e-02
6.215206362963388020e-02
7.008337569558589775e-02
6.289802390406394605e-02
6.347085450359264691e-02
6.311320031429172583e-02
4.995547874960765133e-02
4.911478771003550264e-02
3.797693558429726668e-02
2.619363882046229358e-02
2.517108441786451711e-02
1.210653259818527359e-02
7.139921633233748885e-03
2.607665225738902727e-03
-5.269889743097048128e-03
-7.247867880819523073e-03
-5.227118008543842065e-03
-5.805230753499113563e-03
-3.299384929732476594e-03
-3.630514375329451596e-03
-2.037194637034968597e-03
-5.558869476927672838e-03
-5.649566830190435457e-03
-5.001828034085091350e-03
-6.572742702688678419e-03
-6.926159846861024323e-03
-7.935644593681101186e-03
-6.163587637035495420e-03
-6.072534478207235187e-03
-4.770713692173290249e-03
-6.153912017765003108e-03
-9.002822569383081217e-03
-1.055434102635744754e-02
-9.314171734245951795e-03
-1.043476894208839219e-02
-3.683788501545235371e-03
1.501213795170442235e-03
7.061481863951942634e-03
1.808039860479707800e-02
1.514294021361330816e-02
1.697994312354255547e-02
1.637691193904053724e-02
6.216618687869201847e-03
4.214171571295968928e-03
-2.932682212240231073e-05
-2.433105842042598485e-03
-5.469193543589583950e-04
-1.714040073759894901e-03
1.903508459471278018e-03
2.028425455168685661e-03
7.982882546507048989e-04
2.131387208375220502e-03
-3.463996476135453658e-04
-1.388975582653278248e-03
-1.568214545866630175e-03
-9.662088564287631479e-03
-1.226471707957642321e-02
-1.143293268422198271e-02
-1.882834986706792210e-02
-8.424864340824129993e-03
-3.033925905361946253e-03
-1.047775712662897584e-03
3.107854275622222093e-02
2.928486217029249716e-02
4.508054771284628753e-02
5.188292939772909396e-02
4.099029022940403610e-02
4.603112643505891111e-02
3.755853005866717498e-02
3.494864321144208752e-02
3.598471149697399923e-02
3.300885701320109555e-02
3.449098212220401416e-02
3.446827236269516676e-02
3.369821200684584850e-02
3.533935787797489597e-02
3.483641120189073792e-02
3.523972957790684479e-02
3.634476956544884646e-02
3.574357213501168362e-02
3.670109050371401366e-02
3.711889713785463535e-02
3.642054863116459679e-02
3.781647715536965576e-02
3.671207161544054465e-02
3.616632017369451890e-02
3.560904070035636471e-02
3.162839793981016279e-02
3.020659118136353322e-02
2.730801966312745507e-02
2.316655984987195036e-02
2.138081392846320761e-02
1.691265850677018540e-02
1.335540456036015886e-02
1.074002037156576023e-02
5.513358072868537914e-03
3.933783921902671114e-03
1.268750537939069992e-04
-2.143982136256895096e-03
-3.462761225563431612e-03
-6.891312703003888741e-03
-4.840916282586472247e-03
-1.046510322944691623e-02
-1.145020221894452010e-02
-3.106508973276017084e-03
-4.905136257587241512e-03
-3.470266349399001981e-03
-2.160814316591702557e-03
-7.981771770890265169e-03
-1.227362387852417788e-02
-1.969176507373212454e-02
-2.764510391461852748e-02
-2.404797997341372867e-02
-3.697120144167737738e-02
-3.506808833813097187e-02
-3.191680635821986245e-02
-3.490060023591300825e-02
-3.083931421519852528e-02
-2.439463433023625338e-02
-2.431441848757250404e-02
-1.465374788528002979e-02
-4.108805618747645664e-04
-3.907718364662245841e-03
2.048390451221731093e-02
2.451880543537044918e-02
5.865205505372314380e-03
1.334750725805262765e-02
1.067766681234926310e-02
4.113240916907156750e-03
7.644784584838429375e-03
3.489393555989665253e-03
2.832887360559937888e-03
3.671235726793329636e-03
2.801818496009416022e-03
4.109425507556191404e-03
4.633605065620760403e-03
4.997940976195390343e-03
6.159904123371294851e-03
7.921877521480035281e-03
7.946960118539877008e-03
1.161952222972368644e-02
1.452755443629516648e-02
1.450307067266451075e-02
2.528518699360181310e-02
2.674014489777114950e-02
2.832707855691161264e-02
3.313629535776801971e-02
3.297676391991578165e-02
3.544968668023287806e-02
4.033723486374012068e-02
4.214230299875393326e-02
5.099796558296839505e-02
6.000045068482606075e-02
7.875359923624249137e-02
9.357952351917947498e-02
9.882743313758690640e-02
1.095163403371090527e-01
1.089557220886197969e-01
1.107493885671507333e-01
1.105620054804202362e-01
1.051636252547722833e-01
9.959301369483228306e-02
8.138771710146130989e-02
6.616440048682101227e-02
3.657354693214879410e-02
2.772072452233349457e-02
1.135168230978591576e-02
1.134318482702656537e-03
2.365019990602567691e-04
-5.746818903315651338e-03
-1.075556425664814068e-02
-7.701493240555855845e-03
-9.367387502042955408e-03
-6.850158743937422370e-03
4.495931983591920471e-03
6.996532031647422281e-03
1.421138136810661499e-02
1.951925285781212424e-02
2.414267767364449910e-02
2.828622888259177404e-02
3.004018463722333415e-02
3.142661914920880789e-02
3.342233468055039874e-02
3.379688078229230175e-02
3.653571227745681937e-02
3.870717054362596971e-02
3.995880497337588738e-02
4.568563437497556723e-02
4.695347057200192908e-02
5.117217083744940442e-02
5.509140555583806609e-02
5.633927556401978343e-02
6.072558871079670323e-02
6.246606384261205874e-02
6.373829435068829874e-02
6.731253071576465130e-02
6.633163433861762048e-02
6.766886338986220772e-02
6.706842777712142267e-02
6.120174078616900243e-02
6.011006232764710966e-02
5.316471228816380123e-02
4.693785833716621059e-02
4.045914809297090214e-02
3.023559443114296266e-02
2.583487487304086949e-02
1.244449509179969098e-02
7.952087663375627044e-03
8.762491053742070329e-04
-3.123047967652888696e-03
-1.988397541668840245e-03
-1.496884980460109777e-03
1.756976882951291662e-03
2.390056134382763375e-03
2.828939802840320632e-03
2.272693822332937097e-03
-3.334945859681669785e-03
-3.341220993944596981e-03
-2.873139829200426452e-03
-3.923151744806559031e-03
1.767782673572063654e-03
1.423090658640282407e-03
3.688507417699490171e-03
7.361588804102909764e-03
8.313638901443149223e-03
6.455701225267839426e-03
1.117345641190712778e-03
-1.627686540642860709e-03
-9.988396512538664368e-03
-1.095244528798638636e-02
-1.324655117748846714e-02
-1.604942517225560125e-02
-1.002932037735515362e-02
-9.849758999023962638e-03
1.749465896243157558e-03
5.514472828782184671e-03
1.189594795281203807e-02
1.984805301064920813e-02
2.445545715727111616e-02
3.499775850887649337e-02
3.640955249281858236e-02
4.211525684065033082e-02
4.287400399312760874e-02
4.268242697978617828e-02
4.475656968318784956e-02
4.348577239403865480e-02
4.506094603874777338e-02
4.449017380254027820e-02
4.548692608964841066e-02
4.932454407941899016e-02
5.090860363075499356e-02
5.602318179752045074e-02
5.824805694737602429e-02
6.257865482956280478e-02
6.420359120564053668e-02
7.004013602700993879e-02
7.254029667917777369e-02
7.400462601324923895e-02
7.869596700108628939e-02
7.552919702063112806e-02
7.551335059837441244e-02
7.630344206370602567e-02
6.739602778413371353e-02
6.676839946398123449e-02
5.865839832958608113e-02
3.787304639179335519e-02
3.358178743804523386e-02
1.728156455985620232e-02
1.018204687180270830e-02
9.083679079380001589e-03
9.315097058846038766e-03
1.342048279346324223e-02
2.024937587675928671e-02
2.317707452639110322e-02
2.238704285852588516e-02
2.600181346035410415e-02
2.162485600634115115e-02
2.445176765944262129e-02
2.131830306005853826e-02
1.757432962555122505e-02
2.108006917763576363e-02
1.429188719394142160e-02
1.516962520154248838e-02
1.402426139239118172e-02
7.804228567786182513e-03
1.138082573910443804e-02
4.178045795306090104e-03
9.794212704959033588e-05
-1.746869868919815943e-03
-1.894385803480758135e-02
-2.058858701634114566e-02
-2.639795322893916107e-02
-3.446990282635586239e-02
-3.123506687087876030e-02
-4.041814108691592355e-02
-4.077013168074473948e-02
-4.663175791968791201e-02
-5.153243943511102293e-02
-5.056687152265108842e-02
-5.576588807157301098e-02
-5.414302504959735834e-02
-4.679436409367448285e-02
-4.621724606461477536e-02
-3.629564634002187956e-02
-3.315579116982429048e-02
-3.160123979990947518e-02
-2.741247747641445756e-02
-2.278348336049925218e-02
-1.734950055868484525e-02
-1.131350457622057500e-02
-3.222788325496363671e-03
-1.550603353167193848e-03
-1.519688943023311724e-03
-4.354496819629606824e-04
-1.301615076568245558e-03
-1.758799168938671121e-03
-6.260156226977104006e-03
-8.313685949081103116e-03
-9.036229892095574284e-03
-7.965364058686998788e-03
-5.325753837460925171e-03
2.292654618450002887e-03
6.033321284698418829e-03
1.234429530883872014e-02
1.199629455082073907e-02
9.044410440135318072e-03
5.325029477392637794e-03
-3.848870302475116897e-03
-6.537984238552021175e-03
-8.843377123126707970e-03
-8.355931579759664357e-03
-7.656235466444948588e-03
-3.445333754733399551e-03
-2.176871675786975731e-04
-2.193718912203798058e-03
-2.402773103260872484e-03
-3.172386249023855052e-03
-3.855201574978447173e-03
2.710686387126885147e-03
8.374390625877138963e-03
1.988907554565244248e-02
3.853027581566025039e-02
6.151625982242148183e-02
7.107571214169826346e-02
9.733898930273576777e-02
1.076576244293454415e-01
1.143847032637026057e-01
1.321745099532782297e-01
1.312677113758090874e-01
1.370871559556920138e-01
1.393668457328398336e-01
1.346066249456347175e-01
1.355451154502082256e-01
1.241821230630443251e-01
1.197111623119185286e-01
1.068982976641139754e-01
8.898692584469612699e-02
8.228062800038103697e-02
5.476886643691972201e-02
4.800584374053243342e-02
3.762146863250478285e-02
2.300440182036850995e-02
2.165599337685950379e-02
1.205268306435015695e-02
7.492969768351072368e-03
6.279764454627822547e-03
1.059707258667168207e-03
1.639533234264635778e-03
3.450163166797088742e-03
5.222503545691474514e-03
9.321062879386419336e-03
1.833185304698261436e-02
2.283400639949653352e-02
3.368842889799831403e-02
4.674648523864294997e-02
4.872210592449484345e-02
6.389154805405485027e-02
6.223320763130571476e-02
6.520459624073772498e-02
7.014880787660331130e-02
6.245182002715674724e-02
6.625951846182140392e-02
5.937698308437344696e-02
5.224653310805058709e-02
5.134012906921607555e-02
3.544602563569641818e-02
3.113099006142247202e-02
2.452445656803589613e-02
1.338122070140803851e-02
1.235411863070110840e-02
4.385615517552485937e-03
-7.355157531993847600e-04
-1.720018468077534439e-03
-9.063656195304581331e-03
-1.060108205402197565e-02
-1.326978598996964714e-02
-1.968253251664961803e-02
-1.928850311491198122e-02
-2.538454541222658761e-02
-2.708713095449166372e-02
-2.546236402226130166e-02
-2.597422793596472143e-02
-1.857362691332942184e-02
-1.763641946877578942e-02
-8.556750047302974158e-03
-9.775450756318112069e-03
-8.757439133852205904e-03
-7.158088081435331519e-03
-2.100730146963083328e-02
-2.264825602964135737e-02
-2.780284686208835815e-02
-3.619838486480292383e-02
-3.448420085290819503e-02
-3.464805575930089698e-02
-3.248658268319595810e-02
-2.788951472724785288e-02
-2.721459892564106683e-02
-1.357916634900288751e-02
-1.276138430259344918e-02
-1.069076139285886871e-02
-6.295784964618869606e-03
-6.599742089174946529e-03
-4.380837349984797492e-03
-4.449340086010533310e-03
-3.587177159207409396e-03
-3.184108297934251219e-03
-5.208324373462927537e-03
-5.386173424234489727e-03
-6.382041158016069603e-03
-7.350770427459795385e-03
-7.786403093025297435e-03
-8.357110474716844886e-03
-9.021452049406511117e-03
-9.532208461678223776e-03
-9.792990801408623172e-03
-1.076860221058163584e-02
-1.095213234468355237e-02
-1.141051514702576090e-02
-1.190888388959020737e-02
-1.225510274150737322e-02
-1.258862781590251029e-02
-1.307738237515112395e-02
-1.379990286903172089e-02
-1.381744460109427496e-02
-1.528021643600437941e-02
-1.524306802433075293e-02
-1.552372960825764737e-02
-1.593957716691261212e-02
-1.588658106418932084e-02
-1.606573647188382775e-02
-1.613927825238549441e-02
-1.614491052010981822e-02
-1.620864724597724862e-02
-1.621796014260912244e-02
-1.623113021195390915e-02
-1.624794723943995614e-02
-1.625026185064975398e-02
-1.625700235351505707e-02
-1.626085170253805529e-02
-1.626234984262198840e-02
-1.626460486963853674e-02
-1.626592990849808074e-02
-1.626659492207239988e-02
-1.626715891082611970e-02
-1.626913026004666793e-02
-1.626771407656155133e-02
-1.626990489533591822e-02
-1.627354089977011212e-02
-1.626612518422379527e-02
-1.628096569952545286e-02
-1.627827239619638461e-02
-1.626522217858588151e-02
-1.631332408666371150e-02
-1.628176803228759129e-02
-1.627865276309506740e-02
-1.632331961312356514e-02
-1.642913918718483593e-02
-1.596973563032784080e-02
-1.625089371109192382e-02
-1.650372726666576514e-02
