1.027479540432324739e-03
1.156676287098374516e-03
3.381315082873567138e-03
3.407738318096739053e-03
4.049411282180999209e-03
4.439550792185975245e-03
4.029722948586575079e-03
4.314447590147436028e-03
4.272788340528247547e-03
4.231798362361754474e-03
4.307415094042222128e-03
4.273362004564817442e-03
4.285250179433311955e-03
4.296129956917553970e-03
4.287590654972266505e-03
4.294827380376447547e-03
4.294612729359866508e-03
4.294018934095669877e-03
4.296093048725650211e-03
4.295630215976621938e-03
4.296224722824118665e-03
4.296622866477641314e-03
4.297020760597576594e-03
4.297609252574119583e-03
4.297820329741375636e-03
4.299881891417079230e-03
4.299760664002466419e-03
4.301913940157103301e-03
4.307568271537084818e-03
4.303666428675897992e-03
4.318459887729354622e-03
4.324374685958858044e-03
4.314795162390910356e-03
4.380582160151235208e-03
4.340519626263516020e-03
4.369286367097314355e-03
4.444901806771747732e-03
4.472647632862501721e-03
4.720388863998921727e-03
4.833952763140394494e-03
4.812434493144376012e-03
5.913297860987943785e-03
5.867271987531440594e-03
6.046607326269350796e-03
6.037506295731963867e-03
5.896316293486823790e-03
5.654038018454619029e-03
5.832414412513157488e-03
6.499477530417773971e-03
6.883637366967867294e-03
7.263759208796263973e-03
7.536540813417843925e-03
6.558963306470764684e-03
3.299328944804290602e-03
2.729448729623282568e-03
1.271228934408228425e-03
2.391720580205957129e-04
1.377159431635014602e-04
-9.528843906347642069e-04
-9.942801561865425956e-04
-6.034756491366085251e-04
-3.791655762764397004e-04
2.986498844914128436e-03
7.197463441149850455e-03
1.048680785427530578e-02
1.302827139507942156e-02
1.376261156357745825e-02
1.307682408929004836e-02
1.397446098017822262e-02
1.320997091086646182e-02
1.371938789024881346e-02
1.432357781422691559e-02
1.407532987519174994e-02
1.623489351499456806e-02
1.639995806123676139e-02
1.839047350963341279e-02
2.168079354861321764e-02
2.180423038415021941e-02
2.737552458881079356e-02
2.777910065258930999e-02
2.739576841542153487e-02
3.006899225182342594e-02
2.764684175033665925e-02
2.785894056229578156e-02
2.777870060973000599e-02
2.267630955954889546e-02
2.227975688859411968e-02
1.864979548176385477e-02
1.481550238413695438e-02
1.516453721580503754e-02
1.127084697851669405e-02
9.655847977106021482e-03
7.786029461713467673e-03
4.655263838150727404e-03
3.830533401441651737e-03
5.042765246879315870e-03
5.324320646611391608e-03
6.589393686746235212e-03
6.675458664122356500e-03
7.266978034490287688e-03
5.457137921665492983e-03
5.365343111602590732e-03
6.453839434594201181e-03
5.946168435122637513e-03
5.505557557078151303e-03
5.017258757799719811e-03
5.897489992294259464e-03
6.025199491219249484e-03
6.882820999424061302e-03
6.073155014800159582e-03
4.828191182723669435e-03
3.993320967595116733e-03
4.394212800047639020e-03
3.390923074798673012e-03
5.180893414322407763e-03
7.074101632816760105e-03
1.032521630855082195e-02
1.529766649217390896e-02
1.433411398157799152e-02
1.484072912172659450e-02
1.423929574330973398e-02
9.258739444379510825e-03
7.646513448659770541e-03
6.863947787541136922e-03
6.611696173674610523e-03
7.248399131769989873e-03
7.191941014396730641e-03
8.178125296932930999e-03
8.324933024121346919e-03
7.820092150903606293e-03
8.227909650465726685e-03
7.476972787179925542e-03
7.549158933468959505e-03
7.295387733566224657e-03
4.456722581196715521e-03
2.816632334017840199e-03
2.818246046607550664e-03
7.990355177480206947e-04
4.047638909169864498e-03
5.570584944316271832e-03
6.402732174939577102e-03
1.799091973178875564e-02
1.783320125551886293e-02
2.285157740877111904e-02
2.496355731013251422e-02
2.062261191173540842e-02
2.146884784559995041e-02
1.840562820273995356e-02
1.741559784870973585e-02
1.799053866542091665e-02
1.716610072553471228e-02
1.790646419770373574e-02
1.799330281086283789e-02
1.785758077784132397e-02
1.840841774213025292e-02
1.827703890905386583e-02
1.840910749854853673e-02
1.876209337159469304e-02
1.858811573383283358e-02
1.889138688460290788e-02
1.914263381518126542e-02
1.887748348965696821e-02
1.952101857385791714e-02
1.925371927083911056e-02
1.875223114517887008e-02
1.850866639773965025e-02
1.709397844379370937e-02
1.663354632358103602e-02
1.583775261354900335e-02
1.465398885125558832e-02
1.420320828089240150e-02
1.296129325637603025e-02
1.178192573500780500e-02
1.109532684713882694e-02
9.227982026285721021e-03
8.741391328098533850e-03
7.878494659289221949e-03
6.980176635694632613e-03
6.622622003185736281e-03
5.852921161654948620e-03
6.598647561267183791e-03
3.040489570818575519e-03
2.736205625972747395e-03
6.588454755272974903e-03
6.425925756603814189e-03
7.467798955296736998e-03
8.299469536089320795e-03
6.310601023047603640e-03
4.269791865218464794e-03
1.461872696782819721e-03
-6.993110955390335936e-04
7.785970911006143700e-04
-3.726105587371683799e-03
-2.977664912762813774e-03
-1.721064305180669595e-03
-2.585751624060784234e-03
-1.472299608533761189e-03
2.195507582101509651e-04
1.043330761306253147e-04
2.945856950637296915e-03
6.951512517849337165e-03
6.573130816792289131e-03
1.723631033988033343e-02
1.842921272749762154e-02
9.447506997697932563e-03
1.111515106828163228e-02
1.106470364510155763e-02
8.881296112382438754e-03
9.889960229163774486e-03
8.627675250458587478e-03
8.355010627123996350e-03
8.493555368948057724e-03
8.354315642256516378e-03
8.879323615293820832e-03
9.007748137194607554e-03
9.126574143771284953e-03
9.451573401779418335e-03
9.897728681217901267e-03
9.857826716533587760e-03
1.097510957802467872e-02
1.162385882271584764e-02
1.159406057183181779e-02
1.606221178348835391e-02
1.661193292805154126e-02
1.683508788977317039e-02
1.813378971576419529e-02
1.741059999863546828e-02
1.730432666708929881e-02
1.884858130336157511e-02
1.842959856091000784e-02
2.044843653994238980e-02
2.427601228592793717e-02
3.225534994730555605e-02
3.770917816032004488e-02
3.822973894395787636e-02
4.130627034736776559e-02
4.067734138762175294e-02
4.110246394384600016e-02
4.141308034213858624e-02
4.026982772961855417e-02
3.913265710212484455e-02
3.318113974592468152e-02
2.766264631823993000e-02
1.755359890602775988e-02
1.534521981003227065e-02
9.159386763813075552e-03
6.434234610387474552e-03
7.130638657995609295e-03
5.729310576098890426e-03
3.774831291362930937e-03
4.697116089455068665e-03
3.625269011255789677e-03
4.329055973009345026e-03
9.168174707522109765e-03
1.015029793811633024e-02
1.237020439491815296e-02
1.404486526431427372e-02
1.573007853464656117e-02
1.689401015895312941e-02
1.735403230176280065e-02
1.754754785380939833e-02
1.781272771821526199e-02
1.775071412228843015e-02
1.846888572115893551e-02
1.898537083309494514e-02
1.917667776039772010e-02
2.142099648852101648e-02
2.170866898944700044e-02
2.338673301882435857e-02
2.461665987774933409e-02
2.500687431781065465e-02
2.639731044679588176e-02
2.701481738294469331e-02
2.740134093752582059e-02
2.878057506537853860e-02
2.869909174565675111e-02
2.893437211595263625e-02
2.880179960234699466e-02
2.636615507921191703e-02
2.603543718311640207e-02
2.401029262694156022e-02
2.177403912780753736e-02
1.988408717167487044e-02
1.689175699165201480e-02
1.560275753000405462e-02
1.060140146661910435e-02
9.360550627321929246e-03
6.785965659763202977e-03
5.502453169227848780e-03
6.018462367730030918e-03
6.814672122371800110e-03
8.452236782559746295e-03
9.010137233953628699e-03
9.432668066549980759e-03
8.678812427635837490e-03
6.200440993632481620e-03
5.866494549664995686e-03
6.244534963826414882e-03
6.080083749522876939e-03
8.011969721921726253e-03
7.693956824001168572e-03
8.669398676784751540e-03
1.072485900012806574e-02
1.183577826508823080e-02
1.069967463225369488e-02
8.268868298370889158e-03
6.837266210952089827e-03
4.098646181182299258e-03
3.854357991111817278e-03
3.224644979351302346e-03
2.130608239544550843e-03
4.463374704705448497e-03
4.708404652355072974e-03
8.574746366978283976e-03
9.636534819410940561e-03
1.109732279641241492e-02
1.335336976437885743e-02
1.514166352525606572e-02
1.870142926974338246e-02
1.921306373404337020e-02
2.140058338313878539e-02
2.144845677119919594e-02
2.092957309008188285e-02
2.138413635835717530e-02
2.095265860313968997e-02
2.116767805211779152e-02
2.037347382196195295e-02
2.060098946609763629e-02
2.235580298443616207e-02
2.306524707669887694e-02
2.454578183226846858e-02
2.485013344993917961e-02
2.618091211187543316e-02
2.657141611746510410e-02
2.850170420592490483e-02
2.938619254203233416e-02
2.981601018153874974e-02
3.129213845563017654e-02
3.007130577741852495e-02
3.031551526170046112e-02
3.063491654667179973e-02
2.819483612550886462e-02
2.889882783021138768e-02
2.635350391523703234e-02
1.876419319107501538e-02
1.737771531337147651e-02
1.154979516919216014e-02
8.259990315887340631e-03
7.945098034662952460e-03
9.030900425908240658e-03
1.157469101155517328e-02
1.471480777827154085e-02
1.650486485258291156e-02
1.524904079990768366e-02
1.627764294884172930e-02
1.459434655986939500e-02
1.567044004337011728e-02
1.407490102452356624e-02
1.297739592463542646e-02
1.453663663443482447e-02
1.225960273179643560e-02
1.255743867367219851e-02
1.200393298862499104e-02
1.025026042853948750e-02
1.181422896383002227e-02
9.909553433766482566e-03
9.227078287663247058e-03
8.235455598953927286e-03
1.101669994657168694e-03
1.319026007883492848e-04
-8.490903678082875605e-04
-2.696664356329972999e-03
-1.027221966075665249e-03
-4.133649836507140990e-03
-4.239481041561311489e-03
-6.507961989255079370e-03
-7.941672435466888558e-03
-7.906538045561883540e-03
-9.665600855226857968e-03
-9.157266574910291959e-03
-5.880122290161966282e-03
-5.431723273498741296e-03
-2.479537912647275869e-03
-1.611728218630917612e-03
-1.581122681771133598e-03
-6.987810253323543681e-04
7.438483734824541350e-04
2.357021841316896300e-03
4.716793677121847682e-03
7.620833598496361445e-03
8.106263135500533373e-03
7.638349116105357973e-03
7.914274092284663206e-03
7.858660404137338129e-03
7.653120169468982485e-03
5.626951226752799524e-03
4.516980723459985796e-03
4.307673431532417149e-03
4.516309187002730610e-03
4.784257258598007684e-03
7.828104650792477859e-03
1.030442238351359126e-02
1.360272745299241810e-02
1.394788683493922328e-02
1.235602717844796333e-02
9.724653347311578572e-03
5.405934215673350966e-03
4.327341554190886064e-03
4.032056400466737904e-03
4.338864460970591995e-03
4.868333260879668424e-03
6.686806111580772399e-03
8.365094694191679836e-03
7.337201886094477966e-03
6.766043009955008403e-03
5.690909634561441659e-03
5.045861034597209221e-03
7.417818679740170902e-03
8.529432996855133148e-03
1.217870105085327656e-02
1.903872796849807522e-02
2.553752629967680557e-02
2.816478725938678304e-02
3.667743973226864074e-02
3.984921031837154043e-02
4.177559136924838268e-02
4.898761880781633826e-02
4.870483052589544282e-02
4.998905043419177296e-02
5.102020984712745538e-02
4.959062495830784956e-02
4.980845961047965925e-02
4.675436852977128688e-02
4.585743675688757487e-02
4.164780612295634205e-02
3.659034645468828284e-02
3.458194996461379234e-02
2.282616642984304500e-02
2.092992670107908515e-02
1.743578176438949009e-02
1.246117144375164312e-02
1.255175346837491927e-02
9.555801676451742763e-03
8.333193260627825769e-03
8.231983549941106551e-03
6.747274987699091939e-03
7.070104288304148582e-03
7.617561247652527082e-03
8.049745272260025800e-03
9.258602749733620130e-03
1.198000374934394402e-02
1.329183870367994097e-02
1.728301311333314827e-02
2.201550218219196914e-02
2.251800376483453076e-02
2.960175089026623879e-02
2.882850397089387062e-02
2.982305540459907756e-02
3.178862749578876407e-02
2.895454360470174279e-02
3.036822891619453749e-02
2.772222788612995273e-02
2.504735359034223480e-02
2.458745218688128398e-02
1.738663727960778130e-02
1.597098454099699083e-02
1.422322322222751428e-02
1.050909614729538151e-02
1.069439834998452132e-02
8.532335522274472200e-03
7.040969437851089807e-03
6.972510437718418275e-03
4.926829122946848639e-03
4.189400613240748354e-03
3.682036253611741059e-03
1.542559989681698994e-03
1.753729403953660114e-03
-6.034103746053254627e-04
-1.430579286752342973e-03
-4.767003611847192178e-04
-3.847108623924996645e-04
1.450409715814816652e-03
2.232242415708439193e-03
4.580893528492563892e-03
4.621220761894051857e-03
5.815205974315697073e-03
5.968617343958373782e-03
1.427150147672025509e-03
4.704524521243984140e-04
-8.135734493727038137e-04
-3.567340771557253425e-03
-3.038890295784426720e-03
-2.569174479298604735e-03
-1.960202089450419592e-03
-9.868149363163676753e-04
-6.593882065946293260e-04
4.053595620066195553e-03
4.402290802453638803e-03
4.779810847863753820e-03
6.025435347355514136e-03
5.942798183210138904e-03
6.537477142229274236e-03
6.464431037650943644e-03
6.939075591553100185e-03
7.056501036487240926e-03
5.939450254862206624e-03
5.785780411091998900e-03
5.422350382087839059e-03
5.104362435778818721e-03
4.977536095647695780e-03
4.825056908783266832e-03
4.615232848865634396e-03
4.464407027274296634e-03
4.403489663085950745e-03
3.789555996825566542e-03
3.747507611537631914e-03
3.602458041985129138e-03
3.436865135535617771e-03
3.345006675893716624e-03
3.248888455173934691e-03
3.106580708438752385e-03
2.843094706163689592e-03
2.836381612801710649e-03
2.288191536353609713e-03
2.327631924520756970e-03
2.272500612897125627e-03
2.152322147071973005e-03
2.173696621849503883e-03
2.128747138978509534e-03
2.109414069066896727e-03
2.108829748165198196e-03
2.092636784042062326e-03
2.090278626235300263e-03
2.087001769570849975e-03
2.082738172828331284e-03
2.082155308222529127e-03
2.080452693647957211e-03
2.079478353852646458e-03
2.079099680604271343e-03
2.078529351474935928e-03
2.078194066960520250e-03
2.078026383025673423e-03
2.077882849048762366e-03
2.077383622920626460e-03
2.077751195695971657e-03
2.077171229522871247e-03
2.076276333733512343e-03
2.078251711938222494e-03
2.074030012561350108e-03
2.075584239148771642e-03
2.078890470838493532e-03
2.061562895515569541e-03
2.083801473374452193e-03
2.066173240518034884e-03
2.031156286290554738e-03
2.130522939697296250e-03
1.958684353634006226e-03
2.026301908328521657e-03
2.133925262518926794e-03
