1.271268720210811439e-03
1.503430137783514026e-03
5.007663254373433646e-03
4.878268287608805535e-03
6.191068664401330919e-03
7.109467970078896942e-03
7.063322703768466597e-03
7.770956786791856363e-03
7.946010753314807981e-03
8.101126997611908173e-03
8.369370362743079605e-03
8.425567478189625176e-03
8.545962307637242766e-03
8.632846551124657639e-03
8.670099613896998028e-03
8.729065774018354013e-03
8.757438669680844834e-03
8.779887392013338565e-03
8.802034664427929589e-03
8.809810503265647422e-03
8.818362416945321747e-03
8.820792333328454290e-03
8.815230000831043855e-03
8.813174314975137993e-03
8.795864481055102463e-03
8.777410486883109597e-03
8.762606994428523075e-03
8.705682222492277383e-03
8.683961137261882873e-03
8.623000896609361865e-03
8.494072514403034138e-03
8.502446347091997814e-03
8.250173119374561853e-03
8.090811531411130214e-03
8.113527627978196072e-03
7.294212880062343751e-03
7.603108809496765541e-03
7.339913620726906500e-03
7.719436640644012325e-03
8.065663018259856126e-03
7.953669139966585214e-03
1.009072951879502224e-02
9.803111001961493237e-03
1.035948400624510553e-02
1.021913297799338823e-02
9.887782187684187110e-03
1.066593329929356460e-02
1.011151345413973703e-02
1.052263298184649178e-02
1.071160283926553790e-02
8.281688413945366423e-03
8.010371539114458442e-03
5.667625903005228671e-03
2.287578746984550839e-04
-2.824462561039505892e-03
-5.414981599636665976e-03
-1.121140639597289351e-02
-1.384093089586018767e-02
-2.800472246900563567e-02
-3.331405244699229412e-02
-4.432541702992511684e-02
-6.260330222701089575e-02
-6.865221672544964682e-02
-9.387966038597223006e-02
-1.019085801201212588e-01
-1.132534399142881704e-01
-1.234992060102722417e-01
-1.216525760348484558e-01
-1.258041656791386020e-01
-1.238541411992862828e-01
-1.190945606306926252e-01
-1.193431152134581535e-01
-1.119226169022678463e-01
-1.073608432384316469e-01
-1.034258622583052595e-01
-9.211488192875368075e-02
-8.871891997576636379e-02
-8.174977066100105882e-02
-7.469774610411390736e-02
-7.053354218305013523e-02
-6.134716597060387716e-02
-5.572774318610500266e-02
-4.798024893742346142e-02
-3.966340499050727275e-02
-2.815290155979758430e-02
-1.823368896780392170e-02
-1.271752167062218525e-02
-1.961270409613819626e-03
1.831148046964448225e-04
1.018972786911304714e-03
5.491788950391899779e-03
4.525814521926222259e-03
4.741101651231522870e-03
5.248101129088647565e-03
-2.348819980634875315e-04
8.255000849303441508e-05
-1.056105444348326390e-04
-1.273155739501074949e-03
7.891828736306123315e-04
-2.496984749049926955e-03
-3.113984461890246299e-03
-4.271205328077494999e-03
-7.567756434128011453e-03
-7.431516895802425283e-03
-5.157111522859433514e-03
-1.904440827718499075e-03
8.023453866274034979e-03
1.074509646244957081e-02
1.959409915637904884e-02
2.982344232151724547e-02
3.055539074602622168e-02
3.620347543156326314e-02
3.853876925909876378e-02
3.862362392239827857e-02
5.284027845749093844e-02
5.576890629815806771e-02
6.189040642845520385e-02
7.158912091794833454e-02
7.215979607223460546e-02
8.241446652826016350e-02
8.554590232877716527e-02
8.747989159999829123e-02
9.225106526908487259e-02
9.172424260011707853e-02
9.078918436768956823e-02
9.037619100725466370e-02
8.504492566151014565e-02
7.636385716503546472e-02
6.965622659803565042e-02
5.444959694046214854e-02
5.068143106375592316e-02
4.406607741859513289e-02
3.628044399619420601e-02
3.475060340959396782e-02
2.889695644932667798e-02
2.665195748283059884e-02
2.445913362357818310e-02
2.120564546845745205e-02
1.974770873139312238e-02
1.784923620518836726e-02
1.571440993843184128e-02
1.378278354435464627e-02
1.142290549933884340e-02
9.150740657532782651e-03
7.301465720207160441e-03
5.358779054370199461e-03
4.020563103681530810e-03
2.639512102201703372e-03
1.784435019676025580e-03
1.321156216815504766e-03
1.618212792249178319e-03
4.456364101229163058e-03
6.028676988071693214e-03
7.439747546176823413e-03
9.933507529742107225e-03
9.839677148373584051e-03
8.332445326492576854e-03
8.604779454119833651e-03
7.365143850077260530e-03
6.967685824284539434e-03
5.152899391004942681e-03
4.453654556242775397e-03
5.027586121909504747e-03
4.079478074898935241e-03
4.307880036010847125e-03
4.000330050014721389e-03
3.968782528272088959e-03
3.970244999847858530e-03
3.469965139630412036e-03
4.112813734682241144e-03
4.799789056896647602e-03
6.283025584118360693e-03
6.376773219910706475e-03
7.736356530125565630e-03
1.088147868388011572e-02
1.122463215183866145e-02
1.346121847543209175e-02
1.276519069350246123e-02
1.457332103404159959e-02
1.140128113220081028e-02
6.791427201720388711e-03
5.839897795114283585e-03
1.208397921228694834e-03
3.712238298996408878e-03
5.019601839433081476e-03
4.791043703867100927e-03
1.797601849487882528e-02
1.970182024910567195e-02
2.898885613276312376e-02
3.605177700101518806e-02
3.694941262394097620e-02
4.581749715169198406e-02
4.519313978118203595e-02
4.511461820673174500e-02
4.485748752036858300e-02
3.949163191233844711e-02
3.903295130725972784e-02
3.455016061337314037e-02
3.313752650723588572e-02
3.335626612424385379e-02
3.100086533430387176e-02
3.127731869638573220e-02
3.073876952142223784e-02
3.001997620745924800e-02
3.022156467647349812e-02
3.026683291290907518e-02
3.011388478358485721e-02
3.079131873652950560e-02
3.213368289457622234e-02
3.314890861005750228e-02
3.366218329431874823e-02
3.460081635945961437e-02
3.528136785333600700e-02
3.545103481716958826e-02
3.581763144374686125e-02
3.456779161014931351e-02
3.358290980384893293e-02
3.123446601161236277e-02
2.935446981652278450e-02
2.727272939852438266e-02
2.167713354575936599e-02
1.936642076197143958e-02
1.500210926298277403e-02
1.162500235934615586e-02
9.576784626428221439e-03
6.799407860484342134e-03
1.045732784606270317e-02
1.011527627110703903e-02
1.136455284665122134e-02
1.347990210101433599e-02
8.768999031936550170e-03
2.696726613356192209e-03
4.582590271854671254e-04
-8.137564641113913602e-03
-1.080597615749137076e-02
-1.256809569227617697e-02
-1.812005941508449194e-02
-1.770971933545453791e-02
-1.955938788370504069e-02
-1.911937415464853157e-02
-1.613243382086587685e-02
-1.699010589506215127e-02
-1.237104830063124120e-02
-1.301308967111744139e-02
-1.474463863618639438e-02
-1.784340338114387761e-02
-1.864491923092411255e-02
-2.326670450007845697e-02
-2.724476758098089146e-02
-2.800432071720889565e-02
-2.943536026103151307e-02
-2.954478503986128143e-02
-3.169974180401708558e-02
-3.124714419489422676e-02
-3.198993106815749277e-02
-3.165994300980333465e-02
-2.988975981944876764e-02
-3.002780712357607656e-02
-2.523182398240825242e-02
-1.950567822652485642e-02
-2.027198436123825789e-02
-1.570086362890756038e-02
-1.800836451192555990e-02
-1.578930645143425057e-02
-1.302811630694306749e-02
-1.287189638445229191e-02
-1.521305962189517177e-02
-1.462601838333225240e-02
-9.969855771919255635e-03
-3.815366165118125492e-03
-1.619694043951561656e-03
6.015523948005791106e-03
5.869336878640081002e-03
5.742451138194828823e-03
5.257188132896302782e-03
1.824003091207698768e-03
6.934995053998521154e-03
6.375282953426123986e-03
5.169608200741177169e-03
7.493059401450004146e-03
3.990616015416636499e-03
4.292568115189772729e-03
3.996129699449330226e-03
1.896294008890254826e-03
2.108894533862410922e-03
3.929591824556855593e-04
-5.666920509296237331e-04
-9.423155319749967071e-04
-4.901003904894951635e-03
-6.656430703443082936e-03
-9.868519677030958281e-03
-1.694205128305017669e-02
-2.178228928660570080e-02
-2.389535952160730739e-02
-2.700527858480382751e-02
-2.952094951742671378e-02
-2.708803357592060382e-02
-3.195706645495133280e-02
-3.244931171275046433e-02
-3.503026919943993261e-02
-3.964675781525078824e-02
-3.634765361263697647e-02
-3.941086687633753305e-02
-3.910454190579818606e-02
-3.643814152296755843e-02
-3.860441719831975843e-02
-3.467794135470297218e-02
-3.223915703156655932e-02
-3.029203652784178899e-02
-2.425709328945725371e-02
-2.281887598046460769e-02
-1.623038875541144010e-02
-1.282130970850913973e-02
-7.870741771328662942e-03
-2.611970427148421151e-03
-2.294476582185359375e-04
4.459303048676859817e-03
5.348990421118604045e-03
4.888843340309759894e-03
5.978150259116490201e-03
5.067379346124669184e-03
5.266824468899383542e-03
3.427704924182560509e-03
3.084075176133740763e-03
3.874184349121641020e-03
2.984114042753641290e-03
3.437400878068321355e-03
3.131308590727212987e-03
3.210826655042694957e-03
3.268832016257443469e-03
2.657644001504121285e-03
3.515426808667905089e-03
3.942909146519643290e-03
5.507265498534816631e-03
5.750284903301919846e-03
6.349829451978468951e-03
1.033701090372537643e-02
9.982369895937124454e-03
1.145105556375749026e-02
1.265708572462408144e-02
1.118925963443293155e-02
1.288098645447932969e-02
1.069278108242667502e-02
1.013602573640641838e-02
7.175025266531789500e-03
8.144579706652887996e-03
1.323586451252915623e-02
1.529739180554567923e-02
2.087626111597386952e-02
2.194103979513303479e-02
2.626155942436298601e-02
2.551244503027878460e-02
2.556712344147659896e-02
2.043435586018947647e-02
1.561879356883696252e-02
1.024028140065435209e-02
1.770357810387290873e-03
-5.698772701006171032e-03
-7.832161761282631363e-03
-1.471000563106708743e-02
-1.738675225694236853e-02
-1.752614758579758639e-02
-2.239111967469350345e-02
-2.155526957601577864e-02
-2.086725741413743285e-02
-2.645893366499393537e-02
-2.282663822530920511e-02
-2.596617108101432689e-02
-3.580934590778316051e-02
-3.645371974435764745e-02
-4.287159384202226392e-02
-4.593574092156520183e-02
-4.540099320321833859e-02
-5.043216072651286741e-02
-4.894458013357506909e-02
-5.020486043197493892e-02
-5.242657079297571160e-02
-4.196484543516539739e-02
-4.137874804995955030e-02
-3.789817269665635147e-02
-2.970470166903085851e-02
-3.020537101352284426e-02
-2.698975385625686230e-02
-2.858300220898646674e-02
-2.946630370345459937e-02
-2.713674999351736727e-02
-2.519134678260888383e-02
-2.407173325419725840e-02
-2.251358970116822469e-02
-2.137471224102746939e-02
-2.078852880838152895e-02
-1.780383529391679071e-02
-1.877766772728149333e-02
-1.595527014135387014e-02
-1.243113893241091193e-02
-1.577731961315625986e-02
-1.096776039422760196e-02
-5.229327215959493104e-03
-4.922630810945195431e-03
6.417164551809037857e-04
5.912961834358021473e-03
9.633966002536664339e-03
9.276663788170347660e-03
2.471697290550426730e-03
1.680554982024213368e-03
-4.724132202341585138e-03
-7.537546330502784865e-03
-6.322935755769769697e-03
-1.043663978710997892e-02
-8.771605584989709478e-03
-4.556265042902334778e-03
-5.818776355959788885e-03
-5.643600539336681571e-03
-9.491358160216874576e-03
-1.060787622990992315e-02
-1.296290588353771721e-02
-1.771963243644417152e-02
-1.957123531459183802e-02
-2.338196752444943530e-02
-2.639631355443902011e-02
-2.822780729309002506e-02
-3.038089466174463682e-02
-3.183239716647921075e-02
-3.224009102102080859e-02
-3.349190036532962572e-02
-3.400166800957366009e-02
-3.467232891817695339e-02
-3.567921598375144165e-02
-3.598512181676945948e-02
-3.682863635041205841e-02
-3.685922137078365829e-02
-3.597278537325695330e-02
-3.426025143170627341e-02
-3.346741408578937649e-02
-2.961190597287368872e-02
-2.662326608498569169e-02
-2.324147080098807813e-02
-1.397901594477226651e-02
-9.597912528541949900e-03
-1.075222017348926272e-02
-2.129964443099410711e-03
-3.080442115855618903e-04
-6.018838529642479493e-04
1.797689830348633703e-03
2.924163785142637126e-03
3.142525802943800170e-03
2.016384225548974434e-03
1.430625342023032764e-03
-3.725706305013931391e-04
-9.280475010631216446e-04
-3.244438662020644563e-03
-4.261155094913009721e-03
-1.449900123506003011e-03
8.502409083153692534e-04
2.953637037731587228e-03
5.701927036689928736e-03
7.735340983630715345e-03
9.109523659528079298e-03
1.207784518284235609e-02
1.288326309710277964e-02
1.368712350346748194e-02
1.399864345409943325e-02
1.283975812811569833e-02
1.257868350030122429e-02
1.217532511721810054e-02
1.073665830997591608e-02
9.652495137222187258e-03
9.215401210218994790e-03
5.393897631274305327e-03
5.204732426305751225e-03
4.595602933024148240e-03
3.396023881911707908e-03
3.448916564580872725e-03
2.881291863072964025e-03
2.659912466747621409e-03
2.666699135092084026e-03
2.357464976491173599e-03
2.657385282749791418e-03
2.544301745036804500e-03
2.576338016150606525e-03
3.660454779991791259e-03
3.801310945114988894e-03
4.035212586207705468e-03
4.272705432307787564e-03
4.261127866322335020e-03
4.403935811664237872e-03
4.454426259789126021e-03
4.480943890379553325e-03
4.538786549271246924e-03
4.552398349281743320e-03
4.575015150312011954e-03
4.593989805403566468e-03
4.600845632283835640e-03
4.612558669079504584e-03
4.617399214940248221e-03
4.621472476196699861e-03
4.625707727350526766e-03
4.623620865143208102e-03
4.627849248600913144e-03
4.623595791314187228e-03
4.617111716737591284e-03
4.626274344762286092e-03
4.598065995863206273e-03
4.604253359503511153e-03
4.607750353885251698e-03
4.523699749063581077e-03
4.611306992747444058e-03
4.502514546070826573e-03
4.392583970388832040e-03
4.679915060174713939e-03
4.067821212547410338e-03
4.433869149767623655e-03
4.905394266992529201e-03
