-3.731194463222325952e-02
-3.610920266584388694e-02
-4.842206074619358203e-02
-5.272682589327672142e-02
-4.247863784913737117e-02
-4.515550138551264331e-02
-4.213879132859687376e-02
-4.004029093695447156e-02
-4.050351675692110548e-02
-3.893245222934775540e-02
-3.869663406789470433e-02
-3.848878438777611488e-02
-3.797636238523962454e-02
-3.794901787451985392e-02
-3.775887275875380172e-02
-3.762767350103619901e-02
-3.759617803308665240e-02
-3.750859516592779108e-02
-3.747550496534660797e-02
-3.744972372898219132e-02
-3.741593980021695742e-02
-3.740484372046749828e-02
-3.738882027667447122e-02
-3.736998015836425630e-02
-3.736972628955956277e-02
-3.734690542917646489e-02
-3.733096198251876358e-02
-3.734334642290864509e-02
-3.726690184011632878e-02
-3.729421934162411439e-02
-3.727122700001170991e-02
-3.706890880057110704e-02
-3.730864422717186657e-02
-3.691732664742002762e-02
-3.672507933443748540e-02
-3.728380612378993236e-02
-3.446422840349394612e-02
-3.490521320145131834e-02
-2.919467617468671228e-02
-2.558412312495629212e-02
-2.504450912978184798e-02
-3.008322753406933534e-03
7.375523863029954941e-05
2.146044175053987962e-03
7.733210952520754890e-03
1.112915743801168138e-02
-4.279888694496092826e-04
2.412736703597090707e-03
5.787568247081077699e-03
-2.988074087848601942e-03
7.630845905711779696e-03
-7.178990023566325651e-03
3.964760190737556290e-03
2.614455108334017008e-02
3.694761189824738445e-02
4.105199968041165631e-02
2.483375869323859592e-02
2.953657430949481119e-02
3.315107902524538040e-03
1.197079473694003665e-02
-1.341110208831742655e-03
-4.775596816306005438e-02
-3.809082817837858292e-02
-5.693314018604263282e-02
-4.706465524859376748e-02
-1.425183056296616332e-02
1.368492602484123154e-02
1.680149850890737262e-02
3.466689485392927123e-02
3.721462463691398853e-02
4.480258223750031160e-02
5.556812458892208123e-02
5.876273959576597955e-02
7.217059963085498131e-02
7.819965884645255216e-02
8.842400447808727859e-02
9.955092268194777605e-02
9.072646863204163192e-02
8.940648359249392385e-02
8.170372236001043065e-02
5.381506307089805458e-02
4.428949911745772017e-02
3.854121178357097083e-02
2.181076313038175785e-02
3.836575847267548883e-02
1.429723024358757824e-02
1.702559272028081327e-02
-7.172546880715159785e-03
-9.324714033416142689e-03
-1.406402439220455318e-02
-2.226195553983072520e-02
-2.432245626427129506e-02
-3.640806489258460038e-02
-4.469499807169007022e-02
-4.949657357079918774e-02
-5.316725780456335593e-02
-6.203758251475463559e-02
-6.464362201494065763e-02
-8.192310911718832245e-02
-1.010380981947585771e-01
-1.022993612340527408e-01
-1.372474435581049201e-01
-1.353132057871271332e-01
-1.760308960708699688e-01
-2.300333140466526705e-01
-2.116548729352931146e-01
-2.085826684337129255e-01
-2.222680275439567754e-01
-1.934472217812446271e-01
-2.036519847012079332e-01
-1.857086942706277777e-01
-1.634324042864143955e-01
-1.682987017692134379e-01
-1.595258363486099507e-01
-1.629807659830386224e-01
-1.575620762846964562e-01
-1.575905914079490933e-01
-1.556961653584048866e-01
-1.537455315173195669e-01
-1.592498482755872469e-01
-1.625002302042641011e-01
-1.781567868413884703e-01
-1.865099801706533444e-01
-1.919065671298273990e-01
-1.935323792297523049e-01
-1.937468586126266101e-01
-1.898562724806252544e-01
-1.874693721037996308e-01
-1.853993569368580785e-01
-1.875239047490686872e-01
-1.905101827662749880e-01
-1.827411216228476409e-01
-1.778064410676631346e-01
-1.650649523143482011e-01
-1.517730563860238413e-01
-1.454420815892308039e-01
-1.372801875850460929e-01
-1.308583289439007868e-01
-1.268841308315494798e-01
-1.190798924310133844e-01
-1.176749741425209689e-01
-1.128462924305698861e-01
-1.119741172402847623e-01
-1.144511739305264647e-01
-1.121866860235279650e-01
-1.182205613373523145e-01
-1.188513282334770632e-01
-1.096873237432893639e-01
-1.116105657056302297e-01
-9.559803497515592663e-02
-8.501240200764444144e-02
-7.627281288413850779e-02
-6.471439889796445910e-02
-5.751683214651751030e-02
-5.603549795258364746e-02
-5.414516699647548698e-02
-5.983413958131383881e-02
-6.319461562441905378e-02
-6.491066319116438332e-02
-6.750963425822321951e-02
-8.310433052089304107e-02
-8.581099077783584106e-02
-8.898842909784529520e-02
-9.570451792710853167e-02
-9.372269125132529077e-02
-9.628516250469749960e-02
-9.988166447267834980e-02
-9.014198350120204706e-02
-1.010050081972466429e-01
-9.922887751769189635e-02
-9.568664985344160767e-02
-9.360825334674445497e-02
-5.474448802338562070e-02
-5.267090664407308997e-02
-3.939199420728579926e-02
-3.163590059211539990e-02
-3.639804035693536971e-02
-4.577147739619948780e-02
-4.639744310320147863e-02
-6.436330844008436580e-02
-8.469901699113496774e-02
-9.566129646580098789e-02
-1.348733549569619827e-01
-1.427021100956144262e-01
-1.666356870269362078e-01
-1.789252231988895381e-01
-1.807966022936043915e-01
-1.848498984239428378e-01
-1.762044098215728993e-01
-1.773746284078253632e-01
-1.728852951632458834e-01
-1.674387085579970291e-01
-1.666483333792741217e-01
-1.554512756567724419e-01
-1.548074264618568563e-01
-1.553145477236372862e-01
-1.523668001973915997e-01
-1.543930287464618800e-01
-1.540620361961410056e-01
-1.504092191013379765e-01
-1.518555211223107104e-01
-1.491180452080556329e-01
-1.466966460465681799e-01
-1.477887844032232390e-01
-1.432736198730585331e-01
-1.427276851895389886e-01
-1.428619627798117797e-01
-1.374636634727919582e-01
-1.421184559782013301e-01
-1.425726955368665505e-01
-1.582976906861901512e-01
-1.752944795671959044e-01
-1.862031108790453138e-01
-2.147660875633300992e-01
-2.448007214542407273e-01
-2.730103735076261362e-01
-2.797937221518648210e-01
-2.877578097578235572e-01
-2.947865478501988656e-01
-2.798675838086394085e-01
-2.598094970018713368e-01
-2.319265752962022253e-01
-2.021887043747472024e-01
-1.800449560322273379e-01
-1.433838163837161395e-01
-1.229689344135979356e-01
-1.051591082604783622e-01
-8.446845572620349796e-02
-6.861670055576038485e-02
-5.737037527959625016e-02
-7.157017032616272423e-02
-9.498601754412994147e-02
-1.027184489254696215e-01
-1.358844904948864896e-01
-1.404710156800467180e-01
-1.558528632199789876e-01
-1.681256661967636956e-01
-1.720025110084767439e-01
-1.993753642460466824e-01
-1.897516003277556207e-01
-2.006249303283460794e-01
-1.909299691693078227e-01
-1.599579681271105502e-01
-1.430022253681509925e-01
-1.204349822160343253e-01
-9.781475800947485311e-02
-7.951546886135879566e-02
-6.096084218531805377e-02
-2.814230831053549098e-02
5.651681759724272837e-04
5.975268140866046157e-02
9.573597184726985454e-02
9.655942539746785458e-02
1.173834211524950599e-01
9.996913572734646147e-02
1.183272399373754558e-01
1.205665482872538552e-01
1.101024645362756182e-01
1.035229884645190584e-01
3.064593021056660066e-02
-4.221252816580182976e-02
-8.157051909021760527e-02
-8.419735399884800686e-02
-9.776267307986608035e-02
-1.165793228299054629e-01
-1.031341591384307838e-01
-1.529655524090739460e-01
-1.876530232210719684e-01
-1.784940902811885943e-01
-1.691774462916971755e-01
-1.589331408483398989e-01
-1.465065950574191422e-01
-1.241407506970697988e-01
-1.040388648388203274e-01
-8.219590319076677809e-02
-7.333234644273327330e-02
-5.957560695423625569e-02
-4.152415837066783522e-02
-2.577234643504158068e-02
-8.047263928030257488e-03
1.621936938175954496e-02
2.924510359713806615e-02
2.883968932700474094e-02
3.636903898760641962e-02
3.078186681262526370e-02
2.386273154971125035e-02
1.059054995610445027e-02
-1.407237201075100738e-02
-5.092347050832692068e-02
-9.256417567085029052e-02
-1.423298417408934979e-01
-2.036092448809599942e-01
-2.817424673317332484e-01
-3.168807901324787735e-01
-3.859349870080392986e-01
-4.378477272928085196e-01
-4.199767954469012521e-01
-4.835473591663259074e-01
-4.990371587743496762e-01
-5.113588639021154902e-01
-5.472198380246127147e-01
-5.259837510154758977e-01
-5.452581065070650768e-01
-5.476371873856474837e-01
-5.256949392619895134e-01
-5.454397626297853297e-01
-5.163664005713997085e-01
-4.994921168639800957e-01
-4.898219088850664926e-01
-4.341684887503030055e-01
-4.218147748570721944e-01
-3.778510129985294119e-01
-3.335138288348378777e-01
-2.924644272466674355e-01
-2.191976416353280388e-01
-1.957760642159162290e-01
-1.255445249397945107e-01
-1.154516449484630364e-01
-1.107612143395931698e-01
-9.171698299658345710e-02
-9.424730739783775124e-02
-8.658867075837209382e-02
-9.705748030677716076e-02
-9.853406261514373321e-02
-9.668715457252961831e-02
-1.021533266094382109e-01
-9.842122735731695382e-02
-9.889511381367223353e-02
-1.018055711170166716e-01
-9.054822053812751348e-02
-1.000968564597159993e-01
-9.699476616864990963e-02
-9.134485878876338893e-02
-8.698655668162635912e-02
-4.579367726256130394e-02
-4.084817940901864369e-02
-2.353093592287814825e-02
-1.442809293267018067e-02
-1.159815026354464942e-02
-9.016323955183482355e-03
4.089821620942208670e-04
-7.024330945035649199e-03
4.770766771900138495e-03
2.824792459691337701e-02
4.085029053659693793e-02
3.639810157275866209e-02
3.121906874031690760e-02
1.127648587825858494e-02
-1.216706676738525846e-02
-2.556416819898296722e-02
-8.346812745592624427e-02
-1.131333836813310928e-01
-1.575447516441602080e-01
-2.234517723950776302e-01
-2.869862315523273866e-01
-3.208673388277057392e-01
-3.894805702641551126e-01
-4.323828876780966834e-01
-4.468962638605916138e-01
-4.831076392887270199e-01
-4.687249675112538649e-01
-4.740746929984140379e-01
-4.717385187129871649e-01
-4.342707491505268802e-01
-4.271880190377606024e-01
-3.811715571992065898e-01
-3.383429414755080300e-01
-3.068297117303351307e-01
-2.307689285452196037e-01
-1.845136400928089060e-01
-1.566890185185812745e-01
-1.093749948164177560e-01
-9.481212895201253377e-02
-5.603542911278876215e-02
-2.641968566293453197e-02
-5.391041537286319664e-03
3.204753929740188079e-02
2.335190104035328798e-02
2.621988741263946848e-02
-4.564532943247951585e-03
-2.876034947165765840e-02
-5.637081976377314452e-02
-7.387125501166304231e-02
-1.120425625325219554e-01
-1.296803645834806729e-01
-1.366869046737728133e-01
-1.601673499707735870e-01
-1.614480883673441447e-01
-1.631262507945798190e-01
-1.697801144003537599e-01
-1.693359456424949894e-01
-1.680818009653343714e-01
-1.703906438928559364e-01
-1.677386654940419830e-01
-1.582338797188496682e-01
-1.601461479458493042e-01
-1.644532594814447912e-01
-1.411805445554911165e-01
-1.417196859935015152e-01
-1.329800945211996321e-01
-1.049157057187994624e-01
-9.294944307224493885e-02
-9.676373561205664497e-02
-9.899217553994205110e-02
-1.161294295431101742e-01
-1.389830522461678597e-01
-1.444720661285689989e-01
-1.878121623414650554e-01
-1.853633668827814884e-01
-1.723421538616557169e-01
-1.595519144851038629e-01
-1.430130583389967180e-01
-1.391121070066350662e-01
-1.100575834952661480e-01
-1.035964678871128530e-01
-7.831373490060117293e-02
-4.886532570145908638e-02
-2.905059495564620356e-02
1.905194727256929316e-02
5.626455314738276065e-02
1.136101873657187483e-01
1.726254829343354391e-01
1.772032279242159170e-01
2.024372333902561827e-01
2.027339225149738244e-01
2.094019665295589749e-01
2.205178347546705719e-01
2.180325430436370060e-01
2.276504774443188495e-01
2.298027064247042117e-01
2.310814608252489688e-01
2.405445510304947132e-01
2.390609982357941032e-01
2.455253101829722451e-01
2.492728003284662708e-01
2.486057147495279729e-01
2.604483294416687911e-01
2.544205725901414472e-01
2.331367594605154581e-01
2.003496480485130737e-01
1.519763308366704202e-01
1.259569032649643927e-01
1.085947070613220433e-01
7.661124710041737618e-02
4.942247455004849382e-02
3.399874367357216126e-02
-2.454796054893340976e-02
-3.557047121668143602e-02
-6.355321538110061952e-02
-8.437994982448465686e-02
-1.153932448791794851e-01
-1.424394177995591260e-01
-1.517902612513694627e-01
-1.722682043699879373e-01
-1.752007522160664021e-01
-1.715745369262740849e-01
-1.794276012330112136e-01
-1.730810243772578638e-01
-1.707661580914894284e-01
-1.719200086104362146e-01
-1.552400824010239377e-01
-1.546717193239686150e-01
-1.474725323508652153e-01
-1.375445839803214332e-01
-1.363377184276554632e-01
-1.249670701901009207e-01
-1.158065199210546320e-01
-1.137567914652115042e-01
-8.889467119931930561e-02
-8.744682306348319778e-02
-7.944788630783597427e-02
-7.142997644200184404e-02
-6.966848786047541431e-02
-6.411594338129071591e-02
-6.131574600418347037e-02
-5.775265763020873133e-02
-5.492796812773340781e-02
-5.132323948518410783e-02
-4.595634128520956901e-02
-4.497782087889309888e-02
-3.516461164041658621e-02
-3.708344538334292645e-02
-3.615863730425900036e-02
-3.983482168917327343e-02
-4.028285860368598092e-02
-4.040308154860108164e-02
-4.160298713642866103e-02
-4.152354638785040603e-02
-4.188079156162655137e-02
-4.216731006713420049e-02
-4.217320122656713355e-02
-4.235683221978421564e-02
-4.240743526666589103e-02
-4.244472987041254114e-02
-4.250212529038150527e-02
-4.250617092248415441e-02
-4.253297353506232253e-02
-4.252012730484901887e-02
-4.252202333946160373e-02
-4.252071896976313686e-02
-4.243276783364391402e-02
-4.248684486185506232e-02
-4.235078530027740901e-02
-4.220249729489537055e-02
-4.239203102162827919e-02
-4.170558117760865546e-02
-4.190285351737947639e-02
-4.189647308287317712e-02
-3.986063650117224050e-02
-4.208941945151553621e-02
-3.889199185244945900e-02
-3.577130927536455868e-02
-3.798259121151222745e-02
