-4.217591221229268980e-03
-4.693010731249041417e-03
-1.181432188323134659e-02
-1.113640342042062151e-02
-1.462413991404815268e-02
-1.656953139477577303e-02
-1.728407196359236023e-02
-1.820076422540698943e-02
-1.855826943597794002e-02
-1.874033429324980030e-02
-1.894880619158457319e-02
-1.902164066287483773e-02
-1.908504905002068180e-02
-1.913839225393001997e-02
-1.916046258692366555e-02
-1.918397360262646609e-02
-1.919809121074833244e-02
-1.920620408076289740e-02
-1.921323981904414849e-02
-1.921549542846675077e-02
-1.921799646219132102e-02
-1.921556724371211583e-02
-1.921239545880515376e-02
-1.921086197016413921e-02
-1.919236990160056583e-02
-1.918955462787780286e-02
-1.916989956399924033e-02
-1.911347762867651387e-02
-1.913188044338183860e-02
-1.900922252252386369e-02
-1.890586551970850279e-02
-1.896225862570688481e-02
-1.842953080835361968e-02
-1.844468974645049539e-02
-1.831286327047715323e-02
-1.665477645525263381e-02
-1.770575939704286186e-02
-1.711115375618857404e-02
-1.925198472805342287e-02
-2.065212667480429212e-02
-2.030083251119151749e-02
-2.944371760557371043e-02
-2.965829415379696646e-02
-3.050180627815705231e-02
-3.082488760457314375e-02
-3.145609706627291308e-02
-2.623718293275896160e-02
-2.760151829661976544e-02
-2.807028043940560866e-02
-2.672321769206406628e-02
-2.764801729590515150e-02
-2.549546269456014549e-02
-2.384847496034364980e-02
-2.189024384820372274e-02
-1.294050238195111960e-02
-1.255939374853251751e-02
5.105968464856369335e-03
8.539129635697589524e-03
4.906199580707351106e-03
1.478523510541089256e-02
8.175888243566513391e-03
-8.898088365253665165e-04
-2.646232590429869157e-03
-2.276408118779648868e-02
-2.493894616826649105e-02
-3.689943737739453944e-02
-3.914007736462314646e-02
-3.915992732053409642e-02
-4.214986395122267276e-02
-3.963305103503989013e-02
-4.048332890185425692e-02
-3.926477388210076330e-02
-3.782295042749320851e-02
-3.778928520801923263e-02
-3.662455391469308236e-02
-3.742015045054079142e-02
-4.043477712704270782e-02
-4.025059513175208853e-02
-4.378837892276325749e-02
-4.383133223008452151e-02
-2.944136342661175798e-02
-2.870579398636973270e-02
-1.793476090548506985e-02
-8.796763957395880434e-03
-1.583407536085914072e-02
-1.371486653171261408e-02
-1.367677006838585382e-02
-2.256246483066891295e-02
-2.140857464527895840e-02
-1.880600412136926650e-02
-2.525016782805398347e-02
-1.932850442515562234e-02
-1.382048760239480700e-02
-1.534763389813245671e-02
-2.432878267983127197e-04
1.048207498177545225e-03
-4.234304893838720420e-03
2.640527954506503936e-03
-2.077849374737785609e-03
-2.188544923763050161e-03
-2.922778839117772670e-03
-5.538283508070523768e-03
-3.495092952522194357e-03
-7.654049665047383058e-03
1.784995735837523884e-03
8.917766493822126134e-03
2.466323781520996308e-02
4.155292626431382474e-02
4.557397237905441711e-02
5.600865401724851311e-02
5.211043294818000493e-02
5.022721978337438969e-02
4.797693525947114429e-02
3.872079678365012573e-02
4.391460059325621307e-02
4.023792954622956025e-02
3.713631066214687082e-02
3.806485315548784748e-02
3.463160630927231837e-02
3.121395824738170538e-02
3.198613500863287801e-02
2.946052071709673315e-02
2.552506530141686672e-02
2.549546781555840635e-02
2.461060046525767597e-02
2.519373888434224204e-02
2.918575297635071786e-02
3.537721487238595919e-02
4.283705272247778639e-02
5.815287962232600777e-02
6.553959798266525971e-02
7.499457739634816933e-02
8.533587562470031085e-02
8.699477993979522206e-02
9.564409199673284956e-02
9.777017971193636969e-02
1.006417381197090150e-01
1.040880622616866258e-01
1.044224711931485555e-01
1.054327103921108982e-01
1.052778215579428106e-01
1.038339215493891549e-01
1.008859671654176865e-01
9.303853081433592631e-02
8.645061214893125234e-02
7.486631816070443701e-02
6.234161022787910317e-02
5.093420764449658328e-02
4.040745319600470148e-02
2.713122699042205474e-02
2.009290743116623132e-02
1.579819856674911926e-02
5.110936927577352552e-03
4.699415329245544212e-03
-5.444997863632280522e-04
8.668245457110594372e-04
3.055130575800272565e-03
4.500240477686179644e-03
1.011681248737881546e-02
1.018026342406031653e-02
2.230529193840404684e-02
2.394139320294284140e-02
2.662518293769267422e-02
3.209852048359637666e-02
3.264256492475238469e-02
3.422540389758443186e-02
3.797705735187176246e-02
3.614018689197887740e-02
3.610334737487446571e-02
3.365750504112909047e-02
1.976111687072022727e-02
1.499648151261393815e-02
6.903710559182331050e-03
-8.169489198103246528e-04
-1.312378437974263609e-02
-1.631058215391684857e-02
-2.108003737419770693e-02
-1.969107223362975140e-02
-1.986777374155031597e-02
-1.531555684203223314e-02
-4.661061729354047840e-03
7.128427416525702932e-04
1.217556796849000172e-02
1.997291966304104785e-02
2.524341099942759709e-02
3.074951053243187016e-02
3.612695570561645642e-02
3.695546565269006850e-02
4.009597869825359817e-02
4.115947333944478675e-02
4.216258974196351178e-02
4.333693731765211887e-02
4.460930716078814057e-02
4.405648187947018568e-02
4.642874558094215592e-02
4.806692823000948550e-02
5.014528030089493438e-02
5.443065530214740572e-02
5.700210017591370026e-02
5.943677833254478599e-02
6.307408343613292445e-02
6.587010203279339282e-02
6.846235674076182887e-02
7.284386377384217959e-02
7.512338336414672857e-02
7.865220787027338289e-02
8.316566369210405540e-02
8.410467553395366280e-02
8.911568011416420854e-02
8.958041952686297826e-02
9.064345808870025167e-02
9.247507526782369758e-02
9.031333462128199319e-02
9.166461209997031623e-02
8.903120823810767304e-02
8.751683894084102966e-02
8.319163830981907148e-02
7.605583822435575680e-02
7.287480197529233594e-02
6.077228702663581977e-02
5.108329777861631699e-02
3.839466440835025834e-02
1.757389648473228760e-02
1.161508096644886349e-02
-1.305078286758848405e-02
-2.148458176232880684e-02
-1.861279459156711669e-02
-3.262934565755676308e-02
-2.001008921433561696e-02
-2.373337713261933213e-02
-2.145610943616879651e-02
-2.961422345955524223e-03
-3.388143616853606099e-03
1.259476287441380592e-02
1.974063151265427474e-02
2.127861480847969763e-02
3.182942401401119004e-02
3.076193321601237984e-02
3.574854088373013300e-02
3.556617733695910388e-02
2.710353375559456518e-02
2.471864577494447407e-02
1.632854319968257695e-02
8.009147751705582643e-03
6.938371257136900783e-03
-6.782997431213305325e-03
-1.286912712143699691e-02
-1.922643096096523715e-02
-4.073424312923282220e-02
-4.436111082046836213e-02
-6.624756216907889961e-02
-7.460727000248831842e-02
-8.027905398287717154e-02
-9.277092693760879971e-02
-9.107863054497485067e-02
-9.956804655624358624e-02
-1.051039775677830024e-01
-1.023534326778150483e-01
-9.978803769878739904e-02
-7.404703127692068010e-02
-5.237404824710448908e-02
-3.805847579175674483e-02
-2.672838580190202082e-02
-1.629100234873017902e-02
-1.556718424780666188e-02
-7.875161622683786791e-03
-5.759750990128453298e-03
-3.934054076394980816e-03
1.297423068058068882e-02
3.425780568500380596e-02
3.370161384077729333e-02
4.796608968607537354e-02
4.203739002064835195e-02
3.769251579391969670e-02
3.616845841225298230e-02
1.960597827841850313e-02
2.264642613356851811e-02
1.016894466752650897e-02
-3.404737659004167770e-03
-5.208902242461043927e-03
-2.655190808545630082e-02
-3.281911508216005247e-02
-3.723340202139883287e-02
-4.730546361750775919e-02
-4.986164157340544634e-02
-5.077917769580443663e-02
-5.116161677643619315e-02
-4.634801744143079300e-02
-3.706264570124173652e-02
-3.047915209215594848e-02
-1.625340726860265497e-02
-3.477823571371205236e-03
1.325651995914350206e-02
2.444251050052788712e-02
3.489580343913627203e-02
5.018047306083362608e-02
5.241527322308850434e-02
6.441578186734306377e-02
7.189877595653874909e-02
6.676425175054642724e-02
7.779538540316290052e-02
6.821337884511487204e-02
6.595001710953818375e-02
6.884733873905651835e-02
5.130247028674812804e-02
5.466065330559970181e-02
4.282948719614949190e-02
2.346548493905005472e-02
2.229856261200701892e-02
-5.889053236908387869e-03
-1.425268645260269196e-02
-1.068316397371948251e-02
-2.442959096381019241e-02
-1.490551045832100296e-02
-1.635563127152625529e-02
-1.701497571480820731e-02
-7.598744602437291183e-03
-6.223495398662889054e-03
-2.825177459832667933e-03
2.939931018565028215e-03
7.216532159201329531e-03
8.818564093914493460e-03
2.159891282622209210e-02
2.279155039691914408e-02
2.634437972945161133e-02
3.176749752540583560e-02
3.240735411633811208e-02
3.434958025619395255e-02
3.803872321107126114e-02
3.646852812275417494e-02
3.672370819526509650e-02
3.420788713607179898e-02
2.110007909294118328e-02
1.642774447323580578e-02
8.514748830991309553e-03
2.685395644554373993e-03
-1.146679493603455433e-02
-1.355042816494828918e-02
-1.714268125437772017e-02
-2.291531393938425754e-02
-2.124196076054252202e-02
-2.411427268368749807e-02
-2.164546061452686521e-02
-1.604050507713539186e-02
-1.135544512167437937e-02
-2.861537251095455994e-03
3.639114635592622955e-03
1.401165805136689833e-02
2.744696187833885540e-02
3.163870684348230045e-02
5.832697156571315517e-02
6.279161592404323977e-02
6.485254113004365606e-02
6.937069330213449514e-02
6.636712733962830957e-02
6.820139225489788015e-02
6.760184960630376272e-02
6.927976000928437461e-02
6.712409827095354442e-02
6.677707037284415226e-02
6.125264125461573478e-02
5.340802528818048428e-02
4.702994155473080168e-02
3.121888177883938228e-02
1.747331780236075632e-02
2.668403294965689641e-03
-1.146427664809977071e-02
-1.964592881733174048e-02
-2.374226790680228696e-02
-2.828377659660219132e-02
-3.139605584746969075e-02
-3.072318700958374255e-02
-3.776150173321013437e-02
-4.604925597640244228e-02
-5.216875900354223106e-02
-6.673293442646865969e-02
-7.791739836078245829e-02
-7.849979309500607072e-02
-7.715382413826887831e-02
-6.600351262312925682e-02
-3.990946859098741528e-02
-2.346692319872496768e-02
-1.209972875320560262e-02
1.317715309410312334e-02
1.865175153699352023e-02
2.522270122017020860e-02
3.631283926641955956e-02
3.525747056907221899e-02
3.961946436497189306e-02
4.153110322411007055e-02
4.169401479435219660e-02
4.337547370377402983e-02
4.246037013806629873e-02
4.363906356586474272e-02
4.055096537026244008e-02
3.752352953304068789e-02
3.339015071201362206e-02
2.371727051203990216e-02
1.877967289872029683e-02
1.069584983197228133e-02
-4.896482258858040650e-04
-1.055297149449714415e-02
-8.429042199270313229e-03
-7.081064280092160814e-04
-1.755751359883188194e-03
1.499635176794259471e-02
1.650685364421380918e-02
1.085994649288986487e-02
1.158072575952880101e-02
1.038304124552999301e-03
-1.189797740702893195e-02
-2.157846812698982833e-02
-2.566742708366868617e-02
-3.746239174435276459e-02
-3.438135732897134450e-02
-4.476001838914913517e-02
-5.020359878872956289e-02
-5.133484821104582901e-02
-6.699764451980490254e-02
-6.760343704655664976e-02
-7.176412546246656310e-02
-7.754348469699912094e-02
-7.527545261118784303e-02
-7.756619466833176990e-02
-8.001183170497565278e-02
-7.924465265257593649e-02
-8.437026179072072696e-02
-8.612540634178338095e-02
-8.782741122020833180e-02
-9.577269619284065061e-02
-9.584650821175859370e-02
-9.797523426427831583e-02
-9.921242326223929375e-02
-9.433417556217871258e-02
-9.430977726194503252e-02
-8.581411046710765711e-02
-7.833932354126550701e-02
-7.285819839184096147e-02
-5.719452050742913907e-02
-6.127716167138814313e-02
-3.546609264826942193e-02
-3.420924821312230218e-02
-3.675654470658715894e-02
-2.579066729716147921e-02
-2.794062025276757011e-02
-2.386495483958381639e-02
-1.361822793691164907e-02
-9.097839924053198468e-03
3.974198118964808566e-04
3.938120528077538977e-03
2.597821636954676661e-02
3.993519360599558782e-02
5.254158325337662111e-02
7.589245243837063060e-02
7.745409380766586638e-02
7.651785715509010211e-02
8.568960116222330836e-02
7.613169180663714730e-02
7.494613509675179808e-02
7.556818414751936830e-02
5.346591319301932654e-02
5.340066463221106868e-02
4.438058638245995224e-02
3.483531280304014849e-02
3.280708475420700959e-02
2.424158481907673704e-02
1.619352498118632397e-02
1.477470648785093009e-02
1.555438081139955131e-03
1.067270790969305399e-03
-6.187043764213156442e-04
-4.876749536219198919e-03
-4.453886149811626428e-03
-6.081490033228362062e-03
-7.110672266485307084e-03
-7.592750551018105816e-03
-8.393452522246160410e-03
-9.299772955686839981e-03
-1.046573842905605851e-02
-1.078089558214277190e-02
-1.307575767522950808e-02
-1.329798460344161319e-02
-1.381228493517272504e-02
-1.368848965132827070e-02
-1.351328082113448584e-02
-1.356510068433764912e-02
-1.335794541087048301e-02
-1.331752018926843709e-02
-1.326819213916264478e-02
-1.319160202979840525e-02
-1.317909828543847514e-02
-1.314756147758352860e-02
-1.312710957035299886e-02
-1.311947988468936677e-02
-1.310643505455949542e-02
-1.309816102086981855e-02
-1.309363956771028049e-02
-1.308352823005626969e-02
-1.307348965349140052e-02
-1.307101873598188330e-02
-1.304081708542001970e-02
-1.303147286310268535e-02
-1.301418741255059262e-02
-1.291540576941601487e-02
-1.294963673160896833e-02
-1.279262238578634039e-02
-1.259980209640889151e-02
-1.275063899773924703e-02
-1.197503043821818158e-02
-1.212591288113526976e-02
-1.182247061244739994e-02
-9.835166906718578045e-03
-1.010145235585617821e-02
