1.017945274113329852e-04
1.468182972161158437e-04
2.345909216105282295e-03
2.391423350651766030e-03
2.448277197459301086e-03
3.170051687877662502e-03
2.195841338120551982e-03
2.881240793304012515e-03
2.809897048288735859e-03
2.641607801252690308e-03
2.973876106396408908e-03
2.818806383547621704e-03
2.870360314293951727e-03
2.931960270326288646e-03
2.875018780950145715e-03
2.913860493523297204e-03
2.910535600386432095e-03
2.901651981987751847e-03
2.913436533520297102e-03
2.907988467906693231e-03
2.908826777431254562e-03
2.911185997996060086e-03
2.908745502867791585e-03
2.910422859836126093e-03
2.911107088847307133e-03
2.908137817400168693e-03
2.913321917478189308e-03
2.910247611087739793e-03
2.907580249574202337e-03
2.922374408696369434e-03
2.903723810421455186e-03
2.924739786318804324e-03
2.938796349008295384e-03
2.916249461793748738e-03
3.023886026307608804e-03
2.976107991271541818e-03
3.104993774321392497e-03
3.085995337632834682e-03
3.220285710601795536e-03
3.246570432881434529e-03
3.356549282463327372e-03
3.430344323097702774e-03
3.549083953154580622e-03
3.770987941547624539e-03
3.846195266504225541e-03
4.319711966941522895e-03
4.749402894400902089e-03
5.115411140617142326e-03
6.905784570559984556e-03
7.247190233511464214e-03
9.244547070087713939e-03
1.288331824290501679e-02
1.267253693782713353e-02
1.957491476083907112e-02
2.241461044210426440e-02
2.199149961542935447e-02
2.862250959840441714e-02
2.872365427470311566e-02
3.075631018337549732e-02
3.435935395517038249e-02
2.876816441951266651e-02
2.630098040576958965e-02
2.190593088905780361e-02
1.681138036440284200e-02
1.260985336630477890e-02
3.630828189941702564e-03
-5.247416883878992973e-03
-1.483637969330215030e-02
-1.951770007973925233e-02
-2.252338544277386959e-02
-2.279777982665382591e-02
-2.289552510593375473e-02
-2.435613615500177923e-02
-2.378232714777244947e-02
-2.434410503275837023e-02
-2.544892557455266657e-02
-2.475843604480048449e-02
-2.685877933818202334e-02
-2.847031811116062378e-02
-2.748576944611537398e-02
-3.468527938309341058e-02
-3.687157332618228728e-02
-3.111331674363068331e-02
-3.678140378139284350e-02
-2.985614002828276131e-02
-1.601892237105375857e-02
-1.045195870519986976e-02
8.965838082978844562e-03
1.817875538993849946e-02
1.696011831743942863e-02
2.324660154397159562e-02
1.960970656672625378e-02
1.905759861977342901e-02
2.102365205500148632e-02
1.608854795589980888e-02
1.690636600418780888e-02
1.648641980918098479e-02
1.101611692554154212e-02
1.594063091814455421e-02
1.183918289899540781e-02
4.058353407872652106e-03
6.152866911032561781e-03
-4.396383070517088931e-03
-7.651440404561206388e-03
-6.268409334208094319e-03
-1.103815776089949775e-02
-5.197469546592712632e-03
2.105834033554922896e-04
2.012597951151615019e-03
1.392900494703729411e-02
1.821233617741411029e-02
2.135673897921281858e-02
2.751777804800916577e-02
2.615596705280254577e-02
2.646555827370571448e-02
2.834003179424310001e-02
2.567031522513974623e-02
2.798574242263658640e-02
2.911927443526314205e-02
3.090095085283314433e-02
3.047686399381162314e-02
3.039279827127415803e-02
3.007968400071922566e-02
2.978304161767367578e-02
2.940928445501724692e-02
2.911598293615742794e-02
2.726261726747255046e-02
2.701841687090503902e-02
2.417993163222887515e-02
1.946791302601550214e-02
1.768655903789424083e-02
1.302443064411873061e-02
9.270443929866660840e-03
4.941937494458522283e-03
-2.294765283569232157e-03
-3.576190844488489912e-03
-1.330880971996725552e-02
-1.493355024732158712e-02
-1.595412325578074789e-02
-2.015743604910983505e-02
-1.941924862801178847e-02
-1.920961402547310612e-02
-1.983089017716125127e-02
-2.034175462926061939e-02
-2.088608719454398271e-02
-2.159290396462892545e-02
-2.245462689370290865e-02
-2.396244489563470123e-02
-2.381081200382088175e-02
-2.490475317721902587e-02
-2.538992455868371509e-02
-1.887183637961214674e-02
-1.523119887318874315e-02
-1.294818992984867606e-02
8.120007293319659192e-04
5.139663970348209814e-03
1.018696965748076833e-02
2.439293373633859632e-02
2.599013779194351073e-02
3.242925870944635136e-02
3.829725948592491158e-02
3.809686837815849658e-02
4.289502132963450565e-02
3.971481953635041390e-02
3.997644290264931038e-02
3.736194500712522459e-02
3.097880303548020825e-02
2.804068977770641374e-02
1.792459771364783225e-02
1.194630007421267244e-02
7.226043071282559419e-03
1.789525750493085356e-03
1.953220489566060303e-03
2.962765481295287929e-03
6.703802942126045605e-03
1.283943711355287065e-02
1.517906551990900847e-02
2.246857183629935237e-02
2.849994622760498864e-02
3.283557304571668028e-02
4.302293826421876161e-02
4.821712427068747253e-02
5.603990773685710303e-02
6.560216087370847327e-02
6.932296478411228979e-02
7.756272452975734866e-02
8.294217150561160323e-02
8.107059990815625172e-02
8.571501390380670271e-02
8.602223466378608463e-02
8.199219874843359512e-02
8.589425974942674347e-02
8.473876173815947377e-02
8.429407330738808435e-02
8.949657346901139510e-02
8.811190636977613011e-02
8.917174133661719126e-02
9.057663785776480514e-02
8.869333016408893766e-02
8.807984994689777025e-02
8.748193423496351817e-02
8.320611942950646711e-02
8.088176702978579213e-02
7.577892096971534930e-02
6.801068803215862268e-02
6.301944293060550428e-02
5.383549674346154584e-02
4.540743847786875287e-02
3.883202558574524316e-02
2.611792845789498094e-02
1.917108912447062358e-02
9.711898284960327962e-03
1.778415520188518333e-03
-3.918890130563552551e-03
-4.967879597050610906e-03
-7.458304065413264017e-03
-6.766326685403231157e-03
-1.077796957702340831e-03
-2.478039726584132293e-03
3.433127539431569085e-03
5.085298200901522230e-03
1.056649622427037298e-02
1.257583797894182460e-02
1.485197541245896272e-02
1.912413262660223046e-02
2.859366747915106921e-02
3.539607999978183067e-02
5.345462736801767645e-02
6.666724056431549972e-02
7.292346650146361298e-02
8.339171023873331867e-02
8.446930403753163952e-02
8.610932935378402819e-02
8.404896913233264599e-02
8.007675866813328269e-02
7.441529025776658091e-02
6.792783412280857525e-02
6.257140897839780225e-02
5.434371854211102193e-02
4.994034340917614251e-02
4.541111349729506225e-02
4.032274098755894709e-02
3.813881744382097844e-02
3.281794758814932100e-02
3.105907424871490533e-02
2.675515088499486396e-02
2.302077584264752841e-02
2.098010357839073456e-02
1.499791495431643598e-02
1.469410382130684721e-02
9.867010742834872450e-03
1.530282639926102122e-03
-1.808574771271230009e-04
-1.269462426653285986e-02
-1.758751879621842096e-02
-1.563573696184207898e-02
-1.740270025199855755e-02
-2.338660243784564455e-02
-2.141685595686261545e-02
-2.287668537296231111e-02
-2.406060087708526696e-02
-2.630794412859058240e-02
-2.933102788909900532e-02
-3.056666180025079116e-02
-3.900012893903694738e-02
-4.247097963038809487e-02
-4.122712515493062030e-02
-4.163756618687004113e-02
-3.865956225206820807e-02
-3.582299470798758212e-02
-4.197602876802250527e-02
-4.099759816564146897e-02
-4.491398044077296592e-02
-4.616399057503486197e-02
-4.772043594313565146e-02
-4.498464460576384605e-02
-4.426000714973061384e-02
-4.289517578197431930e-02
-2.939560398044170630e-02
-3.228977805725342931e-02
-2.069547273342015395e-02
-1.693617265363967991e-02
-2.359138096844492702e-02
-1.827308015183664452e-02
-1.845337020900963965e-02
-1.955414820925018698e-02
-1.734550464714349968e-02
-1.391040990450022677e-02
-1.339529614914276336e-02
-9.524964846020653186e-03
-8.408290899058026499e-03
-5.585041736741469705e-03
-3.721282334304944640e-03
-3.259304252095287981e-03
3.417127250414184886e-03
2.975599145541815357e-03
8.723690420308525054e-03
1.702415718564197905e-02
1.671373512478603260e-02
2.671922099886211641e-02
2.776011132110426521e-02
2.803060841747196177e-02
3.246330460663395673e-02
2.744498113292915750e-02
2.892256677383951008e-02
2.754993342855168240e-02
2.165458049481689545e-02
2.369666475404569664e-02
1.736762624585697079e-02
1.474886595909344518e-02
1.350611142895687296e-02
4.205476835177446825e-03
2.978216027152007315e-03
2.327880956673862578e-03
-1.962101671825787225e-03
1.835766953711807621e-03
1.237027516937888247e-03
-2.025299608988729173e-03
6.743551426541634017e-04
-3.790326730549774432e-03
-4.106179006173518026e-03
-3.815051293082532061e-03
-4.150564770538024695e-03
-6.297448270784499619e-03
-7.465823504139785377e-03
-7.756460358702197029e-03
-1.532484602710288725e-02
-1.495213595867972770e-02
-1.733065286567200824e-02
-1.970013261667552529e-02
-1.849051243363876787e-02
-2.099641436025929953e-02
-1.803005118219497618e-02
-1.776725117093566619e-02
-1.802241463044204628e-02
-8.240053094197355432e-03
-9.700012209233535923e-03
-9.983588044969603399e-04
8.786315397170719327e-03
7.565276806421821799e-03
2.660150787112372170e-02
3.120727546162998037e-02
2.570482954049115379e-02
3.110282481796912413e-02
3.617384014670736031e-02
3.577516469196365817e-02
3.995076208674990664e-02
4.144772955138229659e-02
3.903817004358840770e-02
3.982915494709601822e-02
3.659008747577982557e-02
3.124317344368022359e-02
2.928619462738990195e-02
2.648681295325772470e-02
2.503518690392549095e-02
2.344061021879662032e-02
2.241953862512566231e-02
2.420129244957069936e-02
2.358336331753353721e-02
2.400393061806927603e-02
2.452441513876575663e-02
2.249000794742204642e-02
2.323270845196761039e-02
2.000608512968975530e-02
1.633800855410932548e-02
1.336011038502838040e-02
4.962341248436709026e-03
2.340794420226946439e-04
-6.190522989187392106e-03
-1.309562795576212600e-02
-1.754734384949140080e-02
-2.372843788352290914e-02
-2.723443419562854989e-02
-3.041300423139687778e-02
-3.232830368243477803e-02
-3.212173156214440800e-02
-3.267507381695963775e-02
-3.035643650905102409e-02
-2.810395732829683996e-02
-2.197663775403620873e-02
-1.089878511657222347e-02
-3.602516048119418657e-03
-1.973481090847972394e-03
-7.755911790541852781e-04
2.139708386337430511e-03
-1.703572507372387362e-03
-5.718796739502369879e-03
-6.979061674495417797e-03
-1.080600899178616944e-02
-1.323353094154381022e-02
-1.492489098886611715e-02
-1.902984637190800743e-02
-4.046588430972341416e-02
-4.186501081234510202e-02
-5.015980303636937560e-02
-5.909700499012134067e-02
-5.969947537536345744e-02
-6.519571054677385236e-02
-6.764976742339584570e-02
-6.848647353128932413e-02
-7.116206324288402996e-02
-7.180345817654494589e-02
-7.235825831141440290e-02
-7.453709319342588513e-02
-7.384159230180753486e-02
-7.493918002453879568e-02
-7.716824589207268992e-02
-7.315237413728317706e-02
-7.632397454547455717e-02
-7.269807061877286980e-02
-6.415951849816958763e-02
-6.235284916790678755e-02
-4.989279849915317228e-02
-4.501118659378034598e-02
-3.677899917042735251e-02
-2.333346748478165936e-02
-2.195980595277121153e-02
-6.046953425055435170e-03
-4.132587450322980360e-03
-3.274153166327960218e-03
2.774542079185214442e-03
5.554090605140540350e-04
1.496526532902187632e-03
2.443617759160619709e-03
-3.358099729591751512e-04
1.479703665016193174e-04
5.561252867330721466e-05
-1.192012079447989526e-03
-9.400421077501946001e-04
-1.358964854756959271e-03
-2.035430008938220788e-03
-1.923330219327406502e-03
-2.244380983659268435e-03
-2.117754038376758272e-03
-2.495240080298373984e-03
-2.590544762289535060e-03
-2.615581568251653267e-03
-3.516616610720274452e-03
-3.575086970128111847e-03
-3.935253875148823736e-03
-4.275221470802824733e-03
-4.341236289760342509e-03
-4.563885253043649566e-03
-4.663638031311342740e-03
-4.723975469680162867e-03
-4.810017301817544680e-03
-4.839836186826326249e-03
-4.872182521770412542e-03
-4.898307352079662481e-03
-4.909243144996421754e-03
-4.922072061803422181e-03
-4.929299286043263562e-03
-4.933712392012629643e-03
-4.937880653166711216e-03
-4.939664162437741070e-03
-4.941385798709076703e-03
-4.941958656932385861e-03
-4.941746918374245040e-03
-4.942504086855415563e-03
-4.939393752628768591e-03
-4.939055807303103195e-03
-4.937801881425081703e-03
-4.925909075783108972e-03
-4.932026030969981732e-03
-4.913940943344528682e-03
-4.889630437487570321e-03
-4.914730573382052742e-03
-4.818684545336142724e-03
-4.825061333860648609e-03
-4.825464909452810598e-03
-4.547349065375782921e-03
-4.750516093665794505e-03
-4.395515452507778656e-03
-4.140526012139912615e-03
-4.474702037058113195e-03
-3.153718012146501052e-03
-2.980921043164847656e-03
