-3.568061970029924590e-02
-3.822710700368547876e-02
-8.961642846236231308e-02
-9.341253484251930972e-02
-9.885928171834482137e-02
-1.092938677345569320e-01
-1.034774971496014440e-01
-1.072951479424640864e-01
-1.077591801549461076e-01
-1.067697714068808201e-01
-1.081008520135053330e-01
-1.077451575419913349e-01
-1.078342967053973755e-01
-1.081048713867776706e-01
-1.079729598677060670e-01
-1.080815611000908311e-01
-1.081023889137814609e-01
-1.080815704691271556e-01
-1.081152333855077974e-01
-1.080969180155147147e-01
-1.080924198737292230e-01
-1.080793456439671507e-01
-1.080374981683687174e-01
-1.080237879949886154e-01
-1.079320268338227751e-01
-1.078502944827662291e-01
-1.077905964722995769e-01
-1.074470297875804309e-01
-1.073873147092601760e-01
-1.069792206511550048e-01
-1.060245817822665360e-01
-1.062922514151419251e-01
-1.039513945334756273e-01
-1.025029208169167122e-01
-1.028423883156736190e-01
-9.325132182473409859e-02
-9.213330580033288197e-02
-8.889176618332453317e-02
-8.388062159311958366e-02
-8.169699371174470037e-02
-8.070566942426131429e-02
-6.905334514103070309e-02
-6.491350318161911992e-02
-6.539005506246314825e-02
-6.051754132212521647e-02
-5.441009575681698268e-02
-7.588061196170721445e-02
-6.286320052453372997e-02
-7.881227511336569291e-02
-7.650621509568600320e-02
-6.232594442054768813e-02
-6.477352413971362854e-02
-1.880291329604125150e-02
-5.194978419023536624e-03
-1.293431373313940966e-02
5.735695864897494972e-02
4.908320013988021202e-02
6.891874219134146162e-02
9.190776128772791542e-02
7.314286987437802756e-02
1.057607709576267319e-01
1.169719845843753409e-01
1.706654006266213885e-01
1.673837787549401768e-01
1.682620872766195375e-01
1.686600721725915186e-01
1.391632395673212952e-01
1.346019635054334918e-01
1.072925606976534163e-01
7.751151983792310685e-02
6.547814408877024317e-02
2.380820438589005897e-02
6.797164034655083995e-03
-4.203683924003069096e-03
-3.458500324786661917e-02
-3.582923781625910187e-02
-5.484462023715238471e-02
-7.119074990488945265e-02
-7.208856047162207070e-02
-9.456842482062738364e-02
-9.508369387204820833e-02
-1.021631219038620503e-01
-1.101251529775968824e-01
-1.017369647705315266e-01
-9.481742375127655276e-02
-7.820403084142353578e-02
-6.287130188528085306e-02
-7.333372893928331859e-02
-7.697933065191361890e-02
-7.898168502610869446e-02
-8.788591485030709805e-02
-8.719293547297018998e-02
-8.547386520215395633e-02
-8.171476118396654720e-02
-6.565050018363190187e-02
-6.179178139688427246e-02
-6.913525418847767112e-02
-8.704757036049659558e-02
-8.286716547640696207e-02
-1.025926393608184300e-01
-1.177301661675762001e-01
-1.038065353919267741e-01
-1.033751213964989452e-01
-1.165824876180746872e-01
-1.200500118923320675e-01
-1.229056796466824614e-01
-1.198630617980420282e-01
-1.346316633422745268e-01
-1.273752514222379895e-01
-1.384524482687983782e-01
-1.557839243714699007e-01
-1.502175532678833580e-01
-1.597796811630925740e-01
-1.486907614909223352e-01
-1.291311667069266200e-01
-1.126975861808774265e-01
-9.088228627066689824e-02
-7.769958994218695292e-02
-6.143106923600534508e-02
-5.525360854149153483e-02
-4.314946710430164062e-02
-5.053781528581023641e-02
-6.308478696278820019e-02
-6.055670297961292942e-02
-5.911662987766776178e-02
-6.825125755653513315e-02
-5.412342551654494849e-02
-5.357170866597260606e-02
-4.070419422537923521e-02
-3.711313885795924222e-02
-3.728883238182907622e-02
-2.547942210300870036e-02
-3.326631288499062172e-02
-4.426252509983952949e-02
-5.084376726454192114e-02
-9.719691367266970750e-02
-1.169378885724069173e-01
-1.206910485745045364e-01
-1.557912383027459380e-01
-1.458965144760125399e-01
-1.332178786552997707e-01
-1.321499600386079054e-01
-1.166380435851619157e-01
-1.179858355381840501e-01
-9.196826291946830212e-02
-8.608333749928868961e-02
-9.412893020355921070e-02
-3.994975218405735079e-02
-6.068962680164059764e-02
-2.367185855127890842e-02
-1.511348713567075078e-02
-5.947841092132274965e-02
-3.783476847898063072e-02
-1.581042464060725405e-01
-1.908391199099462032e-01
-1.914437859607329984e-01
-3.471003078006629772e-01
-3.527829447550404063e-01
-3.915231973021607859e-01
-4.002792729980881314e-01
-3.666552996762919570e-01
-3.589400480786473779e-01
-3.062606128952878870e-01
-2.797813694445716592e-01
-2.414452314320494619e-01
-1.839701643879647908e-01
-1.565045929119341928e-01
-1.214123506402446512e-01
-9.040165076480710660e-02
-7.085759199176243361e-02
-4.749939444145381134e-02
-1.708320042350299633e-02
6.881927902207324831e-03
4.010654685575875539e-02
7.936398890659265848e-02
1.103826647985182569e-01
1.508584277148229680e-01
1.940714973665628729e-01
2.221502155522283029e-01
2.394523806206609595e-01
2.474994705993978639e-01
2.377429773730843909e-01
2.138116208788146677e-01
1.796982554660818687e-01
1.503018554848119526e-01
9.776627112267641251e-02
6.687899466928554082e-02
7.309037384007158189e-02
5.055576860009890899e-02
7.356876458609183655e-02
8.011348235462763256e-02
6.649366320309980927e-02
9.774064278167110542e-02
8.539633237051598436e-02
9.840712687011576865e-02
1.260582476647345018e-01
1.215369006327194357e-01
1.632048022733096904e-01
1.770735312866135447e-01
1.870014932171554789e-01
2.218587179999245984e-01
2.179026866688101305e-01
2.287736686914735307e-01
2.345217958727479346e-01
2.211895199715598892e-01
2.295434833287078036e-01
2.178123441976805574e-01
2.088076569701038387e-01
2.093649399605467254e-01
1.882806468767740660e-01
1.829647406993802627e-01
1.679372670888809871e-01
1.408619953691098992e-01
1.255220158787004325e-01
9.978528720935563034e-02
7.569439742305905661e-02
5.794032568300288427e-02
3.499685969418642878e-02
1.373578233575038429e-02
-1.648190624997643988e-02
-3.832219428026460012e-02
-8.332097545839244057e-02
-1.114959210196310307e-01
-1.278552910121365516e-01
-1.457768455348871783e-01
-1.086208902602803367e-01
-9.151641569720783687e-02
-8.816528771764121919e-02
-8.734657983669670556e-02
-9.450960074201981975e-02
-9.522140826366067012e-02
-8.984797295719688937e-02
-9.917744941953324234e-02
-1.162342446359343057e-01
-1.133610071250563123e-01
-1.511003888996584887e-01
-1.428533756058361637e-01
-1.446403024461909159e-01
-1.447774322706313899e-01
-8.653164132623550331e-02
-8.620151290801629507e-02
-6.534219284765276081e-02
-3.510990393947313430e-03
-4.273747253114962286e-02
2.773461838434293416e-03
1.088758757953535855e-01
1.047238875640711525e-01
1.545179968609234067e-01
1.605450946336022533e-01
1.237528755592830348e-01
1.437021537173989449e-01
8.735136538019648567e-02
7.857707752959561254e-02
8.612091175053139536e-02
6.565631595882714944e-02
5.444374974516071053e-02
3.191083476987421896e-02
1.602432604216633746e-03
4.982012975477242457e-03
-2.316238503135395130e-02
-3.465029967306853392e-02
-3.623579542690972405e-02
-6.430284712862308072e-02
-5.831097152640947467e-02
-8.488795460863798881e-02
-1.061644959745147720e-01
-1.235645811285390194e-01
-1.515885968167806630e-01
-1.640962041494924972e-01
-1.554592556682300730e-01
-1.530799680494640547e-01
-1.412619701441215625e-01
-1.062123495109175558e-01
-7.901550255212748397e-02
-9.375418333303355001e-02
-6.311720989196473175e-02
-6.926663590357430567e-02
-9.246346371463787239e-02
-6.427624487214604609e-02
-7.047396630139060592e-02
-6.060349306395514807e-02
-7.550468747912922850e-03
-4.245756765019453177e-02
-1.338681112183306293e-02
-2.230767136072409410e-02
-7.018574269337719829e-02
-2.227635243271821469e-02
-1.446196388762468338e-02
2.761856029206431404e-02
1.276105212315181425e-01
1.579639590496085266e-01
2.140776158128732953e-01
2.398334183585031087e-01
2.225498880196708218e-01
2.276995484693855876e-01
2.136190562957244743e-01
1.949927446273084786e-01
1.914531206900724480e-01
1.629196674925255384e-01
1.543582825340668041e-01
1.357145839329245707e-01
1.070740983720200740e-01
1.033330190582617408e-01
6.602206749524801299e-02
5.004149765991513371e-02
4.620325872720372484e-02
1.019854166235344833e-02
1.733344307638666829e-02
-4.911841302182841590e-04
-4.139636776635206850e-02
-3.093376178802849721e-02
-5.776117854372801036e-02
-6.243071859609047869e-02
-5.613823904752095889e-02
-7.240167720431803233e-02
-6.617497474744613029e-02
-7.895575700882621895e-02
-8.040422246102829629e-02
-7.610665609995484471e-02
-7.579504943107692738e-02
-7.463466050708129906e-02
-7.495596421925423969e-02
-7.439487988656788564e-02
-7.746504637533692395e-02
-7.982922513438743539e-02
-8.005640386494787542e-02
-9.197964015980426844e-02
-9.024061685717325865e-02
-8.986918003963055568e-02
-9.692210984502368232e-02
-9.678543712389058029e-02
-1.165686255524202158e-01
-1.269403770703976531e-01
-1.332397129582989781e-01
-1.526538866696721952e-01
-1.520682544156626292e-01
-1.404044738559474537e-01
-1.437912618470726378e-01
-1.380460842864788540e-01
-1.313710824649369779e-01
-1.272055387823751438e-01
-1.235296857509292634e-01
-1.060771434864526547e-01
-1.043547330079360458e-01
-1.008440285708679662e-01
-9.289628645317703215e-02
-9.272811825724031065e-02
-8.544844402867894650e-02
-7.903725109850125163e-02
-7.850115713584338017e-02
-5.936713146273722014e-02
-5.914552520375724459e-02
-5.553947896581007404e-02
-5.057182371982849728e-02
-5.085664152093019585e-02
-4.908610424798901667e-02
-4.903947543098589879e-02
-4.877824650322834521e-02
-5.097335610060475808e-02
-5.190080549061730497e-02
-5.338837559211549039e-02
-6.297576165905180434e-02
-6.608323088879039520e-02
-7.342310745330100918e-02
-7.584300998832242680e-02
-8.703253574125684178e-02
-8.828303236473349080e-02
-9.046078781912719746e-02
-9.355476338185508833e-02
-9.375633839157915261e-02
-9.499755172940338444e-02
-9.566042498166445196e-02
-9.586083177715432058e-02
-9.631051505543440638e-02
-9.644920683017410568e-02
-9.657190474129548341e-02
-9.670097899620232196e-02
-9.673189295709337665e-02
-9.677392411480086054e-02
-9.680529765673206999e-02
-9.677416058692553391e-02
-9.677849669275009892e-02
-9.675474939127527707e-02
-9.660177962009382224e-02
-9.665733497742835800e-02
-9.638764946476832685e-02
-9.606361451987227573e-02
-9.631650323816813575e-02
-9.489922222150894149e-02
-9.503163970345902822e-02
-9.484359022931215799e-02
-8.997154286326501660e-02
-9.413466358875194340e-02
-8.675215324035244480e-02
-7.736558251365624472e-02
-8.237353417297006708e-02
