2.441510049661954271e-03
2.864552122174732381e-03
6.972415815284550844e-03
6.631601245536389820e-03
9.593315332691452341e-03
1.084241003654356009e-02
1.166331524981204480e-02
1.294977197085834392e-02
1.338565981764725486e-02
1.393723032870093116e-02
1.436351511143927132e-02
1.456501978654758771e-02
1.472469051727137886e-02
1.481300513398565132e-02
1.481583424351590531e-02
1.457639266448951428e-02
1.460198277970926016e-02
1.412453643546974537e-02
1.354335845754324127e-02
1.366175690265613966e-02
1.178507162995551423e-02
1.190499565677039830e-02
1.157496443984375178e-02
1.115543499095858655e-02
1.141998626124613413e-02
1.155394146393830257e-02
1.160645109503321594e-02
1.252437172189788464e-02
1.307028367130465274e-02
1.361729585912961615e-02
1.637780618853803757e-02
1.595824860646101462e-02
1.865692118640073158e-02
1.934952058821211990e-02
1.922562932047907833e-02
2.067074619380358108e-02
2.111321416986946739e-02
2.264801572536171217e-02
2.352011917144626249e-02
2.433778128839208382e-02
2.479401913873290758e-02
2.405651137363171155e-02
2.373655219418820822e-02
2.377902569841123040e-02
2.247343581681246830e-02
2.237473993499975236e-02
2.070992038867602164e-02
1.940246558706532412e-02
1.879770910313369875e-02
1.458819700240887585e-02
1.274886379452803281e-02
9.870828423125043577e-03
5.098172462027072624e-03
3.795517169021401897e-03
4.860475753584342124e-04
-3.877039804883661116e-03
-6.829168700863886719e-04
-8.219497521890731240e-03
-9.942568289452870245e-03
-6.916886529403818221e-03
-1.221708364617374483e-02
-1.399462635322309967e-02
-1.357601156957448547e-02
-1.521500262028038092e-02
-1.304360918024524002e-02
-1.414031369525209532e-02
-1.586871267021436327e-02
-1.585254358341759567e-02
-1.721384358081062826e-02
-1.752687397525395929e-02
-1.751109728121825679e-02
-1.776082556269560631e-02
-1.758928765878502859e-02
-1.763953266455512911e-02
-1.780795455583884107e-02
-1.775399011108973885e-02
-1.795628691365747098e-02
-1.821484253585151439e-02
-1.818602616391205157e-02
-1.946428000743924761e-02
-1.955599865011760363e-02
-2.043967183004526816e-02
-2.207968412829065114e-02
-2.378098884037009933e-02
-2.465627757118900309e-02
-2.683963786856623929e-02
-2.859522422978962031e-02
-2.847509241629330931e-02
-3.257154683805021933e-02
-3.065135721842790831e-02
-2.907018273977982764e-02
-2.943120713612839764e-02
-2.176214941642963183e-02
-2.088504655667787133e-02
-1.408625642774184554e-02
-8.956395600796921569e-03
-7.098472660100720380e-03
3.205421272567119013e-03
2.765238375522458773e-03
3.678762283486675024e-03
5.865685927791777256e-03
-4.326503210718915396e-04
9.815942601110758201e-06
1.935769494775865839e-03
-1.160969568603566118e-03
1.014459501112117620e-03
-6.014280564711032813e-04
-6.129210591249664199e-04
1.657411773811084781e-03
-1.889789055391699266e-03
-7.783383846886727901e-03
-8.313218529659034337e-03
-9.238070635551445808e-03
-9.033968987583107166e-03
-7.148875653501575618e-03
-5.593240692224709168e-03
-3.442147665841488718e-03
1.845452698319288167e-04
2.529788500621879283e-03
9.735407220120716534e-03
1.247598514110628658e-02
1.680548617927314289e-02
1.689076775366128366e-02
1.344340657292472999e-02
1.284175455766230559e-02
9.429902447374145097e-03
4.700176879143512683e-03
2.639853233460392242e-03
-2.532865517861622104e-03
-4.606198933751701544e-03
-8.505707695332490742e-03
-1.004915236653372741e-02
-9.816875880140562075e-03
-1.125453847378594247e-02
-1.165316434555819028e-02
-1.181131708076941199e-02
-1.146456099571216587e-02
-1.286833760717144559e-02
-1.077603401286632810e-02
-1.113340621320430338e-02
-1.646509017892257634e-02
-1.713860486160314472e-02
-1.720986426650504900e-02
-2.108045321525832058e-02
-2.149174712265144657e-02
-2.532123200205110489e-02
-3.237881750034222322e-02
-3.760611445752752580e-02
-4.485720543486759054e-02
-5.386088732396550338e-02
-6.092800719513791902e-02
-7.089982368591415951e-02
-7.858905401105063804e-02
-9.074876327774222817e-02
-1.002971394994321003e-01
-1.070996164588574606e-01
-1.159775557583431621e-01
-1.235893285218569726e-01
-1.269623019452722490e-01
-1.341464826486556128e-01
-1.342832757358179696e-01
-1.350946884285478822e-01
-1.364165120190080904e-01
-1.316449876794125728e-01
-1.285186703263865027e-01
-1.218139931935785653e-01
-1.090112754704214426e-01
-1.026310506669580597e-01
-9.420141954541987050e-02
-9.297565688477393842e-02
-8.666594706897227940e-02
-8.377208163824043097e-02
-7.824360848320587036e-02
-7.135452475424008956e-02
-6.539173919914850752e-02
-5.645306985614377548e-02
-4.824864698884587938e-02
-4.162531275612399440e-02
-3.253122213043306565e-02
-2.540800615887935099e-02
-1.830423278082146665e-02
-6.474517016689350368e-03
-3.244111653967263198e-03
5.614995017913580570e-03
8.019200250864217186e-03
6.981010709946628562e-03
1.065372316962391944e-02
9.759669724324451442e-03
7.094973364900072042e-03
5.974165550759118030e-03
3.866982325426370458e-03
2.979696475742557322e-03
1.649556369454484089e-03
7.616289728369774858e-05
-1.110407672429253225e-03
-5.077112475833386526e-03
-5.244693894506556424e-03
-6.607682875839274508e-03
-5.728141551981463971e-03
-5.190344147327465713e-03
-1.059125374942147986e-02
-1.051409343626985050e-02
-9.675913818289074916e-03
-1.236196484970177728e-02
-1.214625393808109639e-02
-1.288878293602014474e-02
-1.458856619343183378e-02
-1.566190838513129707e-02
-1.846095850478442213e-02
-2.180374738140772317e-02
-2.104276149146236397e-02
-2.358285932766596843e-02
-2.545752443683868202e-02
-2.437329498978469539e-02
-2.220372053561667919e-02
-2.467947526550768808e-02
-1.732443523299233637e-02
-1.549933451017513654e-02
-1.378925439712848713e-02
-5.532928506452972767e-03
-5.726733007684761158e-03
-1.199791369769535702e-03
1.800580556450905728e-03
1.858342945361880164e-03
5.155021855425511758e-03
5.552875727924189327e-03
6.608822257376834562e-03
8.181567781584988402e-03
7.849100184255559942e-03
9.130146076308576220e-03
9.033508555433706830e-03
7.967260840781704989e-03
6.444291833828526619e-03
4.770645101042979112e-03
3.007645017156832575e-03
2.447335584064742019e-03
4.193033081212280480e-03
3.345002565972440053e-03
4.361547452437591205e-03
4.520553531765066947e-03
2.962515080681132115e-03
4.062910029836292597e-03
2.955036730438143425e-03
2.668230453989504144e-03
4.509961958552241752e-03
2.971286314953513422e-03
5.209444119024149618e-03
5.260803791361284322e-03
-1.788009954701304249e-03
-5.080240540843060197e-03
-8.170082441990286770e-03
-9.284109917691315758e-03
-8.158733012739238094e-03
-8.459292239441659408e-03
-6.253615735074619791e-03
-4.441023142110223434e-03
-3.048176454994216446e-03
-2.194186614169314027e-04
4.868092641346901013e-03
4.325411461358179450e-03
1.167497078542668182e-02
1.153798529822376226e-02
6.288920708252026398e-03
6.824874480697598784e-03
2.504991481264128191e-03
9.366570697110682174e-04
-1.507046059220102513e-03
-4.322651794554822381e-03
-4.466171479883260416e-03
-8.715785540097208475e-03
-8.584114132563462271e-03
-1.217798146136025127e-02
-1.551047666910935520e-02
-1.565754620037305631e-02
-1.581878095982379440e-02
-1.622864536307674910e-02
-1.519336882789535867e-02
-1.590726484759929713e-02
-1.732033594312060859e-02
-1.934495032788984339e-02
-1.828954772362635650e-02
-2.040906046289142975e-02
-1.883683299917571913e-02
-1.897861021628514250e-02
-2.136697648262806185e-02
-1.952268850941332040e-02
-2.082691329749020506e-02
-1.958090577520514228e-02
-1.754898331154687227e-02
-1.788045257258869675e-02
-1.304341363340729039e-02
-1.253929290668843143e-02
-1.165762180521127435e-02
-9.738130866306801692e-03
-9.935809628792691833e-03
-8.933963262039537265e-03
-8.846449999002019282e-03
-8.750988412143898346e-03
-8.743119617355127673e-03
-9.418955990432057238e-03
-9.203874353734707234e-03
-1.093997452873366610e-02
-1.137434530115219791e-02
-9.908019238341312512e-03
-1.054169192687143437e-02
-9.257788977508445150e-03
-5.869769818560941627e-03
-4.033531828023153437e-03
2.343202163432553907e-03
6.572256339024696616e-03
1.086916283990542118e-02
1.394711520621506884e-02
1.796805499670628067e-02
1.971318810557776482e-02
2.065216816038055805e-02
2.306178355225050117e-02
2.201937675328179481e-02
2.332173106183049738e-02
2.325263490736782443e-02
1.966937589715475609e-02
2.063197577633837931e-02
1.651292935043748716e-02
1.702167682579576458e-02
1.601254812335687477e-02
1.425658780677230460e-02
2.061610065840065523e-02
1.831645361016442930e-02
2.122055513157553377e-02
2.506231832175492835e-02
2.156599635070752946e-02
2.876293900355809952e-02
3.148870236498513275e-02
1.806117546040223246e-02
2.086257875548537186e-02
2.364149624830507931e-02
2.094542200141297564e-02
2.798690272428631942e-02
2.572373442799252494e-02
2.864959548420632773e-02
2.906155056591698191e-02
2.338457919795355541e-02
2.511819887833086073e-02
1.793021364005382284e-02
1.562268786847848673e-02
1.223295032709898963e-02
-6.202700794547958199e-05
-8.307419398889092895e-04
-8.922549051125787736e-03
-1.231430690001013815e-02
-1.268819097258021972e-02
-1.571421804658333643e-02
-1.664453410969090122e-02
-1.783891779053966078e-02
-2.013654279708913461e-02
-2.053533465313269260e-02
-2.253879432045455961e-02
-2.385102449699255320e-02
-2.443455023967743694e-02
-2.652033133514810140e-02
-2.617270073710264294e-02
-2.674331521163668748e-02
-2.694101971267937740e-02
-2.590785146729833455e-02
-2.662340646794727692e-02
-2.470047743996172523e-02
-2.434027654119205394e-02
-2.348867745788059055e-02
-1.967786394014226642e-02
-1.936270202145411526e-02
-1.634384195067702453e-02
-1.619886530721065601e-02
-1.452249751025636200e-02
-1.127483530872841304e-02
-9.559837925982696619e-03
4.425585158561381473e-04
2.127699253544874589e-03
8.657596097518541894e-03
1.262089841281110666e-02
1.553643066197776465e-02
1.784113454664748577e-02
1.712317989952167469e-02
1.864142696784072337e-02
1.872757715095922301e-02
1.888042625108140443e-02
1.903335160881362148e-02
1.869948733624708995e-02
1.891213138137650893e-02
1.751582493761380532e-02
1.773958701100795954e-02
1.683999108242628662e-02
1.295043602747446287e-02
1.216324067347657883e-02
6.558703988867645683e-03
4.482024097872148137e-03
3.456502920483124370e-03
5.710697795899555285e-04
1.352086583160257670e-03
1.136931613494579019e-03
2.577300402629172874e-03
3.022687062115639051e-03
3.549457075700991702e-03
4.393063557754621137e-03
4.801697047414972726e-03
5.411926310842118601e-03
5.977662012991960712e-03
6.552802445579543680e-03
7.011638236057509202e-03
7.714927104717855810e-03
8.327764413620259223e-03
8.698142151341025502e-03
9.987194930174523796e-03
1.049224033981922127e-02
1.127605084226499313e-02
1.271951143038256224e-02
1.298801452834287898e-02
1.293955228982190953e-02
1.334620128670972565e-02
1.320505396070262120e-02
1.348520951244289515e-02
1.304186041433902377e-02
1.329008728849010411e-02
1.320433903447297032e-02
1.155971036228455734e-02
1.132912351226803352e-02
1.093342814873648171e-02
1.042894944744530289e-02
1.027142543262134569e-02
1.023247267132018114e-02
9.978438590328856175e-03
9.946955152963218860e-03
1.057830613177759491e-02
1.061179119505543771e-02
1.085237624564193600e-02
1.104750450668644420e-02
1.109342673769565281e-02
1.122549504817899925e-02
1.128272143278960873e-02
1.132605989495518752e-02
1.137963390638080732e-02
1.140286202133129582e-02
1.142705595014299053e-02
1.144631772309113657e-02
1.145970504444214152e-02
1.146252979411242073e-02
1.147568926783462499e-02
1.147675341741144495e-02
1.145969382736466632e-02
1.149318405459372194e-02
1.144434265008470973e-02
1.144024583582511044e-02
1.150455929613840474e-02
1.130295062407320889e-02
1.148535233680168972e-02
1.140743380692828268e-02
1.099108164077979531e-02
1.180686482909913682e-02
1.067996512113244742e-02
1.074026896742229405e-02
1.139020545736586787e-02
