-1.131948377049007276e-03
-4.492522571451730215e-05
3.883990526939979423e-03
2.487951346034193885e-03
1.414810718584200329e-02
1.365013415911119250e-02
1.300590212727128353e-02
1.607898613869433377e-02
1.482590644054268721e-02
1.530518657882346846e-02
1.577661143398520829e-02
1.541313292834861626e-02
1.570033908675140533e-02
1.569499548638431455e-02
1.565655762027098538e-02
1.573833678376490922e-02
1.570929741511876282e-02
1.571729441213539497e-02
1.572566416442443965e-02
1.570422323379906671e-02
1.570127223652170723e-02
1.567707120491484973e-02
1.563534443829341092e-02
1.561443222365577026e-02
1.551268878955937812e-02
1.542835002467069297e-02
1.534500889414863040e-02
1.498491223609256517e-02
1.491066644438635187e-02
1.442753914101785155e-02
1.345307010369070286e-02
1.361891265132639771e-02
1.115401659061322596e-02
9.670835799548208045e-03
9.596613160947817939e-03
1.016683875436191634e-03
1.150014422707918267e-04
-2.692354005391907508e-03
-6.287481152290648988e-03
-8.362303470449541920e-03
-8.954415663970906325e-03
-1.400832061465761072e-02
-1.430175973081635951e-02
-1.305096420802654388e-02
-1.407701964440995039e-02
-1.318186102201081115e-02
-4.626496927443088381e-03
-4.019526666742020797e-03
-4.070970905451461348e-03
1.339200265723107823e-03
-1.413497167524243106e-02
-1.173460534881971828e-02
-6.995147015740903922e-05
8.769227945250979801e-05
-6.289968919369655874e-03
-1.876453354946310687e-02
-2.655033864198329263e-02
-3.060721701895419491e-02
-2.528452537488081603e-02
-3.244931545061241485e-02
-2.631317120047836633e-02
1.427410070937882094e-02
5.009566431216837951e-02
7.287151336489375297e-02
1.411196244790589027e-01
1.592729638872875109e-01
1.889381352380422874e-01
2.322959008314592899e-01
2.268398308883865511e-01
2.618519482265058151e-01
2.618268969124701306e-01
2.462878991855982636e-01
2.524296269564513806e-01
2.207463488850964495e-01
2.045371009339903012e-01
1.905163548195796253e-01
1.500065191950735177e-01
1.360440807403267560e-01
1.043710310711884887e-01
6.203511212727596397e-02
4.396060152252201370e-02
-6.527802063792331744e-03
-4.021012678212616820e-02
-6.751595135313205598e-02
-8.737097953512709680e-02
-8.458734731798081552e-02
-7.108816751270533030e-02
-2.825704026263445995e-02
-6.109590279044821784e-03
-5.079733312559247052e-03
-3.939833391830894344e-03
2.359511542761282433e-03
-1.639185742214982477e-02
-7.499921675352943379e-03
-6.373764899197949252e-03
-1.507422961386038068e-03
-1.067197071970625675e-04
-5.712420136410426702e-02
-4.227771410539887809e-02
-9.383238055465469019e-02
-1.569817881045115215e-01
-1.246899976150488837e-01
-1.412941836797815542e-01
-1.848267534245666421e-01
-1.816167521739205926e-01
-2.226557388382758573e-01
-2.461096734559297672e-01
-2.509273471006169820e-01
-2.895011341246163106e-01
-2.861282229822987300e-01
-2.922146617528064705e-01
-2.959789186224835444e-01
-2.768014067648971177e-01
-2.764086755004098173e-01
-2.622979806668230829e-01
-2.534145424712209715e-01
-2.319054492354387376e-01
-2.223583259667007150e-01
-2.067130946924051194e-01
-1.901521455169074559e-01
-1.821068749064969905e-01
-1.408211679817930884e-01
-1.279734300606323039e-01
-8.941052953586406393e-02
-8.472259676678411955e-02
-8.281220517801735070e-02
-7.834407404785054263e-02
-8.691880637009234689e-02
-7.469456376006257392e-02
-7.958956466006292252e-02
-8.211624139641214570e-02
-7.212056342202616266e-02
-8.305146080769662542e-02
-9.399511125239243259e-02
-9.810675517073513818e-02
-1.288427908063209670e-01
-1.441809985748721545e-01
-1.308004199317852612e-01
-1.546355789594717201e-01
-1.370704842436222815e-01
-7.477479538663285574e-02
-7.458121299912288948e-02
-5.469943551425434508e-02
-3.986092175994294246e-02
-4.919549685457308419e-02
-3.787292816719806110e-02
-4.421573013220452680e-02
-3.107343501738698416e-02
-4.123627608931105387e-02
-3.621876142680597460e-02
-3.576219239743019807e-02
-5.852770668423477179e-02
-3.388785511344638568e-02
-5.830023216461456548e-02
-4.412252564068342570e-02
6.848108182580208217e-03
-1.104209303554063402e-02
6.487810279039740724e-02
9.176921356323286538e-02
1.355458060939236931e-01
1.545479654838317896e-01
1.594894899632872398e-01
1.639708774115500867e-01
1.543529639240115714e-01
1.489405931738648770e-01
1.340920156673638952e-01
1.176511253260071194e-01
1.108845790782260893e-01
8.699728703903750193e-02
6.757882174349427729e-02
4.432437961562796236e-02
-5.126184096015944103e-03
-3.546613070399895484e-02
-8.536141012373051062e-02
-1.420936441596544197e-01
-1.514248135218216607e-01
-1.981804211448665032e-01
-2.166245829598455463e-01
-2.033604007580705475e-01
-2.165029352514604988e-01
-1.736041848741572691e-01
-1.283606892503859898e-01
-9.433160546155948400e-02
-1.537595019030317187e-02
1.006328303873776052e-02
5.478433613066707036e-02
9.387599362235934941e-02
3.835495217638339172e-02
6.102334886609195319e-02
3.284558045922481018e-02
1.938539889568569041e-02
3.706743486194744031e-02
2.942222182429706304e-03
1.646399158533675897e-02
7.425504271235116270e-03
-1.547544147057665007e-02
-5.692145955672058000e-03
-3.359963408432337789e-02
-3.757755712025635797e-02
-4.344728994803229855e-02
-6.288999856984996140e-02
-6.106408273671512510e-02
-7.522406842709288000e-02
-8.311645511286085142e-02
-8.075780466144862058e-02
-9.645351582410752189e-02
-9.310553094309644007e-02
-9.936265898317919731e-02
-1.082354100362509786e-01
-1.002224665990097685e-01
-1.121450880449503112e-01
-1.044912609239176809e-01
-9.584631819843109080e-02
-9.401249234318226344e-02
-6.339242039683151697e-02
-5.396641817192179835e-02
-3.151411448891190681e-02
-1.127453974771564513e-03
1.289842136728864240e-02
3.042636535324268546e-02
4.323192182580994081e-02
5.177830160529037218e-02
5.326225812845163110e-02
6.283547129457547897e-02
6.305615085667166941e-02
3.871487443843440318e-02
3.534668225197947627e-02
1.136764787894803397e-02
-8.636017034258236177e-03
-2.554649516134198731e-02
-3.007310732429960623e-02
-3.760529545664395568e-02
-4.943403620368126000e-02
-3.964593356844192673e-02
-6.541716541782796601e-02
-9.522050909136799135e-02
-1.124637662841018459e-01
-2.210939559375341146e-01
-1.960474857845045382e-01
-2.268860541646303408e-01
-1.936494856255340791e-01
-1.667379026952666154e-01
-1.793832454199406901e-01
-7.772542446427338492e-02
-7.693384071428351068e-02
-1.128447061767329507e-01
-6.942121457293322362e-02
-1.025497519869934537e-01
-7.785350796835124876e-02
-3.685259993785207355e-02
-7.593599075403230370e-02
-4.140891768893382313e-02
-9.107564153246508476e-02
-1.210521584450068994e-01
-1.598795994040575208e-01
-1.640351572120316015e-01
-1.606723041100020788e-01
-1.463841850435489145e-01
-1.424325885789772816e-01
-1.270631230222819263e-01
-1.136846125563615723e-01
-1.050798767734517219e-01
-8.612069058010138334e-02
-7.559243317877617496e-02
-7.706743599960240443e-02
-7.131428651784724182e-02
-8.100868966784288694e-02
-8.191190989143128098e-02
-8.730238824580298374e-02
-1.088760742733834719e-01
-1.347272789949361393e-01
-1.462820022365531603e-01
-1.921557224185475032e-01
-2.209647525402074764e-01
-2.218055072424978402e-01
-2.699580154817833311e-01
-2.686258029104429124e-01
-2.642948578713336105e-01
-2.967431472123051583e-01
-2.562267381062914851e-01
-2.634885659354422316e-01
-2.735236156590072909e-01
-2.068459753964403403e-01
-2.082518693949031163e-01
-1.539541446318747342e-01
-7.395954814440157399e-02
-7.168594521031455835e-02
-4.372360133577907204e-02
-4.628118726006852368e-02
-9.900514680116319355e-02
-1.091683340862667495e-01
-1.398979471746100711e-01
-1.594277791754695472e-01
-1.473661374410729918e-01
-1.496444119837851416e-01
-1.455717276905239277e-01
-1.290807214756815036e-01
-1.275060870618538456e-01
-1.114640577303206426e-01
-9.961974436074180761e-02
-9.164049894505185700e-02
-7.444943964757674837e-02
-6.705061437066990593e-02
-5.516034526645061803e-02
-4.560062496203365345e-02
-4.419134072062663038e-02
-3.818971701209255415e-02
-3.855463076412091183e-02
-3.916689561516305262e-02
-5.987710711495868032e-02
-5.813635796020712870e-02
-4.408511433166901333e-02
-3.556667972769494979e-02
-1.146158804070982612e-02
1.147989269315418878e-02
1.496983587017392502e-02
2.296812575251750907e-02
2.818746896347125441e-02
6.653317254005732852e-03
9.295195096532853779e-03
2.142175089852147492e-03
-4.826694802546493100e-03
-6.403963186544787793e-03
-1.568318649056882688e-02
-2.176730394572592986e-02
-2.928471909993700037e-02
-4.430752981004295460e-02
-5.001089081797801400e-02
-4.776780029898188007e-02
-4.087937649726988698e-02
-3.395317369802130364e-02
-1.102614565428972418e-02
2.280678360972425520e-03
1.123551553480253706e-02
5.275974368691546679e-02
6.084734994323897500e-02
7.206785815208791024e-02
9.118403579453532304e-02
9.776584777603004872e-02
1.043821870558067910e-01
1.223826161427991333e-01
1.238822371737570288e-01
1.250300655880419720e-01
1.248220340405648277e-01
1.124109791326278057e-01
1.085472713202998429e-01
1.042427778176536202e-01
9.027425212027960499e-02
8.051973133512556335e-02
7.753635220436032316e-02
4.163178968096985233e-02
4.030299225338079827e-02
3.150399714359433667e-02
2.023536744877113894e-02
1.938630425337755162e-02
1.408111951709528284e-02
1.035227764013433097e-02
8.479082400626178698e-03
6.709866084395840237e-03
1.953618195676242418e-03
2.725562196578466996e-03
8.650586373090951835e-04
2.661359216348131111e-03
6.467480041338086877e-03
5.852931066452415204e-03
1.118809496235822348e-02
1.123774897747106642e-02
1.236545103937288469e-02
1.401485461094468740e-02
1.395760633508089966e-02
1.468561962252843203e-02
1.501101983076007403e-02
1.509436851982096268e-02
1.535364843250625923e-02
1.541388066690358230e-02
1.548372988001425754e-02
1.555486070569195647e-02
1.557489710121623405e-02
1.560686674612890915e-02
1.562329926032282081e-02
1.563885560864388541e-02
1.564495676383801520e-02
1.565281942997118897e-02
1.567567390597070232e-02
1.564789135627263003e-02
1.569833325771895216e-02
1.570862591108741768e-02
1.562322172029458750e-02
1.587116710460494823e-02
1.566543246760702252e-02
1.568019793036534021e-02
1.634232440617628540e-02
1.541085957904331748e-02
1.617823241115927749e-02
1.703116391953305581e-02
1.673244058082444183e-02
