-3.902008051787857310e-04
-4.096718430923095770e-04
2.226591998013708121e-04
4.606342486994527093e-04
-1.917274803948223268e-04
-3.153687097143409055e-04
-1.425162115995568836e-03
-1.585321384474104242e-03
-1.918069113137522465e-03
-2.277320628320287071e-03
-2.358605998196026000e-03
-2.555584805612330385e-03
-2.662923512536455317e-03
-2.724862903875047496e-03
-2.808633306952266172e-03
-2.845416210815899811e-03
-2.880868362831306203e-03
-2.909991096808567032e-03
-2.923928028535677411e-03
-2.936192075566721078e-03
-2.941669702413770866e-03
-2.941837103707592091e-03
-2.934343269391315959e-03
-2.926905207004773177e-03
-2.907368556084501815e-03
-2.877214017846213556e-03
-2.856927777937313950e-03
-2.788753481927150682e-03
-2.736401739142085496e-03
-2.677073343856425404e-03
-2.490808459467861499e-03
-2.454024893482677130e-03
-2.205622052717961037e-03
-1.836862621524927531e-03
-1.901317190046297951e-03
-9.497092656771043096e-04
-1.042170172018721565e-03
-7.756735584469874904e-04
-5.943483538035373255e-04
-7.015763990811817088e-04
-6.123418877750376986e-04
-7.435812804384786404e-04
-6.759563245918614365e-04
-1.331209530124880924e-03
-1.408540023017009531e-03
-1.783626156955864933e-03
-3.723380825054575967e-03
-6.680134890305842836e-03
-8.642511159427178347e-03
-1.657100227818695745e-02
-1.816265309560236366e-02
-2.001457526552876537e-02
-2.308831621897750735e-02
-2.435978066417205518e-02
-2.362254195654218264e-02
-2.476161513354711852e-02
-2.596032638631656786e-02
-2.484764521953242850e-02
-2.729978022495542500e-02
-2.807428370931235734e-02
-2.580484258273240891e-02
-3.340172686791358092e-02
-2.883300651434617459e-02
-2.723254213259587372e-02
-2.799927728709708866e-02
-1.660535616338033871e-02
-1.687246557551257131e-02
-1.157741519906766055e-02
-8.927700359636988811e-03
-8.103345246038366409e-03
-5.541121572793666211e-03
-5.366917362797126237e-03
-3.266603059457591062e-03
-1.258296383600839355e-03
-9.393396131150772354e-04
3.203133430229881604e-03
3.226130982056797658e-03
4.773063768419752440e-03
6.926066983844651401e-03
6.272085939607778028e-03
7.789665210913317497e-03
6.184971470561079730e-03
3.830619153912843359e-03
-3.350185783508028196e-04
-5.191388384643250316e-03
-9.266875661298008479e-03
-1.343612302756112299e-02
-1.214424589437431735e-02
-8.987996156212508039e-03
-9.245065506688614904e-03
-3.272707328312191369e-03
-2.737246156432969046e-03
-8.621220587673375643e-04
3.998152107570047097e-03
3.712566287159046585e-03
3.820947340778635664e-03
4.476792373431090141e-03
2.662693619027695687e-03
2.543276037205335731e-03
-3.442460364235122149e-03
-1.007816167651169950e-02
-1.406878082472257617e-02
-2.088288349937031385e-02
-2.277677153872378554e-02
-2.374709252902077947e-02
-2.309648847989465709e-02
-2.207035965584057055e-02
-1.740441170191969061e-02
-1.712298556078756945e-02
-1.757264751669801450e-02
-1.752078224002159498e-02
-1.584876234375871482e-02
-1.656290084757013753e-02
-1.316605938060185291e-02
-8.086075775885943895e-03
-5.705459185566775018e-03
-4.304286186610021755e-03
-5.692846469312018605e-03
-8.654570130876811443e-03
-1.294728242399721674e-02
-1.362600120226155342e-02
-1.264491096314666711e-02
-9.280673347212799879e-03
-3.217771893052841226e-03
-8.561580640492972086e-04
1.218829636387276259e-03
4.747424075522434748e-03
4.378715879674205912e-03
3.700608290921366620e-03
-3.476378110064919438e-03
-4.945222805821518006e-03
-7.694199020033852705e-03
-1.001038457708207201e-02
-1.007239338485501137e-02
-1.042589449866241323e-02
-8.810067295876035029e-03
-7.359316966084749820e-03
-6.211642438814417820e-03
-2.627329427002405519e-03
4.928441326385433639e-04
3.379363972921742981e-03
1.255059086194694647e-02
1.587793040304132444e-02
2.201278123114145877e-02
2.849751510698672261e-02
3.487337734492407942e-02
4.286534877404273025e-02
5.136253293993596480e-02
5.810994221131800946e-02
6.220103384805328317e-02
6.457351147108918166e-02
6.578739693567026148e-02
6.899312632876629381e-02
6.946475005093559474e-02
7.055271913151905938e-02
7.214451936921528752e-02
7.094873283135087749e-02
7.340781571263381433e-02
7.340047714298701675e-02
7.516315552984148551e-02
7.592833992022418599e-02
7.550321354737278556e-02
7.908935807214423352e-02
7.710801127713466652e-02
8.048767379680252243e-02
8.330748324324950549e-02
8.072545460040697618e-02
8.948552248782751239e-02
9.095664194719056683e-02
9.660326449576631114e-02
1.141277166812229432e-01
1.166103276493697521e-01
1.357592945172977905e-01
1.371698197495527516e-01
1.426914842025823471e-01
1.451966532306150082e-01
1.386620455482855396e-01
1.419725229983548331e-01
1.325040546829447108e-01
1.259944492333111010e-01
1.185110305224610083e-01
9.477472206444645386e-02
8.664968592218987020e-02
7.898102325985262295e-02
6.607568470618598033e-02
6.743089470856987455e-02
5.217845811763922870e-02
4.842396581444297077e-02
4.325285604949555968e-02
3.032780929130067527e-02
3.143404209087421325e-02
2.437357260602814740e-02
1.995760616335588364e-02
2.089940216955347638e-02
1.326969666811528281e-02
1.084438461135907479e-02
5.879810638910613722e-03
-2.543407101559995356e-03
-3.457658155557611235e-03
-1.367492713192392656e-02
-1.494265807862013920e-02
-1.679605454811213330e-02
-2.127351900362303705e-02
-1.459544896960076124e-02
-1.540316339812744344e-02
-1.270375474018475316e-02
-7.582484841578044678e-03
-7.309070077203412043e-03
-4.216224849318369293e-03
1.771604246477992070e-03
5.350441092172557832e-03
4.997039126100113852e-03
8.150270158122500594e-03
5.991283466149298007e-03
2.974684788012195002e-03
2.107872433528249108e-03
-1.138948163269589125e-03
-2.139137572102960648e-03
-1.495851293769287190e-03
-4.999569644311097029e-04
-5.425590412133672125e-04
2.706595902567177254e-03
2.911860962497632866e-03
2.058591651503709295e-03
2.391082487361633792e-03
2.145957904664968358e-03
-1.451332595009860883e-03
-2.588150547743852444e-03
-2.277185930910204971e-03
-5.998402588963800373e-03
-4.557157713967896137e-03
-5.077054300254141977e-03
-6.088113581691050394e-03
-2.600028568243699378e-03
-2.447325870178838469e-03
-1.140370671925463545e-03
3.685865814127224811e-03
3.493603418129436096e-03
5.470129623720335586e-03
7.772628302575068475e-03
7.691821440378103503e-03
1.037407602756689265e-02
1.186082518133196005e-02
1.183974517154625511e-02
1.111936095568455407e-02
1.194403431495605697e-02
1.031590550585226307e-02
6.930558490121442421e-03
4.127649476907294633e-03
4.146185861686436328e-04
1.346186475442160985e-03
-1.051787087971019349e-03
-4.239798255860168690e-04
4.443623588306435963e-04
-9.716320534824940923e-04
2.617991099586223017e-03
1.142319435384172004e-03
1.010793605546655635e-03
1.855612912270568089e-03
-3.295865549430392061e-03
-3.771507790994800373e-03
-4.234613067538440037e-03
-5.131985208054191429e-03
-7.318782372779896600e-03
-5.116600698180411716e-03
-6.257236294633492305e-03
-1.084327640641066445e-02
-1.024444225915615084e-02
-1.238152311769600417e-02
-1.145733950822319831e-02
-1.280146518888784953e-02
-1.231519143058765545e-02
-1.248058707444844179e-02
-1.086958109455418708e-02
-1.107648984161943573e-02
-9.567226728919570392e-03
-5.247242303247978863e-03
-8.348731053939489888e-03
1.545036077356328006e-03
8.914620996596751140e-03
1.515468683870804627e-02
3.893258178573952288e-02
4.710832581541149477e-02
6.543720510983734584e-02
8.430128033528276610e-02
8.818389888406816257e-02
1.031203766862554966e-01
1.070098554592987528e-01
1.083970005436451084e-01
1.156744245402530624e-01
1.141420386473365051e-01
1.140034842606390403e-01
1.158849604841968028e-01
1.084257246539775260e-01
9.851607952574702176e-02
9.234555974762161112e-02
6.905748854163697159e-02
6.170872576225075457e-02
5.112742453263688369e-02
4.229445770359586271e-02
4.326602653598721204e-02
4.052378169878598918e-02
4.046468154548372304e-02
3.984238747410337456e-02
3.683611316613664977e-02
3.629794860998681455e-02
3.248746564420247618e-02
2.374976818616354041e-02
1.709347333368336011e-02
1.137097804484219279e-02
6.142311541772713622e-03
3.404030299369252208e-03
2.060814104849867292e-03
7.332536883686100598e-04
2.386288331992119423e-03
2.622928989890419699e-03
2.890266077958625942e-03
3.082952085231513602e-03
4.956974007953187863e-03
5.270219613788183939e-03
5.171828537194863955e-03
7.107961229654896108e-03
9.254176613422719980e-03
1.013390987699838361e-02
1.499315750543626750e-02
1.706104444785021962e-02
1.874922778226116235e-02
2.144293636755612367e-02
2.363056035643073052e-02
2.409617019446574221e-02
2.439047684967755522e-02
2.235304817629060400e-02
2.314828961835882146e-02
1.899488449587875827e-02
1.377637450998788447e-02
1.008899828379867560e-02
8.977145155577687628e-04
-1.183741648640189393e-03
-6.177167762487744719e-03
-1.098156593925335954e-02
-1.073538889260630159e-02
-1.567905028013141105e-02
-1.481775306121898422e-02
-1.373029263922107002e-02
-1.396273964223369510e-02
-7.683048396134397467e-03
-6.687483428996655183e-03
-4.782276609160839194e-03
-2.116272494852011136e-03
-2.011194108576404814e-03
-2.038629418293060481e-03
-1.011306721829851327e-03
1.463076924976409272e-03
3.479768630994251911e-03
1.052485849173338296e-02
1.575490647901061150e-02
2.507050495550015509e-02
3.497283688162322601e-02
3.786984136911637072e-02
4.615006330246303190e-02
4.886411289555837173e-02
5.295030042837912260e-02
6.738076368773739111e-02
7.971275401686341022e-02
8.352168981213271837e-02
9.315340392627528832e-02
9.726235390154847060e-02
9.381226147026698603e-02
1.006492043906615369e-01
9.381720128279719129e-02
7.106412404265875782e-02
6.734667519397054269e-02
4.965499164218123429e-02
4.200032121289822007e-02
3.859464426683930499e-02
3.251688054476600115e-02
2.978645722665103357e-02
2.823147158815308977e-02
2.777014022170980201e-02
2.887370267963557113e-02
2.873191456059656645e-02
2.931259146174529026e-02
3.018080750115456970e-02
3.009156628794730157e-02
3.112142540673102156e-02
3.180477448248543448e-02
3.175474353282455031e-02
3.365524877653818664e-02
3.333082224850671127e-02
3.335763667820751399e-02
3.308110156648218225e-02
3.151482138454603232e-02
3.134390680401103607e-02
3.016069571738352190e-02
2.920539108161713041e-02
2.871536847764443595e-02
2.724898560402001790e-02
2.665083192563428779e-02
2.541597144353850007e-02
2.383344810494938265e-02
2.293835449632459361e-02
1.984512100713994517e-02
1.866666697152332896e-02
1.598437384103838788e-02
1.284355764625958775e-02
1.153740147186730312e-02
6.829075820778091749e-03
5.556396257051145898e-03
4.583812263629523202e-03
2.134356648424219714e-03
2.406652331593658357e-03
4.891724293634446040e-04
-2.530870359763706773e-05
-7.427248356632006922e-04
-3.324709990575645292e-03
-4.500787578425930434e-03
-8.204479889491281611e-03
-4.623722743028762031e-03
-4.195383391944512881e-03
-4.236023219607669074e-03
-2.656533240021521740e-03
-3.079071086076841466e-03
-2.406332356399318220e-03
-2.160489739278556153e-03
-1.692067330057935633e-03
-1.370504730302511860e-03
-1.159073437263102510e-03
5.943534159762833054e-04
1.095768824204095600e-03
2.359128266390890082e-03
3.516094424744471356e-03
4.079656922942780442e-03
5.421895518490982280e-03
6.607615934570544927e-03
7.108814977054195988e-03
9.641216657790800323e-03
9.981868747709066181e-03
1.020415488642525091e-02
1.117409903790559864e-02
1.113017460536054777e-02
1.146320491540990701e-02
1.168853407613873810e-02
1.160721749210951066e-02
1.167456475288569315e-02
1.156565189190854673e-02
1.130780871531725240e-02
1.110306010831430858e-02
1.069583889185570305e-02
1.009264972104545292e-02
9.664352831596266860e-03
8.644377602522589077e-03
7.670784332376314775e-03
6.862821615185157875e-03
4.527206881198200111e-03
3.634044269858440184e-03
1.295622586720188455e-03
-2.916449541703231094e-03
-2.651465732436490350e-03
-1.000877797949289126e-02
-9.814740310884877486e-03
-9.542023641808046117e-03
-1.154647708297358230e-02
-9.625875152941871724e-03
-7.433888897172582361e-03
-7.845913942783128842e-03
-2.790837539293083286e-03
-3.465823169170952241e-03
-3.265423229241359339e-03
-2.217739592545167268e-03
-2.609745379717625085e-03
-2.227169894002796035e-03
-3.091070822229572204e-03
-3.287398457976060256e-03
-3.522787258996209776e-03
-3.883382302788825156e-03
-4.115889541165661941e-03
-4.611752150773571791e-03
-4.686099240635088238e-03
-5.565924468792598362e-03
-5.591511376317835798e-03
-5.765828012034713256e-03
-6.021516340859044310e-03
-6.028404955722530857e-03
-6.153790032312525179e-03
-6.216688427846377846e-03
-6.241140489873812577e-03
-6.295008453790078805e-03
-6.312380751902988904e-03
-6.331679225760337287e-03
-6.350675172180990022e-03
-6.358049023855116832e-03
-6.367923953190522332e-03
-6.374864168051100864e-03
-6.377978836068724094e-03
-6.382598837589327501e-03
-6.385983099166082921e-03
-6.384638843772502161e-03
-6.390598862506529677e-03
-6.389235608392204724e-03
-6.384270206937909566e-03
-6.401360617083720964e-03
-6.377780868056529863e-03
-6.389300908783891557e-03
-6.416614092665909840e-03
-6.328110601850424170e-03
-6.449971224617538634e-03
-6.382038926445714883e-03
-6.238020615721437748e-03
-6.685804253395925822e-03
-6.026876374319223642e-03
-6.344437068706225251e-03
-6.710056404488035781e-03
