1.027479614288671558e-03
1.156676425714233108e-03
3.381315456031730362e-03
3.407738773904043714e-03
4.049412082221176545e-03
4.439551980431241315e-03
4.029724887410362361e-03
4.314450407643997606e-03
4.272792383386398232e-03
4.231804261086043011e-03
4.307423503224393040e-03
4.273373939135674190e-03
4.285267539546930293e-03
4.296154338209446505e-03
4.287625644965268462e-03
4.294878053857734482e-03
4.294683096048285305e-03
4.294122125273667351e-03
4.296239454037712249e-03
4.295834512615108458e-03
4.296529674105604990e-03
4.297040850191911898e-03
4.297623187182861640e-03
4.298501947611192350e-03
4.299007953174681200e-03
4.301691057575443393e-03
4.302312826932372380e-03
4.305338896806717996e-03
4.313034264202112757e-03
4.310740214509761921e-03
4.328734904847458126e-03
4.340533727892768347e-03
4.334078478910483208e-03
4.412837774532984807e-03
4.385573232059795240e-03
4.422762937213654127e-03
4.538390410282013877e-03
4.579124458667500203e-03
4.887922910628731549e-03
5.100164252015277483e-03
5.107260514677738547e-03
6.491801614670979215e-03
6.687916854351583749e-03
7.034771119522794866e-03
8.005495346990304170e-03
8.045587622383309698e-03
8.197993728715583309e-03
6.921631097419913420e-03
5.851559079836144740e-03
2.683618585876637163e-03
2.238234664603558789e-03
2.400324521384036326e-03
1.111386161724496223e-03
1.239422252330630355e-03
1.423256749996814566e-03
1.354867476678079004e-03
1.338078511198279811e-03
1.546695373912330409e-03
1.241827355966669370e-03
1.353442005197521723e-03
1.694434880382540394e-03
3.869699892140683259e-04
1.303546899589221085e-03
2.185085021650349721e-03
1.752357445738020022e-03
5.829952084523287899e-03
5.666236646359429363e-03
6.468997679865042504e-03
6.812303076466855872e-03
6.805752580142118355e-03
7.529641828438095146e-03
7.426334511223380182e-03
8.712628515663810302e-03
9.929135118101558438e-03
9.986858114347657578e-03
1.343296845291944326e-02
1.320487704325081640e-02
1.412900613689531404e-02
1.583337584648721388e-02
1.505318813378440403e-02
1.606272878491943681e-02
1.511094456753443380e-02
1.233123648047405527e-02
9.321386720423777139e-03
5.462899765640314396e-03
2.325163787018625066e-03
6.942005708294218314e-05
1.423386138185460262e-03
3.329764105094876626e-03
3.617020317909050951e-03
7.396275879977104971e-03
7.692121101028499483e-03
9.430608594345409740e-03
1.352842474851817002e-02
1.371819758081709896e-02
1.445222523583526708e-02
1.523502112978689961e-02
1.463127111081487415e-02
1.533561016139367746e-02
1.078921006859835663e-02
6.129794973985992594e-03
3.729807162569583143e-03
-1.745604502472069370e-03
-2.534142328281016165e-03
-3.049876574014921075e-03
-2.185985332376392132e-03
-1.070970776925984132e-03
1.959405362745285633e-03
1.988104403140646820e-03
9.338713097957734161e-04
3.488337404445910565e-04
8.875082785782727147e-04
2.487880725675277287e-04
2.649026216095186955e-03
7.789494620435466997e-03
1.024284381828784694e-02
1.128005668055062638e-02
1.054612508735028840e-02
7.088990440551423342e-03
3.472195582783393127e-03
2.539467078562356820e-03
2.075635565051810183e-03
4.607598942383861126e-03
6.587742724023987195e-03
8.020399355289172319e-03
9.027358860353723244e-03
1.041301928999148647e-02
1.072912238543690527e-02
9.274001888810360847e-03
4.411427341140835949e-03
3.293395715071719028e-03
1.605946254363246201e-03
1.469444233691181729e-04
3.910045212136785799e-04
2.593456940572513598e-04
1.301956209603769834e-03
1.785598971854679851e-03
2.047989755242067295e-03
3.534448476652038516e-03
4.456605899978396262e-03
5.248024501689978194e-03
1.022451535787794775e-02
1.090027179403422336e-02
1.313999176184985074e-02
1.551429151018832858e-02
1.832864597450676453e-02
2.245781627222472043e-02
2.746364298234689472e-02
3.101769741971934641e-02
3.262445779451408900e-02
3.331101365329673658e-02
3.374395179475056517e-02
3.622924489237510509e-02
3.598126874750137011e-02
3.822758978945429292e-02
3.891982600301540501e-02
3.785712506852453169e-02
3.990584728891957006e-02
3.885277375558816165e-02
3.990441845653899811e-02
3.911705940353338296e-02
3.771966222949942743e-02
3.880198695422021338e-02
3.554655661767273239e-02
3.627157130471950208e-02
3.611313944285041155e-02
3.065484801662628558e-02
3.360446148902232477e-02
3.083043334459159915e-02
3.096803979036989382e-02
3.966696448235164374e-02
3.863956262224683275e-02
4.716556754546179231e-02
4.767561400097357349e-02
4.621806112732777805e-02
4.713238019214750080e-02
4.371324600446297587e-02
4.421953722651860569e-02
4.222062587831090785e-02
4.046944983307261545e-02
3.752918679134500252e-02
2.932685369608916195e-02
2.652822758933237254e-02
2.680663288599775471e-02
2.418217574207677176e-02
2.671144941046014326e-02
2.291536453477443017e-02
2.215126789681912817e-02
2.122837240719615062e-02
1.563376769411240971e-02
1.734785864580747766e-02
1.513031626798266686e-02
1.400360895310185337e-02
1.540582208120768251e-02
1.276521277794280540e-02
1.159840401330865592e-02
9.149399566141335968e-03
4.953142684372253100e-03
4.399987768829135941e-03
-1.733685855758142517e-03
-1.573514206094509113e-03
-2.835230731778492184e-03
-4.554912933601284325e-03
4.959852202994106604e-04
4.208436791297259891e-04
2.453502278640779053e-03
5.327107354562066535e-03
5.705211980863220469e-03
7.157301830298155344e-03
1.160704699707873488e-02
1.432713483472573303e-02
1.381046384350215900e-02
1.609706897835959383e-02
1.413408278370723373e-02
1.135559730028797704e-02
1.028018947099941689e-02
7.576725046153053034e-03
6.668802492191400200e-03
7.040775417717684212e-03
7.052971419548866028e-03
7.193061527136078437e-03
8.031173123510112685e-03
8.255586392441015969e-03
7.491591924684745142e-03
7.765349142721366359e-03
7.394455945391744355e-03
5.572757376123065216e-03
4.919684295153025841e-03
5.181492843628108559e-03
4.967726524026506649e-03
5.567461921541581003e-03
5.626087351927749197e-03
5.543558655131673382e-03
6.295660319511560236e-03
6.623893730466274762e-03
7.197653728341948422e-03
9.963756962330812955e-03
9.885729780305461956e-03
1.068989235384356501e-02
1.224411256037352506e-02
1.226319938867441971e-02
1.429105724711404735e-02
1.585986593419856996e-02
1.583447841468802950e-02
1.516704187949492744e-02
1.622138263150135068e-02
1.523536196719487215e-02
1.229521556428187813e-02
1.022957532284098255e-02
7.547118494492742989e-03
8.350536821897625028e-03
7.344681805667981588e-03
7.726775300332676226e-03
8.041236638384611016e-03
7.738928068134906524e-03
8.691412502632764325e-03
8.245946834903102041e-03
8.219001156292655985e-03
8.671116743460818496e-03
5.779998994248575564e-03
5.261402543345176236e-03
6.207447249238499248e-03
6.060615382962861175e-03
5.050844340945740904e-03
6.773393505207727164e-03
6.875653787613940013e-03
2.679551951255473331e-03
2.839386900760323702e-03
3.415409315872238848e-03
2.698276947884675585e-03
1.912773502472339768e-03
2.074281032146505811e-03
1.409753103754279825e-03
1.669755781536447735e-03
7.125856274535108696e-04
7.782326170549451298e-04
1.026795612059858576e-03
-2.414302537625214861e-03
4.211348352690232554e-04
9.916136115510998210e-04
3.057945582087330440e-03
1.270217087806444455e-02
1.486439450909988677e-02
2.532156154997107500e-02
3.175067157069139112e-02
3.415499974172216124e-02
3.871315819162828714e-02
3.974536281019196149e-02
3.988455857688903705e-02
4.187607189704701388e-02
4.187152159528229056e-02
4.188883826064067339e-02
4.319135091962706535e-02
4.129775212196881012e-02
3.726653709020719824e-02
3.538117647241931923e-02
2.664726968795066292e-02
2.320451199309849638e-02
2.124107585741409274e-02
1.728864868272175434e-02
1.979955240764141172e-02
2.077007964548797589e-02
2.180439437356510024e-02
2.242692927817038426e-02
2.220612798869098931e-02
2.215056454846366096e-02
2.091313220113135210e-02
1.530933487103992331e-02
1.062902705125254831e-02
8.459109081416071180e-03
5.722677818968430197e-03
4.865369417078073931e-03
5.065781875064002265e-03
4.741633568768488342e-03
5.911709699111075689e-03
6.449980086741784018e-03
6.219034298902597138e-03
6.628943190553421121e-03
7.432632222423267085e-03
7.428399992959493735e-03
7.840797341224361311e-03
8.722439303486683934e-03
1.053125737732517157e-02
1.104915537891891855e-02
1.439100952956343452e-02
1.588363083266354503e-02
1.642088889796665049e-02
1.821226317241802714e-02
2.030567295782832390e-02
2.071122854156013868e-02
2.116345546744288070e-02
2.054449894759341824e-02
2.147541801266070541e-02
1.930098173501868311e-02
1.559883588344449477e-02
1.321121487445284411e-02
7.250898113294279752e-03
6.089404608428050647e-03
3.495114888632949030e-03
1.347558310169821904e-03
1.915888258584369985e-03
4.474493443918481470e-04
1.021656849592615353e-03
2.205277435519208649e-03
2.383989615127435954e-03
5.668185166768290213e-03
6.450974539509777075e-03
5.669017926870176249e-03
7.092030884702423335e-03
6.175215001001652278e-03
4.869339718526209324e-03
4.438170170044448970e-03
4.611904527019814945e-03
4.057296367549379987e-03
6.260304151812684341e-03
7.900145416269150137e-03
1.273840385941212364e-02
1.731863798769110382e-02
1.726142544032851361e-02
1.999093682614782111e-02
1.804398864518025683e-02
1.729190112549545619e-02
2.514327148941824380e-02
3.126425434045632112e-02
3.213296516928928342e-02
3.825406248708538431e-02
3.995990872203501049e-02
3.941659200748449943e-02
4.542475154920112834e-02
4.199676567201798827e-02
3.123431069136721472e-02
2.922386598006877084e-02
2.164727785847710487e-02
1.839282009252363181e-02
1.764139863143361978e-02
1.627628677036380145e-02
1.533547736444516342e-02
1.565885800798874974e-02
1.691146876734789598e-02
1.818485644495007603e-02
1.889703931859730915e-02
1.980787128735195940e-02
2.067553100341797817e-02
2.103392359968019737e-02
2.191809389320958576e-02
2.268285181576008142e-02
2.279889302068090901e-02
2.446849995493085433e-02
2.444344405755528860e-02
2.444043827844714217e-02
2.433168310729124165e-02
2.314535569771495813e-02
2.307254181143454305e-02
2.239564145398842757e-02
2.178436908572317643e-02
2.165211654729537125e-02
2.085865517951883755e-02
2.056767035575346111e-02
2.008707477534389663e-02
1.916881119866847491e-02
1.889536699617215890e-02
1.706916998285564965e-02
1.649726055865178426e-02
1.502283191844879656e-02
1.300027808779393237e-02
1.238196395494126252e-02
9.275671601932409388e-03
8.690735373165645733e-03
8.825082460313648028e-03
7.647513585779038003e-03
8.199255695584739892e-03
7.793684802387173573e-03
7.743488256009947376e-03
7.713664164872817940e-03
6.916356083566116940e-03
5.734530773889795832e-03
4.255545034079701201e-03
6.024187513073524930e-03
6.726962774676804868e-03
6.750724022800936967e-03
6.915888720586619264e-03
6.797013668351802908e-03
6.897107096534801397e-03
6.786275162847808622e-03
7.092639511457972737e-03
7.019488432680871977e-03
6.980773529804989823e-03
8.389827161547656204e-03
8.507706738059301471e-03
9.255962962191319199e-03
9.802409359296489905e-03
9.971115924122959592e-03
1.062965595074674696e-02
1.117100728414207461e-02
1.135368869564085635e-02
1.302215287070618809e-02
1.308039111028464277e-02
1.302247733214056090e-02
1.348483452765787682e-02
1.338847521020323020e-02
1.349294574248529298e-02
1.357940229581145256e-02
1.354385988909066751e-02
1.358303314425128583e-02
1.357058631545349399e-02
1.352480878386079152e-02
1.349998516343960640e-02
1.341998862348679593e-02
1.328820977109528012e-02
1.320437354734863532e-02
1.291669881596480517e-02
1.263542979403542432e-02
1.238709473681223749e-02
1.144486176011277022e-02
1.110396997441785542e-02
9.950413297266855195e-03
7.525755443269313040e-03
7.679755101083786221e-03
2.654206783513796044e-03
3.014601795031204498e-03
3.148383106850601975e-03
2.183788867395376754e-03
3.021301140743951324e-03
4.294561919501565725e-03
4.186738573836996762e-03
6.337039869184207287e-03
5.879556721308682246e-03
5.562815927595565063e-03
5.738553552729258600e-03
5.455217296587688489e-03
5.468208313211002716e-03
4.300105648221523580e-03
4.151518994061693946e-03
3.834386953467560071e-03
3.502607423191130172e-03
3.362101637623743887e-03
2.984870779657431208e-03
2.935613979767192835e-03
2.372082434152408218e-03
2.372430107862070862e-03
2.309366672715008895e-03
2.177917941372346962e-03
2.189120150637519514e-03
2.141429818849573032e-03
2.117344174853188956e-03
2.114296311289110691e-03
2.096775143304514897e-03
2.092846792717992146e-03
2.088894618412209022e-03
2.084059289995228870e-03
2.083008975985137234e-03
2.081053272015874044e-03
2.079914005099475511e-03
2.079316603795230717e-03
2.078648938262738118e-03
2.078386686277358068e-03
2.077729214673495074e-03
2.077965533115705855e-03
2.077343017882208893e-03
2.076384664268316697e-03
2.078327109123713143e-03
2.074086104747134302e-03
2.075619625569677124e-03
2.078916613900252345e-03
2.061580998185115650e-03
2.083813547921089041e-03
2.066182249002348429e-03
2.031162332696541742e-03
2.130527636712028702e-03
1.958687727015634081e-03
2.026304425429177603e-03
2.133926925121852353e-03
