-1.638386930903509365e-03
-1.564232276850365368e-03
-1.084277764238919355e-03
-1.029932772137635193e-03
-1.393062172291376728e-03
-8.599764616922237663e-04
-2.005274395816468609e-03
-1.044015227683558339e-03
-1.191814484008401525e-03
-1.316219593088295038e-03
-8.941686359937355217e-04
-1.080383436935146999e-03
-9.890634593933398701e-04
-9.179843563711407662e-04
-9.731374327389627227e-04
-9.213416606821782373e-04
-9.231746851084274763e-04
-9.269347122510337858e-04
-9.116761511718581706e-04
-9.139140011271610188e-04
-9.092749371849277078e-04
-9.041903958400546648e-04
-8.979319846456356759e-04
-8.935564605197308507e-04
-8.814176915800132081e-04
-8.629013342379804026e-04
-8.587102167457481361e-04
-8.072656984138849292e-04
-7.828595727749613651e-04
-7.518510520481173302e-04
-5.929504255798826069e-04
-6.261333555803372730e-04
-3.810616446387189542e-04
-1.581562214725538464e-04
-2.846146190578206130e-04
6.504846910595040018e-04
3.504818843187084917e-05
8.471732064659259548e-04
4.998735490859997207e-04
-2.181427941492118314e-04
9.189388021950852100e-04
-1.272086106443550985e-03
-1.683340725254780026e-03
1.591389233278866187e-03
6.248449879794180538e-04
2.118120667116321198e-03
1.043133748439065492e-02
6.527619027777758522e-03
1.409316386445864933e-02
3.165475576708333492e-03
2.571084792749898235e-03
1.138824837705741232e-03
-3.008759255513539753e-03
-2.888811218858296746e-03
5.121900763747496213e-03
4.939414065127899212e-03
6.878662543993666750e-03
1.374526216856871742e-02
1.188862866606764206e-02
1.710374799896650574e-02
2.479995244775502761e-02
1.991940925918648381e-02
3.660041528773908676e-02
4.553679666988783015e-02
3.845088802237221770e-02
7.297564010103647913e-02
6.030537964006137813e-02
4.469516658667720826e-02
1.531915344015833021e-02
1.885638612175639635e-03
-2.488332263957478488e-02
-4.317979208775777483e-02
-4.295264776830633874e-02
-6.515093303520166912e-02
-6.471735669329985174e-02
-6.099140438122018643e-02
-7.091563441324359729e-02
-5.135863355620844117e-02
-4.733474006307405307e-02
-3.839479348513668427e-02
-1.591567720208840464e-02
-1.401205628819438692e-02
-5.844961956699886926e-03
-5.743251315017708532e-03
-8.992884396022554627e-03
-1.462447732305380103e-02
-2.324454167009827599e-02
-3.287913120155988578e-02
-3.399416288604357322e-02
-3.333032803314554815e-02
-3.662613998718013825e-02
-3.499813672534491521e-02
-3.685167439416660307e-02
-4.887159356963505924e-02
-5.081430353543730377e-02
-5.319059192753767401e-02
-5.899041680945958654e-02
-5.374793834610248205e-02
-5.316124473537641587e-02
-5.074301377143170672e-02
-4.009929493485066970e-02
-3.786006256293788369e-02
-3.231439074441996157e-02
-2.987880632666217728e-02
-3.203485389451097426e-02
-3.276840074701851263e-02
-3.507085647098357600e-02
-2.694820333876934287e-02
-3.075176845910439563e-02
-2.228357651726699251e-02
-1.745491677034128816e-02
-2.354169019492778972e-02
-1.173875430725792278e-02
-2.040030363895833573e-02
-2.096489814538649368e-02
-1.870629451508178803e-02
-2.242893452679951133e-02
-1.497872692546620317e-02
-1.105840123173546484e-02
-2.465220032281260736e-03
1.052311380609739083e-02
2.233669276327812300e-02
3.169796432545538695e-02
2.715134165226947352e-02
2.528408180334189986e-02
2.045576650582282829e-02
3.994312424734461874e-03
-4.033516836493184626e-03
-9.313023571217018265e-03
-2.840373856274146583e-02
-3.196907056566666155e-02
-4.223969438768176293e-02
-4.816472390720246549e-02
-5.745037732143651321e-02
-6.130497072199187630e-02
-6.241585719331270432e-02
-6.276308472246064363e-02
-6.521869030121546507e-02
-5.810019970056556904e-02
-5.651452729621945364e-02
-5.823859725532894160e-02
-3.820427038084108634e-02
-4.601091549377613055e-02
-3.641589197019610979e-02
-3.408986122087602488e-02
-3.658262149321291068e-02
-1.171784742714950672e-02
-1.677136162698774149e-02
-1.459937694043742743e-03
7.391202921589438805e-03
-2.535956452523251310e-03
1.111115914672087396e-02
6.467583449551206863e-03
-1.080902164782503953e-03
1.270882790253912396e-02
-2.127836728839863165e-03
-6.647320670392079488e-03
-4.269793505548027945e-03
-3.261848123527543580e-02
-3.310210423555411813e-02
-3.805614154007825461e-02
-5.758825933269135638e-02
-4.727187719275130484e-02
-5.377267936496013534e-02
-6.140351143143268908e-02
-4.151829647905581899e-02
-4.628668669012571402e-02
-3.137948964128276647e-02
-1.458263485324359050e-03
-5.312373547161556089e-03
2.811885100756442157e-02
3.333176540810108696e-02
3.547128933448374932e-02
5.322564900169811375e-02
4.489777793001895057e-02
5.513948196839504878e-02
5.781469278179086901e-02
5.470306889904356235e-02
6.457471850782771361e-02
5.821528503235971069e-02
5.933286896537605382e-02
5.178635833307371206e-02
3.868095582017996859e-02
4.075884559977555749e-02
2.450668212849869618e-02
1.523504816100780361e-02
6.847785122322749482e-03
-1.291116808600655495e-02
-7.815307375222990335e-03
-1.986659834619878065e-02
-1.909607156121296417e-02
-1.457621200200891545e-02
-1.285719966775602900e-02
9.458137450250576981e-05
9.140508852276086824e-03
2.442400978874868095e-02
3.693814491955364765e-02
3.853298909174937559e-02
3.964097186462505612e-02
3.780430018508924850e-02
2.715591551913307256e-02
1.904994485593931169e-02
1.405934778411138501e-02
-3.012764714521378069e-03
-6.233514781252434168e-03
-3.931239808333225443e-03
-1.826836620409468676e-02
-5.623549848631028553e-03
-1.590630432958515042e-02
-1.742950312185542402e-02
-1.493570123663034467e-02
-2.373003155619267043e-02
-2.056289627862543934e-02
-2.526793536170612170e-02
-2.518065794762677431e-02
-2.336973491778450776e-02
-2.326968441606757851e-02
-1.324007229597103617e-02
-3.139634729880964783e-03
1.506589456890318653e-02
2.191489117619792315e-02
2.116848739177663169e-02
2.415369182700380368e-02
1.918306489862912911e-02
1.621998616726095035e-02
1.595583886067139523e-02
4.486422099703661452e-03
-8.946726396461310944e-04
-2.921113663442334845e-03
-2.665030768148354476e-02
-2.436415757065567636e-02
-3.155193836736960161e-02
-4.173266936100861191e-02
-2.914484574554339000e-02
-3.413559183206204412e-02
-3.626581007084610231e-02
-3.111109506329425359e-02
-3.891074249206357555e-02
-4.586518424323374199e-02
-5.049645066048229908e-02
-5.913241069400268501e-02
-5.647002618572472682e-02
-6.245956194419564206e-02
-5.363163278822857816e-02
-4.262658829336529037e-02
-3.862761052737734985e-02
-2.333245454563867560e-02
-1.934406164687037938e-02
-7.473769788483281169e-03
-6.588284435575807001e-03
-1.525773330688367764e-03
1.391884898477662412e-02
1.142464253956938791e-02
3.669585161002348467e-02
3.347042131083902833e-02
3.542692684899198530e-02
3.169637942317887064e-02
2.137120430629932746e-02
2.337962471485844143e-02
8.284006482589472515e-04
-3.481940992515472361e-03
-6.685559336162850801e-03
-1.963409139190311001e-02
-1.568508168558957819e-02
-1.623073711675408065e-02
-1.463681530598616963e-02
-2.206160617212987035e-02
-2.086626663758215511e-02
-1.412365430262426183e-02
-1.169470961518302883e-02
-6.337157339239962023e-03
-5.105943797894468318e-03
-4.449289847651090313e-03
-1.095291013575129058e-03
-4.644075373527598721e-03
-4.461526637324826974e-03
-1.437193351399704061e-03
-1.225759353464576581e-02
-4.204973510211413787e-03
3.954204310178106949e-04
4.451927969950708781e-03
2.986174989802616378e-02
3.587277573425708826e-02
6.915292126233768544e-02
9.654895803108001773e-02
1.041025731450642422e-01
1.410901240794363021e-01
1.396333159684728653e-01
1.516077613548135750e-01
1.633200246345200557e-01
1.528383695085762384e-01
1.619908798048005083e-01
1.514777765831303302e-01
1.428768265440268082e-01
1.353212447188555656e-01
1.233301402427592619e-01
1.108336896215970646e-01
1.017276139289514658e-01
1.039273844751538722e-01
1.058081458316250251e-01
9.408021853165327020e-02
9.924834637639398660e-02
8.960235649065381724e-02
7.552098023644356062e-02
7.964093643969348546e-02
5.706734714127698060e-02
4.885029484461003713e-02
5.870252241922781916e-02
3.690695791555044514e-02
3.720664841023119118e-02
4.794783064975217252e-02
2.903065045496072000e-02
3.905393766752739138e-02
3.633978370985801315e-02
2.207879806801293920e-02
2.468921410518774492e-02
1.852194098957079052e-02
1.610022154850970777e-02
1.154383322089901770e-02
8.434863063102163161e-03
6.552743422172521530e-03
1.610021515303320305e-03
-2.713118320919796853e-03
-3.510666227781308098e-03
-1.552601594819395976e-02
-2.033722967539771873e-02
-2.487892402964297228e-02
-3.391217231084156514e-02
-3.915320353389319802e-02
-3.803274270138032320e-02
-4.821683489021403451e-02
-4.994759795294707871e-02
-3.915239521747482243e-02
-4.328198065397747402e-02
-4.013095350225338170e-02
-3.321917907640650758e-02
-3.626267510324671789e-02
-2.909917933805814330e-02
-3.024366130154540130e-02
-3.153339408381949927e-02
-2.625622355716704034e-02
-3.751821174453487395e-02
-3.513350271537622055e-02
-2.745660753369267432e-02
-3.068577330077531737e-02
-1.879685339192773558e-02
-1.550247114116827703e-02
-1.284300338759139168e-02
-1.041519938573062451e-02
-6.262597257612878901e-03
-9.731761054001631522e-03
-6.876578428806899221e-03
2.453243323703813671e-03
-5.248440402565630186e-03
-2.354841977647163190e-03
-2.325242733496059831e-03
-8.896445905582394884e-03
5.337619603493040958e-04
2.075931722894852529e-03
8.139566375951780980e-03
2.618017987094293370e-02
3.568481809526518472e-02
5.499537518182494311e-02
7.314456844119561485e-02
8.341625926750355358e-02
9.405030736863927154e-02
1.103003428963701960e-01
9.989850595596487526e-02
1.072470091550064841e-01
1.093497992768221599e-01
7.659311424286766035e-02
8.127003931220236344e-02
8.515499850827373818e-02
7.892621302733367206e-02
8.838495961824460734e-02
9.120648924055810292e-02
9.045311264129028694e-02
9.933133342161862278e-02
1.003911942885227226e-01
1.045949729925094995e-01
1.113002250431483764e-01
1.125385387765050760e-01
1.195562930353047532e-01
1.221412633325487801e-01
1.263799681243748807e-01
1.317434966057497991e-01
1.320211701038832286e-01
1.394508644569618649e-01
1.379403187223501304e-01
1.398374080646111184e-01
1.397949448334142863e-01
1.332972527681681452e-01
1.323688514420524598e-01
1.257943888584086289e-01
1.173418255804999644e-01
1.139402117424527655e-01
1.016200806866815742e-01
9.406722945744415421e-02
8.625543822663947480e-02
7.035964323807759879e-02
6.426872865788048339e-02
5.220008066558548543e-02
4.224545586027779465e-02
3.676657708756012055e-02
2.547878027328156353e-02
2.160733320112757233e-02
1.432182624578844446e-02
8.407481954985564221e-03
6.752061761927972278e-03
1.044753438485915590e-03
9.669439815975446224e-04
-8.369316851839179181e-04
-2.626103926393856015e-03
-4.894716542612285309e-04
-2.495032278488167748e-03
1.278029184104786901e-05
1.548826195499329724e-03
2.060061470654662129e-03
1.840742391308149758e-03
-2.241635425775406754e-03
-2.225519509802187032e-03
-4.154208558976841756e-03
-5.177736016087655137e-03
-5.532255200009980611e-03
-7.277323844018684408e-03
-8.194779947990242855e-03
-8.555456197915565358e-03
-1.159763438246169155e-02
-1.173826492554149933e-02
-1.245614985043592277e-02
-1.380782546001269734e-02
-1.343175764237950799e-02
-1.447161461563887565e-02
-1.473551814693307462e-02
-1.469739625682723108e-02
-1.656028830709110888e-02
-1.643075960998483312e-02
-1.810221908449343928e-02
-1.858510236101008212e-02
-1.908996320711215874e-02
-1.989149192045875855e-02
-2.007123893375403062e-02
-2.050106344218567689e-02
-2.081913639031496982e-02
-2.099365289770559195e-02
-2.133957109500397159e-02
-2.159467250712284250e-02
-2.187288981502805846e-02
-2.246159348521211546e-02
-2.280647575043266012e-02
-2.360772761717480281e-02
-2.484072983588815273e-02
-2.533071382866257035e-02
-2.790026359063621161e-02
-2.937767428465454939e-02
-3.069704616799530730e-02
-3.618350182521132968e-02
-3.436885500587585213e-02
-3.924957940136521856e-02
-3.820823105690852178e-02
-2.968553420484184094e-02
-3.048670116107027664e-02
-2.185583542813599942e-02
-1.239055814436322567e-02
-1.155175551018366303e-02
3.585180473954152278e-03
3.722096035517887935e-03
4.894593958646872855e-03
8.236627710125571031e-03
6.256359893535994726e-03
7.219203348659061249e-03
2.842229505686293990e-03
1.952620004616683301e-03
6.165827477996137489e-04
-1.670569792362058131e-03
-2.199643491189866382e-03
-3.984024200549670693e-03
-4.481673715649441003e-03
-5.805222986961983134e-03
-6.119869389425494459e-03
-6.678474445622451482e-03
-7.195938979049706571e-03
-7.302188836308889583e-03
-7.620072455688835060e-03
-7.746656891503817151e-03
-7.823482858324183956e-03
-7.935026316727471912e-03
-7.966216629413581940e-03
-8.006348974981003855e-03
-8.036677518926758218e-03
-8.048044652037856725e-03
-8.062854309550988516e-03
-8.069737647030091401e-03
-8.074534916232445347e-03
-8.075914084964101736e-03
-8.076843226778819898e-03
-8.076552528917493867e-03
-8.065418164988791272e-03
-8.069489351703179603e-03
-8.050468349393822762e-03
-8.023189868792260371e-03
-8.042355692371525727e-03
-7.940277145280118590e-03
-7.935920985788118623e-03
-7.925100010762426567e-03
-7.611564860486135821e-03
-7.808977133692321902e-03
-7.389321827375282779e-03
-7.072974499031956484e-03
-7.362263805573789066e-03
-5.870540153306142567e-03
-5.875252781113432694e-03
