-1.654141328995581894e-03
-1.577756254466547913e-03
-1.101350848722495567e-03
-1.052012111361205803e-03
-1.409717985399467320e-03
-8.692370017342550183e-04
-2.015072789514168149e-03
-1.047639142817596240e-03
-1.194874785890162909e-03
-1.319392226075950672e-03
-8.964653076691262226e-04
-1.082912105538226272e-03
-9.916946439291975026e-04
-9.206161373598089346e-04
-9.757968920027954322e-04
-9.240705625162086694e-04
-9.259028473762557923e-04
-9.296697102506964105e-04
-9.144350825652638797e-04
-9.166704237609164026e-04
-9.120405079130916061e-04
-9.069648112200047029e-04
-9.007162330756879548e-04
-8.963498007620783426e-04
-8.842299789688131805e-04
-8.657354284468260497e-04
-8.615647185665149853e-04
-8.101668124145931403e-04
-7.857669159236010947e-04
-7.548569393450591317e-04
-5.959109642477452944e-04
-6.291029586471819091e-04
-3.841835999342578891e-04
-1.607863612726041465e-04
-2.874945398990049069e-04
6.483344248451878688e-04
3.232064675448839344e-05
8.460084854230344323e-04
4.966713341109467699e-04
-2.219317708622257229e-04
9.157687524174465627e-04
-1.280860916239429364e-03
-1.693585750585112348e-03
1.585890538229769520e-03
6.212037960223278825e-04
2.115077928910930744e-03
1.045274311586936143e-02
6.547705941070149777e-03
1.412497692072869210e-02
3.171217568351653113e-03
2.574752673851683684e-03
1.134601630788368643e-03
-3.021266501519653380e-03
-2.900575162867501458e-03
5.123590846825834197e-03
4.941716105843899261e-03
6.880681798199206854e-03
1.374515052897026628e-02
1.188520893210467076e-02
1.709956355141337148e-02
2.478407210005424688e-02
1.989414430089102293e-02
3.658187123973018900e-02
4.551857891270908590e-02
3.843686324508967939e-02
7.306307232687178632e-02
6.041910968998116110e-02
4.477209485071443479e-02
1.538702991828011686e-02
1.933927687608242695e-03
-2.488255960885088838e-02
-4.319480605501403725e-02
-4.297509363340287075e-02
-6.520331650683389157e-02
-6.476453245224662869e-02
-6.102583052559548693e-02
-7.095763167021160167e-02
-5.136279203053576575e-02
-4.731983063342830309e-02
-3.836265534279408723e-02
-1.584849391827569329e-02
-1.393292498776547809e-02
-5.780603297876817440e-03
-5.685640241096984009e-03
-8.944007477820209093e-03
-1.460512367229080746e-02
-2.324185316192329404e-02
-3.289050621537494001e-02
-3.400233377854043615e-02
-3.332044199553094166e-02
-3.661867469100896916e-02
-3.497037138773743947e-02
-3.682901101655627896e-02
-4.886971335343121003e-02
-5.081952180999026181e-02
-5.319770091050409627e-02
-5.900742863577485009e-02
-5.375786554728611416e-02
-5.315658684038468418e-02
-5.073553721087759039e-02
-4.006518352501851898e-02
-3.781321347524725651e-02
-3.227559638909616863e-02
-2.983443424829615789e-02
-3.200927132640486034e-02
-3.276080538608758946e-02
-3.507079904977042362e-02
-2.694973137849480255e-02
-3.075535103353803715e-02
-2.227046115226300263e-02
-1.743113107479084961e-02
-2.353078819266344116e-02
-1.170892565951174753e-02
-2.039331154289625650e-02
-2.096520898409861070e-02
-1.871463705597328775e-02
-2.244784765162472981e-02
-1.499806301002068638e-02
-1.107164045281163779e-02
-2.466304357367707367e-03
1.054008069708632644e-02
2.238718298555513950e-02
3.175296776332288406e-02
2.720716363810750729e-02
2.534373493264486382e-02
2.050134391969936354e-02
4.009942856108647362e-03
-4.032534552501759566e-03
-9.318953484849790136e-03
-2.843462853435330118e-02
-3.199985492483779781e-02
-4.226902682628662367e-02
-4.819386690943777002e-02
-5.748313807534446290e-02
-6.132931705446356685e-02
-6.243163154837849671e-02
-6.277898083554496467e-02
-6.523180692078596465e-02
-5.810534794612570025e-02
-5.651715019893003428e-02
-5.824869221236565059e-02
-3.818077311484126962e-02
-4.600178200667612294e-02
-3.642690040343591479e-02
-3.411147299661873578e-02
-3.660335289673170150e-02
-1.170150860408537136e-02
-1.677219308118456029e-02
-1.425557788749012324e-03
7.432916647251734329e-03
-2.505609499011818200e-03
1.117129938763874487e-02
6.517083414608861036e-03
-1.039285563722948131e-03
1.277903375277394948e-02
-2.086377798356706635e-03
-6.608041617459660920e-03
-4.219800223511105570e-03
-3.261680654155627024e-02
-3.309312611926905345e-02
-3.805758919062664225e-02
-5.762494361263556519e-02
-4.729048674203512742e-02
-5.380170119040238175e-02
-6.144528593492649265e-02
-4.153385751998325826e-02
-4.630540033032045505e-02
-3.139053809665614397e-02
-1.426076502668902676e-03
-5.293450053509105024e-03
2.816543019984578400e-02
3.337473885853561861e-02
3.548446834897862195e-02
5.324032564082150504e-02
4.489144012441555892e-02
5.512895486990996435e-02
5.780538657200245956e-02
5.469504353420642090e-02
6.456795509584983828e-02
5.821758810428021014e-02
5.933849352454938220e-02
5.178758308573359892e-02
3.868811875005165324e-02
4.077250670409351962e-02
2.452479452272612534e-02
1.523715367184022042e-02
6.846168045737659018e-03
-1.294825035288323621e-02
-7.847544383784564592e-03
-1.992625441298308264e-02
-1.915264181143941716e-02
-1.463325461946898658e-02
-1.290110894493344366e-02
7.603625584888053549e-05
9.138161944232904219e-03
2.446154770094467745e-02
3.699545893252981915e-02
3.859227609434326411e-02
3.970479804506078791e-02
3.785445594698246680e-02
2.717712557440163032e-02
1.905422220287768253e-02
1.405708431727078003e-02
-3.045875156290991839e-03
-6.261186690491729948e-03
-3.933908630332701682e-03
-1.828745275237060250e-02
-5.604474924868666809e-03
-1.589209498694006684e-02
-1.741557272154205943e-02
-1.491740833945111831e-02
-2.372132500019195553e-02
-2.056080038018113718e-02
-2.527831490001135328e-02
-2.519390053542382851e-02
-2.339414686296255319e-02
-2.329106390093298520e-02
-1.325554114287320895e-02
-3.128464450512299412e-03
1.510959263809351708e-02
2.196737321307281818e-02
2.122470569575270888e-02
2.420688198356850743e-02
1.922495294380851399e-02
1.626184196248564584e-02
1.599183776343059485e-02
4.505715924862546337e-03
-8.798447637256931074e-04
-2.910990535652437355e-03
-2.667318996597798850e-02
-2.438071025004813139e-02
-3.157068522639644437e-02
-4.175310862053013827e-02
-2.913748155546504529e-02
-3.411689813758597700e-02
-3.624471366956826673e-02
-3.106990373213792261e-02
-3.886948867280078102e-02
-4.585258097076349432e-02
-5.049071885032229562e-02
-5.914690224741287611e-02
-5.648748308747596897e-02
-6.247267348340469761e-02
-5.364555676742504414e-02
-4.260948024866104827e-02
-3.860664509094853536e-02
-2.329926866851796813e-02
-1.930631749345132833e-02
-7.440573213531022530e-03
-6.574873309700732249e-03
-1.518492266501929007e-03
1.392689373317364775e-02
1.142677441839655243e-02
3.674482775140231611e-02
3.352360084106643240e-02
3.549860239108509202e-02
3.174999758115374521e-02
2.141091767652510830e-02
2.342585191029447275e-02
8.172213074413662301e-04
-3.497731603668390900e-03
-6.699773175965016009e-03
-1.966622154321413102e-02
-1.570318139577395883e-02
-1.622754484378968742e-02
-1.462614907438719233e-02
-2.208179310448987395e-02
-2.088571426313756349e-02
-1.411882440139866288e-02
-1.168710065535446922e-02
-6.324101740582586950e-03
-5.090591032627041039e-03
-4.432050312737811221e-03
-1.080714166142397780e-03
-4.633744202706642674e-03
-4.453470828791792312e-03
-1.436285022795430943e-03
-1.227763074414429077e-02
-4.239651429827072902e-03
3.541304663117149083e-04
4.401187723833329193e-03
2.979383810363470803e-02
3.579346162269037013e-02
6.910457488645761759e-02
9.650131854062486692e-02
1.040653445519555687e-01
1.410868626483467725e-01
1.396194752434944952e-01
1.516055920675495605e-01
1.633181200812776623e-01
1.528145071177015590e-01
1.619641993158573434e-01
1.514269734413495050e-01
1.428072711268197348e-01
1.352335062309423241e-01
1.232464212052388208e-01
1.107462131740868660e-01
1.016503388375347011e-01
1.039077467907706664e-01
1.058055655909811293e-01
9.407561342721393327e-02
9.927807888774964340e-02
8.960293761685300673e-02
7.550271511155778881e-02
7.963708014047925221e-02
5.701087387410420926e-02
4.878735632842414599e-02
5.866588490373176451e-02
3.684165510125909232e-02
3.715949415081247487e-02
4.794623694956898913e-02
2.901562175521706782e-02
3.906250372632440182e-02
3.635986563242048913e-02
2.209228707638600381e-02
2.470083609347001330e-02
1.853516450079407268e-02
1.611306821235431244e-02
1.155193614571582879e-02
8.445849088556131243e-03
6.564876839929108775e-03
1.621382277915838334e-03
-2.702154044348173585e-03
-3.493888422005030862e-03
-1.552035963588974284e-02
-2.032810345375448552e-02
-2.485586760403440953e-02
-3.390078353162467167e-02
-3.913768980264437786e-02
-3.801397742235758381e-02
-4.820591883318570831e-02
-4.994217585701749701e-02
-3.912718040740605779e-02
-4.325744399335645918e-02
-4.011264118184407895e-02
-3.318128017480337366e-02
-3.623835576482411364e-02
-2.907293245876845997e-02
-3.021845635557925819e-02
-3.151168947630156314e-02
-2.623883679592131299e-02
-3.751751402500649868e-02
-3.513922205039880092e-02
-2.745122086998931510e-02
-3.068297202528365297e-02
-1.878714339410671175e-02
-1.548807239343170765e-02
-1.283524270947617243e-02
-1.040645845181034645e-02
-6.249895237330205938e-03
-9.729924979684527117e-03
-6.867016949535533626e-03
2.482282443254804107e-03
-5.236575914962730838e-03
-2.348623106533064692e-03
-2.333836843916931719e-03
-8.929691115282873543e-03
5.001616445107023466e-04
2.026285987341809938e-03
8.092715222576322281e-03
2.614648933763928998e-02
3.564669258213225278e-02
5.499431731950489566e-02
7.314389707406662722e-02
8.343165663137855348e-02
9.406765164886445041e-02
1.103394285570069439e-01
9.990408696118473209e-02
1.072573304689043300e-01
1.093546423504375836e-01
7.653404949771486221e-02
8.121109297099617097e-02
8.512300442257909883e-02
7.888294375876206410e-02
8.835696921960801975e-02
9.120476510282253535e-02
9.044116716456172822e-02
9.933107491900716735e-02
1.004020626269720717e-01
1.045969877583749624e-01
1.113166875342857937e-01
1.125552743450103504e-01
1.195767323654036846e-01
1.221690611663287518e-01
1.264085506777130608e-01
1.317807262961087356e-01
1.320548517356240625e-01
1.394920059478814700e-01
1.379783027908811077e-01
1.398697489284598250e-01
1.398310415969806209e-01
1.333208082016065221e-01
1.323910995754049302e-01
1.258133483641937223e-01
1.173473534375861077e-01
1.139494685904918342e-01
1.016183656221687909e-01
9.405914596866325750e-02
8.625004076302524025e-02
7.033942862065026280e-02
6.425132183652662587e-02
5.217772322352462466e-02
4.221558905182262039e-02
3.674267485664475114e-02
2.544653853529339066e-02
2.158029988387100487e-02
1.429468832622301719e-02
8.381330155723074396e-03
6.733552115254858896e-03
1.026165419400182225e-03
9.560056325207595164e-04
-8.454394255870653933e-04
-2.631598976474157359e-03
-4.886574099456592133e-04
-2.493513524925247086e-03
2.126061576800130593e-05
1.562360522045465284e-03
2.076831575701174569e-03
1.854476675460963939e-03
-2.236644840835082422e-03
-2.221035856876335621e-03
-4.151445249987038150e-03
-5.174048175701537189e-03
-5.528235175295833671e-03
-7.273087904900174018e-03
-8.190268978718436704e-03
-8.550510597148260408e-03
-1.159671806768987519e-02
-1.173693420592856508e-02
-1.245377670027618920e-02
-1.380556169918365980e-02
-1.342832831759295346e-02
-1.446697584789354875e-02
-1.472960520617863645e-02
-1.469034011923887537e-02
-1.655342946621950542e-02
-1.642358238177783064e-02
-1.809684493329437663e-02
-1.857928395249863057e-02
-1.908442325953601387e-02
-1.988576075336240256e-02
-2.006519472857920192e-02
-2.049461379778747330e-02
-2.081224732971163199e-02
-2.098645399931692648e-02
-2.133181676371880692e-02
-2.158647665591393108e-02
-2.186422036654899273e-02
-2.245203439988096780e-02
-2.279638626681421837e-02
-2.359667476517484860e-02
-2.482872937838117092e-02
-2.531854380951050615e-02
-2.788781520239141595e-02
-2.936752132340627805e-02
-3.068887808523656710e-02
-3.618227283236352676e-02
-3.437220258866203332e-02
-3.925960125708129883e-02
-3.821817052168027112e-02
-2.968816573465078712e-02
-3.048985418554260238e-02
-2.185396142553292301e-02
-1.238077233414385837e-02
-1.154109800982151303e-02
3.613105604238487506e-03
3.748975992770341072e-03
4.916971718673911196e-03
8.258682168414561639e-03
6.275455426388682270e-03
7.235261688266142639e-03
2.845122225051214919e-03
1.954579761836250894e-03
6.150242527934841018e-04
-1.675908264078403717e-03
-2.205392933083931330e-03
-3.992125096433787185e-03
-4.489107544549211272e-03
-5.816273756377112261e-03
-6.129784289596653182e-03
-6.689308167177380159e-03
-7.207303052596703008e-03
-7.313122690623746584e-03
-7.631140387368630026e-03
-7.757610835577529763e-03
-7.834301116488376349e-03
-7.945759393325951825e-03
-7.976887762132772036e-03
-8.016956539681161301e-03
-8.047241554976622066e-03
-8.058586279207117023e-03
-8.073371012989580958e-03
-8.080242641565345621e-03
-8.085031185606363080e-03
-8.086407742951320574e-03
-8.087335778424287885e-03
-8.087045334980013517e-03
-8.075927969250213181e-03
-8.079999325973084498e-03
-8.061000172718867443e-03
-8.033758395154973198e-03
-8.052947170495313584e-03
-7.950891725464155624e-03
-7.946606785286613669e-03
-7.935962234654923494e-03
-7.621915027507795461e-03
-7.820081333997641604e-03
-7.400104526490985588e-03
-7.081368648711881299e-03
-7.374562849714428464e-03
-5.876707668513017624e-03
-5.879439776389726140e-03
