1.938196075008588853e-03
2.358495068932261324e-03
6.601475874898940499e-03
6.134280393075963907e-03
8.939656440061595488e-03
1.037206286393131324e-02
1.126619206497321383e-02
1.272552565133336366e-02
1.320311188350714419e-02
1.376520506725744004e-02
1.428097937249796570e-02
1.442220434725334684e-02
1.467125108893032638e-02
1.479867989243927560e-02
1.484622104571023567e-02
1.492878504439676401e-02
1.494927486199782406e-02
1.496723761838425308e-02
1.498650499974198483e-02
1.498436191317898021e-02
1.498757344970731535e-02
1.498362948903585873e-02
1.496754753651103297e-02
1.495997915949955070e-02
1.492575757630695485e-02
1.488181733341494700e-02
1.485340263651987146e-02
1.471913563484729230e-02
1.463858875483595168e-02
1.450531869506263387e-02
1.409897612846520293e-02
1.404034294222262017e-02
1.340694736790133679e-02
1.260749275648333050e-02
1.265814543421003510e-02
1.043025264630344402e-02
1.051115346239449820e-02
9.981938453826447871e-03
9.055536710105931836e-03
9.464841427288659195e-03
8.544119652392970568e-03
8.272151511889773781e-03
8.534688231901812333e-03
5.627821631469085220e-03
4.060449142408171022e-03
5.102605208289838143e-03
-2.987805264224221557e-03
-5.710599429436935678e-04
-2.379482917002027301e-03
-5.251914262113142710e-03
6.508049951515854298e-04
-3.135361556522033456e-03
-1.307570596509575979e-03
-1.664643641103157046e-03
-2.850851797162354088e-03
2.655549818682898487e-03
1.244496966537966083e-03
5.157489059506108718e-03
8.976802028209909107e-03
8.765178362748718421e-03
1.703579944940452132e-02
1.734951782010748025e-02
2.041736910913788741e-02
2.749763998218035868e-02
3.050884238843080618e-02
4.777730218128668771e-02
5.141382984773058135e-02
5.929770531508452014e-02
6.725105403045023023e-02
6.729241819402491387e-02
7.236647531544007639e-02
7.060554873797658670e-02
6.960973559939373501e-02
6.657720964773075623e-02
6.107933583321229626e-02
5.726372489563810037e-02
4.841424879763111394e-02
4.519071399452457422e-02
3.849158583355720420e-02
3.554028648642629934e-02
3.547623799852619303e-02
3.158584714874557164e-02
3.274347187050704461e-02
3.143667155661047929e-02
3.125808996351278624e-02
3.277605985543036865e-02
3.204271518439834321e-02
3.491553381704935732e-02
3.430913549677659657e-02
3.541117817395079970e-02
3.762917014798670273e-02
3.605270738157079907e-02
3.295738762738859712e-02
2.960557563366094172e-02
2.770756701695608823e-02
2.121654730264353056e-02
2.206264686138920475e-02
1.915611975081125962e-02
1.717841110838558630e-02
1.702237979819515301e-02
9.158515158488131358e-03
7.619526397586483431e-03
4.957401951784041506e-03
5.426972116197847093e-04
-5.615880734861501119e-05
-4.598003032098797391e-03
-6.429161189331487197e-03
-9.783273240770126375e-03
-1.297720913620381902e-02
-1.389054403980200664e-02
-1.822168460490481909e-02
-1.722834794359147034e-02
-1.546800467269122785e-02
-1.319487437650595715e-02
-9.942447710916081302e-03
-9.541559423832252085e-03
-6.009139270169264711e-03
-4.375413922775835216e-04
1.234246424069002828e-03
4.776380925920126370e-03
7.653137222498860442e-03
9.368802840305353805e-03
1.346369227205518500e-02
1.532274167209761624e-02
1.576660773109320526e-02
1.646080749460000422e-02
1.663472598099538513e-02
1.463879466777327949e-02
1.497906862805000079e-02
1.339585999955171351e-02
1.320701533115172660e-02
1.162541331857953886e-02
1.082065103711532528e-02
9.811450155800349390e-03
5.443843349752860647e-03
1.586740137601336904e-03
1.127249693535936452e-03
-3.811588557369192335e-03
-2.988119842457157872e-03
-4.545308472511831385e-03
-9.537370145668350521e-03
-7.376710710942855666e-03
-1.778847358557205521e-02
-2.651609992724773476e-02
-3.558604522666519027e-02
-5.883762683496533002e-02
-6.562459666344855336e-02
-8.509075894202348944e-02
-9.429695731962435545e-02
-1.039826352299060702e-01
-1.109588243493822013e-01
-1.137214281195685489e-01
-1.199171929240908235e-01
-1.217337539932192708e-01
-1.241410625878554691e-01
-1.268683577372585469e-01
-1.257931302049574429e-01
-1.275143183422654813e-01
-1.259008935158999476e-01
-1.234309223930110250e-01
-1.232319812794791108e-01
-1.168556179933800537e-01
-1.145127649834300904e-01
-1.093632475651160757e-01
-9.858912496736406406e-02
-9.324028609619242070e-02
-7.818975612902120953e-02
-6.796772393956478087e-02
-5.803272221204642395e-02
-4.295199606814308069e-02
-3.433469414966155292e-02
-2.226035445726663037e-02
-1.003426756884701239e-02
-3.098280277259148497e-03
8.494756548101034185e-03
1.472742256292702834e-02
1.581887197565933975e-02
2.006051686309876653e-02
1.941997187192667090e-02
1.628070192831876720e-02
1.634926312702870629e-02
1.453604960902136513e-02
1.213257745103329434e-02
1.016960312365686007e-02
7.999244545185251951e-03
-7.873806139331003887e-04
-3.139901399837248443e-03
-4.464079679051799303e-03
-1.079918124865135443e-02
-7.247082976681070397e-03
-6.189771468962487061e-03
-3.942503519114413761e-03
4.613096160177541927e-03
2.906910325078949833e-03
9.602703526374893953e-03
1.163260268113394842e-02
1.296190557024384446e-02
1.631907613141671265e-02
1.552351112924479047e-02
1.785751160607152582e-02
1.618840703804339670e-02
1.466260972444971382e-02
1.856623219336484346e-02
1.729847914922280974e-02
1.360790389086461404e-02
1.487595629613337571e-02
1.300034280107523546e-02
1.219109208538804098e-02
1.234991969696555905e-02
1.088687383777787489e-02
1.100372158260131718e-02
1.006973576713717303e-02
9.649484746043785616e-03
9.408520319289114323e-03
8.655931914021463072e-03
8.451802677702966241e-03
8.089149967758816132e-03
6.945344013685993308e-03
7.212754728717677387e-03
5.713221423437013849e-03
4.624202929995683761e-03
5.053745096356625915e-03
6.514545370357022452e-04
5.589797168994060797e-04
9.479244508654024667e-04
-1.099529141339482567e-03
-1.254809564667490676e-03
-3.871187447654535294e-03
-4.268493206292704213e-03
-6.782714709599936553e-03
-9.380509100797289335e-03
-1.050292209609771099e-02
-1.487161148415346891e-02
-1.540617812137876075e-02
-1.822066993824837319e-02
-1.684583255470152585e-02
-1.724354741830427112e-02
-1.963215115142711784e-02
-1.687840361000209066e-02
-2.053824216351959192e-02
-1.946723935362131008e-02
-1.537493782704959892e-02
-1.647635147099674527e-02
-8.824800448631884078e-03
-1.354701982269698735e-02
-1.559022199069534827e-02
-1.634055066041236945e-02
-2.510891566188140286e-02
-2.627567783221223044e-02
-3.109887683164777594e-02
-3.427983820946536864e-02
-3.508563715250707232e-02
-3.752693999244489931e-02
-3.529304425118545696e-02
-3.233006315066633968e-02
-3.030688363587606682e-02
-2.432197037832356176e-02
-1.845410331625160077e-02
-1.484516955491613568e-02
-3.653735255205175104e-03
-6.008616998745394591e-04
3.509867602635035905e-03
1.041310624833096700e-02
1.037263602764684767e-02
1.609655900314496679e-02
1.745761930389289757e-02
1.662931764969213105e-02
1.874156958985039728e-02
1.604938228301075812e-02
1.609710061158186115e-02
1.539275848089148580e-02
1.273383046908893243e-02
1.295199409690766558e-02
1.024356034850986731e-02
8.754170775225986190e-03
8.067265055120544093e-03
4.398880804114792958e-03
4.217638928694028913e-03
2.837798715280175684e-03
1.410173805268635436e-03
2.597270181093161781e-03
1.101649800570374867e-03
2.381756221349074550e-03
4.123370386300834536e-03
3.813002275577436536e-03
8.851473074550621212e-03
1.027048926133105645e-02
1.319666486754370732e-02
1.747931721359183635e-02
1.784766310348633728e-02
2.072056167702871626e-02
2.186923591843431200e-02
1.731098019001784186e-02
1.822533672280046702e-02
1.623559678182854432e-02
1.048185679144918517e-02
1.183656002412700539e-02
1.049103979317808806e-02
1.029740385552871916e-02
1.361052762211768449e-02
1.236754944195261365e-02
1.536276124697573062e-02
1.151166408425371643e-02
1.113448560957576612e-02
7.525213671564149123e-03
-3.476480317511005010e-03
-5.805763675523983348e-03
-8.886950994019718331e-03
-1.217572667247325893e-02
-1.011511648367373860e-02
-1.242684568917886215e-02
-9.601915502080116127e-03
-8.504142153849637148e-03
-8.341514454006659918e-03
-8.242071574471439288e-03
-7.716110945493306027e-03
-9.820391271289204138e-03
-1.290386755942899040e-02
-1.577309367678435617e-02
-1.872984543438193511e-02
-1.974345359406272718e-02
-2.079426863559203503e-02
-2.296213162508207659e-02
-2.182344322116036572e-02
-2.478805438799834907e-02
-2.483642780360213395e-02
-2.380606817135393072e-02
-2.766704780350057874e-02
-2.633548684137621346e-02
-3.153627442539695680e-02
-3.596326864204267559e-02
-3.877428952266899487e-02
-4.989141480350174629e-02
-5.147803294696894766e-02
-5.852579646939439634e-02
-6.054139085726773645e-02
-6.111255110628975584e-02
-6.429209447030712066e-02
-6.103850188007876182e-02
-6.093316804496103078e-02
-5.959372795782449245e-02
-5.317084635388379110e-02
-5.322105208597351089e-02
-4.611196337702842818e-02
-3.629140733402941299e-02
-3.293267324431611853e-02
-2.207131006438554921e-02
-2.228305974259345290e-02
-2.155786060668825332e-02
-2.076668730834806825e-02
-2.157935417129850167e-02
-2.308284816206651949e-02
-2.371161256110830909e-02
-2.597100927491398023e-02
-2.767061422456000910e-02
-2.746754281623735305e-02
-3.051877812375630369e-02
-2.960078140557888260e-02
-3.104907969076452917e-02
-3.371036351531263991e-02
-3.197913106708512310e-02
-3.226501221291348115e-02
-3.229435924764541277e-02
-2.975971117896426821e-02
-3.063195953298844879e-02
-2.797617125670516514e-02
-2.660567285242571023e-02
-2.590011427437018815e-02
-1.974027546876389039e-02
-1.878786667275322841e-02
-1.369008747259723921e-02
-7.999658677935596318e-03
-6.700524808900733091e-03
4.024535545866349609e-04
2.596751773460137091e-03
2.918634973149140943e-03
6.324076674365555241e-03
3.549507119709927223e-03
1.373662917877425428e-03
9.779559873275799065e-04
-5.970686565050210837e-03
-7.460409074030124356e-03
-1.052706241124718931e-02
-1.393987090037721380e-02
-1.524560416090976409e-02
-1.770550875709937799e-02
-1.909725848456898800e-02
-1.965589468018534222e-02
-1.839349785118684494e-02
-1.422517453187286708e-02
-1.433356013828292197e-02
-1.347467825632862534e-02
-1.329479408878949526e-02
-1.412526146179978598e-02
-1.200633329520824598e-02
-1.688975938445352529e-02
-1.441564800339220458e-02
-1.200866021348606129e-02
-1.153276622449900778e-02
-5.398620916459328373e-03
-5.354318097173595831e-03
-1.105572544779095945e-03
6.633843438438181105e-03
6.966740810684474323e-03
1.333653573463787316e-02
1.630877096035847698e-02
1.849257735396047514e-02
2.649962926888912301e-02
2.445885180036216217e-02
2.535228642799911350e-02
2.729977607605124645e-02
1.853391149884307809e-02
1.923577365563268818e-02
1.594313573533936296e-02
1.137238498736484714e-02
9.143459472812278527e-03
7.321823261990928824e-03
7.724209575460932488e-03
7.330551262537518889e-03
8.590628633366714437e-03
8.303319707766503369e-03
6.576949708251247917e-03
6.516361909349864534e-03
2.244119711818126292e-03
1.909956236033445102e-04
-2.595294359414357377e-03
-1.027822561251356612e-02
-1.213145299075435619e-02
-1.618280274840675631e-02
-1.859551663789408421e-02
-1.957637066831222766e-02
-2.089982117612374304e-02
-1.931024837186715373e-02
-1.952742048447215009e-02
-1.541724745749043293e-02
-1.269786406399280379e-02
-9.383556288811410045e-03
5.891340144536026495e-04
4.696645250269643711e-03
1.126425372988202125e-02
1.817377997501752954e-02
2.153261311879012610e-02
2.751280028240535303e-02
3.119955860054822797e-02
3.384751318892326166e-02
3.769665498621407179e-02
3.836679070689498483e-02
3.974962661279431847e-02
4.022262127079549027e-02
3.876825332260536161e-02
3.822608927428261527e-02
3.551932087863800269e-02
3.208895978428399215e-02
2.836558421541667679e-02
2.527291170287336922e-02
2.329678399897941801e-02
2.031498550667683659e-02
1.815163386341309831e-02
1.552492562290377562e-02
1.257368220219097499e-02
1.044085691165026406e-02
7.398575414238547227e-03
5.019753578298881067e-03
3.028899453357881445e-03
-1.008749317005360141e-04
-1.379844432280592260e-03
-3.919816438581267236e-03
-5.605832510145567979e-03
-6.179989094417641556e-03
-8.032340931730021921e-03
-8.131495607573221637e-03
-8.302997325720136088e-03
-9.434354339096222286e-03
-8.002796724716527629e-03
-8.570299805507677893e-03
-8.257547194369935575e-03
-5.899406135771364038e-03
-7.165958502335223815e-03
-4.752398092514269375e-03
-1.347619854091904610e-03
-3.529513779859182188e-03
2.841361123044409444e-03
2.429490356484350852e-04
-2.149843249251374554e-03
-1.739239292029121650e-03
-8.819806057515984510e-03
-9.117628202542953780e-03
-1.033543850407767258e-02
-1.304991611275422257e-02
-8.858162348308709286e-03
-4.976252019354540992e-03
-3.399624297505625132e-03
-9.669933496926078542e-04
-5.842000768868762031e-04
9.353865733226061517e-04
1.710895612349873753e-03
-2.034232660407385429e-03
-1.812255212147720427e-03
-3.083510475602355919e-03
-4.392847318092741454e-03
-4.059844196029653400e-03
-5.503977575096773329e-03
-4.455447991515839451e-03
-4.845958574018527192e-03
-4.794269105562212058e-03
-1.532419062883260373e-03
-1.259462187704305479e-03
4.338801335598120134e-04
1.741265585115870989e-03
2.439727643191209102e-03
3.805180353669691644e-03
4.201807686929209806e-03
5.554853029803690119e-03
5.883334968334968246e-03
6.185028301887317628e-03
6.349367172830981156e-03
6.255494563825809290e-03
6.462912744339798475e-03
6.447587861061739554e-03
6.385981273488574445e-03
6.656413968133522915e-03
6.475722112471498856e-03
6.579903614005969126e-03
7.136788845954692394e-03
7.214511185040366550e-03
7.481719685277546904e-03
7.693772263883564937e-03
7.773152739577312773e-03
7.938992264910777960e-03
8.019877635900405158e-03
8.085804578618179667e-03
8.160993471167162644e-03
8.195615746692393525e-03
8.232342832638699440e-03
8.260408724763284444e-03
8.275394280031846822e-03
8.290394428673686367e-03
8.299275714448443170e-03
8.303557124012712898e-03
8.307281987601028428e-03
8.307398710631965291e-03
8.302749244101400444e-03
8.301022682316961526e-03
8.289219299056604581e-03
8.273660374192057937e-03
8.266427890516960322e-03
8.220871003052908008e-03
8.201149647031743747e-03
8.163181903365571840e-03
8.047586887538284856e-03
8.062554420253017703e-03
7.871233083019924318e-03
7.741374325591786690e-03
7.785073356045480418e-03
7.176092233565528264e-03
7.471643893192594574e-03
6.960450047429631373e-03
5.965684182411882218e-03
6.415414587886864549e-03
