1.184779762210131510e-02
1.209953929911011805e-02
5.993180525031700269e-03
4.603525387027628500e-03
1.250392866081735492e-02
1.039436416705851081e-02
1.021730625841408592e-02
1.158210826910843934e-02
1.066893123361181694e-02
1.104434790679173668e-02
1.113874024031283674e-02
1.095259549948091049e-02
1.108494384510494771e-02
1.105199345487139877e-02
1.100140862560641114e-02
1.098478081494474491e-02
1.101309884451005458e-02
1.078728441543877307e-02
1.081578767376622542e-02
1.079225669476897159e-02
9.924292431196496400e-03
9.816128995035564714e-03
9.946550797969865715e-03
9.602706825311753749e-03
9.766852177266615795e-03
1.025968055873975777e-02
9.560080722973769707e-03
1.102348836070302270e-02
1.143310684490171300e-02
9.915948598022602742e-03
1.719545677571176004e-02
1.455327654963199657e-02
4.127305411197653567e-03
1.245169190680578929e-03
-7.330918572921324601e-03
-9.998558877183327115e-03
-2.208819809849927110e-02
-2.273297030581836534e-02
-2.213383382684369280e-02
-2.477124286516692656e-02
-2.411554468319235603e-02
-2.413021119138978807e-02
-2.491916018941094449e-02
-2.543465324998838220e-02
-2.651368377990569528e-02
-2.628313415930582514e-02
-2.920967656409920871e-02
-2.986072003072735848e-02
-3.013823863499488775e-02
-4.031551381545258467e-02
-4.001192909476685572e-02
-4.111048454589730922e-02
-4.590765411500141030e-02
-4.003284339019538840e-02
-4.449306560910498004e-02
-3.258241748007781324e-02
-4.241118334197333667e-02
-8.160407764145470588e-02
-1.058445709725223255e-01
-2.107461544302651479e-01
-2.775263047805814343e-01
-2.757378887349991592e-01
-3.211563137379624400e-01
-2.997960543356164020e-01
-2.305496311187400227e-01
-2.297094358990605378e-01
-2.450300914502312188e-01
-2.384010331519009485e-01
-2.688381125513508163e-01
-2.721021098742062994e-01
-2.773070280472628157e-01
-2.862931971974765344e-01
-2.743975001889915055e-01
-2.775403970806920584e-01
-2.739836746053883054e-01
-2.623258997628675204e-01
-2.681190495533697926e-01
-2.627973340303715877e-01
-2.664328318663088946e-01
-2.857233020689429748e-01
-2.887810378405125111e-01
-3.051311907166251447e-01
-3.182633300007086108e-01
-3.222440495083553347e-01
-3.096325177084905955e-01
-3.079911262296251007e-01
-2.944692671900787651e-01
-2.801392946560758990e-01
-2.680063014473548777e-01
-2.439667131032705882e-01
-2.480301306796746375e-01
-2.330647333853223535e-01
-2.141722511028769926e-01
-2.158466048819100147e-01
-1.546478050054287123e-01
-1.403646487873016768e-01
-1.150695779295347193e-01
-3.115735691775157329e-02
-1.725235572538938791e-02
-4.845475198152993275e-03
2.465082090847263083e-02
1.624335922363291315e-02
-1.273859874569829853e-02
-1.394090464079367729e-02
-2.929032928235357144e-02
-4.038356662309893624e-02
-3.968619519859017952e-02
-9.210142782821660601e-02
-1.160064318816453610e-01
-1.977268518877898784e-01
-2.822131494548175135e-01
-2.795847396119385819e-01
-2.797006441677308275e-01
-2.664411909482383711e-01
-2.355671752928065188e-01
-2.117444874086705509e-01
-1.702526739531386446e-01
-1.295451022253811812e-01
-1.038238610754884661e-01
-4.969755155705597033e-02
-3.642374922718909919e-02
3.805698221527428499e-03
9.550467416154902189e-03
1.269990634137750998e-02
2.734324268444168413e-02
2.736413777011127008e-02
4.450768120494202895e-02
5.279566841982035602e-02
4.079355800629400064e-02
4.628331754426809330e-02
2.655499772534513497e-02
1.092093706888780380e-02
6.728092741474614100e-03
-6.248262237866032687e-02
-1.013274885830230815e-01
-1.526128803337005457e-01
-2.469102508507501625e-01
-2.617266511928032502e-01
-2.825863267062547757e-01
-3.064487992054642507e-01
-3.055949044903134015e-01
-3.226282649806467284e-01
-3.240745399621660083e-01
-3.243627459218737519e-01
-3.345924037952381913e-01
-3.279687109596922667e-01
-3.325142734047923376e-01
-3.327801071149049661e-01
-3.220917041233538058e-01
-3.228236320324926467e-01
-3.063965761280207367e-01
-2.950004772327338709e-01
-2.861293932109156835e-01
-2.615446193234849392e-01
-2.453118332320123884e-01
-2.294006289328023862e-01
-1.866474016191485008e-01
-1.664327634358774843e-01
-1.170568886544175041e-01
-6.216434575753360114e-02
-4.358779604082797798e-02
2.256390440924675375e-02
2.393159060803828550e-02
1.773521778461750395e-02
3.028578807582262694e-02
2.332299842701346035e-02
2.530067773963056918e-02
9.990337728494084676e-03
5.504621866643188977e-03
4.663709333390270509e-03
-3.716703005418164635e-03
-2.325552136121195740e-03
-6.590380668699311918e-03
-1.386474609374545829e-02
-5.769332971704713500e-03
-2.548774353243795851e-02
-2.463917552950421752e-02
-2.489807551457456219e-02
-2.771981292166593100e-02
-2.562244179469846950e-03
-6.651277791273426700e-03
1.095090354259454623e-03
4.434209530137348670e-03
4.698976150031973498e-03
9.603667144069643127e-03
1.169935984043265868e-02
9.884655660055420914e-03
2.249230882945151347e-02
2.772140747305004704e-02
2.306292427315552451e-02
4.196133696201363728e-02
2.655923798979198391e-02
-2.290705282399938328e-02
-3.502971284350379216e-02
-1.012870153673917362e-01
-1.265909010482073327e-01
-1.548965713866822247e-01
-1.952393883117991835e-01
-1.958011745504673606e-01
-2.258737848665592352e-01
-2.347151720558138532e-01
-2.456387608694490521e-01
-2.641440787233738652e-01
-2.671968668296968441e-01
-2.782558554509806381e-01
-2.838002322994760962e-01
-2.873054149372963328e-01
-2.924449706990130959e-01
-2.886261426644367023e-01
-2.874021140531998753e-01
-2.855966688834750689e-01
-2.789132952488612149e-01
-2.773619419398408170e-01
-2.719579803750279412e-01
-2.648098017062526233e-01
-2.629050824960393884e-01
-2.526503829282786828e-01
-2.463184427134147425e-01
-2.401470939105084523e-01
-2.241942209671573816e-01
-2.172202768715659760e-01
-2.014102121541944124e-01
-1.879187891950606926e-01
-1.804646810859227568e-01
-1.647979921766981048e-01
-1.509635997160022058e-01
-1.349752514393176561e-01
-8.140589203378773009e-02
-3.603579022229214807e-02
-1.738122046508806806e-02
3.147236394509445034e-02
2.716493045293252862e-02
2.782014327975202220e-02
3.611910417373135479e-02
2.951773740458549233e-02
4.825206171184399234e-02
4.928985270601486668e-02
3.866249508985600963e-02
3.454904280249296300e-02
1.333328582113032373e-02
-9.909241446846276183e-03
-2.688714313116081014e-02
-3.717909544438071506e-02
-3.889752338769311008e-02
-3.228927058181371712e-02
-2.959768394745165149e-02
-2.004842211432790802e-02
-1.932231012558671343e-02
-7.921694506728646848e-03
-6.395470913347063233e-03
-6.994872140365737331e-03
-2.909473490156414249e-03
-3.317256257632336235e-03
-2.549821464750106747e-03
-8.551952861144881133e-04
-8.929797425796217247e-04
-1.209739353667135331e-03
-1.041580365665053425e-03
-2.526891331832196563e-03
-4.630940826005296336e-03
-3.191438045404512616e-03
-8.388205956882503062e-03
-1.086416595149378161e-02
-7.161238326903139433e-03
-2.793692888913019978e-02
-1.828766675777885112e-02
-3.106312707269576895e-02
-9.091960910860259759e-02
-9.892987922668866618e-02
-1.612838360027108175e-01
-1.680310261492094781e-01
-1.568865547374936054e-01
-1.609299434635268478e-01
-1.594449551644763208e-01
-1.480418471774104794e-01
-1.477278910201293149e-01
-1.371005965660329895e-01
-1.216388600318482477e-01
-9.236724769992658846e-02
-8.987241703130369186e-02
-6.698680116704537613e-02
-6.913827692466542607e-02
-7.171530911681626985e-02
-6.297482117838651416e-02
-8.055942324122855602e-02
-7.673864976328577392e-02
-5.986829579521277256e-02
-5.454919103353933485e-02
-2.237416102551382721e-02
-2.737941790290818536e-02
-4.217394712155197317e-02
-5.215070414573086399e-02
-9.121076411285133911e-02
-1.664388863553148135e-01
-1.806618916752196768e-01
-2.109008673503071085e-01
-2.365729942762974380e-01
-2.177397807406071806e-01
-2.186089226279232800e-01
-1.991857254693137624e-01
-1.858417417401712068e-01
-1.783286053299008023e-01
-1.561570289750434659e-01
-1.510515301822345502e-01
-1.396530628699807208e-01
-1.320699692202183528e-01
-1.382010399288082780e-01
-1.328877090907683578e-01
-1.396665954607813065e-01
-1.456693056315002954e-01
-1.508580367275497713e-01
-1.666045578966898755e-01
-1.700032215864230034e-01
-1.844519347316362079e-01
-1.903545931239026823e-01
-1.918587117271907672e-01
-1.600977307114889170e-01
-1.108437694535398810e-01
-6.332940745642695601e-02
-3.355952441997187702e-02
7.455102302057847827e-04
5.472407993640278877e-03
7.694305412572269992e-03
1.690197899561260084e-02
1.719561865670854450e-02
2.632914336381578929e-02
3.634182515032979843e-02
3.997055551921211564e-02
2.758151396581589795e-02
-1.845994132423685666e-02
-3.308873274542435683e-02
-6.651601286177592776e-02
-1.476282169250462961e-01
-1.611559770186907214e-01
-2.027577312539556309e-01
-2.201105451334411378e-01
-2.020632186599366220e-01
-1.977927073510859779e-01
-1.807591436802673535e-01
-1.570959014178849589e-01
-1.408457714476263889e-01
-1.270551371766060755e-01
-1.208118965260377431e-01
-1.172484938381937597e-01
-1.153655848933868022e-01
-1.162807280559638168e-01
-1.158187616708850759e-01
-1.182679386760732698e-01
-1.204129067629233635e-01
-1.222150482028147439e-01
-1.077159549805225686e-01
-9.935155118939266450e-02
-8.728410540645972771e-02
-1.015064400826008878e-01
-1.106756957195414448e-01
-1.305175734983115843e-01
-1.564463439306087167e-01
-1.828509250516871798e-01
-2.048873142805628100e-01
-2.476699271167810135e-01
-2.621522794852158000e-01
-2.865843454540636381e-01
-3.035107080274648816e-01
-2.945601374347109891e-01
-2.612130453360085869e-01
-2.545606832245580486e-01
-2.086227016785204558e-01
-1.847150390683205412e-01
-1.592776912966139546e-01
-1.037846950606710894e-01
-8.221651244760434796e-02
-1.651102182356417591e-02
1.776591872085958243e-02
2.166099078481251855e-02
2.857643757804586779e-02
3.427311447045006121e-02
-3.382659729918926182e-03
-5.748828522040247413e-02
-1.023854097865287971e-01
-1.565440022879694970e-01
-2.164636066209391363e-01
-2.845259991115553500e-01
-2.850713518473281805e-01
-3.049577462381753423e-01
-2.983797763446537910e-01
-2.872720477255081839e-01
-2.892777553384583977e-01
-2.749968975694078721e-01
-2.742131828135326854e-01
-2.726678409540482240e-01
-2.658343033031566049e-01
-2.681934134032928352e-01
-2.627951564995789635e-01
-2.625639996683258315e-01
-2.594415630711726650e-01
-2.554261919920135515e-01
-2.537497143233359842e-01
-2.431292564939593615e-01
-2.381609528644487439e-01
-2.328428899788865247e-01
-2.231132253619291239e-01
-2.227764932638226780e-01
-2.163312964872908251e-01
-2.099659459269519746e-01
-2.136677874793534715e-01
-2.113223493224895277e-01
-2.143860490298226951e-01
-2.068499757426734420e-01
-1.859376993530442723e-01
-1.600104606264927121e-01
-1.456684129326551724e-01
-1.279548652837968759e-01
-1.201033236082552219e-01
-8.228320945450759427e-02
-8.053285055812067772e-02
-7.370712518124029888e-02
-6.282876734343843805e-02
-6.168906043309956011e-02
-5.603562077918457229e-02
-5.221796319442287282e-02
-4.699595919116368592e-02
-4.462344982534270643e-02
-3.626745238304143054e-02
-2.701057902926164503e-02
-2.652072200725934248e-02
2.621923191293264177e-03
8.125481888703778473e-04
7.402595444255580769e-03
1.025768899771108307e-02
8.424717247471473838e-03
9.122308222823539980e-03
-5.471435791106216313e-03
-6.434885487778081378e-03
-2.044780021320645458e-02
-2.190961577351478382e-02
-1.757826441667186337e-02
-1.520953747301836100e-02
-5.359880967240977442e-03
-3.374986231463110355e-03
2.459095158202630194e-02
2.609839589214831695e-02
2.620476543927705709e-02
3.395622419998389069e-02
3.280012302429635013e-02
3.454085844412384948e-02
3.681493637256370161e-02
3.756315859551217357e-02
3.753098305926549222e-02
4.240884909008806741e-02
4.237337321057740858e-02
4.379908401365376763e-02
6.147318566692882430e-02
6.235865802154022530e-02
5.814698462457740941e-02
5.940583090392944493e-02
5.212536634041849831e-02
5.059111069307995617e-02
4.823357326268004619e-02
4.582845767583994950e-02
5.052839168762542077e-02
4.848989391081431899e-02
4.900905322439742112e-02
4.970209631049494342e-02
4.771353595120313151e-02
4.755677526390547638e-02
4.616720925895258232e-02
4.230791779471560626e-02
4.177036259285300812e-02
3.550550514827783416e-02
2.857808736345769304e-02
2.750816563467999021e-02
6.752686205869228714e-03
5.536191132116305945e-03
3.739416109602742427e-03
-3.385564290031121276e-03
-3.044203778628102632e-03
-5.025853103128911058e-03
-9.841893951964969522e-03
-8.107221203998336845e-03
-1.037004776354087318e-02
-8.278425289609765703e-03
-6.145377574292173323e-03
-6.871533981166576786e-03
4.599531195950191421e-03
3.931134693737723708e-03
5.241667755009202928e-03
8.108627325920271869e-03
5.103272552120180147e-03
6.051626091292193477e-03
6.323326564631667583e-03
5.756030808403327440e-03
6.183248661227802243e-03
6.058712273864306185e-03
6.023249319968130601e-03
6.118237805340738869e-03
6.059402813974016852e-03
6.081814649224564356e-03
6.090763602172832338e-03
6.079128409462389825e-03
6.089232926420717028e-03
6.089301034167067701e-03
6.090415618696127381e-03
6.092331420740347385e-03
6.101876146549613592e-03
6.100135242663594533e-03
6.107947707208562400e-03
6.139838562483184055e-03
6.110644678798874893e-03
6.184527396995260010e-03
6.222874406934585621e-03
6.133930965204515383e-03
6.505130450122357383e-03
6.285802015169273879e-03
6.389758052323727539e-03
7.515714616767010456e-03
5.977249652878227626e-03
8.201447345689031818e-03
9.676919213750323837e-03
8.464232400430852024e-03
