1.734938034424272912e-02
1.781035095781229038e-02
8.042991413828462152e-03
6.198811445545941538e-03
1.344133934425013367e-02
1.132712321075245686e-02
1.102628062326387916e-02
1.237235777166524435e-02
1.146578192868275177e-02
1.183601724832626309e-02
1.192983692607283049e-02
1.174514483345583983e-02
1.187642636973687202e-02
1.184374805369137543e-02
1.179353115705801015e-02
1.177721436825305418e-02
1.180557457483363652e-02
1.158045619191837121e-02
1.161924241325676052e-02
1.159275325137582024e-02
1.067580674398071160e-02
1.056317959766274982e-02
1.069835920985338050e-02
1.035610535857701964e-02
1.051922491957758658e-02
1.100733485511076401e-02
1.031453524255535222e-02
1.176161624538061591e-02
1.212685348479310837e-02
1.068126436908582201e-02
1.755831389545983376e-02
1.494692846988420615e-02
4.473498796722958672e-03
1.531497738579720106e-03
-7.104104318487658963e-03
-9.809433635858585618e-03
-2.236314873739246936e-02
-2.293506304989324784e-02
-2.222173357804110849e-02
-2.482264663033072194e-02
-2.416306725800260527e-02
-2.402086199939446054e-02
-2.481399871026108636e-02
-2.533673780286073429e-02
-2.640440612164830433e-02
-2.617513423287080171e-02
-2.908368240807321717e-02
-2.967479928843982234e-02
-2.997569020076143453e-02
-4.039207024923647388e-02
-4.012171620712341041e-02
-4.115860951932927975e-02
-4.605106562626024025e-02
-4.018281037289857943e-02
-4.432124056246970756e-02
-3.184960958166707656e-02
-4.122670052833832255e-02
-8.018192711481680890e-02
-1.048251845173222424e-01
-2.110541891975399598e-01
-2.785406361728783864e-01
-2.770235225318185557e-01
-3.239028126082396652e-01
-3.010847938656939782e-01
-2.287849032607336963e-01
-2.270255194923262998e-01
-2.442778719910480845e-01
-2.382326831057850203e-01
-2.688279550475851098e-01
-2.726540404942954243e-01
-2.788012025324805854e-01
-2.877924368714487868e-01
-2.751302041202072224e-01
-2.782309833237235352e-01
-2.743059401458626811e-01
-2.619207634767706794e-01
-2.671686121932052571e-01
-2.610534981398260346e-01
-2.648122635361461752e-01
-2.855846508870223954e-01
-2.888460018771158988e-01
-3.062607948126010449e-01
-3.206005111371248995e-01
-3.246268537565988876e-01
-3.101558787939042716e-01
-3.084650745874284450e-01
-2.952840532316833300e-01
-2.804827144430500074e-01
-2.672022278521764549e-01
-2.430335988086224641e-01
-2.480086658192577620e-01
-2.335012186819448721e-01
-2.148916945026469738e-01
-2.165995790729514370e-01
-1.548879523213263498e-01
-1.409755828852225779e-01
-1.153960940467802510e-01
-2.987347490560445309e-02
-1.591189680178084834e-02
-4.083655266981334880e-03
2.589151897340963293e-02
1.741904656578453434e-02
-1.287902563699391302e-02
-1.438673111415030535e-02
-2.920507716673620066e-02
-3.983717499145289498e-02
-3.856047781240520139e-02
-9.066285907697496649e-02
-1.141872123803124583e-01
-1.976989464576844047e-01
-2.850403931077823971e-01
-2.826601323196220594e-01
-2.814826354729398905e-01
-2.672902604264890125e-01
-2.360047098182512237e-01
-2.111125926886870119e-01
-1.693062612069078654e-01
-1.287642635256223689e-01
-1.036103692356872830e-01
-4.948467698010296234e-02
-3.619166197094005055e-02
5.122467669931907164e-03
1.062544835892302413e-02
1.348645353990194848e-02
2.796652881941814883e-02
2.812393813890747690e-02
4.496598972397570365e-02
5.347072770828777133e-02
4.132200704232928679e-02
4.653077570379360317e-02
2.682285470885553344e-02
1.165119764734199453e-02
7.696719172153742954e-03
-6.200022065946552557e-02
-1.005528357587570226e-01
-1.523110863755762490e-01
-2.476655349925248051e-01
-2.624994243800783389e-01
-2.834872675615102700e-01
-3.075652245144787633e-01
-3.067279902589833407e-01
-3.240073533798105143e-01
-3.253175474905472542e-01
-3.255272247731069712e-01
-3.358327453224085324e-01
-3.291562549880314159e-01
-3.339048603593578468e-01
-3.344185790004252090e-01
-3.229683055936869995e-01
-3.235620032414991964e-01
-3.067508749247419009e-01
-2.952611902496737883e-01
-2.860882700982056992e-01
-2.614579551392198775e-01
-2.456847074732698422e-01
-2.298405668986070460e-01
-1.863293535187663386e-01
-1.661743575175138876e-01
-1.172024824656374559e-01
-6.224961885531934275e-02
-4.336682981954462224e-02
2.488006591463762934e-02
2.603072212138085595e-02
1.899071697734847422e-02
3.146435852250770160e-02
2.467727715382191447e-02
2.658461450566199785e-02
1.010955176966062997e-02
5.576654504209347350e-03
4.815099619794590419e-03
-3.520804706887803708e-03
-2.133466711055644581e-03
-6.369599076758255228e-03
-1.362047134043098059e-02
-5.397361752178623032e-03
-2.564614705821416721e-02
-2.502404927568354157e-02
-2.535529472984824478e-02
-2.804152367402433163e-02
-2.438006767604084402e-03
-6.534877800523863044e-03
1.658771772952470332e-03
4.900522115979953110e-03
5.235688842986542177e-03
1.011977083532315629e-02
1.209143672052831985e-02
1.028669129010808050e-02
2.358409001638796937e-02
2.895480524331033034e-02
2.476454975020464175e-02
4.319068747241518874e-02
2.782599840660126070e-02
-2.241474264653359541e-02
-3.478452921839398498e-02
-1.009800088611070568e-01
-1.264416876451430471e-01
-1.551351012310576705e-01
-1.960952894394254187e-01
-1.961358661190552022e-01
-2.262805243552334089e-01
-2.343862572286353474e-01
-2.455524016558393863e-01
-2.651294259112760843e-01
-2.684086617930512841e-01
-2.795279560605730129e-01
-2.852676237175421070e-01
-2.893829635033186576e-01
-2.946101872580501047e-01
-2.910579477567338813e-01
-2.896732029258390351e-01
-2.874583879406113485e-01
-2.807778600081037856e-01
-2.790985537946301664e-01
-2.736751117247634979e-01
-2.665417236290588132e-01
-2.648487258147129708e-01
-2.543271827295455756e-01
-2.478796085298565210e-01
-2.416834588101198777e-01
-2.239273905263352293e-01
-2.168387425657523349e-01
-2.011156299950079551e-01
-1.875329734974748030e-01
-1.803156066052727935e-01
-1.647900236113763184e-01
-1.507222500134285104e-01
-1.348081200681410796e-01
-8.158845478786688754e-02
-3.594520151457027829e-02
-1.718549765421631750e-02
3.292839402193130371e-02
2.835606809846923787e-02
2.850882152317762638e-02
3.647244531628354713e-02
2.992797903762206904e-02
4.901094857421313400e-02
5.029206358841734059e-02
3.926109244595018394e-02
3.505803259328844207e-02
1.357353864574194734e-02
-1.022999470195579304e-02
-2.763983526784143802e-02
-3.785877321551853886e-02
-3.940800656513530897e-02
-3.257290417500496860e-02
-2.982236648708830318e-02
-2.016291291660197299e-02
-1.943211772196828946e-02
-7.826272279329115830e-03
-6.340457662418888703e-03
-7.017877017359354895e-03
-2.960526865464218737e-03
-3.367651729363405760e-03
-2.604014221596519761e-03
-8.953008952702699429e-04
-9.196266032058285963e-04
-9.994877338751831375e-04
-8.450479478590057231e-04
-2.344900555992722804e-03
-4.428915668860796025e-03
-3.001735573385520221e-03
-8.159725760075208986e-03
-1.060525109789016256e-02
-6.912507798671250689e-03
-2.753717682358201163e-02
-1.717334067869544234e-02
-2.963293634503463836e-02
-9.005982614598082026e-02
-9.879554490814888845e-02
-1.632895186710283941e-01
-1.699593892858061450e-01
-1.574412341780116742e-01
-1.610398892470065180e-01
-1.600056557667537682e-01
-1.479234798101240755e-01
-1.480052228923617319e-01
-1.377467569609042708e-01
-1.219438611113544124e-01
-9.216095464343425359e-02
-8.964068650162207441e-02
-6.589331790215340046e-02
-6.813048914806384138e-02
-7.091195294982957642e-02
-6.268247306326092672e-02
-8.168029125521207578e-02
-7.849448132978437132e-02
-6.053587906095528326e-02
-5.424237540757440718e-02
-2.121232916592002971e-02
-2.611131865953651016e-02
-4.079995958510067994e-02
-5.061603118137007751e-02
-9.043762995540109706e-02
-1.671185492548844798e-01
-1.815491965506309258e-01
-2.120282414733591914e-01
-2.385382593623095737e-01
-2.190740284985648878e-01
-2.190532451350911680e-01
-1.992588817187743999e-01
-1.858244080117712194e-01
-1.781644475431177210e-01
-1.559559988064388447e-01
-1.503799774634927700e-01
-1.384605617475525019e-01
-1.307842389833053232e-01
-1.377541873856358845e-01
-1.324768789274598235e-01
-1.389193983054346493e-01
-1.451583690375067293e-01
-1.505904134521354187e-01
-1.666168325399887129e-01
-1.697014544717592999e-01
-1.846552346378020071e-01
-1.913559793353160898e-01
-1.939318365389273435e-01
-1.612169223610452340e-01
-1.104901753053716407e-01
-6.225829907247751316e-02
-3.292383140807911973e-02
2.217212496259943384e-03
6.662463471279985068e-03
8.632643789292000422e-03
1.766137712790773195e-02
1.823941383690018056e-02
2.763187546536234260e-02
3.746400887700276211e-02
4.156924026543839384e-02
2.859922276699149862e-02
-1.836131967356944769e-02
-3.270059701168429034e-02
-6.605976247044699490e-02
-1.479999381768281608e-01
-1.617881559472042763e-01
-2.035354454522086132e-01
-2.214673128647852429e-01
-2.030311829152278424e-01
-1.982909406026269195e-01
-1.806648570146796029e-01
-1.566716326799623415e-01
-1.404521842503851925e-01
-1.265314812998660776e-01
-1.201322779186351358e-01
-1.165727286884343655e-01
-1.150504289632115762e-01
-1.160412638257663775e-01
-1.153652756538165597e-01
-1.182443654536653177e-01
-1.211129376381701317e-01
-1.233813983017221783e-01
-1.077986338574276753e-01
-9.851400360962832281e-02
-8.611031123995561976e-02
-1.007691349404272046e-01
-1.100001542075353389e-01
-1.301850462146490750e-01
-1.559355428396724808e-01
-1.822511703832208618e-01
-2.039575097299298756e-01
-2.475978653908981197e-01
-2.623063462324699557e-01
-2.878129499606190134e-01
-3.057694338619125762e-01
-2.963896047859200245e-01
-2.616204726329426355e-01
-2.539875555802931228e-01
-2.078495609495848440e-01
-1.845591761083581750e-01
-1.596162070811613931e-01
-1.040780347689621993e-01
-8.226801462321002567e-02
-1.527702459470811104e-02
1.923250046964321627e-02
2.263839966119828712e-02
2.940191257012999757e-02
3.579128045388149659e-02
-2.323698797256478193e-03
-5.739263829620960822e-02
-1.019422756165451610e-01
-1.560735593465515381e-01
-2.170752006927145761e-01
-2.858261847402680522e-01
-2.861673117720314741e-01
-3.073143520913884652e-01
-3.003020116189473732e-01
-2.882414588344333062e-01
-2.900622602354541724e-01
-2.749926188578031838e-01
-2.741428002111815920e-01
-2.730026856263708668e-01
-2.661425948464704594e-01
-2.685916348217700089e-01
-2.633588418887545246e-01
-2.632767905367374150e-01
-2.600967450846718987e-01
-2.566864239763953504e-01
-2.548999160996873181e-01
-2.435556809403024436e-01
-2.383672882222582778e-01
-2.325258065581902456e-01
-2.226987522982220580e-01
-2.223078511446182071e-01
-2.159420470658167668e-01
-2.092139647057678908e-01
-2.134097127163611107e-01
-2.115919927787283938e-01
-2.153556302858978255e-01
-2.075243091552442520e-01
-1.862676902445140059e-01
-1.596427916756338328e-01
-1.454804949596463781e-01
-1.281322467513218433e-01
-1.202886319890001249e-01
-8.191065248267681564e-02
-8.021294368991448154e-02
-7.352870840293455890e-02
-6.272474836007518872e-02
-6.159816205110960063e-02
-5.599053772190958067e-02
-5.220278682957463917e-02
-4.702171089149156241e-02
-4.466922953832125343e-02
-3.636848399382516805e-02
-2.715161981013142559e-02
-2.664890182126458326e-02
3.037437470999795192e-03
1.228953727118635344e-03
7.737444436634124262e-03
1.057510657487174301e-02
8.806822939276540835e-03
9.483727695172085650e-03
-5.394648637260872695e-03
-6.464511436192348776e-03
-2.079628564620717227e-02
-2.229278473297450353e-02
-1.782216191681354825e-02
-1.545998364029519366e-02
-5.691782331218393255e-03
-3.612217169347882971e-03
2.549398004515980240e-02
2.699802695990843535e-02
2.689446945015852228e-02
3.460572928174540652e-02
3.345083541047610964e-02
3.517475209383978674e-02
3.743228115164703995e-02
3.817132030439243651e-02
3.813721554026533456e-02
4.298067275192311854e-02
4.275425732696775533e-02
4.426920095637505020e-02
6.192131346467789899e-02
6.292465673885877520e-02
5.839235465970459699e-02
5.950475905017757472e-02
5.216035800242952575e-02
5.055786926959882077e-02
4.810684834159932588e-02
4.574541776553887884e-02
5.055731238362402152e-02
4.853310346223204536e-02
4.905137978780700625e-02
4.974102450557332106e-02
4.776776276110242248e-02
4.761231117215680708e-02
4.623377374313582255e-02
4.240462162872504770e-02
4.187138471509967846e-02
3.564770970297789082e-02
2.873867472639085596e-02
2.761608178698482519e-02
6.512346089015397937e-03
5.320200685718171237e-03
3.660752096243146021e-03
-3.412826116787978474e-03
-3.065293432542080462e-03
-5.025681484520794738e-03
-9.652874217160073433e-03
-7.934255733589839349e-03
-1.018800580544382446e-02
-8.102659699371813837e-03
-6.009851328217396919e-03
-6.709630408924844788e-03
5.152455217575254050e-03
4.505341973035625544e-03
5.790330513753087598e-03
8.634036910685132654e-03
5.866537156881681050e-03
6.795763469081286638e-03
7.083801903339253907e-03
6.524346480557997353e-03
6.947831067734466272e-03
6.824632260704094344e-03
6.789443319051794573e-03
6.883675707730969873e-03
6.825310123871235549e-03
6.847543981370593502e-03
6.856422135457363246e-03
6.844879040208300992e-03
6.854903591244789103e-03
6.854971161068831517e-03
6.856076925826635853e-03
6.857977568527556973e-03
6.867446766884261963e-03
6.865719626292992456e-03
6.873470344292233192e-03
6.905108689862807583e-03
6.876145142435908728e-03
6.949449923034980818e-03
6.987466567766322141e-03
6.899227127558459419e-03
7.267835470238373681e-03
7.047801101523302157e-03
7.154486700896149978e-03
8.277572596606466021e-03
6.641851220731273368e-03
9.168119792771043872e-03
1.057152790646855023e-02
9.182666543352232050e-03
