-1.514887709126303168e-02
-1.433701404501745887e-02
-1.581394313562779416e-02
-1.754178063614546604e-02
-8.847412625147920220e-03
-8.806378054154634025e-03
-7.743511756027261425e-03
-5.354496741366867457e-03
-5.521195333256346573e-03
-4.576723429990020575e-03
-4.066559359190998098e-03
-3.972623445573138061e-03
-3.585887778231905409e-03
-3.466601653371201037e-03
-3.369280653112355969e-03
-3.259041179290471206e-03
-3.166421379204885801e-03
-3.199209833898554543e-03
-3.108152996423344319e-03
-3.006756312663743172e-03
-3.384411333652792824e-03
-3.439092065944633365e-03
-2.917183855588498329e-03
-3.020522680629060368e-03
-2.664630099238976275e-03
-1.200161969094768778e-03
-2.010213680365458694e-03
7.055581350520358621e-04
2.809192370455589234e-03
5.767409672447796698e-04
1.270484226868254241e-02
1.116791822428018013e-02
2.690860368445742012e-03
3.876812411368293042e-03
-2.798187896412207207e-03
-4.762184512407886990e-03
-8.730542853095275835e-03
-1.039123200707652538e-02
-9.071279139303469602e-03
-1.152153714767159901e-02
-1.132831845186658276e-02
-1.440747059346639963e-02
-1.523143395456322095e-02
-1.678143264058402917e-02
-1.901531338500641113e-02
-1.930632305795778464e-02
-2.292316310464410922e-02
-2.424285867157452770e-02
-2.566973591544757100e-02
-3.460154535594025388e-02
-3.568862322619302530e-02
-3.965683901041150428e-02
-4.672372644456423280e-02
-4.500107765516988406e-02
-5.615958284175004422e-02
-5.284699133308744246e-02
-6.772990895112419862e-02
-1.097555677574759969e-01
-1.341056903335214601e-01
-2.240242290937241865e-01
-2.834530230789495397e-01
-2.869308914645338215e-01
-3.266315690140074723e-01
-3.153353912618562238e-01
-2.607379836904326065e-01
-2.629810113443661335e-01
-2.724566265166107892e-01
-2.665389066918837924e-01
-2.889218130662590811e-01
-2.899644493002111467e-01
-2.941791896870398215e-01
-3.008997435149991517e-01
-2.914380398680891382e-01
-2.944901157792956248e-01
-2.919127890449674245e-01
-2.837333171686902134e-01
-2.880709386187085275e-01
-2.840983224045764421e-01
-2.871805242990490559e-01
-3.013201018570337286e-01
-3.037311368028021707e-01
-3.153948318535319539e-01
-3.247749545892448242e-01
-3.274519200755546255e-01
-3.159350227463464389e-01
-3.145584263301947070e-01
-3.034514015962937461e-01
-2.905403331441291370e-01
-2.808920967437302796e-01
-2.586743943092857378e-01
-2.585470183041586600e-01
-2.436836115152099524e-01
-2.222618928453606035e-01
-2.197198749561360132e-01
-1.646576166642466366e-01
-1.489010543215977533e-01
-1.246259747588222278e-01
-5.396279897041150048e-02
-4.061885779845509498e-02
-2.494347190108809828e-02
6.348271372652135444e-04
-6.216201786068456178e-03
-2.551690451609084018e-02
-2.765803268999054640e-02
-4.387884136060331286e-02
-5.665857382176132939e-02
-6.001799543438776641e-02
-1.084784849973156884e-01
-1.302011899228410763e-01
-1.964486163036969768e-01
-2.652672687990715317e-01
-2.630412060004076458e-01
-2.669241654224348004e-01
-2.569839776611629878e-01
-2.320557421803742804e-01
-2.161481475258623663e-01
-1.800573281790565916e-01
-1.460002623843069669e-01
-1.205885982956095698e-01
-6.760957735347486453e-02
-5.328431002329302169e-02
-1.689459675422050680e-02
-8.291581896216707742e-03
-3.025747843631839806e-03
1.330132600323154224e-02
1.310674398922726316e-02
3.301390789844303036e-02
3.941968018476253027e-02
2.914030162706000501e-02
3.499258679438287112e-02
1.545363855037309130e-02
-3.237968727925804625e-03
-1.126770895543059009e-02
-7.260116777643681185e-02
-1.137025344645291730e-01
-1.586672040878967238e-01
-2.375391808515991965e-01
-2.522964109617552575e-01
-2.695034518428937043e-01
-2.898851802521814625e-01
-2.907279861949864652e-01
-3.045616166694657401e-01
-3.068758745305097402e-01
-3.081346470925784842e-01
-3.164440959598637249e-01
-3.128973904062773426e-01
-3.173654539779622863e-01
-3.182454374773070471e-01
-3.121098012043603265e-01
-3.128108049613894659e-01
-3.012275177770484258e-01
-2.932002415032470277e-01
-2.853298657502936209e-01
-2.667744846449064400e-01
-2.515147124124414435e-01
-2.363498044392353947e-01
-2.020801194599277373e-01
-1.806890193982647608e-01
-1.325781166528207100e-01
-8.337762314552008003e-02
-6.279717472351588337e-02
-7.776632812405293547e-03
-3.205117563552057399e-03
-5.176117325981556029e-03
8.086332720884123124e-03
4.825144751598025097e-03
7.885835287679655164e-03
2.507504769529362784e-03
-6.061979121663840352e-04
1.556749461216551129e-03
-3.155140899725738645e-03
-1.759471267866043664e-03
-2.861290404938889552e-03
-7.809853997967896103e-03
-1.206713745550451987e-03
-1.174565232114373886e-02
-1.197998856967550686e-02
-1.016672052971954489e-02
-1.411113360961894353e-02
2.971513261886960314e-03
3.954510350994666873e-04
-1.354296336642279866e-03
2.006307764062827039e-03
1.443734840475343359e-04
1.107561697161904774e-03
3.433924946482310586e-03
-9.780961800361228590e-04
6.399808692411862975e-03
1.071460719298218851e-02
2.252790853666347421e-03
2.104418104504000853e-02
5.069249764072187095e-03
-3.576363867716499806e-02
-4.562824800421241139e-02
-1.044692399396880550e-01
-1.258348859604847270e-01
-1.507311787252405000e-01
-1.847601364641357213e-01
-1.862237871221290308e-01
-2.110976553567670277e-01
-2.182982462844559324e-01
-2.270714839522229300e-01
-2.412470955678008289e-01
-2.430786791466121588e-01
-2.513596895923723706e-01
-2.547266983032689946e-01
-2.571097984928482072e-01
-2.607034087773892894e-01
-2.569855567844132604e-01
-2.561125039730081654e-01
-2.538930062419998412e-01
-2.487848647170403382e-01
-2.477093576349718440e-01
-2.431475556897055301e-01
-2.385696570973437070e-01
-2.369274189341053494e-01
-2.296406977560337404e-01
-2.258103523117107325e-01
-2.208508256189239682e-01
-2.097924267879992255e-01
-2.047206166448277131e-01
-1.929070984905472408e-01
-1.832239716202697100e-01
-1.765622157536995696e-01
-1.635088717563180638e-01
-1.522673036300855043e-01
-1.371198453564429209e-01
-8.225467515385943840e-02
-4.513089246491643752e-02
-2.167666730102757108e-02
1.531447258443455542e-02
1.516185028101768757e-02
1.984428874936040865e-02
2.845170816075407588e-02
2.599643553570537766e-02
4.575861099964599610e-02
4.726138823347311724e-02
4.535006718395147990e-02
4.594446880529637345e-02
3.270977009653062290e-02
1.971356413084801931e-02
1.201436831578599380e-02
5.663121060046885993e-03
5.578206737219299112e-03
1.174014672607499171e-02
1.372726347167724931e-02
1.726133451250751183e-02
1.838541954852823679e-02
2.407641676947066753e-02
2.421920332784601240e-02
2.311895992143917639e-02
2.376692120400031305e-02
2.293285280529298517e-02
2.081293064090042680e-02
1.900407315245971826e-02
1.831546485382233233e-02
1.081534807000861416e-02
1.012236257074903244e-02
6.381825889126739072e-03
1.104346273699007659e-03
1.358996970642884546e-03
-5.918410765827088194e-03
-1.070571520405878135e-02
-9.497538482646526725e-03
-2.987145994695379614e-02
-2.530899702921396086e-02
-3.787434019968707183e-02
-8.673955863672412614e-02
-9.292400414574954193e-02
-1.431314385769017483e-01
-1.483353183795395880e-01
-1.405455575036038685e-01
-1.451081397130056794e-01
-1.428785960925041398e-01
-1.358458742748155645e-01
-1.351993207796496066e-01
-1.262856376666061931e-01
-1.149234646974294227e-01
-9.063371539662670728e-02
-8.794669837682141111e-02
-6.997863706108306547e-02
-6.975277322379941358e-02
-7.169318867584670296e-02
-6.396639837609724433e-02
-7.680004853682687038e-02
-7.413696910993934630e-02
-6.145776202809312416e-02
-5.910285668095196371e-02
-3.852502798801716449e-02
-4.699125813518258143e-02
-6.260684693286604208e-02
-7.567274086059602722e-02
-1.097158374082278509e-01
-1.711640598855896922e-01
-1.854532879989267413e-01
-2.128581592583723703e-01
-2.358932813541430029e-01
-2.242094892658559324e-01
-2.282508956895416274e-01
-2.140842630224005505e-01
-2.067628895887533291e-01
-2.018905169485956108e-01
-1.856814355092538948e-01
-1.832808472539970146e-01
-1.731944635857469994e-01
-1.689233874180129658e-01
-1.734759169646439281e-01
-1.690459139911010267e-01
-1.753582331431477181e-01
-1.781291399607769221e-01
-1.833285445962862248e-01
-1.944023526474001617e-01
-1.937790976888499050e-01
-2.040191969844138420e-01
-2.039817709847586702e-01
-2.013621146097993864e-01
-1.706963837745563983e-01
-1.261751161205979521e-01
-8.454695978537535295e-02
-5.338169254904788497e-02
-2.415678068771504039e-02
-1.668636612732056490e-02
-1.379344238314720271e-02
-3.620211194606888679e-03
-3.534270321136348796e-03
3.458316146817479522e-03
1.452162896428491924e-02
1.428580970472278361e-02
5.702381779987477674e-03
-3.150647745339159311e-02
-4.709753403614204414e-02
-7.796909462680794156e-02
-1.485061040315135972e-01
-1.617903144368077750e-01
-2.029961934622163677e-01
-2.195016800744387653e-01
-2.087586847416645630e-01
-2.107066823074090767e-01
-1.983967392931302032e-01
-1.831446020226008553e-01
-1.728446360886958522e-01
-1.618699809993820460e-01
-1.588345603898036751e-01
-1.555487447178770244e-01
-1.540562977046421866e-01
-1.554071716220127852e-01
-1.536422165104193993e-01
-1.560204003511551918e-01
-1.577621581621348190e-01
-1.584132584703709656e-01
-1.492035491083966436e-01
-1.427408497530682496e-01
-1.362532682888152602e-01
-1.504479345691531189e-01
-1.590829918044077140e-01
-1.786011440052634180e-01
-2.002945437963610520e-01
-2.225586604732578688e-01
-2.432014062043139635e-01
-2.735400829630645902e-01
-2.880880014294942004e-01
-3.054474105266298811e-01
-3.164553888422924066e-01
-3.117174829704230099e-01
-2.796002673467191668e-01
-2.744886269295135350e-01
-2.347055676874009178e-01
-2.074826726035386704e-01
-1.822482637611912704e-01
-1.289847267099207551e-01
-1.067295188529646388e-01
-4.973694759853116570e-02
-1.767738210133201412e-02
-1.233358285794173594e-02
-4.860705238610328431e-03
-1.564930950507923638e-03
-3.410321379889910687e-02
-7.688049693834868303e-02
-1.176681227367599308e-01
-1.658411108327840222e-01
-2.129936005826030265e-01
-2.703835276877801785e-01
-2.733771944168770784e-01
-2.867977948918970510e-01
-2.840575097819437178e-01
-2.757652198068454852e-01
-2.771932058031478796e-01
-2.674627158911722091e-01
-2.666803580084741720e-01
-2.661339474780382020e-01
-2.612755179442023401e-01
-2.630106639131905011e-01
-2.591977606469526019e-01
-2.590654550542325629e-01
-2.570641084431518619e-01
-2.542596900454565656e-01
-2.537104829638946457e-01
-2.457840991363677841e-01
-2.424361998421640518e-01
-2.393384341459871556e-01
-2.319746668565851877e-01
-2.329950022561355361e-01
-2.285113875012637907e-01
-2.221567176937671306e-01
-2.247959675614369379e-01
-2.204889600921724480e-01
-2.191255657996422912e-01
-2.119895152880410805e-01
-1.893731283437855573e-01
-1.686625777931872461e-01
-1.525611334565932231e-01
-1.314192490264009805e-01
-1.228415108295767139e-01
-8.817402865699650039e-02
-8.351997475219163913e-02
-7.542915148077443399e-02
-6.283151736733026682e-02
-5.974765594646757466e-02
-5.222205990775614232e-02
-4.669271288707634027e-02
-4.016180795171785112e-02
-3.611593140300019267e-02
-2.741895225100212177e-02
-1.817266114164442156e-02
-1.635551188953751275e-02
7.618788125973849010e-03
7.156229061276195985e-03
1.371859295921526098e-02
1.741624132657586602e-02
1.637033243825813250e-02
1.858700298548663504e-02
8.826286615852867862e-03
8.581109707795690072e-03
5.663539655772686573e-04
-1.630497918027198380e-03
2.783372482103116646e-03
2.744838264145970166e-03
8.127419264395675802e-03
1.039447268198934703e-02
2.252379652587451625e-02
2.459695011465862224e-02
2.320097666347960275e-02
2.739130173567022944e-02
2.764840043325742305e-02
2.846891141930598876e-02
3.084784240207722253e-02
3.328200012407881575e-02
3.333860050781446011e-02
4.024280571291301289e-02
4.329999367507009200e-02
4.504657384009658899e-02
6.795335728684490095e-02
6.902325255075826560e-02
7.074619392380025740e-02
7.604957295315602217e-02
7.136312259492928745e-02
7.345301971271628316e-02
7.359111921050896787e-02
7.211841417297976120e-02
7.714997224352110328e-02
7.560603575313762370e-02
7.609375033468629423e-02
7.688045344579663709e-02
7.451981811462413119e-02
7.402252606947402891e-02
7.220436942242584866e-02
6.769283035604194143e-02
6.641921333875405731e-02
5.992862772494832874e-02
5.265816579170954498e-02
5.053488187596616443e-02
3.247299148835083166e-02
2.880911090485947790e-02
2.539174393223585235e-02
1.608687143100016870e-02
1.282412929406972872e-02
9.704840522293941771e-03
-1.055396062403637491e-03
-3.793922846553567292e-04
-4.497498806595820464e-03
-5.455995893740231070e-03
-4.579013599047685422e-03
-6.986555763851456241e-03
-1.588489485653690823e-04
-1.739485517014098450e-03
-2.318468583793036226e-03
-4.496026663929507589e-04
-5.468309861755824008e-03
-4.875044351722140380e-03
-5.412847502895434641e-03
-6.653894837568488131e-03
-6.369087112312315536e-03
-6.890411014147752346e-03
-7.096639656902405807e-03
-7.099716464989538033e-03
-7.307155517422811268e-03
-7.330585175080686633e-03
-7.377800760809080129e-03
-7.436380617747747300e-03
-7.443102323763763246e-03
-7.469549756173303467e-03
-7.480972092213642767e-03
-7.486140815330310713e-03
-7.491915672400858116e-03
-7.488371412126779494e-03
-7.491323018685014726e-03
-7.474313115474617505e-03
-7.467105386574995028e-03
-7.460223343407013964e-03
-7.395012243010252832e-03
-7.415552300943015034e-03
-7.330046949212844394e-03
-7.193616604480188893e-03
-7.317136460629388058e-03
-6.846063283921093555e-03
-6.851940294890329977e-03
-6.938838301812381634e-03
-5.124580174287642585e-03
-5.035694633317409213e-03
