6.349577185619802210e-04
6.650289656718639955e-04
1.020124092729224980e-03
1.099399457102936701e-03
1.379295260453618959e-03
1.396153798431952302e-03
1.218371437025344726e-03
1.310513949480446218e-03
1.252169330065318418e-03
1.231952769032072749e-03
1.248831210179071789e-03
1.223419473168084904e-03
1.226254720157114687e-03
1.224688974319942253e-03
1.218340879226788428e-03
1.220271489820947894e-03
1.218333169810566045e-03
1.218017404675003851e-03
1.218891749293450361e-03
1.219429787802559688e-03
1.221304430261433566e-03
1.223048261821378614e-03
1.227604833091642958e-03
1.231471289880532380e-03
1.237570559523391064e-03
1.250958407453311473e-03
1.256629148098234840e-03
1.280805197214957350e-03
1.309225293154755911e-03
1.319418650875339672e-03
1.409049508558768557e-03
1.436300138170692282e-03
1.501929830097547278e-03
1.763047101368745654e-03
1.672671439933510118e-03
2.068166020918386569e-03
2.027422032308146254e-03
2.213676785182547811e-03
2.410121950558335047e-03
2.411837796510100940e-03
2.473362266458515191e-03
2.968885416553925134e-03
3.003343993949323353e-03
4.374979871503557882e-03
4.416858537074791827e-03
5.206206762440866199e-03
6.515535286532058747e-03
6.947203247304408608e-03
8.012899499485821170e-03
8.363919653958972952e-03
9.772122500785553056e-03
1.133547951748377185e-02
1.158237539995321704e-02
1.933467671440013483e-02
2.252050785970512170e-02
2.146254671662947006e-02
3.061186481936101558e-02
3.060788492775106534e-02
3.700368726075548703e-02
4.289593735717037865e-02
4.354218468878592180e-02
4.891505589623410671e-02
4.875041339889477771e-02
4.757574757299526391e-02
4.902410131249747977e-02
4.877798089329991177e-02
5.091617531437272332e-02
4.901322149063194050e-02
4.648215270350490591e-02
4.587716981170082697e-02
3.811767257623673716e-02
3.742090382409152260e-02
3.121446762201536898e-02
2.464744048203189666e-02
2.364648871803946839e-02
1.073173639563148977e-02
6.765634475968973841e-03
-2.252184186204918195e-03
-1.936194974658986614e-02
-2.258366534160313743e-02
-2.822671438390933138e-02
-3.405251467808176336e-02
-2.227690120940638979e-02
-2.297216908512207320e-02
-1.352604511369190701e-02
-4.569557484555111446e-03
-2.762296365141882031e-03
4.542779331789300289e-03
4.388076457411471849e-03
4.049549686959670949e-03
4.963775970814728218e-03
4.741605919947517768e-03
6.748119589004725541e-03
7.092121207354813717e-03
8.964891711760536799e-03
9.345646367151570419e-03
9.058953708002030064e-03
8.544980646424279319e-03
7.556760157460709441e-03
9.213926597869639967e-03
1.085431611025810573e-02
9.875199016122278295e-03
9.859095753925318020e-03
7.963992177531232369e-03
4.262474655502467881e-03
8.691485104002176759e-04
-2.297257528356853526e-03
-4.609616308618532179e-03
-3.249008745253154605e-03
2.409065896717408662e-04
-8.217048874433876887e-04
-5.198140927919267648e-04
-3.215287710091987213e-03
-4.640960731504381771e-03
-1.447063349469727414e-03
-2.921898656761171085e-03
9.397028173441432635e-04
1.623602979691718840e-03
3.336994794472440337e-03
8.975867518490479938e-03
1.033238420126164105e-02
1.805241778585444518e-02
2.254435441262115161e-02
2.798496534845231962e-02
3.274778216049822194e-02
3.379056153284124703e-02
4.161306346158377689e-02
4.195681589149297119e-02
4.457636262734428895e-02
5.024635373226353507e-02
5.316963908780721060e-02
6.942114906807982100e-02
7.858639575551172596e-02
8.361113647089575551e-02
9.555222192710087492e-02
9.724094518470736970e-02
1.015661063381221446e-01
1.066268500154676363e-01
1.067399017743749512e-01
1.107744151036128555e-01
1.113829373148197688e-01
1.110138817379081738e-01
1.099316848189298007e-01
1.024229201632865377e-01
9.747208989135512647e-02
8.727124215933075579e-02
7.551200713878974957e-02
6.452403003120678326e-02
5.475336951774958938e-02
3.764275961637263135e-02
2.870619566010232382e-02
2.758431577685278163e-02
1.398815684210765083e-02
1.423180737090765091e-02
1.511091569820239601e-02
1.444984886194282912e-02
1.487210448704776207e-02
1.352770748293283774e-02
1.434790919350544848e-02
1.364867773254195560e-02
8.521654516620682032e-03
6.247164085558273502e-03
4.115158826704799939e-03
1.305495542479746069e-03
-6.657602433286131677e-04
-1.047421989899962116e-03
-4.655859898132047071e-03
-4.757448950195493527e-03
-3.103932203538013485e-03
-2.185658063501340516e-03
1.800115254913396516e-03
2.145954858079025199e-03
2.909813100586583143e-03
3.725431968010089155e-03
5.447440094497300184e-03
5.708024444617991640e-03
6.968774011963958966e-03
9.700667417567239090e-03
1.107254758381174924e-02
1.030298441640944453e-02
1.170898954671643032e-02
1.036443844380776670e-02
6.899956678307890383e-03
6.366770673901379039e-03
2.470646110967031090e-03
1.859660759028446608e-03
5.007493662658693990e-04
1.239167538197846318e-03
9.595170906581743792e-03
1.209765596813523920e-02
1.796617911114316637e-02
2.491897106623358268e-02
3.189145609820207700e-02
3.714467250241635515e-02
4.288423680768545937e-02
5.233360623324762734e-02
5.604517827349423525e-02
6.710961655134252413e-02
7.010414410711256206e-02
7.365805578730165448e-02
7.962956836286008699e-02
8.025157000896940285e-02
8.471315966725691260e-02
8.679927003791790274e-02
8.821521929931511186e-02
9.141313145340332347e-02
9.156776292848280152e-02
9.386677104290429285e-02
9.427601795353184044e-02
9.383066047702405543e-02
9.289247908551531707e-02
8.985307455549625122e-02
8.887647085941212388e-02
8.577617981736286590e-02
7.952566978160588440e-02
7.703161601040767192e-02
7.487989471206234204e-02
7.137126094025535161e-02
7.115054299169625007e-02
6.605862905052661826e-02
6.539437426336762449e-02
5.981754418603290463e-02
4.264576654823876156e-02
4.036650764768234811e-02
1.860502482156134799e-02
1.075172190515005441e-02
1.349401114346035838e-02
4.712321219806299248e-03
9.949053481446028246e-03
1.233023840050908454e-02
9.049764390416666082e-03
1.392812934160389711e-02
1.205223140768617654e-02
5.778501761940701628e-03
6.194735216134956111e-03
2.754036057766547693e-03
5.280453619693845774e-04
4.915637777910962687e-04
-2.015121259096114281e-03
8.056172036273102259e-04
-3.214148254271459362e-03
-4.541314959397231218e-03
2.349001464823642117e-03
-1.885912109818135493e-03
4.374922031228569916e-03
-3.142034166913123009e-04
-6.449714507089855837e-03
-7.750911889785076433e-03
-2.391087051178087883e-02
-3.404323402831210821e-02
-6.482910648407336218e-02
-8.857614524742646323e-02
-9.942234093352297908e-02
-1.173742478964149016e-01
-1.192888586151473335e-01
-1.206469392201257179e-01
-1.204685903520516521e-01
-1.104868452811797186e-01
-9.270590462785026353e-02
-6.067229745475558045e-02
-4.271213659195879225e-02
-2.537827042444626077e-02
-2.036876720183150233e-02
-1.583020275089501785e-02
-9.012200552967039938e-03
-2.931530192800935273e-03
-2.955941061841657353e-03
-1.052112213656735762e-03
-5.195790926109138640e-03
-5.616140820384093492e-03
-2.571755771341950603e-03
1.533419982941364428e-03
1.916907410379911940e-03
3.420946563509403432e-03
2.597415433686619222e-03
1.769031130721782910e-03
8.112526787732039432e-03
7.281735714036698809e-03
8.471558306081415982e-03
1.080153865754733024e-02
7.904489226753656436e-03
1.002766103459817003e-02
1.013738241534149938e-02
1.108531008040915776e-02
1.296040755602534747e-02
1.436874472861424806e-02
1.918530181634456322e-02
2.316817607372160734e-02
3.005819865858753992e-02
3.480055786453833955e-02
4.267510811506973478e-02
4.836771310569398796e-02
5.751173632696860577e-02
5.956062925423310367e-02
6.117550686564661444e-02
6.817345108732004999e-02
6.787832734904743204e-02
7.653524702857374129e-02
8.224677729555916750e-02
8.379392545864387809e-02
8.973962493759987669e-02
8.780818790225144999e-02
8.926750483720098661e-02
9.071221319318983900e-02
8.397235682467264761e-02
8.691539788213528683e-02
7.871224673327557875e-02
6.923440972216668432e-02
6.426554365002280778e-02
3.929699674350121269e-02
3.200051850474479320e-02
2.240249417696600978e-02
1.116845814858459345e-02
1.626843515798560499e-02
8.880464426163615921e-03
9.963544412839826087e-03
1.475221415720458923e-02
1.393734352991367158e-02
1.395986915743766162e-02
1.362399361638876212e-02
1.391629463649490459e-02
1.344540516414772374e-02
8.484183446172610318e-03
5.953935949708953450e-03
4.032832437709063522e-03
1.149244105111689755e-03
-8.705372573111922136e-04
-1.175734735617717675e-03
-4.893852020974628902e-03
-4.995185620772395370e-03
-3.346911727279784296e-03
-2.600156592446997879e-03
1.451708923701588863e-03
1.678951228383983958e-03
2.197627956527564794e-03
3.163879727487693434e-03
4.393971423026816689e-03
4.591234919563123157e-03
5.866923772246294272e-03
6.440341643695874849e-03
6.669665579471398785e-03
7.319173021672686213e-03
7.842892700989298471e-03
8.514344464061214882e-03
9.206806779159203841e-03
6.883080483121020374e-03
3.212883569383127597e-03
3.551518630331829737e-03
7.265022693159511012e-03
6.792736381830620680e-03
1.636217972368920678e-02
2.004267545618870078e-02
2.162944700792712727e-02
3.110944888067927044e-02
3.989359908022969275e-02
4.405349220135990063e-02
5.782795454972982502e-02
6.222276745164852241e-02
5.648086647565383339e-02
6.404037650263000314e-02
5.172967043566690376e-02
5.023732955983945675e-02
4.753860347366670874e-02
2.566410026593129307e-02
2.125383647730567580e-02
-3.256605612034884235e-03
-3.081595838880362564e-02
-4.468038033212202997e-02
-7.290405583759385078e-02
-9.546992720000439803e-02
-1.072672729689267968e-01
-1.351163367960158124e-01
-1.366495265020936933e-01
-1.405574007899333955e-01
-1.514510673706446486e-01
-1.346653090987751100e-01
-1.403738177293027134e-01
-1.225893445382049557e-01
-9.498194145420214840e-02
-7.765993690243958025e-02
-4.321930250385996181e-02
-2.936696675713176483e-02
-2.279401979743406539e-02
-1.185661865900678423e-02
-1.195060555737398160e-02
-8.550668728236471977e-03
-9.758563857199212266e-03
-1.011313298007183829e-02
-7.855023645888243103e-03
-9.051194848668996443e-03
-8.222304414800676170e-03
-6.270382745077762200e-03
-8.553673186495212855e-03
-4.850491436161639969e-03
-3.553504976945946747e-03
-3.399641591006459605e-03
-3.237594178884843567e-04
6.082359946172138324e-04
5.446143523214469657e-03
6.002581277805256986e-03
1.035612336763940683e-02
1.132912230209784377e-02
8.901093201454738854e-03
8.757212349223789105e-03
6.337476232771554509e-03
-1.460188218540275354e-03
-3.668477125417589357e-03
-9.864628516550557821e-03
-1.118982166864037654e-02
-1.371126627605733471e-02
-1.792444104753212683e-02
-2.757215891377977346e-02
-3.691108934037519440e-02
-4.905095920820962824e-02
-5.409593869213467909e-02
-6.645757276722982776e-02
-7.467204456498260923e-02
-8.657285836378815491e-02
-1.137129545382008222e-01
-1.310747085878079810e-01
-1.738550742693554252e-01
-2.063639399370002236e-01
-2.168358449370244023e-01
-2.452461346237709561e-01
-2.459246986729636542e-01
-2.559554417278651073e-01
-2.643552054181553257e-01
-2.585964702826256123e-01
-2.655539617762657789e-01
-2.561598201940724628e-01
-2.479861407094222092e-01
-2.467516788618260848e-01
-2.258667113534145177e-01
-2.206207302713520668e-01
-2.037052333769580892e-01
-1.798940506667689176e-01
-1.491303439717827084e-01
-1.000185980651108891e-01
-6.425565065758673255e-02
-6.621962941361017596e-02
-2.666641015671316131e-02
-2.304437293549931390e-02
-2.310617737539736455e-02
-1.024169909314310255e-02
-1.083661755714558292e-02
-7.680997662377648562e-03
-5.908958128807494879e-05
3.428032907579667797e-04
3.789933018460548732e-03
5.543214604058362659e-03
7.673075676417207523e-03
1.059396831819109375e-02
1.075653113507835795e-02
1.751729383522941316e-02
1.882253525260377258e-02
2.189922498250354566e-02
2.529138945293304269e-02
2.513593185744753683e-02
2.724478459837604769e-02
2.818648374109115201e-02
2.544381295705334944e-02
2.600772892377687176e-02
2.312065433183623994e-02
2.109685145158798555e-02
2.058448032391042848e-02
1.683049479508022875e-02
1.463675331292174989e-02
1.361462469827015923e-02
5.536518379565704209e-03
5.076348858126403761e-03
3.697858993572845573e-03
1.370472556786999935e-03
1.376678913048596034e-03
2.698892319843797759e-04
-1.910158401642660390e-04
-3.467145789521046016e-04
-9.715004674563299707e-04
-6.562563252023879403e-04
-1.221594081477326080e-03
-1.289431084130293398e-03
1.965346006980348852e-05
-1.415643687541016916e-04
3.440093786043043125e-04
-1.962210603481997215e-04
-1.261862360897993227e-04
-1.287682499039423454e-04
-2.722217127737999514e-04
-2.254349895476624223e-04
-2.697403276295006532e-04
-2.927488548723205662e-04
-2.852259711400050631e-04
-3.052728856629284538e-04
-3.063433058462832403e-04
-3.084611093463805829e-04
-3.139821627092116403e-04
-3.130683242967142706e-04
-3.145139813242059119e-04
-3.147383236169779496e-04
-3.126632260048180212e-04
-3.123387189927100452e-04
-3.085020742699579087e-04
-3.034989962779859182e-04
-3.013365705833976173e-04
-2.863152856310730325e-04
-2.796265203890950382e-04
-2.676176520727706126e-04
-2.225209793608267880e-04
-2.290648163839567890e-04
-1.550304392801793820e-04
-6.798763560947187286e-05
-1.150747183149707943e-04
2.256752096329814620e-04
2.021867921018503976e-04
