2.948072679899143862e-03
3.000087863621283667e-03
5.293836757802303228e-03
5.055344390133697727e-03
7.213387746681027696e-03
7.455554226607607332e-03
8.422996245677768362e-03
8.313047981063977077e-03
8.407466374865082276e-03
8.573380819673038014e-03
8.436798033588722642e-03
8.518410772484210844e-03
8.511294496962064360e-03
8.486849104691796333e-03
8.512957137850630032e-03
8.500060474632290322e-03
8.501337161832010769e-03
8.505180977116335098e-03
8.501079002107421803e-03
8.502884635128944713e-03
8.501685225909504789e-03
8.501461995965436946e-03
8.500278963063115367e-03
8.497796073780714346e-03
8.499789499685621655e-03
8.490188436922906784e-03
8.491176084505006744e-03
8.489619129970569361e-03
8.456604838967299656e-03
8.480828029937213450e-03
8.414838682046395929e-03
8.364256647196184266e-03
8.358858825666764386e-03
7.944780851060267643e-03
8.045693935688807280e-03
7.016944384128810143e-03
6.563828897584400753e-03
6.619930295000066474e-03
5.378176089575638710e-03
4.916039828653143151e-03
4.759663933748546280e-03
1.817702557385454231e-03
1.519261042115413853e-03
-6.348384056924169256e-04
-1.458415258516666856e-03
-2.357284088847143907e-03
-2.205766668528017730e-03
-4.392074174976611694e-04
4.235760931146752024e-04
1.110215207759062371e-02
1.242358692359496301e-02
1.471340974618310163e-02
1.865141731805769823e-02
1.839499546630797913e-02
1.960768985080370980e-02
2.000716216707286443e-02
1.958939968689746985e-02
1.980690231673463975e-02
1.810615684825899255e-02
1.755834259234615585e-02
1.493580425412473905e-02
1.102725898646342122e-02
5.883796377811568654e-03
-2.330360983311504774e-03
-4.406548068604212304e-03
-1.873136044686470048e-02
-2.030380264363000273e-02
-2.246452806579993938e-02
-3.054522593967202646e-02
-3.191460426825662444e-02
-3.876453157761850649e-02
-4.248611634142571147e-02
-4.075486455825908655e-02
-4.463868191861455198e-02
-4.291981064838513993e-02
-3.934433502906176799e-02
-3.921466075754594105e-02
-3.347831959436670807e-02
-2.936365229863052012e-02
-2.621510586541741378e-02
-1.922593661755667496e-02
-1.607112186569610579e-02
-1.151324478511300126e-02
-7.274870859260598559e-03
-3.634777219894361460e-03
1.837030701526745462e-03
5.832026777637234691e-03
6.195589885804366967e-03
9.768683135289994712e-03
1.347418245647071661e-02
3.327143249213948377e-03
1.871040894399323079e-03
8.219348967699414759e-04
-1.441698408701900559e-02
-1.175541762594235935e-02
-1.041342923102597622e-02
-1.337614456874893637e-02
-7.422049661398120307e-03
-1.122220601931969534e-02
-7.419290422028465386e-03
-1.238890605262077090e-03
7.813655700478987882e-05
9.677352406700565762e-03
1.129034988263593990e-02
1.282619524353374382e-02
1.405462056898527413e-02
1.098677832823627236e-02
1.149327917848044951e-02
1.031036089668322352e-02
8.223331096658926045e-03
1.006293445196531841e-02
7.226066139484905136e-03
9.294791507683392018e-03
5.608777729383533292e-03
8.126282675962243941e-04
2.516731586217172811e-03
-1.276577107259025757e-03
-3.123196436301268943e-03
-2.851098955725716710e-03
-5.703532613327799879e-03
-2.030099912250957987e-03
-5.338509806358409694e-03
-6.111613828240262947e-03
-4.131125477345997180e-03
-6.150308194843958839e-03
-3.599889182334258583e-03
2.821901398845937537e-03
7.541727668842456052e-03
9.741691008393319265e-03
2.206547222122747995e-02
2.297311809511418459e-02
2.932817262974051625e-02
3.261853151397371697e-02
3.408791914006659846e-02
3.606110074542024507e-02
3.338487333182445921e-02
3.340384351502931337e-02
3.225790992879281477e-02
2.675954395854994450e-02
2.609465070924609637e-02
1.946853959629486763e-02
6.650563431304819945e-03
2.496884078412296183e-03
-2.591529069920152362e-02
-3.348803487373110815e-02
-4.729028088557929443e-02
-6.475779845608801988e-02
-6.976785119762901610e-02
-7.829774024103650087e-02
-8.217138602891568833e-02
-8.124418313581052709e-02
-8.300752548027527655e-02
-8.352238704445630324e-02
-8.353152530721676128e-02
-8.218077322621389347e-02
-8.249899246221387150e-02
-8.124962379180775129e-02
-8.003642888873496730e-02
-8.164838286924493149e-02
-8.110351221578913916e-02
-7.675142048290230223e-02
-7.675420252524915721e-02
-7.471990910436505928e-02
-6.877624990092233437e-02
-7.334949864305415068e-02
-6.989019203987631434e-02
-6.399691461591830444e-02
-7.259430494313405535e-02
-6.509689157122992842e-02
-7.230468129309984560e-02
-8.742222602559958367e-02
-8.736643378322696274e-02
-1.151402983664765872e-01
-1.154375693870405561e-01
-1.248335564119374963e-01
-1.302788799011145304e-01
-1.201334401071773444e-01
-1.268688262403525613e-01
-1.155444471012734148e-01
-1.070946856424518923e-01
-1.005131941951241115e-01
-7.426667763518697563e-02
-5.989914119547365412e-02
-6.103411550684404580e-02
-4.272432004028768604e-02
-4.340176129172632763e-02
-3.454850474857350945e-02
-2.517201849172284039e-02
-2.545664143818022682e-02
-1.794260172874107342e-02
-1.488417032609593363e-02
-1.644367129187556537e-02
-1.122262761789042870e-02
-1.045650525246289916e-02
-7.418935259257837186e-03
-2.963372173082755301e-03
-9.136645856933855135e-04
3.148213234926315780e-03
1.564385284745724780e-03
5.419473013778841088e-03
5.841359776787689688e-03
5.349503106277906858e-03
6.794762663499621762e-03
1.099072762857508483e-02
1.290911481282736549e-02
8.786600242585700105e-03
9.191103765594624969e-03
5.948783591345114391e-03
3.877913597170690261e-04
-8.617910745891267481e-04
-6.126203050785466314e-03
-6.359421762012018239e-03
-9.309486258003421208e-03
-1.139890572742817930e-02
-8.496160238047067298e-03
-1.027631680278939287e-02
-7.645541955207750193e-03
-2.388382998337140479e-03
-4.023096607980061572e-03
3.897167922814419490e-03
4.044980812311299925e-03
1.317142904114553068e-03
1.852777466798093998e-03
2.628430353959161202e-03
2.242893146072890039e-03
2.834945608773202595e-03
7.674710946251974732e-03
1.074407227945451716e-02
1.259436765491257423e-02
2.241783621338977114e-02
2.324093846293855126e-02
2.460249938231831232e-02
2.846101942054952288e-02
2.529653106722564576e-02
2.597815199326786867e-02
2.436978062418690069e-02
1.583012541237295220e-02
1.340271132732188085e-02
4.577951406967717581e-03
-7.500591888728998409e-03
-5.054084209730071338e-03
-1.077540713942533486e-02
-2.299142647113832857e-02
-1.537932650980220438e-02
-2.135511287307854250e-02
-2.091479575875423644e-02
-1.421446102438794767e-02
-1.771066023071395795e-02
-8.767566671075798304e-03
-6.190872215717851609e-03
-7.724327638317164332e-03
3.268385253032352836e-03
-1.300362574529426640e-03
3.055300630010910896e-04
3.699613202414858779e-03
-5.867599448446824198e-03
-5.816077066991342604e-04
5.792260551231552404e-04
-2.713305480726603547e-03
1.234678501621055968e-02
1.278036426778900690e-02
1.164626184578294345e-02
1.620166397078190434e-02
1.356804308228235466e-02
1.164999819395769534e-02
1.228794656974211905e-02
1.351435618586354324e-02
1.328801087299466208e-02
2.137538357300571359e-02
2.404370683752725391e-02
2.470337853603433997e-02
2.863411714422117380e-02
2.811393429652249767e-02
2.857968296304067360e-02
2.900930698684742529e-02
2.587443994192419050e-02
2.652660776334658799e-02
2.318683166829605888e-02
1.800345310619890990e-02
2.006891088921454458e-02
5.414166526087130227e-03
-4.153321514977410291e-03
-1.298761355130827883e-02
-5.453189087353016440e-02
-8.169500737868731766e-02
-9.615654773812605527e-02
-1.235044436725169226e-01
-1.267070911246079568e-01
-1.339588107944590933e-01
-1.430103684445620527e-01
-1.388097675910235917e-01
-1.398381524027651479e-01
-1.374734819785133066e-01
-1.252256403915138205e-01
-1.095616584463824095e-01
-1.001973146709995988e-01
-6.459524260147866959e-02
-5.643777752474692100e-02
-5.224020132493899238e-02
-4.503966029522377124e-02
-5.171993105282497033e-02
-5.387104093209537509e-02
-5.464726723670706998e-02
-5.715109867623919399e-02
-5.472455804518916445e-02
-5.359209782271010664e-02
-5.051163406940995665e-02
-3.808610513304844236e-02
-3.171819817933242691e-02
-2.556702601680448106e-02
-1.963245605925468401e-02
-1.682712346986826174e-02
-1.087679030549644488e-02
-1.074641278240885157e-02
-4.141792398442068444e-03
-2.506404218210209287e-03
-4.476678219247197214e-03
2.900420632633028337e-03
1.770905204946391807e-03
1.882888956110155120e-03
1.870677630759775070e-02
1.388690546243035590e-02
1.343436389883737037e-02
1.716084460077823073e-02
-1.743645161284804786e-03
-5.894052325325665163e-03
-2.258033367517725543e-02
-2.943098867018767092e-02
-3.831035089299254098e-02
-4.125516983159587675e-02
-3.935738894269550509e-02
-3.933388050550688103e-02
-3.626119303997986376e-02
-3.068792073530534140e-02
-2.715342805766769382e-02
-2.081026895395485590e-02
-1.128796049490724505e-02
-8.879453108918843388e-03
-2.668586334833984892e-03
3.789413507954681945e-03
4.132542299343909369e-03
7.280547510747454806e-03
9.237629293692841553e-03
6.139592172826914378e-03
7.327466239652090201e-03
1.202796931103267131e-02
1.152289389487233008e-02
1.222078609007033224e-02
1.563705401104917292e-02
1.345851737971424239e-02
1.705174524574181588e-02
1.383286420282303815e-02
8.309249026740728877e-03
4.185316538049694765e-03
1.890384503605613536e-03
5.841469932640768229e-05
-6.550690217596223663e-03
-8.763368810411821530e-03
-1.174985596114191087e-02
-2.109033198123710581e-02
-2.702061778685412377e-02
-3.576736535622574570e-02
-4.850229629913615365e-02
-7.231427993829199485e-02
-7.770965302372090378e-02
-9.680775182328749118e-02
-1.106298842992536613e-01
-9.729029465067709492e-02
-1.168654277867285096e-01
-1.035751317698765661e-01
-6.859032498645348253e-02
-6.511073672845965610e-02
-2.895812743898506028e-02
-1.443918489882819144e-02
-7.914566662872924568e-03
8.188818156469523588e-03
1.222845425528583559e-02
1.677672768967279973e-02
2.413785975763182642e-02
2.181675434073366074e-02
2.596985161798705255e-02
2.608293532695226194e-02
2.523299714718133663e-02
2.688489236993253303e-02
2.424717839772501382e-02
2.452430640549040433e-02
2.227681769130260281e-02
1.953135507860776984e-02
1.865263457372267827e-02
1.299259164481065924e-02
1.159326789456211447e-02
8.952909259172038212e-03
5.152206837850990297e-03
4.434779271240134324e-03
5.767578783109693179e-04
-1.244284648238305063e-03
-2.998254576840841262e-03
-6.831590664754183355e-03
-7.191684241609961475e-03
-1.029531332186404621e-02
-1.142628665886749606e-02
-1.076317593521141855e-02
-1.247194855151098972e-02
-1.141616417600091991e-02
-1.081397498468129881e-02
-1.145621961962641280e-02
-9.591153618104088577e-03
-1.024804090021104799e-02
-1.082893143986727973e-02
-1.000933870403090259e-02
-1.147512934467470082e-02
-1.076514591565604258e-02
-1.049104626608399378e-02
-1.039414057830320183e-02
-7.187120223535592781e-03
-4.567737030683268959e-03
5.981473193163160985e-03
1.450733820733660258e-02
2.168461728089109836e-02
2.427838197206773005e-02
2.942184795491759042e-02
2.948378165756998168e-02
3.030130393459855298e-02
3.213551758122457774e-02
3.094443260145462310e-02
3.226957307835169597e-02
3.215560838465965354e-02
2.975925717430853365e-02
2.936117960652362413e-02
2.657556053566903845e-02
2.307782992958357787e-02
2.250189467865423495e-02
1.629054393798287995e-02
1.094616870252309096e-02
1.046113004048803731e-02
-6.416373575518975747e-03
-6.618310109060016738e-03
-1.156246328724982141e-02
-1.744145360472887374e-02
-1.745666880862743742e-02
-2.064341883078308140e-02
-2.192381905980881826e-02
-2.236344406041925956e-02
-2.354744021377367866e-02
-2.373478867654975344e-02
-2.396546564778901864e-02
-2.423877148077228233e-02
-2.403054745507138962e-02
-2.386409633332413002e-02
-2.372720006611682073e-02
-2.272760807920649884e-02
-2.231501365815116017e-02
-2.126043759868004659e-02
-1.848607621544999177e-02
-1.840366489330419117e-02
-1.350549299885961049e-02
-9.057496602182713366e-03
-9.104646657354673392e-03
5.269988332519647857e-03
5.343114909145366999e-03
8.892902912571387652e-03
1.353551577297528591e-02
1.255440751179777263e-02
1.321396621396203966e-02
1.416525696099590198e-02
1.089836076645537416e-02
1.174364697606512450e-02
1.215047227671121888e-02
1.133167927358678766e-02
1.198064322469158047e-02
1.193669792890127666e-02
1.113339117768962112e-02
1.134428234989325740e-02
1.127557326881464990e-02
1.112376430754687465e-02
1.143152928985018482e-02
1.146066373400482681e-02
1.147354078913187005e-02
1.236954980886376468e-02
1.238519630054914569e-02
1.262485285467773201e-02
1.289295063817284467e-02
1.290723316026345241e-02
1.303712074727482288e-02
1.309676523574973550e-02
1.311814267149725641e-02
1.316358733777790897e-02
1.317662292735387146e-02
1.319005757301259379e-02
1.320303562215846722e-02
1.320736171314922797e-02
1.321352754456129111e-02
1.321740519853378468e-02
1.321996282173516085e-02
1.322356335158164468e-02
1.322579999034216060e-02
1.322965295008323751e-02
1.323478182490417897e-02
1.323837431544864010e-02
1.325061055128383056e-02
1.326031535407731082e-02
1.327209378522120620e-02
1.331371207761401429e-02
1.332432684089379996e-02
1.337348362652185027e-02
1.350449230393964764e-02
1.345390733089531742e-02
1.364728613650086075e-02
1.405610403130966649e-02
1.334928212673877797e-02
1.439232912637655043e-02
1.473078456095312620e-02
