3.105429694546378849e-01
3.188147684595434850e-01
4.666081689485309658e-01
4.920047845538605413e-01
4.755506469411681647e-01
5.010310911286421920e-01
4.894151711791733250e-01
4.912537327966047251e-01
4.959382520859494381e-01
4.913457513529323473e-01
4.942098742450375393e-01
4.939067331536756700e-01
4.931733592396099208e-01
4.942162464011158884e-01
4.936766476598707931e-01
4.938231177595093224e-01
4.939928889306189341e-01
4.938061012201991340e-01
4.939396010632148282e-01
4.939055354375380680e-01
4.938815233730765586e-01
4.939114054878697702e-01
4.938591448024380326e-01
4.938715031416356926e-01
4.938086406076013790e-01
4.937661182780599955e-01
4.937530861395674209e-01
4.935247087604749394e-01
4.935658300425884160e-01
4.932991089673547380e-01
4.928266566685493011e-01
4.930878644636996766e-01
4.916899976013149876e-01
4.914170114102107134e-01
4.910802239208851838e-01
4.855467890910160622e-01
4.820030495229112311e-01
4.779483004112723421e-01
4.703080551252217245e-01
4.640681620507560723e-01
4.603092101138357428e-01
4.395923255649450967e-01
4.367080129602286531e-01
4.217806727621057350e-01
4.002244193287168850e-01
3.999757546766878336e-01
3.581627476834481349e-01
3.475528719576475578e-01
3.452514710129498954e-01
3.087246445793019323e-01
3.142125773360596730e-01
3.126656088459570659e-01
2.893136989871063491e-01
3.637102188473393394e-01
3.672458336484653585e-01
3.904538723540640910e-01
5.471187986424398408e-01
5.562074227355636724e-01
5.741044637423869945e-01
6.163097209105354857e-01
6.211645662173612692e-01
6.849859931392726642e-01
6.857363161704849164e-01
7.104205132818421919e-01
7.255864148673638603e-01
7.208675605572959499e-01
7.367193709114511213e-01
7.333166515262155016e-01
7.289478494458137003e-01
7.365447033790281095e-01
7.256480661127994169e-01
7.216745353449370848e-01
7.167214306905176358e-01
6.473449313960103479e-01
6.251962480118764542e-01
5.493855862147190017e-01
5.163395078860855136e-01
4.838852023605358932e-01
4.246000409264752418e-01
4.093144937326954058e-01
3.636275660647952934e-01
3.257592738814546474e-01
3.119606488207767869e-01
2.816070238247724289e-01
2.767119283126812102e-01
2.692015337049168400e-01
2.578403995017513051e-01
2.769203897028499894e-01
2.748079697094271134e-01
2.677026697161447588e-01
2.814464428752254110e-01
2.579076349684839009e-01
3.084635759776753750e-01
3.167729333065582575e-01
3.419631548924622066e-01
4.764586143055931089e-01
5.146922651872620769e-01
5.315157088684878683e-01
6.275428594878967870e-01
6.233454183988100805e-01
6.276731465743137228e-01
6.235104284985634182e-01
5.934614554230042138e-01
5.920920263558738794e-01
5.688595936344915671e-01
5.492348120005089429e-01
5.390365843736354412e-01
4.322897202850408682e-01
4.081943680712899480e-01
4.319278926204625502e-01
4.029049348716143841e-01
3.825453066008265846e-01
3.538964510256512597e-01
3.357065184052832607e-01
2.785174148200058042e-01
2.807274836739411805e-01
4.224582292172559539e-01
4.388365035784949630e-01
5.169159590039171803e-01
6.346723868279288139e-01
6.446026682363572569e-01
6.782575844872680282e-01
6.989582117537171957e-01
6.703724542826428046e-01
6.841621588632772477e-01
6.112162345736660285e-01
5.399884036030531131e-01
4.831709613325083641e-01
4.198667726901351149e-01
3.806908132848129678e-01
3.451715990686359259e-01
3.284910497687025810e-01
3.120217835279746055e-01
3.081443124573420844e-01
3.029336507888922281e-01
3.014766723680771254e-01
3.273347814335833550e-01
3.368227661950931040e-01
5.463661963209140993e-01
5.945181562727684943e-01
6.826294871107121409e-01
8.489308782985854895e-01
8.827208506831859536e-01
1.059926511267609506e+00
1.203688764653079613e+00
1.304834011886410572e+00
1.438475223583270513e+00
1.487266818887680753e+00
1.555684918565988006e+00
1.568739681409260900e+00
1.564379750775517275e+00
1.577565819295385641e+00
1.526902277180737677e+00
1.497782192529448553e+00
1.465737729199310557e+00
1.330418465751345369e+00
1.269695344135548520e+00
1.159430626178312274e+00
1.074931130242747557e+00
1.029077637439531401e+00
8.453674205980046263e-01
8.224626397817048629e-01
7.170512342289648844e-01
6.529752867190055099e-01
6.304229621508659065e-01
4.291568713757398790e-01
4.067419047572106150e-01
3.829469867445860487e-01
3.346927104622560156e-01
4.677989753478306034e-01
4.674551785333862508e-01
4.684595559239004281e-01
5.705863748812233238e-01
4.866495480632626047e-01
5.290433673989904939e-01
5.057821461623759340e-01
1.891387387914809370e-01
2.119049248314190392e-01
-1.271159319511294683e-02
2.678739392141164799e-02
2.475480748777088014e-01
2.787361568596556372e-01
6.011429563488136507e-01
6.948749444138221376e-01
6.760492049061392894e-01
7.772563596995810675e-01
8.179932411141976889e-01
8.260567899851812834e-01
8.694853780606145444e-01
8.202711912996263344e-01
8.189746786856125782e-01
7.744184608787152424e-01
6.921448766417876985e-01
7.165352083134596262e-01
6.401929877661449719e-01
6.397399787775075453e-01
6.174592382537389401e-01
5.841567142300527760e-01
5.856654024635804534e-01
5.518734439101503630e-01
4.785020984120688659e-01
4.537649097727297076e-01
4.642198532176622927e-01
4.991261190418833094e-01
5.509745419989028337e-01
5.776292330307046807e-01
7.427066473046691764e-01
7.725947366119073623e-01
8.029058944479335880e-01
8.761263257470666144e-01
9.581960631101206216e-01
1.046837310315252179e+00
1.105799006239385873e+00
1.159985276696283041e+00
1.209459020536059359e+00
1.220693349424401219e+00
1.239007984147401542e+00
1.224579305064773971e+00
1.198590905831977915e+00
1.125135349343234115e+00
1.046087583840352719e+00
9.681671569803262933e-01
8.322763250421346681e-01
7.427211528621167069e-01
6.798475174717411029e-01
5.777244667756163965e-01
5.366673266099681872e-01
4.721870965644055507e-01
4.245720850862562123e-01
4.246008186914002613e-01
4.349029466576972980e-01
4.018371594655174572e-01
4.255418910021860901e-01
3.970915535152121367e-01
3.929839397856866312e-01
3.856941066743279634e-01
4.360210357816238780e-01
5.007515331646399392e-01
5.249895747688343439e-01
6.563065284524800536e-01
6.686961063988193787e-01
7.001777349223251568e-01
7.085107793220284389e-01
7.213603619496771202e-01
7.379951513608404845e-01
7.405698283456515485e-01
7.541438870691252738e-01
7.605482453623101380e-01
7.651426369565086372e-01
7.754560597152518886e-01
7.778474043973044871e-01
7.851094060114158779e-01
7.913624442331962383e-01
7.947006107681281462e-01
8.034143184464354048e-01
8.082995211008452419e-01
8.100083644638291780e-01
8.178249956595290415e-01
8.197276298147425644e-01
8.256619480083068341e-01
8.331559970441819729e-01
8.376298992727541082e-01
8.496025128014570438e-01
8.354732880241672044e-01
8.324826335995055837e-01
8.126409502949868413e-01
7.722561186674152811e-01
7.151096600148442173e-01
7.264233778393750507e-01
6.795405007556043486e-01
6.804109215921980702e-01
7.361806605773280054e-01
7.269218736981891693e-01
6.850332642483059065e-01
6.964026632448150345e-01
5.997659164204012239e-01
5.441138477258250505e-01
5.462182266361983451e-01
4.108816386113638419e-01
3.856836264712140139e-01
3.850989712641020857e-01
2.744860607569484801e-01
3.150434990780984212e-01
4.431856390859010286e-01
4.307379566938780990e-01
5.725809405410939856e-01
6.176336504325916632e-01
6.397503695006604429e-01
6.793743168537765831e-01
6.855641887131788126e-01
7.046894269571606362e-01
7.155499108303521316e-01
7.222662289206910335e-01
7.377307650646843795e-01
7.417994385344550690e-01
7.500999709028179918e-01
7.609133846404644297e-01
7.617567032771505042e-01
7.720607623956591281e-01
7.772538390609571302e-01
7.768507658907314317e-01
7.869549907804979094e-01
7.808269544780690463e-01
7.207284049218565247e-01
6.903619776123272045e-01
5.882010046428425287e-01
4.712854422573586888e-01
4.788211177291669118e-01
3.921145356562735773e-01
3.760471203964024234e-01
2.923447434822628588e-01
1.507307426420957663e-01
1.288157805545826762e-01
7.149082240263267274e-02
2.117987397735697497e-02
2.986242681572029781e-02
-4.900695161597815042e-02
-1.217520713235206199e-02
-1.624924187989353758e-02
1.278767044873528082e-02
2.415232988484159182e-01
2.493558010119694135e-01
3.847087533319648589e-01
4.457879512475246275e-01
4.768673509502114882e-01
5.692702677760150820e-01
5.943762855397847211e-01
6.499777461167736137e-01
7.076791641029487323e-01
7.400443400018260620e-01
7.941600848023314674e-01
8.206898715341991446e-01
7.984338270412386640e-01
7.393396997987700114e-01
6.762056607960806875e-01
5.029511048883530400e-01
4.589121217282697840e-01
4.415841132227343313e-01
4.135721342430114800e-01
4.723772447574416389e-01
5.219628549981356613e-01
5.288330750421944559e-01
5.694980038940326006e-01
5.905234409293979025e-01
5.306219492385666481e-01
5.851420631197979949e-01
6.387978493782972000e-01
6.698074140771178575e-01
7.183606975904459624e-01
7.564487550714832365e-01
7.960780289197543214e-01
8.395115405054022206e-01
8.639184666427194292e-01
9.037836770092259053e-01
9.235945846866429054e-01
9.438958010024945944e-01
9.610144914015358308e-01
9.668897007328205451e-01
9.820688769046713729e-01
9.848105861708629227e-01
9.930685916591106555e-01
9.975076734476219231e-01
9.922602184491640109e-01
1.003348614242906889e+00
9.935430940828153812e-01
9.924470017031021829e-01
9.991961310229301452e-01
9.832578427725434667e-01
1.002962780283104927e+00
9.739590976899756836e-01
9.327161640752771321e-01
8.946540559554888583e-01
8.198915347706766665e-01
7.632735089685266372e-01
6.858411813481691821e-01
6.718095078893492333e-01
6.504462143323983536e-01
6.421445901443559867e-01
6.311653124802800718e-01
6.201934050368675955e-01
6.128135451025269465e-01
6.008581213523492837e-01
5.937339169694503260e-01
5.798834755193439383e-01
5.705932840434141395e-01
5.570649421217568342e-01
5.365155932378506964e-01
5.257628865268084706e-01
4.778686196388310936e-01
4.618428202113254444e-01
4.388317068838763491e-01
4.061170903651977193e-01
3.504472195058060402e-01
3.239845549922681922e-01
2.884215283507958749e-01
2.300543234524945191e-01
2.130032626090622438e-01
1.592655249402893380e-01
1.345622121715367991e-01
1.086824907489561259e-01
8.951006332216604466e-02
1.115862891995592215e-01
9.939870001570533242e-02
1.025982414223834960e-01
1.067310949131517195e-01
1.013490518067542701e-01
9.767724113154921395e-02
9.902224225352167231e-02
8.899045764594670782e-02
7.627189669572967401e-02
8.317108353391702846e-02
4.722795070429947062e-02
5.272397231678264268e-02
6.987719095498037825e-02
7.408599721204631172e-02
1.983477077141647393e-01
2.173205836947696701e-01
2.912618888681224871e-01
4.276862640034208574e-01
4.318383942361763705e-01
6.030452535300587780e-01
6.041220486287058877e-01
5.626765800791788674e-01
6.264111418038306178e-01
5.528756776083793012e-01
5.316531155274837328e-01
5.354585807164815581e-01
3.788343475756870693e-01
3.834285779261092375e-01
3.310484168329592136e-01
2.850980099651999611e-01
2.860145521857275774e-01
2.482484678971014491e-01
2.466073819982118054e-01
2.306465066694889376e-01
2.201568945060633775e-01
2.372116558595227243e-01
2.391253851288072385e-01
2.546252659464599000e-01
2.632258709352228720e-01
2.753313164182573658e-01
2.818518183152458612e-01
2.994694798323651042e-01
3.160385225678515320e-01
3.215288753639112262e-01
3.749474022995836764e-01
3.839686952529159925e-01
4.084747325808690821e-01
4.439434583224146080e-01
4.471487641637389987e-01
4.833043181803438060e-01
4.847227246936953726e-01
4.876147449499098618e-01
4.976437294033521086e-01
4.959452734798024398e-01
4.996366895028404032e-01
5.014653454341656547e-01
5.011970593419294850e-01
5.029618762643559560e-01
5.027148215747266891e-01
5.030158950936060025e-01
5.034995384780888150e-01
5.022522261211557204e-01
5.033526978308623390e-01
5.017907074833698466e-01
4.998696999869146063e-01
5.028120464657397370e-01
4.940327734176495622e-01
4.967073394562845357e-01
4.967046310550389809e-01
4.714423761857873818e-01
4.978101868401678121e-01
4.566918272655316469e-01
4.197395117813708110e-01
4.474656619813159875e-01
