-4.729074403828259672e-03
-5.151864662908083384e-03
-1.243939090203147017e-02
-1.187127892877672987e-02
-1.518632970662748410e-02
-1.700000203260210521e-02
-1.757940015817613041e-02
-1.835044055109502983e-02
-1.864714560679903849e-02
-1.877036188171744141e-02
-1.892932655124685351e-02
-1.896800359590292834e-02
-1.894953862856066373e-02
-1.897375652299022886e-02
-1.887810162843681430e-02
-1.870418328836566044e-02
-1.870675205844303524e-02
-1.818831376276678832e-02
-1.782230449064057393e-02
-1.775008150130044995e-02
-1.574381896445959175e-02
-1.575375261258898582e-02
-1.576882156192159490e-02
-1.532377008113850608e-02
-1.565970003038076944e-02
-1.578454591096412063e-02
-1.586634276752817499e-02
-1.672199430675377907e-02
-1.689482238596166225e-02
-1.730254969233448528e-02
-2.005720117494713337e-02
-1.705296263222688333e-02
-1.733280358807533575e-02
-1.117835992724832035e-02
-1.239312628860628294e-03
-1.127691939990202539e-03
1.916281965536371229e-02
2.318245259505886946e-02
2.346829854373384469e-02
3.586164650052262037e-02
3.414258798767430547e-02
3.817656996668063185e-02
3.912932026169851224e-02
3.828512992061398890e-02
3.941272605908752169e-02
3.912860910966171196e-02
3.838808311253366634e-02
3.839033439149151794e-02
3.819434677702614189e-02
3.550644508800392118e-02
3.585651256630281725e-02
3.317779895081510166e-02
3.103253077937883145e-02
3.072792132344542154e-02
2.419064965737691489e-02
1.957657040362914200e-02
1.523450803386362275e-02
2.794483451750640751e-03
5.732182618948400074e-03
7.552540337637622669e-03
1.393072617489104874e-02
2.594856618890563696e-02
3.471163047323456985e-02
4.137788717713380970e-02
4.488005255591110548e-02
5.024397803523875800e-02
6.060206503170334491e-02
6.420280530357032334e-02
7.152039997657747006e-02
7.593796109342219880e-02
7.929837640730369452e-02
8.197046834053288433e-02
8.354523971502371416e-02
8.595844457591295118e-02
8.659467305791744562e-02
8.868179164719514063e-02
8.927872444529835749e-02
8.931786998994016569e-02
8.973804537138560522e-02
8.815924880216519099e-02
8.649292574984063231e-02
8.610504200337590341e-02
8.223187004091651875e-02
8.083380648551503900e-02
7.549980146184703811e-02
6.805728662282564678e-02
6.475544717865552857e-02
5.269776058801251689e-02
4.203905150556654785e-02
3.017240431494530584e-02
9.270657151783252489e-03
2.402224267083932340e-03
-1.774659873232556015e-02
-2.438373997930929835e-02
-2.592497177787462387e-02
-3.216533053518343815e-02
-3.137456333912506251e-02
-3.217004927583413942e-02
-3.125361086450031273e-02
-2.950174864260710419e-02
-2.622488392926929784e-02
-1.884926233572544255e-02
-1.480960923521921352e-02
-1.119796622005476798e-02
-8.533526377059770171e-03
-1.061568647841258303e-02
-5.925031237864671410e-03
-6.005234035908964089e-03
-5.331225179140244505e-03
8.818823800740231006e-03
2.897638317484232950e-02
2.718875278890454592e-02
3.790236116948778738e-02
3.328356768638757873e-02
2.491423310341262312e-02
2.211555005038708457e-02
6.578856735886371918e-03
3.545098766111382665e-03
-3.737971662589881922e-03
-1.533401797063903803e-02
-1.647721323636823845e-02
-2.472418460784650204e-02
-2.636665191281692758e-02
-2.478842267669341404e-02
-2.848542074630987589e-02
-2.730607655005672790e-02
-2.672875720566941088e-02
-2.502827505638403893e-02
-2.055536441425048766e-02
-9.117116207487115792e-03
-2.248690607104925597e-03
1.239040793137603617e-02
2.004479858431496703e-02
3.693847315323397357e-02
4.669228320876414595e-02
5.193392168791092361e-02
6.164157919109762573e-02
6.621420899477943600e-02
7.358980014454062635e-02
8.121669780383351800e-02
8.204119500750911564e-02
8.913585872031003221e-02
9.016560861780638370e-02
9.261991237038023905e-02
9.517854422653866664e-02
9.536746369721652017e-02
9.618014235338048779e-02
9.588243222534430232e-02
9.469222532083003407e-02
9.184655532723748350e-02
8.435127577272626131e-02
7.829032907608859948e-02
6.703398896351971115e-02
5.526910340037069491e-02
4.474005810022384927e-02
3.487914342686145031e-02
2.272040781608296312e-02
1.649888460772477514e-02
1.286212298711491946e-02
2.913011663999188604e-03
2.531231761487603114e-03
-2.252968525624320269e-03
-8.857055267453594390e-04
1.367507304672879167e-03
2.715470635203481604e-03
8.011915734325329372e-03
8.126005561714357700e-03
1.942132845296622168e-02
2.086602974698561000e-02
2.322248451393745666e-02
2.822865447487277538e-02
2.876298503966099110e-02
3.033434100242632034e-02
3.390689608874569716e-02
3.259940160975517004e-02
3.292707647592454934e-02
3.074416344673527521e-02
1.832794129928578750e-02
1.415139218958917817e-02
7.446188294038698190e-03
2.073847854675642081e-03
-1.115470879777915973e-02
-1.290942733742740482e-02
-1.660127817383974178e-02
-2.059109578636899099e-02
-2.089468561112854672e-02
-2.531339941924811918e-02
-1.941845568422201004e-02
-1.822410905021406777e-02
-1.571850825827865103e-02
-5.925820582854111375e-03
-2.422362787866336360e-03
-3.145142427855312454e-03
7.141382951628191117e-03
1.207225598973167384e-02
2.239912490034639755e-02
4.459251551718923512e-02
5.891871544712431324e-02
5.764981069748559978e-02
6.291841512708702677e-02
5.701073384736541488e-02
5.472439508216166149e-02
5.370204859646691281e-02
4.457278862326887608e-02
4.556208028350033912e-02
3.720724161693166748e-02
3.093411901523985402e-02
2.814917811399647238e-02
1.546833368455517548e-02
1.259529399994962530e-02
6.440171135650955489e-03
-6.219086767300539484e-04
-1.760379160595240298e-03
-7.566170243597783104e-03
-9.364946031476802796e-03
-1.067137347093864881e-02
-1.336227169575115829e-02
-1.241717369346537377e-02
-1.312725392856130616e-02
-1.203643902742595508e-02
-9.052243751538364275e-03
-9.034142475365148500e-03
-5.249275962763588765e-03
-2.669617253919893789e-03
-1.971730376947687571e-03
3.954413023910124253e-03
5.006471867588075352e-03
2.422465303270961243e-03
-6.517147958810540556e-04
-6.913692150513252180e-04
-1.476278962551250303e-02
-1.565583927030378061e-02
-1.534570074587528893e-02
-2.198432684116509092e-02
-2.008747513033782087e-02
-1.601244478678440566e-02
-1.343520467515558689e-02
-7.364474270583861934e-03
1.575897888153691365e-03
7.683961655419609647e-03
1.214718805429844568e-02
2.629069755090604130e-02
1.744715948425512239e-02
2.646806559613055360e-02
1.287125756545498372e-02
1.089924897522196075e-02
1.548774820164895184e-02
9.270372754670222828e-03
2.685203478073517561e-03
1.474325798394131911e-03
5.250518876357391194e-04
-3.015461054898599218e-03
-3.230806091968982038e-03
-4.644049941377926052e-03
-7.533236120887695265e-03
-7.330500712089228939e-03
-9.608213181821204790e-03
-9.419497637647052113e-03
-8.917486913504140897e-03
-9.050503246775190233e-03
-8.375534603821104679e-03
-7.764176680154487656e-03
-5.754170288348683764e-03
-5.883700759743279093e-03
-2.181873909772445285e-03
1.346995001759340640e-03
3.103264196575706668e-04
1.142796895921809747e-02
1.065380025997581838e-02
6.974123300405518644e-03
2.687126399603285542e-03
6.229509392712058880e-04
-1.090397320433854345e-02
-1.602106098256811384e-02
-2.390956321173497851e-02
-4.104427515979277435e-02
-4.643368552678041328e-02
-6.593686218797087384e-02
-7.093597677638036059e-02
-7.931922105127652001e-02
-8.534022694603209114e-02
-8.737859390467969667e-02
-9.628973091525933059e-02
-9.815419712127290697e-02
-1.052115187679748959e-01
-1.108719796128479901e-01
-1.064004912309887418e-01
-1.031860774016667009e-01
-8.087436167683795252e-02
-5.103119364812937209e-02
-4.029339198848980175e-02
-2.223512488292805900e-02
-6.253666311364532854e-03
-2.175277194235901001e-03
1.275801395032045461e-02
3.917003156924046131e-02
5.550298137989981978e-02
7.007292176236019909e-02
9.090339642228961736e-02
9.456390992769782289e-02
1.062280808506141649e-01
1.101637257176327489e-01
1.117831030359929395e-01
1.147615349177478761e-01
1.079260611027962197e-01
1.057976129352238837e-01
9.946469385076434078e-02
9.093948470474653989e-02
8.659411942889887193e-02
7.551316686751026463e-02
6.784861255831008131e-02
5.798229104622043550e-02
4.530226169921407198e-02
3.770654826864193454e-02
2.174859197922259652e-02
1.045985700134734013e-02
1.529746329585290714e-03
-1.177633031261108611e-02
-1.513387759118525570e-02
-1.897362011332527632e-02
-2.272329146152882867e-02
-2.113933390549543531e-02
-2.315954694054941573e-02
-2.234844049229203766e-02
-1.576973779885518234e-02
-1.515453349082063715e-02
-7.282079274598439803e-03
-1.498156320350841177e-03
-3.532802293875288071e-03
4.177473248602858909e-03
4.604983303240106629e-03
3.896939928910137484e-03
4.130097666237034400e-03
1.493394461198605666e-03
-1.517030565823452269e-02
-2.055651464700828865e-02
-2.675808936110527295e-02
-4.494164400904381712e-02
-4.946397020253126553e-02
-6.409654663054134560e-02
-7.938180468113026356e-02
-8.048250440987986254e-02
-9.413814995865348034e-02
-9.472922731513361283e-02
-1.002488101858248076e-01
-1.072008985525342850e-01
-1.061019175681538612e-01
-1.151275826563493976e-01
-1.159102776702319593e-01
-1.205806189534562173e-01
-1.238040391723006367e-01
-1.170809492322739814e-01
-1.079263629176363537e-01
-1.000478834633411473e-01
-8.805006226460757035e-02
-8.422105928045048318e-02
-7.505302066219494972e-02
-5.613823606262968030e-02
-4.766375219659013673e-02
-2.756309058505186649e-02
-1.078949693818984090e-02
-5.892295931601060702e-03
1.182904406406939425e-02
1.206953828590474898e-02
2.030989955921523333e-03
6.171335968945242199e-04
-1.338316393254626591e-02
-2.425962745015108196e-02
-2.879243473687294330e-02
-3.645680900723433093e-02
-4.088462182870325479e-02
-3.675059401481717281e-02
-3.865976795559438600e-02
-3.353610849071517880e-02
-3.019903125625994500e-02
-2.259108325470482112e-02
-2.566503200696830869e-02
-2.247801443829918963e-02
-2.468942783359494297e-02
-3.088948044559299000e-02
-2.035109837444341180e-02
-2.815082045413279735e-02
-1.326319065188291506e-02
-4.181808864059239489e-03
-9.584342190952602506e-04
8.761592482135201893e-03
9.538656588594325580e-03
8.524289965145292677e-03
9.115332393870865038e-03
6.120990000191368387e-03
3.824940840171703674e-03
3.597096544544377186e-03
-1.412513290386900079e-03
-1.679146280574633689e-03
-3.076897543975364198e-03
-8.459711206849898288e-03
-4.750541636525731914e-03
-9.843786000816817303e-03
-1.025369447378757584e-02
-6.169664375939643182e-03
-1.387625395513123784e-02
-9.568813920374279192e-03
-1.404253893252725705e-02
-2.648214466687684107e-02
-2.340648962032939109e-02
-3.027610781319004657e-02
-2.793063849466054238e-02
-2.464222434783720078e-02
-1.695701746082501141e-02
-3.712867867334886107e-03
4.263543629854597145e-03
1.615466822903577696e-02
2.100466135278785534e-02
3.540724528802196430e-02
3.823761910345728487e-02
4.131662114956074355e-02
4.664654749659834232e-02
4.828264862836503107e-02
5.042481106914500216e-02
5.382141687538716246e-02
5.796670000224710823e-02
5.807996916902795348e-02
6.812091859020816265e-02
7.253164548011581392e-02
7.431691075846287575e-02
9.926698182813908922e-02
9.432032848305907380e-02
1.020276451709855037e-01
9.582609409911228837e-02
8.840052245190486990e-02
8.758333177782347267e-02
4.746166926985694728e-02
4.694524108819050218e-02
2.919196167631470801e-02
1.784269543564883861e-02
1.202769106368765592e-02
1.894141605163009775e-03
-3.961663949945792851e-03
-8.074307413283392937e-03
-1.673297007734408579e-02
-1.841094169368397496e-02
-1.926777997090938291e-02
-2.245703149045471039e-02
-2.247108565892173490e-02
-2.374818578963588250e-02
-2.419297669786091287e-02
-2.545322950181073615e-02
-2.582484772770032855e-02
-2.568924587133109005e-02
-2.950079951960625502e-02
-2.512782020795470417e-02
-2.861482890154808806e-02
-2.474128494299894163e-02
-1.169969516645400637e-02
-8.793630879945340748e-03
5.741954282529102178e-03
1.042534905961716232e-02
2.158724326050341299e-02
2.571675472767745788e-02
2.309705784619076746e-02
2.787889109929367337e-02
2.636345847870209119e-02
2.622159891536394657e-02
2.631653972766914013e-02
2.485444700818108602e-02
2.404892279375753575e-02
2.083567790243124815e-02
2.000811536967075574e-02
1.486116606981970588e-02
8.839582760109739382e-03
8.817081270389283063e-03
-6.854948515190509642e-03
-6.228844047791901387e-03
-7.761747348223174518e-03
-1.225456049390955850e-02
-8.788639026761399520e-03
-1.082729914488719282e-02
-8.194937234486587493e-03
-8.643471471723092672e-03
-9.750003791047106433e-03
-9.663678903305479226e-03
-1.120216482284804721e-02
-1.121713979172859164e-02
-1.387689357209879321e-02
-1.366251047716864411e-02
-1.434192314921567922e-02
-1.513056783307538920e-02
-1.404460802200345644e-02
-1.429391440435373063e-02
-1.412847361650727655e-02
-1.377705796896209860e-02
-1.384783866999711802e-02
-1.369174455714415768e-02
-1.362444744380931182e-02
-1.361969791373635053e-02
-1.356099089302511239e-02
-1.355117339699928904e-02
-1.353844402514954581e-02
-1.352167889601203592e-02
-1.351854345257191489e-02
-1.351097542950869569e-02
-1.350413486974873928e-02
-1.350190434328719068e-02
-1.349380176181584103e-02
-1.348525063692540028e-02
-1.348367912102718322e-02
-1.345698694923396464e-02
-1.344895168792471438e-02
-1.343377113287527735e-02
-1.334534481770811506e-02
-1.337709461291986673e-02
-1.323523090282939171e-02
-1.305985149566329072e-02
-1.320256775048741366e-02
-1.247826915560318675e-02
-1.262065088118605009e-02
-1.233223249504236153e-02
-1.037869585726402567e-02
-1.062689826111306787e-02
