4.838916809368729553e-03
5.485654367319995131e-03
1.602244762479239706e-02
1.481217759837991435e-02
1.999226585247487406e-02
2.309933046518786171e-02
2.371007546498784743e-02
2.517933309826396113e-02
2.554840613191341689e-02
2.558423304878113327e-02
2.587473477240990680e-02
2.583864081996433207e-02
2.585510500017184840e-02
2.589926926634863319e-02
2.587330950580584224e-02
2.588575818871085427e-02
2.588719529541112091e-02
2.588101960782649216e-02
2.588446247326400829e-02
2.588072202092919077e-02
2.587904513419733710e-02
2.587562070471040657e-02
2.586964087764589623e-02
2.586617794252710212e-02
2.584972194814725427e-02
2.584076216863742323e-02
2.582348417458490974e-02
2.576875185562635742e-02
2.576584534855017386e-02
2.566556605958805054e-02
2.551624299829923989e-02
2.554232139508540861e-02
2.501522545220299931e-02
2.474085295289485745e-02
2.470004469512514234e-02
2.242034410476938591e-02
2.313624147029125916e-02
2.254501883054453593e-02
2.378700039340716707e-02
2.480749637350179726e-02
2.455188100483030739e-02
3.165027812963963627e-02
3.193103651656682695e-02
3.355933855263690951e-02
3.496741730364893302e-02
3.552563557894821561e-02
3.377612973172376687e-02
3.477733877217559222e-02
3.440929601096177209e-02
3.456053712537346390e-02
3.415828343249337207e-02
3.413600484775011074e-02
3.278113940172092122e-02
3.472855868193594486e-02
2.936574388813655012e-02
2.848697233504939377e-02
1.789207838104746665e-02
1.721380288835088271e-02
1.395421567400793351e-02
1.046923108134947822e-02
1.331770021111731116e-02
7.125803131670389000e-03
1.256535833146344219e-02
2.256155457460037872e-02
2.393970499224070542e-02
4.521803595685214283e-02
5.244292707360467820e-02
5.407679189693085503e-02
6.569933790680376751e-02
6.399391420611383330e-02
6.721184509653810313e-02
7.146068751242352912e-02
6.804809679713957893e-02
7.097637804296276498e-02
7.045211802527122369e-02
6.630352737092876092e-02
6.860857470756002996e-02
6.136191833215644265e-02
5.547530080761341187e-02
5.173685109659884734e-02
3.497144226004558071e-02
3.020578344455066358e-02
2.439628979780205861e-02
1.614275546262700090e-02
2.839106542194237692e-02
2.862695433222513242e-02
3.139329810229834344e-02
3.399923395145057481e-02
3.373428251411213219e-02
2.995476320538527359e-02
3.263499239091471188e-02
2.965692070702368940e-02
2.253295557930393850e-02
2.316243388309209214e-02
1.769432248152292761e-02
1.589347487659360444e-02
2.052374677408201273e-02
1.637666039509929478e-02
1.809611766162937466e-02
1.485564894171163483e-02
1.589677159211960386e-02
1.418373693985439978e-02
1.042227269307730020e-02
1.202690900615516027e-02
-7.853168081481389992e-03
-1.973726599277130650e-02
-4.267585783419841627e-02
-6.974273084091459074e-02
-7.749390364736859216e-02
-9.437250772664954046e-02
-9.382929598935184357e-02
-9.609471318501879022e-02
-9.994180717101380784e-02
-9.303927924071264677e-02
-1.056266504728081701e-01
-1.045794413839755549e-01
-1.023776630956278605e-01
-1.077473770240451600e-01
-1.015969153648739742e-01
-9.678675452702439896e-02
-9.524712262472277702e-02
-8.428473804433236904e-02
-7.553554410097654270e-02
-7.087717962953603290e-02
-6.261259081584692743e-02
-6.397974248331113334e-02
-6.070186207173790260e-02
-6.472617656828066890e-02
-7.226422230509151057e-02
-7.389696398600262284e-02
-7.864155953991389114e-02
-8.039657677596824537e-02
-8.090760997946452870e-02
-8.343965968823503776e-02
-8.147486319923440135e-02
-8.230337141425982106e-02
-8.522335496144234357e-02
-8.316078227934220468e-02
-8.753351323922563265e-02
-8.747859120658865728e-02
-8.824458968671909653e-02
-9.242285808238379086e-02
-9.092369862275445636e-02
-8.923450869868966573e-02
-8.772247269335010922e-02
-8.123889113624557790e-02
-7.502446800607522059e-02
-6.629292245636787817e-02
-5.906705796088587701e-02
-4.504255147076475368e-02
-3.650062812701876380e-02
-2.034529382588887506e-02
-3.696022398998527123e-03
1.898693214190967172e-03
1.463401664743507052e-02
1.585634219917933518e-02
1.396713956621226799e-02
1.807427703500504024e-02
1.482959406174935539e-02
1.522719626385003570e-02
1.561256081640972557e-02
1.367588442689531003e-02
1.590446938459724388e-02
1.470970459653791855e-02
1.475083474294227454e-02
1.559921969933819076e-02
1.567687860886111950e-02
1.497047035325219273e-02
1.758961687735078813e-02
1.889757195356427458e-02
1.635396654771920782e-02
2.013910179213535337e-02
2.379199341358225611e-02
2.526799914801795485e-02
2.984067757606505625e-02
3.050122823537087732e-02
3.183203007049888872e-02
2.882970505343685624e-02
2.967204623876090741e-02
2.590815660247557106e-02
2.313187685033533600e-02
1.901220990115709206e-02
1.187060449184097234e-02
6.305024459056153552e-03
-2.855801210672397972e-04
-5.370879506436597797e-03
-1.196225929141078552e-02
-1.555972155041858949e-02
-2.035053431933072851e-02
-2.283998511820734337e-02
-2.925780348772851966e-02
-3.178568963857194424e-02
-3.834941126092618335e-02
-4.688791359994820551e-02
-5.028132232263006485e-02
-5.859690926946586192e-02
-6.262877828316604223e-02
-6.880811240862275135e-02
-7.258831209948832242e-02
-7.647673719088154964e-02
-8.144717835131624895e-02
-8.471700314106951624e-02
-8.927035200529906400e-02
-9.386998003816984792e-02
-9.717644421053329984e-02
-1.024798579089554185e-01
-1.060489155889884627e-01
-1.096030486522071162e-01
-1.144491042927813784e-01
-1.159308157922354782e-01
-1.159426185569526202e-01
-1.159484870884646690e-01
-1.129489486106759061e-01
-1.108056196616093309e-01
-1.044747339536594849e-01
-9.839860179144183094e-02
-9.363537100900386212e-02
-8.360817855235450069e-02
-7.855491509863882227e-02
-6.808832947382269241e-02
-5.688807508501730198e-02
-4.665870359731903033e-02
-2.970924285424775615e-02
-2.218709958533746085e-02
-1.790722695258406853e-03
8.706235573492203048e-03
1.968881405568538925e-02
3.239832314962159954e-02
3.034588590055811719e-02
3.782299062017241420e-02
3.427592847553721789e-02
2.577164001493796250e-02
2.421056066494905665e-02
1.519787888369232218e-02
9.661119275248207169e-03
7.516682025361430194e-03
-2.406735330798298166e-03
-2.998032221468809305e-03
-8.109370007615549977e-03
-1.442101274634587788e-02
-1.169765065197121180e-02
-1.546264851343154452e-02
-2.458426965740118791e-02
-2.141900083647866465e-02
-3.056032559279489580e-02
-2.716004715793247232e-02
-2.489357675184568006e-02
-2.800779411731112167e-02
-1.635902049165625927e-02
-2.092747335897744698e-02
-7.957866467775315950e-03
-9.734768701430262378e-03
-1.169449293561776113e-02
-3.221808087255433398e-03
-1.101885732106665065e-02
-1.193847963925811183e-03
3.609634710980566975e-03
1.382951044200245129e-03
1.473332545552616391e-02
9.290964399168603199e-03
9.405611886211525524e-03
1.559447897209015506e-02
8.141126462182724649e-03
9.552628998754203113e-03
9.766176855222985856e-03
5.415198933147582182e-03
1.730624037133390760e-04
-3.092780850476014101e-03
-2.773708640830769775e-02
-5.583482288128518989e-02
-5.882659643309518654e-02
-7.581096221139865809e-02
-7.287311744852174866e-02
-6.919023024008633116e-02
-6.767437292922208469e-02
-5.399086567144167209e-02
-5.287001298682107026e-02
-4.253649391987184697e-02
-3.184692996315366398e-02
-2.792635322948222587e-02
-1.420565227045054134e-02
-7.617098291338038861e-03
-4.224046480139589943e-03
4.137124225733332904e-03
7.962504616246854350e-03
9.542067559828339499e-03
1.410858877788201751e-02
1.274030437733479626e-02
7.256761158595774128e-03
5.701718193870056010e-03
-4.863553940586494602e-03
-1.510757124629597686e-02
-2.821752876507168523e-02
-3.943931578560328638e-02
-4.789233071251865897e-02
-6.266569133732217967e-02
-6.489409952187209785e-02
-7.682356120960773249e-02
-8.546585554485518210e-02
-8.363867604071612005e-02
-9.242036277280844814e-02
-8.701139817888156602e-02
-8.565526817634927514e-02
-8.755518096295369923e-02
-7.617075190678179730e-02
-7.750556883307363476e-02
-6.894827303331697854e-02
-5.610449745245859460e-02
-5.190728961453750651e-02
-3.462119055196907769e-02
-2.756760593063302747e-02
-2.029691800452282716e-02
-9.389292650661306555e-03
-1.633611910907008117e-03
9.349792154856199911e-03
1.408515276314081452e-02
1.875493307175607124e-02
1.971888435957718996e-02
1.742561713418473018e-02
1.901405319462818808e-02
1.651044101854597448e-02
1.608829891987639121e-02
1.600338197600625553e-02
1.435753427807171662e-02
1.607328589399735844e-02
1.487848694904052652e-02
1.488713224786854250e-02
1.550610569424186284e-02
1.560563408621783860e-02
1.476691548264821678e-02
1.714881560837898042e-02
1.850531269758332389e-02
1.548720173042531477e-02
1.907863321251833735e-02
2.285189583531109167e-02
2.299304108240913733e-02
2.900544551600946902e-02
2.955373271098690052e-02
2.947381753218888262e-02
3.306234833866207590e-02
2.983900766949403385e-02
3.235694499210647890e-02
2.938417662598458505e-02
2.664363258854669791e-02
2.179381650012179525e-02
1.468309939111711072e-02
1.258223259399935887e-02
3.526472583734133626e-03
-3.860289857646608067e-03
-7.105634679384527363e-03
-2.969630358722777363e-02
-3.446256659051213922e-02
-4.219274303427374834e-02
-4.681307974934680732e-02
-5.499147956986553953e-02
-6.088605483752761172e-02
-6.783291076725248003e-02
-7.548980722107553887e-02
-7.551660142790223018e-02
-8.099224811444259708e-02
-7.974933122079064240e-02
-7.405718625421521539e-02
-7.339253655201997961e-02
-6.298831075522327849e-02
-5.306455410045435306e-02
-4.901054084497294405e-02
-3.856614445301288774e-02
-3.580550397828352605e-02
-4.450272930673434407e-02
-4.441315594216207335e-02
-4.845538077889554457e-02
-5.877514551178367186e-02
-5.238380413134550995e-02
-5.384593426807958438e-02
-5.124399720987514451e-02
-3.636555100052617229e-02
-3.371010386444772688e-02
-1.881593733786556671e-02
-1.072126534455493732e-02
-9.796799613761670092e-03
-2.689511056670162385e-03
-3.549545981522782626e-03
-1.230672839587831262e-03
-3.118540246680009259e-03
-5.760190511865644590e-03
-9.084608376816977887e-03
-1.160872753496485117e-02
-1.283213961623650562e-02
-1.389609795034470879e-02
-1.433087113482374442e-02
-1.513735127929595470e-02
-1.454627997928905486e-02
-1.412783379378790977e-02
-1.447781515034608432e-02
-1.038458084464664519e-02
-7.940840065563413430e-03
-5.101185766476372223e-03
1.407434782429376656e-03
5.365981896094202015e-03
9.885115281693782757e-03
1.579053552735851587e-02
2.282902810579590797e-02
1.906713540112187424e-02
1.564913384587300269e-02
1.528692041329773009e-02
-4.504738794856574325e-04
-1.588703000554645643e-03
-5.285159642617953853e-03
-1.040064196426010099e-02
-1.160566559996795838e-02
-1.419414095328438985e-02
-1.784251261147218673e-02
-1.768151397408345218e-02
-1.748897977338509380e-02
-2.153065155180661910e-02
-1.985410310475367937e-02
-2.333869583621200547e-02
-2.535009022440163837e-02
-2.290094708519898464e-02
-2.642127874780183724e-02
-2.635249207729582072e-02
-2.674977940140974703e-02
-3.305587041516769298e-02
-3.484246037613240171e-02
-3.910909642387466051e-02
-4.201545995747660994e-02
-4.259261450145080535e-02
-4.637713485582534156e-02
-4.662315596733679346e-02
-4.633078030620753351e-02
-4.856700458437182566e-02
-4.555938164378142696e-02
-4.610618032496727886e-02
-4.484417036192066275e-02
-3.949058663613812248e-02
-3.936295147572364816e-02
-2.150347298953007164e-02
-8.240446904584126583e-03
1.606532714835392193e-03
1.526593171614709643e-02
1.463872027951590611e-02
1.971576439356329674e-02
2.132321511330626668e-02
2.091563561392235926e-02
2.329752063799820500e-02
2.177445103943829660e-02
1.657484846971172057e-02
1.398400179816062724e-02
8.517208737026337600e-03
6.063507775035033645e-03
-5.734655868151877604e-03
-1.593600806654033031e-02
-2.618867875494082509e-02
-4.516679154001959628e-02
-4.762744227885513937e-02
-4.292204276720040790e-02
-5.111470182941736662e-02
-3.969774791019099747e-02
-3.464712047297639069e-02
-3.438131341005787323e-02
-1.172507889257915284e-02
-1.100582115075981159e-02
-5.590392017898591914e-03
3.442660289736651068e-03
4.118622692418942230e-03
8.520760046065200752e-03
1.329661975627273798e-02
1.365284571655165334e-02
1.602095196598272639e-02
1.629777604419961959e-02
1.622290025592390550e-02
1.725964640956968721e-02
1.705981491858957894e-02
1.738422379317612967e-02
1.770449628111992954e-02
1.788445191369058065e-02
1.809580035833062081e-02
1.857412372489438898e-02
1.901657862296116802e-02
1.919824699801512061e-02
2.023337434057249570e-02
2.052165742119176767e-02
2.072800703764272195e-02
2.119144573055079667e-02
2.113599414255648221e-02
2.128957096251375691e-02
2.139935791376204946e-02
2.137751747688686546e-02
2.144908440260254873e-02
2.146001838213758284e-02
2.146344672172794885e-02
2.148435829858518636e-02
2.148275773353521684e-02
2.148738762822362952e-02
2.149081537589316374e-02
2.148768175762944682e-02
2.148925584830521998e-02
2.148418609076605326e-02
2.147694058781977888e-02
2.147669035972940565e-02
2.145075207484279517e-02
2.144368056584845805e-02
2.142675897608268751e-02
2.134202240390734723e-02
2.137307225972377017e-02
2.121578804628887829e-02
2.108828032103168132e-02
2.117149815648517244e-02
2.042432550466744684e-02
2.086115210795705388e-02
1.997959549620162076e-02
1.846562724094616761e-02
1.906278873262566911e-02
