-5.375234124288714738e-04
-6.114659246462146851e-04
-3.303316768085175475e-03
-3.232780662489752495e-03
-3.422635819714568185e-03
-4.332162407224826421e-03
-3.596748004187970155e-03
-4.206329538489764902e-03
-4.242085849811299061e-03
-4.067597180566588644e-03
-4.358494718875160004e-03
-4.238378347834280586e-03
-4.259390339777346934e-03
-4.316268100541321637e-03
-4.262500590700349541e-03
-4.288397749706838492e-03
-4.285373589261087281e-03
-4.273267420685191408e-03
-4.280369708210603023e-03
-4.272092852731194587e-03
-4.269177945687750199e-03
-4.264829307449865409e-03
-4.253965367042311652e-03
-4.249162598290306091e-03
-4.227427068167278860e-03
-4.208570109764672197e-03
-4.191066181979038845e-03
-4.121934446660393409e-03
-4.102129146231302606e-03
-4.021925076450823082e-03
-3.871180443932884917e-03
-3.880814020175437935e-03
-3.594410069612675139e-03
-3.470101407983291423e-03
-3.462951593300188629e-03
-2.850569359930589953e-03
-3.130099275500318207e-03
-2.881773249733529229e-03
-3.135428180593328052e-03
-3.498245215509229039e-03
-3.356865931084894623e-03
-4.784997058116319951e-03
-5.036773283617282902e-03
-5.748656042340470097e-03
-6.238887716548287971e-03
-6.133406865250881461e-03
-4.509421758251997217e-03
-7.421963039833187484e-04
9.413007693824358571e-04
1.228096606730594287e-02
1.507806486198810282e-02
2.216269610254523181e-02
2.994903601726940298e-02
3.246333595975364056e-02
3.992859153321257765e-02
4.294157913152628347e-02
4.796358798650765531e-02
4.969770912151379172e-02
5.690685698487774752e-02
6.048966137424903466e-02
5.942732323994356219e-02
7.818018711366200857e-02
6.785554948871679037e-02
6.824694077928651625e-02
6.927368049243494419e-02
4.133031870494672383e-02
3.976791258267956680e-02
3.050836696435662784e-02
2.556065580761316541e-02
2.840086277020498554e-02
2.719826099532867900e-02
3.354308202901756103e-02
3.215996737893157820e-02
3.608549804946877687e-02
3.853541318502529817e-02
3.510313352980586749e-02
3.883782014254532483e-02
2.968955632827112098e-02
2.453375597365040767e-02
1.864421103569288002e-02
1.515140634166506090e-03
-7.227096487468937305e-03
-1.601573430803625991e-02
-3.222981396820695510e-02
-3.395688367438107896e-02
-4.257272668468403687e-02
-4.440282601916951954e-02
-3.269193662715082216e-02
-2.785468717583286166e-02
-1.893944192906407697e-02
-2.542375013702668270e-03
5.574496219945515758e-03
1.957488835667431371e-02
3.431856437164883256e-02
4.075260920474207266e-02
5.138109448946378416e-02
5.111149599519741044e-02
5.171920030289926112e-02
4.308036868137470055e-02
3.531540859716240238e-02
2.273238540280582767e-02
1.147067239166762835e-02
5.340721811082066624e-03
-3.876169437767917458e-03
-5.525539520254668657e-03
-9.937306439233028338e-03
-1.069207092564306016e-02
3.676276935690380668e-03
4.007768629279228646e-03
1.558625351130031762e-02
2.281398299887544764e-02
2.732374168560206679e-02
3.120729678341733690e-02
3.607028086715288739e-02
3.539901684868288628e-02
3.806498567249002457e-02
2.594767181437829945e-02
1.628149360889307937e-02
3.208869572825542686e-03
-1.797150806175179527e-02
-2.229084085844340937e-02
-3.116244917478793938e-02
-3.368249234705580214e-02
-2.446743812871276028e-02
-2.266981499832063790e-02
-2.157767056643803902e-02
-1.162160631659345938e-02
-1.005527380134037425e-02
-7.226732136675631350e-03
4.744441345982941365e-03
5.485889303188744813e-03
1.341647584531707738e-02
1.710600831074810674e-02
1.855124037642327806e-02
2.088793592936193447e-02
1.991550284784622538e-02
1.834989161850305098e-02
1.861212181893047088e-02
1.404989386939373315e-02
1.140830872985905929e-02
1.095950193722400497e-02
1.913007858805802069e-03
1.829859834123492368e-03
2.357416659520308790e-03
7.436650882471603982e-03
1.561634485093661359e-02
3.943372482621893688e-02
4.843727792036112145e-02
7.187574590401579755e-02
8.127790159080847121e-02
8.823846976991771285e-02
9.583450447944498463e-02
9.968495813153084584e-02
1.051329418578208635e-01
1.075975470325375577e-01
1.138018132040790054e-01
1.137879380478277608e-01
1.172954854157177151e-01
1.218897753873346562e-01
1.197280246639959994e-01
1.161865764788615613e-01
1.077016457510467512e-01
9.365650261768193596e-02
7.446743279977852126e-02
6.331243484871222627e-02
4.190293102885367382e-02
2.083735475955626054e-02
7.220513028579410124e-03
-2.020862716671176229e-02
-2.685824187586700884e-02
-3.984688875625492371e-02
-4.848477373626785408e-02
-3.759911168273757237e-02
-4.515170316188686639e-02
-3.463741852109836206e-02
-3.288342525735786503e-02
-3.838550083451688216e-02
-3.038086564945778265e-02
-3.866196098823791033e-02
-4.090242786147175319e-02
-3.971029887141521580e-02
-5.042881710512191890e-02
-5.314878063847813111e-02
-5.633163562743682268e-02
-6.364113491864253902e-02
-6.739234114129202813e-02
-7.019533867908027414e-02
-7.485102420913880561e-02
-7.599202320630620011e-02
-7.604373587381231536e-02
-7.738017685762361986e-02
-7.478228620059217124e-02
-6.961788295246931768e-02
-6.633892323752077491e-02
-5.978912054214433752e-02
-4.944292738719811842e-02
-4.474778960078092810e-02
-4.142431343844611008e-02
-3.768792470485634455e-02
-3.968829670234028106e-02
-3.614579737595018105e-02
-3.497130193959058220e-02
-3.641843336363630862e-02
-2.557965164779304329e-02
-2.390585182731650229e-02
-1.971013712283490454e-02
-7.292845371693202749e-04
-8.682387781476024260e-03
2.093911868746268449e-03
1.184813080544251142e-02
2.977918336055042706e-03
4.783227853731233416e-03
1.118077768084674729e-03
-9.479425616505136529e-03
-1.502376563567649724e-02
-2.476920218064472545e-02
-3.172540905942813211e-02
-3.663979259848997722e-02
-3.910181035543254524e-02
-3.631189970310875342e-02
-3.736584445816044930e-02
-2.479218336739467954e-02
-2.485182112250467965e-02
-2.110616338766718725e-02
-1.674543643475426974e-02
-1.591555803781462969e-02
-1.073627555806374451e-02
-5.410710915338990366e-03
-6.283551194770484530e-03
-1.268799825094985749e-03
-3.823713792832921995e-03
-1.470146579202366577e-02
-1.233396229536487358e-02
-2.576739395265379221e-02
-2.794188805154096400e-02
-3.211704151121894113e-02
-4.579458598606028774e-02
-4.871196263724243691e-02
-6.160401488569774292e-02
-7.205965084076844385e-02
-6.932115690785717321e-02
-7.662214755171682656e-02
-7.844602359259326974e-02
-7.073262072714472937e-02
-7.220492396487511455e-02
-6.650167471287228571e-02
-5.970208012510643675e-02
-6.221988405907055708e-02
-5.167253385270513533e-02
-4.935114352522219916e-02
-4.965091952141723053e-02
-3.387320571907524724e-02
-3.719723238018533829e-02
-3.397408558560251202e-02
-2.657523094681117984e-02
-3.134789314778985841e-02
-2.358449855559023242e-02
-2.124496617046517030e-02
-2.267269353604253398e-02
-6.890393793051187085e-03
-5.736558210792560598e-03
-1.445787903633754222e-03
7.699310555686094369e-03
3.719576137115721600e-03
6.767486310734169806e-03
8.814670231390731373e-03
1.041524199889720149e-02
1.275885182618145645e-02
1.866316555112359013e-02
1.615436677628608389e-02
1.873019334254516152e-02
1.754942364163712687e-02
1.756417971842292453e-02
1.800218712087678363e-02
1.668370938003916129e-02
1.870625420414264231e-02
1.627346264562545830e-02
1.744065411886822070e-02
1.512734480256861316e-02
1.293700372834123528e-02
1.355599390397998691e-02
9.086568914518589057e-03
1.044396585852629643e-02
9.017831180693174423e-03
1.088306140764383131e-02
1.250132959346562066e-02
1.449827073029423541e-02
1.432719464307845823e-02
1.277586765202752724e-02
1.082695056392623395e-02
7.527063814069226595e-03
2.566043503962336762e-03
-3.868831537129093032e-03
-1.247194713144752359e-02
-2.330513683714536058e-02
-3.160777519469858132e-02
-4.820636717763726597e-02
-5.721420126143056395e-02
-6.449668217999976472e-02
-7.987061984466124753e-02
-7.812294214899452582e-02
-8.509342992595582411e-02
-8.753574960960054663e-02
-8.171540148877899645e-02
-8.810025596284770666e-02
-8.383755767244141510e-02
-8.171337093395637796e-02
-9.368654971323178704e-02
-9.012786821244135604e-02
-8.745082158903043357e-02
-9.687726926499250213e-02
-8.257455165187198298e-02
-6.499938440931513073e-02
-6.454227173699109144e-02
-3.055966112237947299e-02
-2.857508753305890506e-02
-2.464879609488990209e-02
-1.302857451000618422e-02
-8.857392300240305230e-03
-5.206159293415539395e-03
6.290778468237562780e-03
9.274438430865184976e-03
1.603630794179348312e-02
2.252890522912493268e-02
2.709437196360475406e-02
3.077785673569014696e-02
3.365513307963526046e-02
2.740056506476032383e-02
2.896038757615210929e-02
2.258964182051197839e-02
1.124343743887326955e-02
5.319515895543898941e-03
-2.845009497742189818e-03
-1.118259357300057516e-02
-1.959097710391961497e-02
-2.842961933061275911e-02
-3.476578205968004764e-02
-3.901503017984621347e-02
-4.487846401429426701e-02
-4.708099673315298273e-02
-4.832444665104403125e-02
-4.472138151368388465e-02
-4.019775292127012595e-02
-3.560888555301602171e-02
-2.937468344718990529e-02
-1.732579357748300491e-02
-1.634959579860577328e-02
-5.877246616418118838e-03
-4.437326783109246837e-03
-7.961559684330079092e-05
9.312136506915456163e-03
8.527971531744501371e-03
2.249534702345551418e-02
2.645241559574690662e-02
3.156782718979600499e-02
4.371530409478120022e-02
3.655332811026665990e-02
3.727231773211751170e-02
2.898732899730933898e-02
1.409256516941722291e-02
2.625518088542113174e-03
-1.442695069291360932e-02
-2.025817547058527193e-02
-1.247262758369633781e-02
-1.847873396970987209e-02
-5.674459216656699279e-03
3.075951188991536342e-03
-8.812077166800987710e-03
1.069005255799142066e-02
9.020223504182702922e-04
-1.005545268571834440e-02
-3.845351350728864245e-03
-2.126926499109342561e-02
-1.608999465528895834e-02
-9.546826957725632751e-03
-8.625668806629146687e-03
9.680608164840882532e-03
1.605760920817147011e-02
3.151788648715880131e-02
4.422615247546762829e-02
4.732524174939756884e-02
6.000084173728711251e-02
6.599219448315461756e-02
7.035962514513952049e-02
7.840931044724291921e-02
8.157251438010650058e-02
8.251430866290115906e-02
8.784370345869692287e-02
8.492575158952520020e-02
8.109984732181697853e-02
7.995285476000899005e-02
6.890123604352431375e-02
6.574979234491933056e-02
5.704594628277925156e-02
4.516374323882033082e-02
4.094872631667313689e-02
2.448237901493424684e-02
1.527678066723555002e-02
4.299447964687277621e-03
-1.716691608763840082e-02
-2.593927535808836227e-02
-4.349741411666385726e-02
-5.752684240524013476e-02
-6.691628098083772513e-02
-8.399586615392731770e-02
-9.084326275860465927e-02
-1.029440252365039915e-01
-1.114729100928516514e-01
-1.126787801449033316e-01
-1.174005048298216863e-01
-1.178697841352572828e-01
-1.144109206599502188e-01
-1.135375723025150441e-01
-1.081659604698502197e-01
-1.000916363166955564e-01
-9.274572975262806995e-02
-6.465106652203163329e-02
-3.873956338460995963e-02
-2.267044486217760849e-02
-1.366956090880135435e-02
-5.207526153981523361e-03
-3.183421345774968634e-03
8.285755516688791044e-04
2.405636558483524243e-03
4.852726651573186813e-03
7.061494786548069488e-03
7.600057033677480416e-03
1.320980701428468677e-02
1.412121242553140976e-02
1.638473629561824560e-02
1.897699978283781674e-02
1.999342502057724347e-02
2.102802529021472952e-02
2.274310553784427563e-02
2.298974183855144807e-02
2.291757273279879797e-02
2.326481737947727960e-02
2.127082109988882516e-02
2.125576588962386354e-02
2.044949471979566960e-02
1.952064931864074676e-02
1.937700037981940002e-02
1.872483763425875775e-02
1.840229816767675886e-02
1.815673996025560233e-02
1.773929393218158512e-02
1.754587097314901784e-02
1.710792540222304259e-02
1.665673978027411295e-02
1.632006479066924406e-02
1.518417251121920511e-02
1.462394674750551980e-02
1.341760447210424770e-02
1.073983777826806145e-02
1.039457755126128348e-02
6.005611042832036638e-03
2.218657129539977017e-03
1.742436632961693460e-03
-8.871682382284744317e-03
-9.250832085692804047e-03
-1.246108961978570871e-02
-1.732969244857840083e-02
-1.613809843595642377e-02
-1.849987124531071725e-02
-1.907253320173753902e-02
-1.572407415990409105e-02
-1.538821818807626501e-02
-1.371269886105514792e-02
-1.136327387998657158e-02
-9.086035960669243058e-03
-8.329065109328839464e-03
-3.489228791493485370e-03
-3.180834179037123240e-03
-2.151769522658864963e-03
-2.800613030620224321e-04
-5.542284454373706164e-04
3.140117149453084669e-04
6.971270947655053068e-04
2.368310257677368853e-04
5.440332519267899493e-04
5.475318712598511300e-04
3.950351544645684296e-04
5.142551971404751973e-04
4.416127796426209430e-04
4.162007024345344545e-04
4.421092067718263236e-04
4.061434425314871264e-04
4.089579766146092185e-04
4.091098176642751034e-04
3.991650263024802583e-04
4.021215111518847835e-04
4.007316981910362180e-04
3.996012781350722362e-04
4.017954610291039831e-04
4.043250711800290228e-04
4.051602187431592775e-04
4.128705168892597157e-04
4.207781667083726538e-04
4.231555699281586863e-04
4.540685690625212434e-04
4.618670665450173005e-04
4.824540784453378440e-04
5.757222253581413020e-04
5.497959032492852121e-04
6.757749714877008028e-04
8.597398923351390375e-04
7.237410640370936293e-04
1.201872021635564747e-03
1.332125305840398772e-03
1.047854431892665267e-03
2.384480293340785276e-03
2.465957740638701368e-03
