-5.375982044061451389e-04
-6.116052759540156975e-04
-3.303738093192198823e-03
-3.233184284589408521e-03
-3.423360191458646538e-03
-4.332822221714604204e-03
-3.597689889158473681e-03
-4.207212615143324404e-03
-4.243001493516946644e-03
-4.068604993383371192e-03
-4.359477364467997940e-03
-4.239396922384902275e-03
-4.260429057402733213e-03
-4.317309904801905351e-03
-4.263550679583438634e-03
-4.289453758824426401e-03
-4.286430337286878042e-03
-4.274324898883855722e-03
-4.281428618247921924e-03
-4.273150506044726821e-03
-4.270235245952739775e-03
-4.265885865676152799e-03
-4.255019784391488903e-03
-4.250215866062223569e-03
-4.228477952167413075e-03
-4.209617601720351196e-03
-4.192112038044204514e-03
-4.122979409834489836e-03
-4.103170483515663873e-03
-4.022971807227726689e-03
-3.872240641694067557e-03
-3.881873416247665336e-03
-3.595502936546088064e-03
-3.471212297803942526e-03
-3.464077448558977590e-03
-2.851671675784972319e-03
-3.131178174855323015e-03
-2.882882984414976424e-03
-3.136509028631743242e-03
-3.499260149903296504e-03
-3.357855069431394529e-03
-4.785872777048505444e-03
-5.037465026852912774e-03
-5.749085924575030385e-03
-6.238898597778416710e-03
-6.133328091633864949e-03
-4.509196227775114779e-03
-7.422282646258261847e-04
9.414015166570149354e-04
1.228001804366571706e-02
1.507721649251615552e-02
2.216182675030063665e-02
2.994784767424650204e-02
3.246280795640131556e-02
3.992798358509457024e-02
4.294141269218717388e-02
4.796410393177905768e-02
4.969811402130937944e-02
5.690766635308049798e-02
6.049081631647729856e-02
5.942765675884582877e-02
7.818081203909030275e-02
6.785589047149168107e-02
6.824709004474339979e-02
6.927461841763904449e-02
4.133280837427524834e-02
3.977144685604988572e-02
3.051307416677404016e-02
2.556550251919047917e-02
2.840543041246318401e-02
2.720185851984853465e-02
3.354569159553506819e-02
3.216192033895715063e-02
3.608581036220741278e-02
3.853520331994284703e-02
3.510179185600930535e-02
3.883558951443691343e-02
2.968747863501137660e-02
2.453101263053875450e-02
1.864201884600796139e-02
1.513583834333242888e-03
-7.227747579608406053e-03
-1.601575749560456979e-02
-3.222822863984065034e-02
-3.395538175990531204e-02
-4.257043562439209727e-02
-4.439994196872626420e-02
-3.269042299622524489e-02
-2.785328598202698250e-02
-1.893830766773886218e-02
-2.542820717940383248e-03
5.573548398478286175e-03
1.957273583739319728e-02
3.431489029573082938e-02
4.074834826911102187e-02
5.137614915133149190e-02
5.110665159030133853e-02
5.171461595055603516e-02
4.307712207663823983e-02
3.531294840760096365e-02
2.273206432633514962e-02
1.147185146441366023e-02
5.342701563552918788e-03
-3.873091238566916603e-03
-5.522711397266173543e-03
-9.934332663505353669e-03
-1.068924161769444457e-02
3.676944604576000506e-03
4.008201463547786392e-03
1.558497295557543030e-02
2.281160362182758222e-02
2.731987039705113460e-02
3.120290355173591795e-02
3.606482918833572859e-02
3.539349594789852060e-02
3.805944582872766713e-02
2.594373850546820640e-02
1.627852894111128310e-02
3.207503184580164091e-03
-1.797025461590427697e-02
-2.228860623322878251e-02
-3.115911932431095904e-02
-3.368008264152753256e-02
-2.446552086386955330e-02
-2.266854379227294797e-02
-2.157658937804623339e-02
-1.162154581540231039e-02
-1.005580506262310561e-02
-7.227117332621820628e-03
4.742111391013748532e-03
5.483522103197712751e-03
1.341321761555476673e-02
1.710214933744204011e-02
1.854744157417715159e-02
2.088414332231139023e-02
1.991196635811176910e-02
1.834674559526353055e-02
1.860916571158011470e-02
1.404795805655428831e-02
1.140713307593057418e-02
1.095911675985983616e-02
1.915586337668855922e-03
1.833446083248981354e-03
2.362973230748655843e-03
7.442450553222372187e-03
1.562243934041159833e-02
3.943835156514653717e-02
4.844264227483662671e-02
7.188016853772576098e-02
8.128116361724145589e-02
8.824251355116051465e-02
9.583787748817171326e-02
9.968746110621078127e-02
1.051363834759879157e-01
1.075994769090948544e-01
1.138033281754732007e-01
1.137898487954828314e-01
1.172954105411584402e-01
1.218900849684195209e-01
1.197277668786367044e-01
1.161854574253224082e-01
1.077016483388083812e-01
9.365649935780366586e-02
7.446854436867735016e-02
6.331463489017989665e-02
4.190602765736919227e-02
2.084177478211951887e-02
7.225223626498731601e-03
-2.020308546662199708e-02
-2.685369061773407867e-02
-3.984306248876082895e-02
-4.848241555129716163e-02
-3.760019629743027725e-02
-4.515373354485102686e-02
-3.464218224244736133e-02
-3.288879358490880839e-02
-3.839145916731889069e-02
-3.038790126975726702e-02
-3.866835155985735850e-02
-4.090883189096586325e-02
-3.971668472669701022e-02
-5.043393902333662138e-02
-5.315356904105685704e-02
-5.633597413419855898e-02
-6.364411110505573121e-02
-6.739500952109947485e-02
-7.019682262163644271e-02
-7.485160624945819130e-02
-7.599228188299429754e-02
-7.604328095577395086e-02
-7.738013158561252158e-02
-7.478275347123317096e-02
-6.961899979574416586e-02
-6.634126360719555526e-02
-5.979204081009999172e-02
-4.944703818059865280e-02
-4.475240163065914711e-02
-4.142896654155609620e-02
-3.769331895237427316e-02
-3.969243297944698157e-02
-3.614985292213069440e-02
-3.497431272409672748e-02
-3.642013194172148000e-02
-2.558206258417520737e-02
-2.390726057883269667e-02
-1.971182897327241820e-02
-7.336653634932607630e-04
-8.685554950701519089e-03
2.089103913028603817e-03
1.184182852020608870e-02
2.972858542236684470e-03
4.777893174409319522e-03
1.113127404808523071e-03
-9.482781923941840593e-03
-1.502622219238571206e-02
-2.477067561307900317e-02
-3.172520978808209685e-02
-3.663861603034099940e-02
-3.910061817782096300e-02
-3.630993090574774484e-02
-3.736444909942240183e-02
-2.479095182757086110e-02
-2.485059476469592826e-02
-2.110561472204452657e-02
-1.674514629639353019e-02
-1.591566241648897581e-02
-1.073776062132142731e-02
-5.412953855236595814e-03
-6.286289736856296925e-03
-1.273398660458058274e-03
-3.828171686161067205e-03
-1.470519721707789183e-02
-1.233826377215972020e-02
-2.577047726999023847e-02
-2.794544936630835932e-02
-3.212022819063669460e-02
-4.579675347125106155e-02
-4.871389877071734958e-02
-6.160430680725228342e-02
-7.205976051371885960e-02
-6.932153217621279950e-02
-7.662269205056269905e-02
-7.844722421055685957e-02
-7.073492365523731396e-02
-7.220780998242998239e-02
-6.650553903540561140e-02
-5.970708510697878002e-02
-6.222472158912096402e-02
-5.167823426740213860e-02
-4.935701773097576905e-02
-4.965567272543021382e-02
-3.387871619169799398e-02
-3.720106522712990360e-02
-3.397612257395924568e-02
-2.657759651630179840e-02
-3.134686768467731532e-02
-2.358453412738889185e-02
-2.124495670276217024e-02
-2.267161128094157679e-02
-6.892216518840696589e-03
-5.737916579157418227e-03
-1.447791167563116516e-03
7.696003760958990136e-03
3.717453995158420416e-03
6.765676851387757151e-03
8.813251530284782476e-03
1.041372540580423264e-02
1.275758666867818358e-02
1.866102545060614390e-02
1.615254845801137457e-02
1.872838296571644953e-02
1.754778292741554502e-02
1.756265279935663795e-02
1.800072770561191721e-02
1.668235118195095928e-02
1.870464188113106843e-02
1.627197085338518562e-02
1.743912988158376198e-02
1.512607458652003543e-02
1.293610373951344789e-02
1.355507718170929563e-02
9.086428439624139736e-03
1.044354321083362097e-02
9.017186472248852822e-03
1.088176783398569006e-02
1.249939401378485047e-02
1.449545722747292049e-02
1.432416061070240429e-02
1.277217299192446275e-02
1.082281825183853061e-02
7.523128993641146380e-03
2.561469134531822560e-03
-3.873134227679699611e-03
-1.247598428202286759e-02
-2.330945989471372090e-02
-3.161131189297613359e-02
-4.820918170717147788e-02
-5.721724491661338979e-02
-6.449929688431396690e-02
-7.987266748380496273e-02
-7.812677324780824273e-02
-8.509650407123983684e-02
-8.754005926602377585e-02
-8.172116801387306617e-02
-8.810520456414695778e-02
-8.384470177232709875e-02
-8.172062781554566280e-02
-9.369264248833386599e-02
-9.013519670286716801e-02
-8.745636705998781346e-02
-9.688094596471591435e-02
-8.257857567069475102e-02
-6.500195583446928549e-02
-6.454451170018216111e-02
-3.056144343642951816e-02
-2.857677437092382214e-02
-2.464974948320011738e-02
-1.302983800714404942e-02
-8.858409491285313894e-03
-5.206992875091844171e-03
6.288854396409941303e-03
9.272728484399745189e-03
1.603387111233497975e-02
2.252603242636290470e-02
2.709124069966709070e-02
3.077431515827753691e-02
3.365130462721689641e-02
2.739723924446072281e-02
2.895630307563608688e-02
2.258576732804163170e-02
1.124028814572025116e-02
5.316489304574952696e-03
-2.847289382283151558e-03
-1.118425909494938884e-02
-1.959218475499315340e-02
-2.843023810094880838e-02
-3.476587071610753865e-02
-3.901506786674938804e-02
-4.487827927503666714e-02
-4.708107367163467949e-02
-4.832472727570843313e-02
-4.472268436403340625e-02
-4.019927089531374897e-02
-3.561100611230659518e-02
-2.937697700659657254e-02
-1.732803949775690508e-02
-1.635146197197718393e-02
-5.878986773316474332e-03
-4.438580433646891962e-03
-8.074315298373937414e-05
9.310774375705110212e-03
8.526847505376739314e-03
2.249309115978776266e-02
2.644897097062408331e-02
3.156324595817511236e-02
4.370931817650239304e-02
3.654778606132873253e-02
3.726729641338454024e-02
2.898453314818695212e-02
1.409092525279207787e-02
2.626451532625014972e-03
-1.442374571348085770e-02
-2.025482703166643639e-02
-1.247080363371971291e-02
-1.847718124583801191e-02
-5.675765186668493313e-03
3.072410552642145833e-03
-8.814660052801620918e-03
1.068486897697441991e-02
8.983949978079034185e-04
-1.005639275910639660e-02
-3.845917427886440601e-03
-2.126645016176980860e-02
-1.608632247419921821e-02
-9.542946914622620763e-03
-8.621326501727026581e-03
9.683706164365438185e-03
1.606003934905284383e-02
3.151892257681306042e-02
4.422616289432636932e-02
4.732448290424404874e-02
5.999880958635697009e-02
6.598944703324220729e-02
7.035612106859694126e-02
7.840496420265928579e-02
8.156756803103233644e-02
8.250922052378441285e-02
8.783766075899483716e-02
8.491988638278238910e-02
8.109396025845443112e-02
7.994616357120565286e-02
6.889561259462237408e-02
6.574347280315381847e-02
5.703998418194789616e-02
4.515894094393926167e-02
4.094317797039991047e-02
2.447872890722171263e-02
1.527360385498112254e-02
4.296714883383055163e-03
-1.716717623080397243e-02
-2.593962444113625393e-02
-4.349580062053603341e-02
-5.752375101408038066e-02
-6.691309926044149148e-02
-8.399067993298435508e-02
-9.083796812654554298e-02
-1.029384762326210484e-01
-1.114664364147195247e-01
-1.126731509357076083e-01
-1.173956765453450790e-01
-1.178647046446376356e-01
-1.144080746762399931e-01
-1.135356357900469126e-01
-1.081642563824387338e-01
-1.000937250628526065e-01
-9.274773051594449591e-02
-6.465614191523198773e-02
-3.874637150543372432e-02
-2.267740119565191462e-02
-1.367536358341987779e-02
-5.212957083080538810e-03
-3.187499381108277637e-03
8.253330337170417799e-04
2.403203372501620718e-03
4.850668218700243499e-03
7.059797500088016604e-03
7.598687432153595697e-03
1.320793831112490428e-02
1.411952767796782922e-02
1.638294299178342725e-02
1.897506933055605888e-02
1.999146695100674151e-02
2.102617152767153469e-02
2.274117840744038083e-02
2.298782449411712267e-02
2.291595895793566845e-02
2.326318821961223526e-02
2.126955102797122368e-02
2.125458231336107423e-02
2.044839468836512700e-02
1.951962471971207744e-02
1.937597166901934564e-02
1.872377475719886122e-02
1.840120683607314456e-02
1.815560254162678147e-02
1.773808258291766082e-02
1.754461718810662249e-02
1.710658315988934641e-02
1.665529595104946192e-02
1.631855321269329653e-02
1.518248797491856400e-02
1.462212211289499325e-02
1.341567966640983857e-02
1.073772911223581754e-02
1.039230668565162621e-02
6.003497760243899084e-03
2.216642380405212543e-03
1.740248260968469936e-03
-8.872804143678518496e-03
-9.252138142588390776e-03
-1.246212645867483988e-02
-1.733041716365640861e-02
-1.613884324008093424e-02
-1.850034700396368040e-02
-1.907305076643962816e-02
-1.572435705974318046e-02
-1.538867466150390349e-02
-1.371317939862491155e-02
-1.136391144871065975e-02
-9.087069863411168652e-03
-8.329992584455363919e-03
-3.490795554956514432e-03
-3.182339059893526945e-03
-2.153368883008663706e-03
-2.819185056609685349e-04
-5.559337471202030435e-04
3.122745470075312564e-04
6.953823528092192624e-04
2.352334478774798703e-04
5.424544549027634013e-04
5.459820552354908551e-04
3.935555709948540147e-04
5.127790290801216566e-04
4.401489484691603767e-04
4.147547331808199640e-04
4.406609645602265033e-04
4.046968143180692092e-04
4.075142259046876311e-04
4.076644540089531727e-04
3.977193841308628518e-04
4.006763491117443254e-04
3.992860379507246469e-04
3.981556517377878414e-04
4.003501786078198866e-04
4.028803804635222780e-04
4.037158271473676547e-04
4.114272360936628114e-04
4.193370391383681515e-04
4.217145796585427989e-04
4.526303629990936555e-04
4.604337465819990775e-04
4.810172904828184963e-04
5.742880571280386832e-04
5.483720409865878087e-04
6.743229380974064902e-04
8.582835748741824864e-04
7.223066075024404216e-04
1.200326442726787997e-03
1.330573552496380502e-03
1.046381185896593565e-03
2.382734323404534990e-03
2.464180570444282799e-03
