-1.492405416615100872e-02
-1.447820171993372679e-02
-1.600123575317227709e-02
-1.673137928541104658e-02
-1.159742645212618294e-02
-1.202972485974511917e-02
-1.281821156957062800e-02
-1.156861663718070088e-02
-1.211088366588529766e-02
-1.195068511884001851e-02
-1.176059951485598776e-02
-1.190746746690382260e-02
-1.179497045073328240e-02
-1.179688266182693859e-02
-1.181224317435999351e-02
-1.178003415302799652e-02
-1.179155762748872356e-02
-1.178851798648862872e-02
-1.178535344621602261e-02
-1.179404399101173333e-02
-1.179551216221190989e-02
-1.180547064850539021e-02
-1.182264787797994952e-02
-1.183169820753771605e-02
-1.187317116539553415e-02
-1.190846981570640312e-02
-1.194352910999586792e-02
-1.209012366123957474e-02
-1.212361589462169348e-02
-1.232297308666742419e-02
-1.271950916955498327e-02
-1.265048558283340605e-02
-1.370247894627453500e-02
-1.425145609327150426e-02
-1.427351330220611413e-02
-1.870728847641222464e-02
-1.920907999556124846e-02
-2.049185533830848172e-02
-2.235898234005522650e-02
-2.340850308203633670e-02
-2.407208008481892189e-02
-2.777946075112361704e-02
-2.793337292155905274e-02
-2.969253664028378287e-02
-3.165197476309363628e-02
-3.183510939296869263e-02
-3.595393934651466145e-02
-3.723985155105815487e-02
-3.746783363769247421e-02
-4.059158222051488518e-02
-4.015880141068249587e-02
-3.912812430290131538e-02
-3.839116311459907227e-02
-3.767764978606387427e-02
-3.160478269693765829e-02
-3.091977418866340144e-02
-2.810390350105844079e-02
-2.674216223305821497e-02
-2.335233741858314810e-02
-2.184612692655892377e-02
-2.060344737049719932e-02
-1.077394310932479858e-02
-1.658410076313861919e-02
-1.180446417117681640e-02
-7.847763272851655120e-03
-3.160066970401238101e-02
-1.975594017824213941e-02
1.285561084181480315e-03
3.067783490956810244e-02
3.155482748613395311e-02
4.292874024995500110e-02
4.421018277055831225e-02
3.838798940632979356e-02
4.432089728192233069e-02
3.743357751812235318e-02
3.424630431536920122e-02
3.666257011480401201e-02
1.999912622237081869e-02
1.788791622722394475e-02
7.755195535296216741e-04
-3.665287414356641071e-02
-5.346930921669339892e-02
-9.934985811093177688e-02
-1.238113534075075267e-01
-1.153351165343508011e-01
-1.237784284420110209e-01
-1.029194901774540261e-01
-9.781697301208343298e-02
-1.109747678002075827e-01
-1.083188242666153212e-01
-1.080547163764381535e-01
-1.089170442811492057e-01
-9.109430953327535274e-02
-7.548955230525192239e-02
-6.567115273529292030e-02
-4.755326028126320020e-02
-4.825227869205989117e-02
-4.410060844707539007e-02
-4.392852892468675913e-02
-5.750959974951500714e-02
-6.398065598373336993e-02
-6.326493872945403163e-02
-6.793859960186082736e-02
-6.445189085720066935e-02
-6.953656538596986181e-02
-6.556883575773637951e-02
-6.298102279536627046e-02
-7.629690557498189363e-02
-6.757687474572468544e-02
-6.440760455860716771e-02
-5.095863724560485003e-02
-2.932080153570854747e-02
-1.571702900279823081e-02
2.696425240630050298e-03
9.736096023284566622e-03
1.852730359218846684e-02
-7.516338563695519094e-03
-1.915565029606116493e-02
-4.318057187791839169e-02
-5.721128014513335303e-02
-4.412889732845678287e-02
-4.050723256255930188e-02
-3.199199216327718726e-02
-2.129570993316604738e-02
-2.248156320096010921e-02
-2.763965668407245696e-02
-3.018526856811582296e-02
-3.295872301510824331e-02
-2.757599341073391913e-02
-1.877364168869977493e-02
-1.916250755157553401e-02
-2.357714970438932675e-02
-2.183209753517774757e-02
-3.663149188851424348e-02
-3.954384973343904458e-02
-4.205932202883546495e-02
-4.761993134862037985e-02
-4.820994355746551635e-02
-5.540651201652567470e-02
-5.362241511640793157e-02
-6.269962400106551814e-02
-7.183959957409154218e-02
-7.261474935473294368e-02
-1.257984454482424796e-01
-1.233578976291840740e-01
-1.133508065993182878e-01
-1.236437411634493388e-01
-1.139938622039787242e-01
-1.302916826776103765e-01
-1.064327142326088327e-01
-9.014733032333874241e-02
-7.509260492273556187e-02
-5.523731005916057007e-02
-4.993796755543817439e-02
-3.767134227226012766e-02
-4.223324787414712428e-02
-4.765154230282346581e-02
-4.974748220681207700e-02
-7.274427357247818804e-02
-7.428259157344743735e-02
-6.832572811849092764e-02
-6.766713768579103727e-02
-3.389521579465880341e-02
-1.268189781242955345e-02
5.471110846639497607e-03
3.104800027211902444e-02
4.276369488319861634e-02
4.502542196054529905e-02
3.524280824124219336e-02
2.241500271605936789e-02
-8.045793730043878517e-03
-2.727332135641931735e-02
-4.137194542449618845e-02
-4.755291489544515027e-02
-4.482258013582799544e-02
-3.820709616971038058e-02
-4.599695801133824036e-02
-3.973040712497315219e-02
-4.268980344057655280e-02
-4.844191616380771198e-02
-4.450814544709593562e-02
-5.758421975728594822e-02
-6.249817794794610554e-02
-6.218072498845769042e-02
-7.698981895834092204e-02
-8.486932492958342011e-02
-1.040374755639053017e-01
-1.201923159663805807e-01
-1.236678048681301295e-01
-1.359312057522714390e-01
-1.353778426331291584e-01
-1.278399880307375391e-01
-1.260825687662959216e-01
-1.358307963111519689e-01
-1.355014042062896717e-01
-1.184419839000085684e-01
-1.172846782632574053e-01
-1.299788275778923918e-01
-1.218464445472972335e-01
-1.529327885844102286e-01
-1.460955927596593595e-01
-1.472610881905329350e-01
-1.508629996407873375e-01
-1.108974948782277536e-01
-9.602913870437454480e-02
-8.567270061216572530e-02
-5.947142622195718265e-02
-6.464269373111936057e-02
-6.310198892452696662e-02
-3.904883835265100800e-02
-3.708321833508054083e-02
-5.244033102176729605e-02
-4.113296410786502350e-02
-6.072535098280738841e-02
-7.171798479629287737e-02
-7.794295247065874399e-02
-9.013685369561801053e-02
-8.729232601086162058e-02
-7.622303364852034413e-02
-5.898100674097623425e-02
-5.383319721770723348e-02
-3.482024618804214350e-02
-3.234112734409379242e-02
-3.864704068275430504e-02
-3.219924447877334922e-02
-3.721986583904722534e-02
-4.583698701564063727e-02
-5.091473930594112712e-02
-5.042785337836374476e-02
-4.461866171778867962e-02
-4.244696477620130831e-02
-3.766119422055603377e-02
-3.519986501345075125e-02
-3.579094518288360172e-02
-2.999950523801328886e-02
-4.613511292455254459e-02
-5.924305499408498432e-02
-6.517963865701903448e-02
-1.239495531181008386e-01
-1.050554448843295102e-01
-1.159176854399569939e-01
-1.033028446478182621e-01
-8.391935703511539668e-02
-8.812080269557612255e-02
-9.085457424934377524e-02
-5.936400063805536559e-02
-6.427966985020169832e-02
-7.073867437290572158e-02
-6.600474540185956307e-02
-8.286241694408183478e-02
-6.963834890216515083e-02
-7.497230330449707048e-02
-7.060276889555766600e-02
-6.778921498947124147e-02
-6.789931384237252177e-02
-5.278957696764841057e-02
-5.202736829885588887e-02
-4.987292031606841564e-02
-4.624703654000004993e-02
-5.404348525473783721e-02
-5.258548043720685100e-02
-4.707141955237462844e-02
-4.413447537139215948e-02
-4.013109983721316332e-02
-3.689820371478794159e-02
-3.873769936860094881e-02
-3.347818871639442889e-02
-3.152498806082248972e-02
-4.057796129815818137e-02
-3.508784877980272027e-02
-3.440855673733902997e-02
-3.492053841905168321e-02
-3.203213170938849774e-02
-3.247864258766441914e-02
-3.012099350356079591e-02
-2.844180288546270183e-02
-2.817336165165309700e-02
-2.104243011876117536e-02
-2.451251689611256071e-02
-2.483722253854010742e-02
-2.871214984759334898e-02
-3.694644792711636316e-02
-3.924418507737786194e-02
-6.086474423201395506e-02
-5.789992022809965083e-02
-6.103252619737930401e-02
-6.841385594897429756e-02
-6.390868005883275360e-02
-6.960786297536143696e-02
-6.647241776696480309e-02
-6.359896202725282000e-02
-6.663989074833501225e-02
-5.266451124406041490e-02
-5.177793725540576208e-02
-5.465448793380298792e-02
-4.130385943745896321e-02
-5.690180982076725041e-02
-3.734078196755453993e-02
-3.804043166623369190e-03
2.730434220171205906e-02
4.263532104668498607e-02
6.300020932279951080e-02
6.439937533298603634e-02
7.010834522055026108e-02
7.104508112205985826e-02
6.103934979302665792e-02
5.502952328333901577e-02
2.300856791622295575e-02
1.009029088607592229e-03
-1.542491511990914943e-02
-6.869216920194334830e-03
-1.059386925220074868e-02
-7.058612549917468032e-03
-6.134211727545306643e-03
-1.222912952475652994e-02
-1.281610836793542485e-02
-1.481518438431172861e-02
-1.332967283486427047e-02
-2.374029550893090937e-02
-2.410202663167474585e-02
-1.371570638564387906e-02
-2.041746654892176438e-02
-1.680309413836534455e-02
-1.945141214288582249e-02
-3.774618299306181646e-02
-4.177516481092587164e-02
-6.498609931912291415e-02
-6.676330075758944715e-02
-8.216599935048363168e-02
-8.672054936768644473e-02
-5.831402167439946049e-02
-6.422947517894518621e-02
-8.260682026320392835e-02
-8.248825628519577957e-02
-9.799596234590662869e-02
-1.103744029729637754e-01
-1.259112364829739483e-01
-1.373086880207048111e-01
-1.309249907948075997e-01
-1.274440378798172846e-01
-1.153202041364930347e-01
-9.840776878209342438e-02
-9.140046237545962349e-02
-8.429321465883282682e-02
-7.543106753898128070e-02
-5.104241702481574633e-02
-5.321777273761106597e-02
-4.079202012868181348e-02
-4.047036936222175169e-02
-3.854261862010303907e-02
-2.936834745232365720e-02
-4.124835257562677743e-02
-2.851647980098229174e-02
-3.647211278068179796e-02
-2.357585417393570290e-02
1.104454367082403216e-02
1.560512667805012688e-03
9.168112312932351002e-03
-5.006725987855238647e-03
-3.318449197394988948e-02
-4.592083752531833651e-02
-6.592542822521191281e-02
-6.716561713224267205e-02
-7.568533896800663796e-02
-7.976305273068165502e-02
-6.861042184652750564e-02
-6.597142405064056192e-02
-6.564970814267040433e-02
-5.350282520883775650e-02
-5.505779198590713547e-02
-5.286836783559605013e-02
-5.420566299642903818e-02
-5.043500662773445220e-02
-5.269705739680737716e-02
-5.787236711463015354e-02
-6.025512547602296376e-02
-7.222055449502239044e-02
-7.502355289663564797e-02
-8.361677104119394355e-02
-8.915559269131291542e-02
-8.945206740302416581e-02
-9.680484753366677686e-02
-9.680278476900830431e-02
-9.932931282331629308e-02
-1.045516414475353012e-01
-1.027493164585401714e-01
-1.092388802685349408e-01
-1.118244118827784878e-01
-1.139368004724505973e-01
-1.268447725868594445e-01
-1.325921341846169055e-01
-1.353368226036232580e-01
-1.481647765586012189e-01
-1.470352365511200243e-01
-1.538410923083521065e-01
-1.628537417468841342e-01
-1.558765990260128353e-01
-1.682277257620375943e-01
-1.615712704174420977e-01
-1.476598292193901374e-01
-1.433668732340794838e-01
-1.099315214408693175e-01
-9.652910042073123420e-02
-7.952658783536543929e-02
-4.838362029224257954e-02
-4.344862676761361564e-02
-2.442868948435231863e-02
-1.654922446625469931e-02
-3.045393964266025072e-02
-2.151612813680366804e-02
-3.204209977675477605e-02
-4.054798617321944687e-02
-3.977630359647021246e-02
-5.768433103330033312e-02
-6.605823922386080960e-02
-8.013999632635958326e-02
-6.546093353118900837e-02
-5.136871188047492653e-02
-3.113331052830401943e-02
-3.520353068858063372e-02
-3.253470873567623073e-02
-3.528592863961733939e-02
-3.506756162996022691e-02
-3.503786450212348358e-02
-3.397146466026886719e-02
-3.296168566032603442e-02
-3.250815266761673816e-02
-2.496782854506173627e-02
-2.416333573468494936e-02
-2.364068107450845863e-02
-2.002981934864325395e-02
-2.046020152870509090e-02
-1.700529608065932258e-02
-1.397066508649357462e-02
-1.452039616242625786e-02
-2.624022557497161009e-03
-2.843893759470875193e-03
1.784236169862910438e-03
4.773085055911036913e-03
5.250652518103115715e-03
7.365847168698387744e-03
7.980538055452880697e-03
8.513839158982490843e-03
9.228558787155529547e-03
9.386480113352293694e-03
9.671666899251824684e-03
9.900905453963874947e-03
9.880583020251564388e-03
1.003173656041790596e-02
1.008114037022115293e-02
9.798677956991503832e-03
1.016427412337474537e-02
9.678955847442664157e-03
9.270786772010208843e-03
1.028992940165065172e-02
7.618450873884023006e-03
9.015919726323737976e-03
9.029846557109900973e-03
-2.787494587493365974e-04
-1.048760084572540304e-03
-7.806493088636183748e-03
-1.070897796774496376e-02
-1.307799812234269020e-02
-1.793921700096398272e-02
-1.900108908079583062e-02
-2.411318344673296643e-02
-2.440697764037631085e-02
-2.320020816681351780e-02
-2.392576773286422126e-02
-2.317284289456139276e-02
-2.297031218265180308e-02
-2.011771021628948677e-02
-1.965484477945412742e-02
-1.896732036901656662e-02
-1.806405171070282062e-02
-1.747926150191720859e-02
-1.617931139140007385e-02
-1.608777708987843558e-02
-1.349549027679529389e-02
-1.353162912547351514e-02
-1.303328607935818825e-02
-1.243635856215467850e-02
-1.244728266868972734e-02
-1.217570882343946975e-02
-1.206504357974683313e-02
-1.202796787458337673e-02
-1.193574961452895274e-02
-1.191428097441767781e-02
-1.188746312666344451e-02
-1.186240184532877037e-02
-1.185514657898705145e-02
-1.184334233503871528e-02
-1.183724526254022712e-02
-1.183329950278677080e-02
-1.182916603905625856e-02
-1.182801145997082644e-02
-1.182386147056085565e-02
-1.182459896273427465e-02
-1.182281062269468185e-02
-1.181480398334163601e-02
-1.182676972340158950e-02
-1.180709244528851433e-02
-1.180392802314955171e-02
-1.183803297635498478e-02
-1.173704672684166943e-02
-1.183149738474244782e-02
-1.181099974397956630e-02
-1.152310205623655048e-02
-1.208671317649869653e-02
-1.134045330329009997e-02
-1.112486739973302455e-02
-1.148860031117970165e-02
