3.901535609413123943e-03
4.521058103538690316e-03
1.805855162931431848e-02
1.757831857028855499e-02
2.079922036449468464e-02
2.372582484930529576e-02
2.326797127643554647e-02
2.496562275043175128e-02
2.540635714006142173e-02
2.560238070087770754e-02
2.617952300062807366e-02
2.625197404496638562e-02
2.643753241211314886e-02
2.659232545751040802e-02
2.662960787021625975e-02
2.671474370965852899e-02
2.675211373383466068e-02
2.677452823774071483e-02
2.680198768584149405e-02
2.680699776100801610e-02
2.681428740308875597e-02
2.681278179117922364e-02
2.679902624693984367e-02
2.679427133582812717e-02
2.675598174258058889e-02
2.672305873297976461e-02
2.669443097453672725e-02
2.655975792657188847e-02
2.653523041136216995e-02
2.637021132228149073e-02
2.603505207942571897e-02
2.612256058021770327e-02
2.528774162094153330e-02
2.489863537451084824e-02
2.498067432948073915e-02
2.175003805606937762e-02
2.203306954483685853e-02
2.088770178760856328e-02
2.057241116649885515e-02
2.095001518237400717e-02
2.019046549981400734e-02
2.223098279008439704e-02
2.180494069396103282e-02
2.089499566110022966e-02
2.193861986262094985e-02
1.964554254018731350e-02
1.891990167687587765e-02
1.763130670774513964e-02
1.140367673311979899e-02
1.321176667505547138e-02
5.665294920388585197e-03
5.900923553648540834e-03
3.435616678127741954e-04
-2.384521478167231368e-02
-3.193062539818580098e-02
-5.335023265535650261e-02
-6.508254617636088923e-02
-8.512699742889462406e-02
-1.078418204569044914e-01
-1.194922079949827798e-01
-1.711347487238607801e-01
-1.976859661959878278e-01
-2.161271322003985029e-01
-2.813543905126535960e-01
-2.909749181466114165e-01
-3.225226116320210057e-01
-3.306694746858687139e-01
-3.340628805845193283e-01
-3.484151215006625057e-01
-3.427289980671074932e-01
-3.463770363291663879e-01
-3.456195562691595780e-01
-3.374375082774839218e-01
-3.347488002250502692e-01
-3.249800378344766538e-01
-3.144736403329305152e-01
-3.034956969871314691e-01
-2.909216719882127822e-01
-2.760250885243848984e-01
-2.652475505483952722e-01
-2.573580754701028650e-01
-2.473223161343935383e-01
-2.407115942162302014e-01
-2.339797646042713897e-01
-2.266222938889279614e-01
-2.208096692251774185e-01
-2.143003169945836561e-01
-1.995298505370061981e-01
-1.877708678203628689e-01
-1.717448096864329365e-01
-1.511382337025591605e-01
-1.314623251520656011e-01
-8.264321403872933181e-02
-4.474187949514851076e-02
-2.441140432151603021e-02
1.106094807798881606e-02
1.554521954727466730e-02
1.188855767523095547e-02
2.422756396843374696e-02
1.935961518630650857e-02
1.314395932452593757e-02
1.398839019613567179e-02
2.020974710215166226e-03
6.489162257585955529e-04
2.041034327800850430e-03
-2.916809103109710682e-03
-5.571447276368923394e-04
-1.438221304875996788e-03
-2.957438641117004705e-03
-2.571646674343611681e-03
1.094504220793809718e-03
-4.631391155750315316e-04
-1.173134374900907783e-03
-1.557111247777832712e-02
-3.843377853983579590e-02
-3.778933459990600069e-02
-6.486602665863329398e-02
-7.827122037277592370e-02
-7.931416699245713575e-02
-1.022052956653423522e-01
-9.448472787859221733e-02
-9.663642740975850187e-02
-9.687861750850486342e-02
-8.196144262064819497e-02
-7.309868543971426158e-02
-2.035165589396724720e-02
-1.440752541992891197e-02
1.541142260919257240e-02
1.916925310298210616e-02
1.422071435571109314e-02
2.347097419282429334e-02
1.696902259285623660e-02
1.952838283107675293e-02
1.748138168910397944e-02
1.188141681177507826e-03
-1.131436936232308073e-02
-1.998691647147472772e-02
-3.664927840927467706e-02
-4.599685331867953836e-02
-4.865025242783427989e-02
-5.683433011560952430e-02
-8.297762201832435680e-02
-9.433836490733507607e-02
-1.187006800853081523e-01
-1.353213656548981070e-01
-1.516905357203759408e-01
-1.602143776117569141e-01
-1.688917906797851309e-01
-1.715252156740972866e-01
-1.712309898601699076e-01
-1.685613475476204215e-01
-1.728653768694550230e-01
-1.702878091877024491e-01
-1.719968084555307253e-01
-1.735545789222085744e-01
-1.717827919312319707e-01
-1.752713898177096497e-01
-1.739679474079236787e-01
-1.752188087326225774e-01
-1.776986460076265539e-01
-1.757534715116333968e-01
-1.806021056227088140e-01
-1.804602027800237818e-01
-1.827282900146645628e-01
-1.914513734451283866e-01
-1.942030069206031884e-01
-1.987757048559921913e-01
-2.043442240509604491e-01
-2.037991609113438130e-01
-2.071059816384158425e-01
-2.076578538613748359e-01
-2.036947349416348141e-01
-2.051911605846044317e-01
-1.983999491914837376e-01
-1.915617423117901286e-01
-1.867772626203657582e-01
-1.708666532499563406e-01
-1.641104417439004926e-01
-1.487154203552283616e-01
-1.298809228087250967e-01
-1.172531444419387947e-01
-9.545897170405755194e-02
-8.296337094370852261e-02
-5.071153933000634162e-02
-4.227741363783133616e-02
-3.938776369832269753e-02
-3.438071228907928212e-02
-2.988056763547831257e-02
-2.163737546337538356e-02
-1.747939926597285101e-02
-5.068408991417160982e-03
-6.490926419179781325e-03
1.086811404249448353e-02
1.406928490539137433e-02
1.790033166819678112e-02
2.434956467794703594e-02
2.389579763963202777e-02
2.913058295324994634e-02
2.495128096704429810e-02
2.927348711566105099e-02
2.933773548435157294e-02
3.114086892517341221e-02
4.125238732885724152e-02
3.968774129104833681e-02
4.170012874597479186e-02
4.265085285956308342e-02
4.034110090579979407e-02
4.210627021119138502e-02
4.085706390640991142e-02
4.129974584343326649e-02
4.185854826695638992e-02
3.971738358932025426e-02
3.968709217854446414e-02
3.820239246305803804e-02
3.671114311071344005e-02
3.711989228991822293e-02
3.540826770651109290e-02
3.384776748320561524e-02
3.606401216955471001e-02
2.997252530291647996e-02
3.197514895807277574e-02
3.279954362502321419e-02
1.389351792019535674e-02
1.639628755480882980e-02
8.956797300262147460e-03
9.458400211536979393e-03
2.385697031476087526e-02
2.542735395186945802e-02
3.259959936524264856e-02
4.282304525790125993e-02
4.594093818767999715e-02
5.803695365247662358e-02
5.351330974547564151e-02
4.630461397527740885e-02
5.170382606854472679e-02
4.168748863214022382e-02
3.755322053931447329e-02
3.647461665375783396e-02
2.357200477911671616e-02
2.097677362575972940e-02
1.114593586068876943e-02
-1.281498893093648700e-02
-2.244536864344409688e-02
-3.864919179862904425e-02
-4.135841894380222483e-02
-4.284135797322292938e-02
-4.822886983700857416e-02
-5.305961404784548946e-02
-5.659846133917555838e-02
-6.375295183521532960e-02
-6.336845531963480882e-02
-6.228763910204053456e-02
-6.414775473117931281e-02
-6.116378787975195602e-02
-6.340885447319374868e-02
-7.026843401341040241e-02
-7.062137290197265105e-02
-7.674175645850490890e-02
-8.138657695371791234e-02
-8.241078699307120836e-02
-8.695194712890412514e-02
-8.868108338245384026e-02
-9.026717406595752280e-02
-9.619613492795224541e-02
-9.938979681974326186e-02
-1.035872668585870321e-01
-1.145961006601633331e-01
-1.183437285631145780e-01
-1.267837495628175160e-01
-1.348316804376292477e-01
-1.378710158391560081e-01
-1.466151284274567757e-01
-1.507517558659589862e-01
-1.536589480118684958e-01
-1.613664546046146842e-01
-1.603046494932274524e-01
-1.626302012579821932e-01
-1.621783495967684119e-01
-1.478516945660613979e-01
-1.481262050771542382e-01
-1.336036334209110832e-01
-1.233488063317879080e-01
-1.132474837626132463e-01
-9.447056798412839518e-02
-8.632767256254499089e-02
-6.222912256373751977e-02
-4.730961903400748153e-02
-2.514766539512328786e-02
-1.048872862020296982e-02
1.616879472541458323e-03
1.199361619941101756e-02
1.341281827245818271e-02
1.393857517944368032e-02
1.621600145483872990e-02
1.341020819391496553e-02
8.513733702357634617e-03
9.068992325853265923e-03
8.397998482652251767e-03
1.013768508828976483e-02
1.765515256791038573e-02
1.971875469099974160e-02
2.524958443917121181e-02
2.088250903873054704e-02
2.031007063039871538e-02
1.465692633661090649e-02
-2.697839874125974348e-03
-6.043159667083555266e-03
4.731073788332201303e-03
-1.411139287599305647e-04
1.006401472526125690e-02
1.083137570316977834e-02
8.051853216036261238e-03
7.696113619233667033e-03
-1.100615959347675359e-02
-1.703862101553337005e-02
-2.782691979442494107e-02
-4.401945541374777116e-02
-5.826927142134081389e-02
-7.907992866029059376e-02
-8.178855112219246548e-02
-8.712028358329453048e-02
-9.240920296695860625e-02
-8.982478626082733564e-02
-9.402789730671247403e-02
-9.642308963804219202e-02
-9.206264533500908842e-02
-9.811298375485347223e-02
-9.257551966003381427e-02
-8.563848839217706732e-02
-8.639923995400641821e-02
-6.831437510884780240e-02
-6.676395648959956852e-02
-7.501755315769019494e-02
-7.157374009587713637e-02
-7.914678614349315855e-02
-7.462019876851390399e-02
-6.699974953291126800e-02
-6.816117956416485602e-02
-6.519828702108723673e-02
-6.604966662497627206e-02
-6.543491329288139702e-02
-6.486784652115515359e-02
-6.893337763232347537e-02
-6.566458267391239723e-02
-7.292420595322150756e-02
-7.114313821931221582e-02
-6.394458069137697043e-02
-7.497845241378549297e-02
-4.937950984066727389e-02
-7.551192933039849176e-02
-8.632889160056057831e-02
-9.882756489072881678e-02
-1.026973678853469463e-01
-1.011813875958014058e-01
-1.020128690017717693e-01
-9.643721096143803573e-02
-9.316390734782167837e-02
-8.444053107485730014e-02
-7.526661813493042141e-02
-7.885916272313732434e-02
-7.257206417672906751e-02
-6.944427587283844017e-02
-6.981157381882423241e-02
-6.424143218190075943e-02
-6.432393218935791857e-02
-6.404334551589015156e-02
-6.190334788093686258e-02
-6.396643712049970842e-02
-6.671482276206545936e-02
-6.817456929364996976e-02
-7.854315393142390078e-02
-8.394726633083199330e-02
-8.856162893056505891e-02
-8.859111461743765514e-02
-9.206001228654471513e-02
-9.822021783665606243e-02
-1.028351218653409810e-01
-9.965897780425334029e-02
-1.009547311912215306e-01
-8.972935680372079448e-02
-5.309300908922865575e-02
-4.707662398965194867e-02
-2.543242552037722898e-02
-1.741995694932700622e-02
-1.106418402472719373e-02
-1.710515810893813594e-03
-5.274297985894222870e-03
-4.057226224848362083e-04
1.503727911499739894e-03
2.422902481393784859e-03
3.484678027745358696e-03
2.878993019506341359e-04
2.925262337210808410e-03
-8.826882934014815664e-04
-1.755900921421374656e-03
4.979809554600497443e-03
3.087673340652650165e-03
4.407798234388921564e-03
-7.554761807803265692e-05
-2.878452840910250901e-02
-3.840985981478511196e-02
-5.127596794441554445e-02
-7.006758327840548195e-02
-7.291505944776295600e-02
-8.182722004363329749e-02
-8.279850830439783316e-02
-7.382375489450974937e-02
-7.827949911339980582e-02
-6.185076448959701129e-02
-4.820822245706885695e-02
-4.023177325523016185e-02
-9.029238327164623712e-03
3.134158573880785077e-03
6.595857994460486073e-04
-3.888402101574906910e-03
-1.753282918053753262e-02
-2.262016719947185575e-02
-3.911614816411627255e-02
-5.022601985329855356e-02
-6.565105543289079248e-02
-9.234173030882208977e-02
-1.142430775757594941e-01
-1.234901376829038167e-01
-1.353960885955100002e-01
-1.355998436774459304e-01
-1.363884521976174158e-01
-1.397171512884591293e-01
-1.391932430738678228e-01
-1.422116866747957231e-01
-1.439712936724261705e-01
-1.447380310365974643e-01
-1.468172428009735242e-01
-1.487255062459135468e-01
-1.490897328788839127e-01
-1.516419442426772679e-01
-1.537172388805852774e-01
-1.532946829062373506e-01
-1.584175881316864931e-01
-1.577763350654163566e-01
-1.567778059278198410e-01
-1.595218982340015634e-01
-1.541358125602651785e-01
-1.545199423669759986e-01
-1.512966695786236437e-01
-1.419010012823455347e-01
-1.388871318278810940e-01
-1.307081953298901145e-01
-1.234873253107035829e-01
-1.199970974496081533e-01
-1.107504392050651654e-01
-1.065538363860272647e-01
-1.016293204966851604e-01
-9.340571301541947258e-02
-9.360661262578864883e-02
-9.236044711477157942e-02
-9.595618800067581833e-02
-9.580703843591827085e-02
-9.339302860611324586e-02
-9.448671741133443658e-02
-9.047806963100722688e-02
-8.900678987255349062e-02
-8.634260930560870573e-02
-8.127998739153872998e-02
-7.921326968779399125e-02
-7.282351453813583342e-02
-6.885638608483740652e-02
-6.721826194636609797e-02
-6.265697411554040086e-02
-6.067538300597758588e-02
-5.930451409934801854e-02
-5.566932696048666751e-02
-5.491338894359949069e-02
-5.395943254647531107e-02
-5.048010399186263208e-02
-5.257604532543128789e-02
-5.140661970554095961e-02
-5.205696055058513932e-02
-6.039971977550254861e-02
-5.731242036017727276e-02
-6.331290367330565105e-02
-6.429125084287302949e-02
-2.332275108502812264e-02
-2.032123779881546410e-02
-1.047599810731953199e-02
-7.706581550305173067e-04
-8.941739228952222396e-03
-6.324466670110751552e-03
1.190500389585011191e-02
1.381168517502832753e-02
2.450167745852308704e-02
4.264726202054949789e-02
4.707318847672328777e-02
6.091394432781623708e-02
6.851540942983162796e-02
7.588974045362550935e-02
8.298989513547411212e-02
8.721255056734522615e-02
8.960804834733437918e-02
8.979000457060550000e-02
9.097909793117257837e-02
8.945961464452649448e-02
8.981090567956122317e-02
8.692482840629792151e-02
8.364629032613073167e-02
8.362379474215103636e-02
7.252887132868424125e-02
7.156631225404183616e-02
6.743558151782268195e-02
6.348313778216768677e-02
6.087610532224301679e-02
5.875935924047455405e-02
5.386155681332618905e-02
4.986274926570051502e-02
4.862787403182367019e-02
3.377328088286984248e-02
3.321865931056496718e-02
3.044060227408388469e-02
2.644132810593441407e-02
2.648932295174783944e-02
2.440577808174044377e-02
2.409087294102264104e-02
2.334354102032564632e-02
2.279599948431263595e-02
2.442299244130494498e-02
2.447299805407329720e-02
2.454470096815860800e-02
2.500656852949165870e-02
2.495031116858295595e-02
2.509294355184139153e-02
2.518896481155637884e-02
2.518871677310943399e-02
2.525396882535626414e-02
2.526997545974007942e-02
2.528259706705380042e-02
2.530335660609022916e-02
2.530700248468537722e-02
2.531517996981323682e-02
2.532044363051317096e-02
2.532197353662581085e-02
2.532613627736129622e-02
2.532560535592518619e-02
2.532721537717033330e-02
2.532951413377139416e-02
2.532245540002407702e-02
2.533154485090712699e-02
2.532405924040941059e-02
2.531047405081014376e-02
2.534603320657395978e-02
2.528197116706513287e-02
2.531009345524302956e-02
2.536646325870799829e-02
2.512081607476050055e-02
2.545199302120550872e-02
2.521694820736437512e-02
2.478573275787438260e-02
2.610955745016002583e-02
2.394742714951398482e-02
2.498130320815257141e-02
2.630048335321655967e-02
