7.845364192927327396e-03
7.727491980852518524e-03
1.268645241607904879e-02
1.238735043197065552e-02
1.583670705173429588e-02
1.605169028343421400e-02
1.825981529654069346e-02
1.747259558922873227e-02
1.769603115236996135e-02
1.803448344513640736e-02
1.757321095818690365e-02
1.779019222513747445e-02
1.773265286260544693e-02
1.764896440231165584e-02
1.771449749914444718e-02
1.766758435516565043e-02
1.766754998436617652e-02
1.767557048480549245e-02
1.766189468495054163e-02
1.766687945830107409e-02
1.766576785099537028e-02
1.766553599058931501e-02
1.766813075903296559e-02
1.766983904602629704e-02
1.767690932875740778e-02
1.767799468819442749e-02
1.769223975169832361e-02
1.770727451087210705e-02
1.770633378564812413e-02
1.776603307071323093e-02
1.776499897360969346e-02
1.777658033230204021e-02
1.794320400651483807e-02
1.774355923031276441e-02
1.785293316608244779e-02
1.802830362985403598e-02
1.679972849800808604e-02
1.717866025486247672e-02
1.655273474619664217e-02
1.670954035997399348e-02
1.732866861998436786e-02
1.694332872196682022e-02
1.885185038417730441e-02
2.010075287608464878e-02
1.975446980279700962e-02
2.870007006371960712e-02
2.839956336227079242e-02
2.928650671050824980e-02
3.017064465865300360e-02
2.834220245542327238e-02
2.663878071293166588e-02
2.233992905435459864e-02
1.693573992193994973e-02
9.097613075408203173e-03
-9.554875421406179917e-03
-2.058824571849740548e-02
-4.105008375902175627e-02
-6.608872343664509708e-02
-7.697885379514195214e-02
-9.065237499757994311e-02
-9.972992179007207636e-02
-1.019681650514442650e-01
-1.037423352646721225e-01
-1.007210784683763988e-01
-9.598016551431301502e-02
-8.412163082694847083e-02
-5.451212332300799795e-02
-2.513217018804761796e-02
3.164396890535202530e-04
-5.589419404941368074e-05
1.691079048446384944e-02
1.496872047711454365e-02
1.571064366814394625e-02
1.993218869527682222e-02
1.776159107406685700e-02
2.078721726865083788e-02
1.918428788750685399e-02
2.294260631070882753e-02
2.371554969776440425e-02
2.215788307493050946e-02
3.545711938557178505e-02
3.225921879285902766e-02
3.764614181312798957e-02
4.907236637505685978e-02
2.928665680525157147e-02
3.208484899994762385e-02
8.379679317897981497e-03
-4.847236124023411585e-02
-8.462236301762075807e-02
-9.126103764837772969e-02
-1.162838726690113705e-01
-9.941051300794540024e-02
-1.096060624884012680e-01
-1.067431094330061753e-01
-8.796917274638606232e-02
-1.017010125768437329e-01
-7.812456119707752999e-02
-7.863795341836805897e-02
-8.842534179791561311e-02
-6.719329512730888576e-02
-9.037797517396153890e-02
-8.220376082496769210e-02
-6.825398952696723476e-02
-8.624317131421062321e-02
-8.103393629342078852e-02
-7.685712407532610535e-02
-8.286550349208914035e-02
-6.967991995285781337e-02
-6.817766796192044343e-02
-7.012359796869600814e-02
-5.926207189830248745e-02
-6.041369708690470797e-02
-5.552360447195062165e-02
-5.145943391707865494e-02
-5.858296804204179975e-02
-5.584258293751268032e-02
-5.849635152793240811e-02
-7.021283159064480028e-02
-7.302824200625909756e-02
-8.858204259650294399e-02
-9.654476332949030182e-02
-1.005390314462470264e-01
-1.073716826234454302e-01
-1.107445258371084207e-01
-1.123696529059124982e-01
-1.176230767968953206e-01
-1.195052301289733776e-01
-1.202317766150825806e-01
-1.260342263815584785e-01
-1.236459488398590628e-01
-1.215633748323536600e-01
-1.119725484859964565e-01
-1.025895205971097124e-01
-9.396490994088103899e-02
-5.305770511474588308e-02
-5.294076599517057863e-02
-1.398053032730138361e-02
-6.170447518928849455e-03
-1.116278602547258851e-02
4.449326128532524009e-03
2.723234232428621863e-04
-6.756456768629943641e-03
-2.873941020678675868e-03
-8.437349105836777080e-03
-1.074832089461565110e-02
-9.077762523120170082e-03
-1.527306269530713696e-02
-1.480444992936664692e-02
-1.600793431251223628e-02
-2.773306641667885875e-02
-3.060209389541355962e-02
-3.870309669527208923e-02
-4.701169463619773309e-02
-4.977988844112747613e-02
-5.107771543072491677e-02
-5.483723162970243620e-02
-4.112807644532072426e-02
-3.631152838145870060e-02
-2.651339001615898860e-02
-3.265444107127549178e-02
-6.177487148208674062e-02
-7.201089049110986906e-02
-9.213308145029129592e-02
-9.913097401714519863e-02
-1.069477185538371539e-01
-1.101501530193748080e-01
-1.098376415014723773e-01
-1.060615302926205678e-01
-8.877569137960647505e-02
-7.436968183174208491e-02
-5.056641147705515094e-02
-2.812052282463327335e-02
-6.531860332225344033e-03
-5.469787485727356166e-03
-8.512878161305976153e-04
-7.327571613832682337e-03
-5.977240574567149051e-03
-9.900986890582197039e-03
-1.512226765072946164e-02
-1.529671028714781923e-02
-2.325371050588023389e-02
-2.394687344873270077e-02
-3.577678851247272779e-02
-4.132946382057379325e-02
-4.624766513072938595e-02
-5.837672854930921196e-02
-5.942429538401675093e-02
-6.339313103558293083e-02
-7.137468444787088695e-02
-6.646405180998640749e-02
-7.812485050237610862e-02
-7.504714534246746671e-02
-6.580693326475615945e-02
-6.846597376851797090e-02
-5.035298500717192566e-02
-4.498060025600343625e-02
-4.452601116744871884e-02
-3.135662820901850140e-02
-3.249287418894764023e-02
-2.785494518877367279e-02
-2.092977363040482777e-02
-2.270326777312282190e-02
-1.824402655149129360e-02
-1.763959509823719365e-02
-1.838968183555421756e-02
-1.648545394909877587e-02
-1.700689358337792098e-02
-1.842640524952851577e-02
-1.760280070239637895e-02
-1.909444830262812740e-02
-2.182770619220685340e-02
-2.233484143028462848e-02
-2.962151260863395488e-02
-3.320020906595882310e-02
-3.369286436135156965e-02
-3.947434082795354959e-02
-3.750887778017378271e-02
-2.065077249632334480e-02
-1.773175974798572863e-02
-1.723563955383738966e-02
-1.825422840416246473e-02
-1.954183513926473215e-02
-2.351234268952148015e-02
-2.336595084980912576e-02
-2.630194150580880338e-02
-3.317048865865469820e-02
-3.463382847008285303e-02
-3.666554687680843166e-02
-3.969218090491189593e-02
-3.235372232036066303e-02
-2.281945357312525902e-02
3.058532592313729405e-04
1.405516386461731250e-02
3.224844029165954695e-02
5.360663141935425452e-02
3.876815601787531040e-02
4.635429875076840789e-02
3.636678530929300657e-02
5.884951337473747109e-03
2.458279621485105412e-03
-1.975567559189815928e-02
-3.931458000464235769e-02
-4.225743107922007302e-02
-5.052069742322226609e-02
-5.265709194591168540e-02
-3.821969525753227126e-02
-3.300901159400403823e-02
-2.577775312046423628e-02
-9.226800441920207305e-03
-2.560642202518368521e-03
-3.918717489305116770e-03
1.620430083781890934e-02
9.788107703270591819e-03
1.112420181946323534e-02
2.246399142956642669e-02
5.959337401711895833e-03
2.240477079691751295e-03
1.175480394081508846e-02
3.511249201187216333e-03
1.457051207432269934e-03
2.701577126590948372e-03
1.013120510226090711e-03
2.636268737288397206e-03
3.240887608539483582e-03
7.742633567322153298e-03
7.017871073821940059e-03
3.569965162652912437e-03
-9.267193085757822676e-03
-2.378461119589520348e-02
-3.875021641208713230e-02
-5.189591793141811599e-02
-6.110692255120855204e-02
-5.672624618385735396e-02
-6.018964865867699326e-02
-6.317030802748394014e-02
-5.221808083445395737e-02
-5.378736364549317056e-02
-5.293292549411626746e-02
-2.821054533393135486e-02
-3.153581349349012658e-02
-2.416994636788579939e-02
-1.917076066841610568e-02
-3.301034082605052572e-02
-2.967897781733758525e-02
-3.576017269456854830e-02
-4.788192052032682472e-02
-4.430906393708879121e-02
-6.296706603945764757e-02
-7.655191317911272386e-02
-7.362645586005935050e-02
-1.430436012663780232e-01
-1.447892624706783593e-01
-1.745763207862437161e-01
-1.971074955554102393e-01
-2.022373730052577645e-01
-2.180877136960865104e-01
-2.298895993243855462e-01
-2.408289496690410036e-01
-2.542151256286846461e-01
-2.589966332480444500e-01
-2.669068029520004215e-01
-2.687981224419146997e-01
-2.621428213507970839e-01
-2.650330507762626020e-01
-2.503663467306622703e-01
-2.363874458633390407e-01
-2.228720132360579032e-01
-1.829699395645582871e-01
-1.686144498078629983e-01
-1.405055059099475090e-01
-1.239399646210192080e-01
-1.187004881363119685e-01
-9.928600559814393378e-02
-1.001150045395351046e-01
-9.296320086345247202e-02
-8.091065507942862833e-02
-7.484771612557457321e-02
-5.452309427804356151e-02
-3.541637051061910513e-02
-2.006512482749306034e-02
-1.959190753899284557e-02
-1.202982765849353215e-02
-1.327652524476211765e-02
-1.482016388125049870e-02
-1.424072074957769690e-02
-1.525546758825468627e-02
-2.163743648298052658e-02
-2.104806286202600546e-02
-2.465607222265070106e-02
-2.584829733429772763e-02
-2.527647220743751283e-02
-2.729887543981475082e-02
-2.390303424949356825e-02
-2.335857951446345185e-02
-2.236727778260256053e-02
-1.149386818165424630e-02
-1.020945824708381459e-02
-1.043187466693121105e-03
6.104117470141283593e-03
5.167881137559016298e-03
1.137488336170695488e-02
1.237720903373702719e-02
-1.449259726822377074e-03
-8.598672542704539207e-03
-7.901189187472118861e-03
-2.490234683474154206e-02
-6.260771992741679705e-03
-8.571338654445809571e-04
2.675941400733540792e-04
1.225166658813754868e-02
-1.191716286852010243e-03
-1.001115499014059232e-02
-2.365879415372528285e-02
-4.980876771194206465e-02
-5.687351118022297009e-02
-8.317757077003921917e-02
-9.350072473959672448e-02
-9.535603455551172614e-02
-1.080903712756885737e-01
-9.407916936820999443e-02
-9.554197631643691901e-02
-8.868753689936030582e-02
-6.924191505737624375e-02
-6.648560969791568465e-02
-3.161085076580949504e-02
-1.998027068855166150e-02
-1.370859128537473340e-02
1.843953459286666813e-03
-8.159713243177671438e-03
-4.632113678396348848e-03
-6.692393764105720143e-03
-2.107560447311435103e-02
-2.156863466062014512e-02
-3.649871162618677917e-02
-4.583219434157599637e-02
-4.912416159978445079e-02
-6.346636457400324505e-02
-6.604339214747603770e-02
-6.922739366424221497e-02
-5.681080576310429398e-02
-3.291392187220846394e-02
-1.507149367269832070e-02
-3.807097135495590007e-02
-4.415453123333553526e-02
-1.742934111805804348e-02
-3.137908265406919722e-02
-3.914288716976721538e-02
-2.431506299792021014e-02
-1.532933508449932543e-02
-1.983750596732055532e-02
4.479959458486681978e-02
5.090310655553437202e-02
4.744554297850556157e-02
6.472853494883092085e-02
6.398292463480563519e-02
6.583212927280383819e-02
7.165584758683499200e-02
7.106481190861775599e-02
7.345865507996877930e-02
7.526060505329833228e-02
7.606745596728844983e-02
7.768782313985510279e-02
7.948600048487375336e-02
8.138073650583679819e-02
8.313963964527056050e-02
8.781244004046802332e-02
9.003215834365524417e-02
9.533797572154507904e-02
1.047511824215878601e-01
1.049910192656779012e-01
1.210992071752696325e-01
1.212574593873311513e-01
1.186450907417918171e-01
1.244933690667489185e-01
1.190244916360339161e-01
1.183304827324143937e-01
1.167795337895992241e-01
1.063157456699944658e-01
1.047191495786139182e-01
9.436787667777334077e-02
9.196915340610496703e-02
8.020235905282822875e-02
6.791542103039092948e-02
6.587036793449151106e-02
3.471615680792772968e-02
3.272326170228760656e-02
2.820965255520871753e-02
1.885503134207104983e-02
1.835669079781660634e-02
1.791938256195943838e-02
1.534788146439723666e-02
1.562077504853651849e-02
2.228210270014551256e-02
2.280775525091013542e-02
2.471130371980422361e-02
2.744463292991098508e-02
2.773369706535954576e-02
2.588473328453123889e-02
2.645556019844442705e-02
2.582042255124650590e-02
2.539878279203292011e-02
2.545040948016140392e-02
2.514177736100390789e-02
2.507264558251557848e-02
2.502623768713105670e-02
2.493212771705372033e-02
2.491869095125703176e-02
2.488764374303259475e-02
2.486476963408365895e-02
2.485851764388309626e-02
2.484634415218128778e-02
2.484118716999266299e-02
2.483790504467011176e-02
2.483442388419589489e-02
2.483331202206700422e-02
2.483226047420706434e-02
2.483241566373232956e-02
2.483250509738864700e-02
2.483395179210613757e-02
2.483703469211690287e-02
2.483771446296137442e-02
2.484651016185716182e-02
2.485233728888849858e-02
2.485681117319937447e-02
2.489024061507317739e-02
2.488893312026486601e-02
2.492742958163361375e-02
2.502024422433392695e-02
2.497287318726751359e-02
2.518342283901165574e-02
2.535900788216840021e-02
2.517318542687983773e-02
2.593722585609381515e-02
2.623081112156116362e-02
2.519316770430282335e-02
2.800080309752145738e-02
2.850428593526475873e-02
