9.000177621374757034e-03
8.776274327286068613e-03
1.292957230807525310e-02
1.298590864946675381e-02
1.621261846033443532e-02
1.614014587616442731e-02
1.762432987608626711e-02
1.728026572418697379e-02
1.738600863677064803e-02
1.762886624498423427e-02
1.742733021950766334e-02
1.754317951562971503e-02
1.753939261573703862e-02
1.750770232205793933e-02
1.754459701560788856e-02
1.752977271477277471e-02
1.753229468716963058e-02
1.753863148418081247e-02
1.753439839466971670e-02
1.753818178917798676e-02
1.753796636676767384e-02
1.753987502746884655e-02
1.754197955047319402e-02
1.754101756591240971e-02
1.755193493780337483e-02
1.754716621789888936e-02
1.755563778830682153e-02
1.758520897760639315e-02
1.754962488586942621e-02
1.762713633962091631e-02
1.764517443047476306e-02
1.756526206844915769e-02
1.785984765197865670e-02
1.759252651846280463e-02
1.776143776415401929e-02
1.770949303017124374e-02
1.758816464971630494e-02
1.780048009910089810e-02
1.734445735628663277e-02
1.730874762349998014e-02
1.723713366057049584e-02
1.630265926499874923e-02
1.603697687492739929e-02
1.427391754637641688e-02
1.425386776949863314e-02
1.257793998806730311e-02
1.153725608267423819e-02
9.992576268810740570e-03
1.105452296053097659e-02
9.926613987426965643e-03
4.837758239170473519e-03
5.859168086303111027e-03
-5.271884138724171808e-04
-3.687327278485937661e-03
-9.293981050585249301e-03
-3.348903398112761803e-02
-3.894648688252035085e-02
-5.357031946663720623e-02
-6.480195656987762509e-02
-7.123909789348221999e-02
-8.185634127868524068e-02
-8.911578239462321360e-02
-1.025301482051829000e-01
-1.008609516901036313e-01
-1.032833351227871593e-01
-1.013567191098420639e-01
-9.795790554236041836e-02
-9.839964051680025192e-02
-9.112919458359684810e-02
-8.778775720445414210e-02
-8.350977516065090367e-02
-7.157182064978125091e-02
-6.881884230653269319e-02
-5.585543201063757068e-02
-4.805781886000488889e-02
-4.189525149765926243e-02
-2.984838867092570736e-02
-2.553573073652399064e-02
-1.632357169507689734e-02
-7.477642755573853106e-03
-1.837719051973042434e-03
7.362968920768375725e-03
1.247265276123316405e-02
1.864871975306646099e-02
1.638123630830684574e-02
1.649566885785800491e-02
1.608882504442467332e-02
1.728204505703587537e-02
1.501892474867450381e-02
1.341883160674205329e-02
1.429042259980491288e-02
1.345382335215106195e-02
1.000721274287186095e-02
1.058397993049392007e-02
1.017992840043490180e-02
9.883220475316164752e-03
5.559342420416850741e-03
-3.064121508687439339e-03
-3.848121656428077179e-03
-1.739950063810017863e-02
-3.040867821963513795e-02
-2.862569008847530225e-02
-3.908592423619319800e-02
-2.897495194888928191e-02
-2.668174150704495998e-02
-2.989100989850830212e-02
-2.653524018670196105e-02
-2.727917312490016344e-02
-2.560187985321815338e-02
-2.505860650127212166e-02
-2.392255024767102681e-02
-2.495333839172660106e-02
-2.874732085840275148e-02
-2.972014162776069612e-02
-3.356440665486938590e-02
-3.478151565061877309e-02
-3.680496002854478227e-02
-3.732092757490216434e-02
-4.251305017182104712e-02
-4.586177166826923418e-02
-5.107443237825382704e-02
-5.416970688949621082e-02
-5.407450155454858465e-02
-5.735879641826584219e-02
-5.238354141654143897e-02
-5.318820090305085430e-02
-5.305276632828145877e-02
-5.369639310507679647e-02
-5.208358388656549737e-02
-5.071090008804859245e-02
-4.928301042382023794e-02
-4.600473032984756655e-02
-4.374662310004981403e-02
-4.162401250054396235e-02
-3.850607087292046843e-02
-3.291323435445409756e-02
-3.192422889226780719e-02
-2.356115499172584116e-02
-1.993224611702151469e-02
-1.573501218462354523e-02
1.670206327548596353e-03
2.509766990672384485e-03
7.498922575775208640e-03
9.650544126973269188e-03
9.455052621200719584e-03
1.341256831576133172e-02
1.729655215305416979e-02
3.346423558959148864e-02
3.595094381797886429e-02
4.292856911881131471e-02
4.643870691575747306e-02
5.052707353216719793e-02
4.707840059456504939e-02
3.722392318225500873e-02
4.243270990643786822e-02
1.640110726227725704e-02
1.980492869150627180e-02
2.363156603744634432e-02
1.542787827076897052e-02
1.978612231075543154e-02
7.731832130596768757e-03
-1.652846699293189156e-02
-1.836812570173223386e-02
-2.992143005448644547e-02
-3.966063543370363514e-02
-3.193218246501324659e-02
-4.066548247464711607e-02
-4.717938426747612241e-02
-4.530905170871045440e-02
-6.209201865936700426e-02
-6.422722951244849710e-02
-6.498685427837080919e-02
-7.949518547769413024e-02
-7.450786442200330040e-02
-8.584288936847511708e-02
-1.043609138808233305e-01
-1.057910589213894442e-01
-1.332546226451593596e-01
-1.418691855279662906e-01
-1.445079094346929105e-01
-1.580301212022558188e-01
-1.509956424459932833e-01
-1.492716744200692780e-01
-1.448039567676404071e-01
-1.338788831269404900e-01
-1.238863121715622628e-01
-1.141691828697923988e-01
-1.080680114739014652e-01
-1.015599959113052814e-01
-1.065231893175343642e-01
-1.031648987511568222e-01
-1.031685158601472196e-01
-1.072876344740364557e-01
-1.015117468935540501e-01
-1.066009495047877537e-01
-1.080980014901344460e-01
-1.080927252233971625e-01
-1.223284812935765825e-01
-1.242942537762359578e-01
-1.325745554296396400e-01
-1.467841448388157999e-01
-1.468951955137492160e-01
-1.574208127238446442e-01
-1.588223816671102129e-01
-1.584001393972693239e-01
-1.642982064671038300e-01
-1.603478129997072676e-01
-1.619063193926058575e-01
-1.625446433015304282e-01
-1.571103016171954414e-01
-1.593943495778831487e-01
-1.541114920267440680e-01
-1.492612263892651447e-01
-1.490141373876665565e-01
-1.330866146022933461e-01
-1.314925453774460073e-01
-1.160031700321835640e-01
-9.691514657016594980e-02
-8.234189329181310080e-02
-4.446136152044335293e-02
-3.121898232562619196e-02
4.909954802626813331e-04
1.792754482732156207e-02
1.075427262450713399e-02
2.572375719123041679e-02
1.553118505736493862e-02
1.248642954293153855e-02
1.587190973952464293e-02
1.532346790401517035e-02
1.668708328167325255e-02
1.798484558559058921e-02
2.545849242166585771e-02
2.431932490344859352e-02
2.282009436406951669e-02
2.013000071401608443e-02
1.042981133670637349e-02
5.363523450833037817e-03
-1.077681244058951299e-02
-2.267966477934823394e-02
-3.382929182154850029e-02
-4.736075036573136193e-02
-6.321707843823004547e-02
-7.244445617238169655e-02
-9.473691406193016085e-02
-1.047904762720442973e-01
-1.042013400412968999e-01
-1.065625114508320648e-01
-1.056200406437668854e-01
-9.319283772420129675e-02
-9.167132139033513927e-02
-7.599868563312056624e-02
-5.721373025875584051e-02
-3.907486215830552334e-02
-1.443307838573074271e-02
1.257293763875535694e-02
2.247039129286911019e-02
4.560067401400679649e-02
5.060274368051703719e-02
5.968667918408961798e-02
6.885433761244903750e-02
6.900714300712891547e-02
7.685716298695842441e-02
7.355128093269698575e-02
7.250433392848944225e-02
6.874803428524649263e-02
5.638385757834960682e-02
4.371241975351610604e-02
4.561504620614091621e-02
3.918745684446541672e-02
3.088585682803603183e-02
2.602150223929869735e-02
1.756643801253571918e-02
-2.337469850094361663e-03
-9.886622107893898101e-03
-2.065004263745795141e-02
-3.396928740399941110e-02
-3.800198396913037624e-02
-4.649007250952649078e-02
-5.075270406628856756e-02
-5.547734032526982495e-02
-6.109471508456768701e-02
-6.856191951929080375e-02
-7.923141871938162162e-02
-8.770401754357261270e-02
-9.935811235935076979e-02
-1.148888288714274425e-01
-1.227769887135622962e-01
-1.312904675582225733e-01
-1.359913117973768903e-01
-1.348924554541701404e-01
-1.332955134081653670e-01
-1.299982688711130985e-01
-1.267272538825101047e-01
-1.206211209024567188e-01
-1.179340417084557696e-01
-1.152109977426014481e-01
-1.108460108349960949e-01
-1.102707172561263188e-01
-1.055986603096863569e-01
-1.032405213856790044e-01
-1.014687472133402046e-01
-9.467873020271855289e-02
-9.458154723429428035e-02
-8.829276219401384351e-02
-8.248300644936783221e-02
-8.042558116120457345e-02
-6.921622459866179355e-02
-6.296044766679353977e-02
-5.530422179749047012e-02
-2.679972668247702916e-02
-1.807056961394043829e-02
-1.105930501463041858e-02
9.462075937327603034e-03
6.427717667564474512e-03
1.979622014922709922e-02
2.131856888493600249e-02
2.646212744500838279e-02
2.995211557121542356e-02
2.148358067461620183e-02
2.134658712083977242e-02
2.117143872703633120e-02
1.899772367109156881e-02
1.856394758916575169e-02
2.038827582120800522e-02
1.649024717010642155e-02
1.941802234881112935e-02
1.895057517214054563e-02
2.205747962038523760e-02
2.045326399714937973e-02
2.352150615169425196e-02
2.049925362440543908e-02
8.181990831562579308e-03
4.254321223668638768e-04
-4.647334414908747477e-03
-3.160719248711110069e-02
-3.708521688438291136e-02
-4.122294593150514774e-02
-5.180521258225172232e-02
-5.462323798683715870e-02
-5.254653109230988939e-02
-5.850134006144119131e-02
-5.690310201475372309e-02
-4.143449206462047896e-02
-3.938301472614613719e-02
-3.010535807156584920e-02
-2.191446534113878145e-02
-1.826549446830280296e-02
-1.067916874136943042e-02
-2.354867575303372287e-03
-4.092319179607772418e-04
1.043294323899398614e-02
1.107643972076299138e-02
1.168545104024284846e-02
1.537182895290709929e-02
1.479338396710433434e-02
1.593579712527871950e-02
1.696957940075029259e-02
1.691089275166804407e-02
1.782784788748204355e-02
1.851177496022955726e-02
1.851539269044922068e-02
1.960445499845487466e-02
1.932799603164494021e-02
1.983514564314605225e-02
2.018827947134922696e-02
1.931084192427996032e-02
1.947745863165146335e-02
1.946984296720716962e-02
1.930536666716255872e-02
1.937976667111992665e-02
1.934162732567986515e-02
1.932209805828175378e-02
1.933798088615966068e-02
1.932173307026256726e-02
1.932306646900720098e-02
1.932418010272777403e-02
1.932018725853750299e-02
1.932231110275427904e-02
1.932307348047210965e-02
1.932232632089414884e-02
1.932736273179655115e-02
1.932951843159297356e-02
1.933036857679834922e-02
1.934939075155976337e-02
1.934423502363917524e-02
1.936429935235929253e-02
1.941633628821445162e-02
1.937051635023466500e-02
1.950954147982086537e-02
1.957933473709059374e-02
1.944337911265042046e-02
2.001409596780742706e-02
1.999926523613284116e-02
1.949530040544432061e-02
2.150407481348050667e-02
2.184116779634025229e-02
