-3.652807011396244402e-04
-3.512862983726640570e-04
5.483243970436930525e-04
7.601098756526315911e-04
1.580627873404682321e-04
1.063884119406921817e-04
-7.419120588127029250e-04
-8.703574927761345559e-04
-1.092249022458725849e-03
-1.350939715905757421e-03
-1.388834342253296049e-03
-1.512680676665843554e-03
-1.553435363414240687e-03
-1.564125238912203149e-03
-1.588442247230622932e-03
-1.511785127424828583e-03
-1.510971227302289246e-03
-1.392796092014234304e-03
-1.189759889893007893e-03
-1.225525453982568430e-03
-6.890262395889194770e-04
-7.543151951938270074e-04
-5.603906405680740815e-04
-5.118002293659695487e-04
-5.164390317750215719e-04
-4.186166058360532181e-04
-6.791870014628786879e-04
-4.578921981491706279e-04
-7.377194449919396340e-04
-1.215547339588056658e-03
-2.712212996442693147e-05
3.288763959285237719e-04
7.946514006821063687e-04
-9.476660780273802416e-04
-2.869027123515189084e-03
-9.962215089123678882e-03
-1.153196166342942280e-02
-1.446201990002684776e-02
-1.669345520166112470e-02
-1.809493539503253048e-02
-1.818304436296858118e-02
-1.951890790735880121e-02
-2.024133558221087245e-02
-1.977555323831037964e-02
-2.184776523188821165e-02
-2.101897533148296138e-02
-2.085368868765672887e-02
-2.527443987834664466e-02
-2.263612422397824273e-02
-2.493636863726771818e-02
-2.409346496437804463e-02
-1.766929832480532148e-02
-1.718314261258058542e-02
-7.686046288148605000e-03
-5.203270413904156032e-03
-3.978610349555499609e-03
7.783429295896450700e-04
3.220318241039097761e-03
5.370170571703291977e-03
4.541859345556402590e-03
-1.168092881331626951e-03
-1.695974804684354572e-03
-3.853577123516668205e-03
-4.006314308575158016e-03
-6.359929808872800830e-04
3.873894532139705252e-03
9.541370030944596251e-03
1.157636288094690373e-02
2.132071665305118255e-02
2.626105028092326835e-02
3.314642788269520773e-02
4.384165644786480048e-02
4.618459978183155068e-02
5.427962143971167691e-02
5.724375413072058799e-02
6.028256964882523772e-02
6.507424324033152241e-02
6.049885686530939027e-02
6.313637832842386444e-02
6.076652599032848073e-02
5.185970492191039477e-02
5.018951005494290407e-02
4.410759406402059435e-02
3.984986761225572938e-02
3.708352142280779001e-02
2.950136335102770957e-02
2.349458936855365956e-02
1.907532216461775218e-02
1.542443330689179104e-02
1.026280639767307781e-02
8.201536589293364696e-03
5.171022247752840757e-03
4.360589644750586906e-03
3.804058989874874695e-03
4.093451977787963998e-03
2.312498237076111851e-03
2.642038592857115595e-03
2.594673041680531020e-03
-3.537385333689869234e-03
-3.200223368957362795e-03
-2.736585169246105557e-03
-4.459060805783864045e-03
-2.594739156615121899e-03
-2.929175883428267613e-03
-1.997880627860671929e-03
-1.074503430905588428e-03
-9.222257467036314767e-04
5.320384178208795427e-04
3.951169690348977780e-04
1.045833935628485631e-03
8.680380517603129538e-04
8.956699905715360174e-04
8.789476476999561003e-04
2.431974101291368030e-03
3.992663984312953655e-03
5.140500764855690172e-03
7.218697269822255298e-03
1.036424106407191938e-02
1.390721800296827911e-02
1.343428869242535052e-02
1.387393640679338708e-02
1.264639192049799368e-02
9.293476542952651756e-03
8.015537547498018806e-03
2.679143651467870684e-03
-1.544151813427680365e-03
-4.507553692591448682e-03
-9.677776406504749046e-03
-1.399206554352188346e-02
-1.549054378668538248e-02
-1.347059541050407531e-02
-1.305194244158244810e-02
-1.397622426768842067e-02
-1.275255673702651964e-02
-1.362183786323284060e-02
-1.439285306167523669e-02
-1.421722072276655410e-02
-1.514808021135518636e-02
-1.596840855754752889e-02
-1.584583977234645807e-02
-1.773773259780380210e-02
-1.843996137803736307e-02
-1.847567840428577385e-02
-2.370370971091924003e-02
-2.479547900468008492e-02
-2.497061816630706185e-02
-2.701550645974374124e-02
-2.673447539667271958e-02
-2.124757742203696800e-02
-1.848278466020487898e-02
-1.341589395594314053e-02
-5.687968837067538391e-03
-4.294840441420417869e-03
-1.534360555921090649e-03
1.596109199317265453e-03
-1.277282775457635198e-04
4.996806004254430750e-05
-7.931725407619741276e-04
-4.605179597605907511e-03
-5.507902942678436463e-03
-8.756395477503516045e-03
-8.044765570630850460e-03
-4.020698393582941912e-03
-2.747655960875071239e-03
2.628377942998221060e-03
7.628300035953818233e-03
1.133088973793172291e-02
1.441607985748358245e-02
1.627269420507179709e-02
2.061925277102135204e-02
2.095882867232643984e-02
2.089060536859695463e-02
2.211273228430905846e-02
2.051236168731671722e-02
2.249040057880890772e-02
1.946353580681242645e-02
1.886539605783977419e-02
1.811691207468025394e-02
1.686947815957582156e-02
1.949098464741462131e-02
1.833603261316995442e-02
2.068571401489494727e-02
2.153925723132884759e-02
2.164392419455242120e-02
2.505425380005696714e-02
2.415664832338613316e-02
2.700053494989069006e-02
2.900541630767929785e-02
2.126421863775787915e-02
2.244238650130589430e-02
2.725954315526393085e-02
2.816162356823808874e-02
2.988023459063127510e-02
3.187319234819232378e-02
3.427061797634262802e-02
3.783205070009174747e-02
4.120847242448531095e-02
4.571209448085702259e-02
5.225561622389774535e-02
5.873320636840555220e-02
7.692018275929764226e-02
8.976807575293713204e-02
9.158096405027001119e-02
1.023728931413602911e-01
9.861827686739037258e-02
9.857606762158369063e-02
9.863824989598607429e-02
8.846050601774196886e-02
8.485906438291404563e-02
6.891715238879091154e-02
5.401989020978774370e-02
3.074065507585708665e-02
2.317021126766482045e-02
1.249196373132508212e-02
5.637971201541336005e-03
4.629776298512892733e-03
3.494852792701897836e-04
-3.364677946366231853e-03
-4.464747345657541465e-03
-7.597005737459524427e-03
-8.154974432940553797e-03
-9.586376052606010445e-03
-9.853555365503864974e-03
-8.414568438759626595e-03
-7.867094636718460765e-03
-5.292566362701705759e-03
-1.494278983094396614e-03
7.764625698685536119e-04
5.282243788376749134e-03
6.732239189380315354e-03
1.229937052972890354e-02
1.313666408658830352e-02
1.905575707501748484e-02
2.680815789675317085e-02
3.128901685513291175e-02
3.816810846502761978e-02
4.077476248366265071e-02
4.435703362531317334e-02
4.937103001926979040e-02
4.975860551795247694e-02
5.677095519669719814e-02
6.008951643767480866e-02
6.057921013823334283e-02
6.124958479293646924e-02
5.958020655664063997e-02
5.784106220392616626e-02
5.685041808068706792e-02
5.286875173531409983e-02
5.042130999427115595e-02
4.721632919171860066e-02
3.980432454438632972e-02
3.587312554335633785e-02
3.320268111938187022e-02
2.855097848355660911e-02
2.057860077955005890e-02
1.741400827730351167e-02
1.383998367119541363e-02
7.838499618870850907e-03
6.561050638003233272e-03
2.901536288310762116e-03
1.762868108998409374e-03
1.831500845839657008e-03
-2.327641012859283439e-04
-8.508560655143495742e-04
-1.141434201612182659e-03
-4.832965874585604289e-03
-4.927596822629979993e-03
-7.412538588297126925e-03
-9.334234882728300459e-03
-9.498044450326261282e-03
-1.212995657607866644e-02
-1.347563004335815967e-02
-1.313104191123531245e-02
-1.899994486963085469e-02
-1.837807633790169634e-02
-1.717024923712770490e-02
-1.731258153135157435e-02
-1.216864562038347426e-02
-1.157882962401745285e-02
-7.524237555994753301e-03
-7.180613588570840256e-03
-7.137907827366784218e-03
-8.019218081363204201e-03
-7.181342035586723953e-03
-5.068448195944079242e-03
-4.482718838036033049e-03
-5.988822537677297199e-03
-5.064444189822436826e-03
-2.254848489614055731e-03
-1.936319626593001157e-03
6.839890115495854796e-04
2.131904197437879851e-03
3.115292901561985631e-03
3.732793387122572588e-03
3.549421151809731539e-03
5.064720393649661465e-03
4.179774540697194299e-03
4.415581367025744018e-03
6.806259841922922271e-03
4.302075906304055931e-03
6.612977552037187581e-03
9.526577081123156418e-03
7.084694679404176035e-03
1.921361583502332465e-02
2.603115419522995799e-02
4.219328540967958591e-02
6.587686205849656307e-02
7.766297729364429747e-02
9.675077839342824393e-02
1.074595428468234914e-01
1.239048622305114755e-01
1.317508486772801246e-01
1.405206064230253848e-01
1.498851280369389027e-01
1.539849855552610225e-01
1.598034959278310518e-01
1.639441638829187975e-01
1.648607756964685089e-01
1.667782280614049095e-01
1.668663938432739802e-01
1.633995233290582438e-01
1.623661448499257864e-01
1.569563664340031806e-01
1.487131948187450370e-01
1.432689141317832482e-01
1.322403926237724348e-01
1.257380313566216490e-01
1.160528777232882752e-01
1.053990659910862410e-01
9.994791832587492098e-02
8.630546760110033300e-02
8.249670538131448350e-02
7.094988143463273889e-02
5.725902531146911251e-02
4.996045000858904267e-02
2.900421861496136483e-02
2.244893375207885483e-02
1.235506290811502240e-02
2.612583523584196318e-03
-2.599078433640159263e-03
-1.036357962460361139e-02
-9.475197252367393783e-03
-1.451692318182598238e-02
-1.612459841868076407e-02
-1.212789665651215973e-02
-1.399977114505728502e-02
-1.131956424243394169e-02
-1.103818278110778144e-02
-9.099312320429119028e-03
-6.113194090089354993e-03
-2.170455859665224811e-03
9.898249279864693509e-03
1.493547331984631382e-02
1.884020894817229827e-02
2.484306726946367352e-02
3.011131807089885079e-02
2.712964565907609316e-02
3.573331491610477750e-02
3.057198275566750181e-02
2.616339665983053592e-02
2.824574326626654724e-02
1.003505170923542529e-02
1.358918297689818040e-02
2.444841501146400101e-02
2.609211943603037889e-02
2.778862883933082284e-02
2.584444977263987073e-02
2.292779566474132530e-02
2.431802785058878591e-02
2.173050358342796043e-02
2.249857306547996608e-02
2.197065599277986392e-02
2.089059326120649984e-02
2.143437616716007896e-02
2.037463337022169668e-02
1.984662172836448163e-02
1.994976277914087964e-02
1.883679961329365674e-02
1.910729718460160015e-02
1.771113558058207138e-02
1.724332192493868016e-02
1.685503269216671179e-02
1.587832206049659411e-02
1.568549201742376262e-02
1.508507054941781063e-02
1.451351449235369073e-02
1.426138065615231709e-02
1.366527645810822027e-02
1.322311898061452780e-02
1.289083181410071929e-02
1.223444297297500601e-02
1.180206739619677966e-02
1.134592526987730950e-02
1.046426219065214012e-02
1.010698698344647366e-02
9.241085686916153744e-03
8.235484213410335791e-03
8.037781715184573808e-03
6.699775334624678488e-03
7.112201725805243450e-03
7.516108616395125556e-03
7.762638538614329876e-03
9.301043524682734917e-03
9.455014844606639268e-03
1.153293511484071790e-02
1.217122283877021538e-02
1.018366397089065338e-02
1.047203820615284081e-02
9.550591196851872244e-03
8.208256804121516481e-03
6.609934892777316086e-03
5.897645629188633457e-03
2.412179414639165423e-03
2.247855568108366765e-03
2.346608268547843278e-03
1.313179452265387289e-03
1.500682479613492729e-03
1.175666307951648681e-03
9.296818162085086767e-04
8.131942389910918299e-04
5.928369129369674652e-04
4.039251795099252276e-04
-6.019184436246066060e-05
-8.003502407994934019e-05
-9.236476420306555159e-04
-1.634854322275056939e-03
-1.596972311613266762e-03
-4.751780127285817022e-03
-4.826365514120114532e-03
-6.802365233926197310e-03
-8.064029484941531711e-03
-8.399618292470135972e-03
-9.859203631757094966e-03
-1.056067924615767227e-02
-1.070091314515484761e-02
-1.285312336532395960e-02
-1.250011116719360570e-02
-1.347245532084630389e-02
-1.744279364938840574e-02
-1.441188515154160667e-02
-1.498611813073020584e-02
-1.506715148677713334e-02
-1.398695005569330907e-02
-1.432660603448747752e-02
-1.380417049786831878e-02
-1.350318239557672488e-02
-1.323328066096013562e-02
-1.276727473886390789e-02
-1.241679489713155490e-02
-1.152174516505008982e-02
-1.124781251732645537e-02
-9.986063262747552766e-03
-8.536903015868508096e-03
-8.435230102174964828e-03
-4.397147302194558127e-03
-4.237572755589765448e-03
-2.976704871229506229e-03
-1.611678254230474415e-03
-1.301873317706700190e-03
-3.880804183980524351e-04
4.157052161798915793e-04
7.749715128670579085e-04
1.691300701218756853e-03
1.819377415404269420e-03
1.375318585360884921e-03
1.669658363884198244e-03
1.433291386382513173e-03
1.355058633655998462e-03
1.295187895781196559e-03
9.766947308260782133e-04
9.451729803631415613e-04
4.132843527810732163e-04
2.609900250943878933e-06
-1.775164014029966019e-04
-1.982216821967056238e-03
-2.324473311923211296e-03
-2.338428170560333686e-03
-3.372595184221202028e-03
-3.291844637980629196e-03
-3.521476434120729762e-03
-3.778481725223397161e-03
-3.763934694135409337e-03
-3.905903161341322746e-03
-3.957066547016230458e-03
-3.980073872992468016e-03
-4.034191655562452752e-03
-4.046646805948188493e-03
-4.066629294642553835e-03
-4.083474554153344871e-03
-4.091131960525507677e-03
-4.102344785249337732e-03
-4.107680145707553500e-03
-4.118393068206578113e-03
-4.122357236108155701e-03
-4.129358565839989954e-03
-4.150572555925124453e-03
-4.140057744681681709e-03
-4.178647527985451110e-03
-4.203330044119928111e-03
-4.169158310296459599e-03
-4.331696193056915403e-03
-4.254522121726527460e-03
-4.304202887579637420e-03
-4.731007365263321073e-03
-4.165163451607544268e-03
-5.029772022568762026e-03
-5.274536795716742305e-03
