4.678202944826436172e-01
4.930071655239486317e-01
7.723206395303487959e-01
8.035932681722081083e-01
8.005719121574602637e-01
8.448359146704400580e-01
8.185785009015570379e-01
8.310558607503324424e-01
8.359991912633892852e-01
8.282443246386311797e-01
8.363169535438899072e-01
8.340856751799747837e-01
8.340144336967121319e-01
8.370900646541195034e-01
8.353709044820289975e-01
8.372413918985569525e-01
8.388424199738506726e-01
8.374498522262631139e-01
8.421699512242962760e-01
8.415065497160142405e-01
8.393349864740092814e-01
8.388830264194103714e-01
8.234729898674045812e-01
8.236625232629508631e-01
8.149569847649229537e-01
8.031065301519788591e-01
8.050830014288955505e-01
7.815259772058412713e-01
7.736544216426008980e-01
7.605681127880642434e-01
6.973394237148137220e-01
6.704964050858795988e-01
6.383360961616261209e-01
6.157510683009048691e-01
6.604762111330716445e-01
7.577066885721750467e-01
8.199323153896029837e-01
8.299636283970457384e-01
9.143469028027719769e-01
9.122684373966819527e-01
9.138958243917623125e-01
9.181021709563406130e-01
8.983634276804566277e-01
9.034068503423730023e-01
8.911192705010528847e-01
8.864100294123045121e-01
8.886384829761316828e-01
8.748927999212793294e-01
9.049557372929601939e-01
8.959498292480798654e-01
9.403108753577555934e-01
9.847862086902899881e-01
9.956261829400731012e-01
1.250761818304225281e+00
1.243962826356243223e+00
1.255518113632543509e+00
1.343207540192173477e+00
1.128365382260527516e+00
1.080364371981269667e+00
8.938171315267812167e-01
4.647641045837722085e-01
4.054057526539408540e-01
5.185691675601389328e-01
4.494773118015862878e-01
4.771955541978350479e-01
4.585663392083906276e-01
3.426521556320868966e-01
-3.030377029469007166e-02
-3.514367236359325908e-01
-7.611222692944235035e-01
-8.281634622030932258e-01
-9.455920914654076803e-01
-9.506720049085488622e-01
-1.000804096311963542e+00
-1.023351594205607284e+00
-9.885725425736194838e-01
-1.006580379896143906e+00
-9.707411820490684518e-01
-9.384450147187526348e-01
-9.358703382044525343e-01
-8.647638621464122100e-01
-8.445796043773414752e-01
-7.829662802210507477e-01
-6.785452596499955691e-01
-6.193162912222934802e-01
-4.183117303118880637e-01
-2.220210481850326822e-01
-2.055504177446297598e-02
2.138428566005112774e-01
5.659945659277758612e-01
6.641152174984018552e-01
8.842806497838805457e-01
9.296575738375274511e-01
8.148918701183923696e-01
9.106577350911343460e-01
8.270628867062291834e-01
6.045239455647241078e-01
5.967077985156937769e-01
2.502080567505853004e-02
-3.048699303595570412e-02
5.034366503892283989e-02
-1.138564485363529194e-01
6.324648561208286168e-02
9.680260998116312077e-02
4.557462255057710687e-02
2.134705092425192574e-01
1.717780431991038637e-01
1.567569912526673437e-01
1.200556394335393073e-01
3.589290507116362633e-02
-3.087500609834558860e-02
-1.034230947400195527e-01
-1.818554177478906853e-01
-2.797363433400785748e-01
-3.673933845913515683e-01
-4.954419074026962799e-01
-5.332284235734545685e-01
-6.229266762685096159e-01
-7.135957952101311674e-01
-6.723873577670846924e-01
-7.458963030519281112e-01
-6.928984474172181773e-01
-6.134756320299877830e-01
-5.994985139780442118e-01
-3.544972582121249660e-01
-2.371982611499024174e-01
3.065114657006072496e-02
3.524283817624798698e-01
6.116243901720572751e-01
8.764252180521958646e-01
1.042259711321788407e+00
1.177055941301065056e+00
1.160143676160218407e+00
1.102404713021709171e+00
1.082090674279520215e+00
1.056049314034658737e+00
1.023938273550777822e+00
1.013508026817238949e+00
9.776433299012468048e-01
9.655285712861813030e-01
9.364001531871792849e-01
8.984655559831082883e-01
8.906752196180972581e-01
8.227210357471802515e-01
8.116246945328631224e-01
7.668959619841806408e-01
7.021653839557505661e-01
6.951587867343234084e-01
5.852855339778905153e-01
5.399131018742482357e-01
3.725780595413031304e-01
2.131421363257685331e-01
1.561205784661527651e-01
3.298693417073460254e-02
-2.338391660648293791e-02
-4.657011751920461795e-02
-7.618943967882645107e-02
-5.618282446177067652e-02
-6.618364871658230508e-02
-6.913827765479194087e-02
-1.932486223695340649e-02
-8.548133744191370453e-02
-2.161618057366165302e-01
-3.575116580218516971e-01
-3.589919506013443118e-01
-4.391367268515925515e-01
-4.317384725269937662e-01
-4.107246526396144404e-01
-4.414585893151940499e-01
-3.751975243823543749e-01
-3.607076790164089886e-01
-3.126405617616386245e-01
-2.025573812697783194e-01
-1.347089491591756394e-01
-1.213720159982642349e-01
-5.211794992325657211e-02
-1.071580098960715766e-01
-1.232472799806642316e-01
-1.516240308075748333e-01
-1.901686565635214987e-01
-1.809863317953667727e-01
-2.002357816977950178e-01
-1.946934400092249495e-01
-1.645896766343481199e-01
-1.802665240000943803e-01
-1.390469163593452684e-01
-1.067746068307207363e-01
-1.021120425932250386e-01
-3.586933260390538086e-02
-6.757042853924900838e-02
-2.270157197556732509e-01
-2.560055333680618661e-01
-4.077191821624689960e-01
-5.005598422428244598e-01
-5.048497374959211026e-01
-5.785223952623915755e-01
-5.472107668512036227e-01
-5.388978075179645666e-01
-5.089799515880225611e-01
-3.909550566603156030e-01
-2.416332231417105125e-01
-9.075636360147552872e-02
-7.314237590061198335e-02
-4.431178064748812241e-03
1.116233566721426020e-02
6.524429597614911369e-02
1.207992833600112642e-01
1.575654589939201600e-01
2.394115629778866827e-01
3.281095652721420231e-01
4.206057045379401060e-01
5.982921873235012011e-01
6.518333987800322138e-01
5.414242581082534533e-01
5.593925185885251228e-01
4.274369175510090435e-01
3.370631904371064191e-01
4.761092538013303455e-01
4.198991060351387472e-01
4.496431533901787958e-01
4.713357355154594863e-01
3.945002620902305357e-01
3.880770953872031415e-01
3.114925759879469958e-01
2.400169692499447838e-01
1.903906093527234500e-01
9.516420201856590211e-02
2.829965835297370766e-02
-2.333906712618251389e-02
-9.442746807948711185e-02
-1.812999489742439796e-01
-2.335763947643857696e-01
-3.544350378261400536e-01
-4.417912385288297328e-01
-5.236946564918907310e-01
-6.223595553832553806e-01
-6.675184778142336794e-01
-7.431630168552325610e-01
-8.037914627120511524e-01
-8.188928501015045880e-01
-8.974218697412797985e-01
-9.019534535085748095e-01
-9.213711115262203100e-01
-9.268281655889525350e-01
-9.152462971956417670e-01
-9.276028504890696524e-01
-9.145575173836256733e-01
-9.037469538963754934e-01
-9.094580728628354205e-01
-8.742027793517398448e-01
-8.628846509933155717e-01
-8.301707493903471846e-01
-7.186771951992108054e-01
-6.733715954322150310e-01
-3.916333366033248331e-01
-2.451072428170387174e-01
3.251114795554995839e-03
2.911734454888245671e-01
3.970459631457933236e-01
6.924402636952211587e-01
7.392156494884947193e-01
6.452383524454221586e-01
7.257967769293235394e-01
5.976620073523670751e-01
5.829775932309357867e-01
4.922562314905207792e-01
4.573059579682672293e-01
4.367811593237481138e-01
3.852838802044511457e-01
3.604238007079338946e-01
3.520862490911448317e-01
2.930636623709060862e-01
2.913869912997520961e-01
3.011886342757886803e-01
2.746621003092312163e-01
3.835005420498272533e-01
3.531720544849384913e-01
3.449433614068136422e-01
4.318077026927360507e-01
3.503730807046463447e-01
3.951477994016820983e-01
4.037473342374715557e-01
2.017543481442111153e-01
4.252715224921584380e-01
2.910149883005385130e-01
2.023466529374309264e-01
-3.027833472277497578e-02
-3.210758632940192703e-01
-4.161810966847953597e-01
-4.333110971961275371e-01
-4.955712503617692999e-01
-4.050979415694069274e-01
-3.273061823376476887e-01
-1.844071244373354512e-01
1.300689754690505240e-01
3.703707328222175521e-01
5.015206042348582249e-01
8.837393891247669053e-01
8.128143856766412156e-01
9.804875313561205452e-01
9.889433322243146307e-01
2.003456303347465883e-01
3.036878383403101567e-01
9.931683491532194985e-02
-9.565053190482629419e-02
-2.598818788748972208e-01
-5.205578087936727494e-01
-5.834467488590231454e-01
-6.404021081623517686e-01
-6.592364386725554359e-01
-6.292037058301014341e-01
-6.336235052326886219e-01
-6.484309955005747028e-01
-6.376495254496943321e-01
-6.573084930043573415e-01
-6.624707167177075195e-01
-6.700672775629886724e-01
-6.852962533703373937e-01
-6.974031243182440276e-01
-7.101007275380225581e-01
-7.257971848274686888e-01
-7.474432659974543647e-01
-7.517601391807385847e-01
-7.760130232324840005e-01
-7.765981193326543242e-01
-7.447568612246160402e-01
-7.486543073018929739e-01
-6.942191385363387646e-01
-6.618855863551788010e-01
-6.209367624930240970e-01
-5.280675720473537726e-01
-4.803529826059235730e-01
-3.880416350747303844e-01
-2.958438015722935632e-01
-2.084707591343336330e-01
1.117912145398582968e-01
2.713408113361188145e-01
5.365545508869593583e-01
8.143735478140047279e-01
1.013157084456393298e+00
1.335772290024621167e+00
1.410990653169299724e+00
1.614181593966094841e+00
1.647545193128034047e+00
1.474172647666346148e+00
1.469590181454984323e+00
1.312963934579263858e+00
1.197779619472031154e+00
1.059231787335316755e+00
8.319952845213363091e-01
7.691911621842406621e-01
5.506636891561902392e-01
4.557319749885517246e-01
4.307996934015351775e-01
3.247393273191072072e-01
1.702622416327699284e-01
9.435285382402336385e-02
-8.569847692345869405e-02
-1.548063288895806244e-01
-2.256273491369359396e-01
-3.461635900034249480e-01
-5.062837475726036374e-01
-6.911625334549394983e-01
-9.251523564023240720e-01
-1.109623122711462129e+00
-1.163882292486486891e+00
-1.274285257925186654e+00
-1.277457229501474112e+00
-1.343228334632537990e+00
-1.362255665868332022e+00
-1.356720886988806329e+00
-1.375599566117350125e+00
-1.366570807779734276e+00
-1.367783723104718741e+00
-1.370261398903854566e+00
-1.359284307157492933e+00
-1.361683206689820791e+00
-1.350387429176051590e+00
-1.342513718737681216e+00
-1.339285363819637364e+00
-1.327498563089606121e+00
-1.324888834044428032e+00
-1.318250524791317879e+00
-1.311712154838502231e+00
-1.309918613240077523e+00
-1.303055570616296732e+00
-1.301007377524162623e+00
-1.297314119789377385e+00
-1.293129982504614972e+00
-1.291939574489991971e+00
-1.287016682906577447e+00
-1.285754657316143579e+00
-1.282126006170765331e+00
-1.278140926002367506e+00
-1.276557870653131088e+00
-1.269071494999713501e+00
-1.265644530398378320e+00
-1.256640807735168286e+00
-1.242561038213119362e+00
-1.228392017794922353e+00
-1.144989842900789201e+00
-1.103301203543859854e+00
-1.025776543023845022e+00
-9.386523222468986516e-01
-8.456596047326691012e-01
-7.203895248004300589e-01
-3.886839131679075687e-01
-2.219223280661691278e-01
4.786979789489736320e-02
2.542435454899368286e-01
5.864971154399704067e-01
7.497300570560111455e-01
9.607864323232608861e-01
1.040673660923941313e+00
9.484721738780192979e-01
1.033099953975917806e+00
9.933913970268860583e-01
9.720479245072847219e-01
9.925220947579393993e-01
9.460447046639445245e-01
9.286427777207035827e-01
9.136339538775438696e-01
8.477574551078914666e-01
8.117949301419661312e-01
7.617683292485296631e-01
6.341614004711088048e-01
6.064158449181790145e-01
4.911546415537438315e-01
4.722835679219914984e-01
4.282156447747897943e-01
3.781434195515647745e-01
3.575590978741877701e-01
3.152949438541448601e-01
2.817064260248315355e-01
2.389000408238479700e-01
2.025317121468721004e-01
1.404159235523195770e-01
8.576105196887660875e-02
4.719436010335768816e-02
-1.425195106408976183e-02
-7.641488177865365765e-03
-4.114362104709302220e-02
-5.465430078092205213e-02
-5.515309061968477061e-02
-7.462907801514982731e-02
-7.496232023449551918e-02
-7.947028215044460442e-02
-9.100723451790046492e-02
-8.763230999931496956e-02
-9.593112700868319798e-02
-1.052832968232860211e-01
-9.716218185398574347e-02
-1.184523842371868058e-01
-1.123935785349176042e-01
-9.416246545661255407e-02
-8.966609613167314530e-02
-3.004506855889094510e-02
-5.553200271233186408e-03
1.443904876965964278e-02
8.374765625301561212e-02
9.557843397054421875e-02
1.414402940429429489e-01
2.442046235275379673e-01
2.737175624506547611e-01
3.447699828777945341e-01
3.890901128110698659e-01
4.164020474995062671e-01
4.701651390354493198e-01
4.856313782524149802e-01
5.321062891606053169e-01
5.696893084462989476e-01
5.930741303053109759e-01
6.714078147741153746e-01
6.844652816769228876e-01
7.392633400408479272e-01
7.612401853347608993e-01
7.545388693153239901e-01
7.843220541723379124e-01
7.786985411592221018e-01
7.802133115155388543e-01
7.880109379461250896e-01
7.840222890212577012e-01
7.876409305829616958e-01
7.883894252783659740e-01
7.876410656075224503e-01
7.893514502225952301e-01
7.887680013995804762e-01
7.891082411596377355e-01
7.893326224999519525e-01
7.887072100560618138e-01
7.892835406868361492e-01
7.881370631290969264e-01
7.879722472987883419e-01
7.881684255197184408e-01
7.846845417437737780e-01
7.868512603517434645e-01
7.830203561871630358e-01
7.778228444375934192e-01
7.846582666354764424e-01
7.652872122111662456e-01
7.700254405772342103e-01
7.711350341149311172e-01
7.203111485805017145e-01
7.702867789419834965e-01
6.964008690645150379e-01
6.301317305552718295e-01
6.824527475747577121e-01
