-4.889559489213878701e-02
-5.048366249101952224e-02
-8.801066375327648572e-02
-9.175511686289664071e-02
-9.113924821889236860e-02
-9.824666221972949698e-02
-9.435893273881182375e-02
-9.624790425160549556e-02
-9.703295315080824601e-02
-9.616042538814070784e-02
-9.709270053803108202e-02
-9.693581798661027316e-02
-9.692977093192828297e-02
-9.717387260308492369e-02
-9.707607384750399637e-02
-9.715169432478984457e-02
-9.718359698539452696e-02
-9.716291259614250053e-02
-9.719394430236753812e-02
-9.718190143144306292e-02
-9.718048657122360656e-02
-9.717233530907487538e-02
-9.714358204465985136e-02
-9.714176090719726930e-02
-9.707072041851623478e-02
-9.703529490545743930e-02
-9.700076247799213625e-02
-9.676645849110664110e-02
-9.681619268136462675e-02
-9.650791057350659174e-02
-9.601486525363098212e-02
-9.638018795933600558e-02
-9.475043034705712963e-02
-9.466736596177838248e-02
-9.483938945932947340e-02
-8.875327835816411437e-02
-8.920938994803559452e-02
-8.537706805651505693e-02
-8.512545778545314856e-02
-8.484977769426534089e-02
-8.292698582276923636e-02
-8.773160710278286867e-02
-8.607884061123018127e-02
-8.403214855346495538e-02
-7.684938459814275036e-02
-7.744944075671192363e-02
-6.341793375864281102e-02
-6.485485696650787613e-02
-6.050009709145495740e-02
-5.783490670653521765e-02
-5.359238780155897719e-02
-4.257121721535906539e-02
-3.832228623629277409e-02
2.677036687799929683e-03
2.840357345461046179e-02
2.580240680012702015e-02
8.683905788459755914e-02
9.575433738447679255e-02
8.221424009923015974e-02
1.212661537906639664e-01
9.154136547175681371e-02
1.818338509852539947e-02
1.555633229779633531e-02
-3.046726692620548710e-02
-2.637036258289567753e-02
-1.661144839354268890e-02
1.436815915056056936e-02
7.896065957967195875e-03
1.936778389050039864e-02
1.499840524282664879e-02
9.839758793180235566e-03
1.381038944120854643e-02
1.447926700566401319e-03
2.600557651026479990e-03
-6.392057681660878385e-03
-2.078940071213561391e-02
-2.917598880182183108e-02
-3.268371352985786904e-02
-2.548359191026548787e-02
-1.862907648422824913e-02
-1.569747688690802806e-02
-7.971892863500171927e-03
-2.343680373102541292e-02
-2.457182119311103821e-02
-2.338499034081480479e-02
-3.499223390907048314e-02
-2.877357120984117347e-02
-4.778392343328381753e-02
-5.312789398817544667e-02
-3.750423522181624975e-02
-5.894267277731023852e-02
-4.253945506251047975e-02
-7.970220617428747101e-03
-1.399392526044967132e-02
9.135853315951737719e-02
1.000306343378083440e-01
6.288200750871268674e-02
9.918907551769486075e-02
5.627418549044883866e-02
6.242597412482805280e-02
7.245839695107418599e-02
3.922621555747874550e-02
7.218622261223379966e-02
2.682519537990395164e-02
-5.795561561200569117e-02
-8.811934334573159888e-02
-1.125942863187731624e-01
-1.433378307947181241e-01
-1.379683370936477804e-01
-1.402744370464670265e-01
-1.371388857116980498e-01
-1.171591301702768623e-01
-1.033674553764133280e-01
-8.359717976118587190e-02
-6.670113286756966520e-02
-5.354846157153187597e-02
-4.214750207060617704e-02
-2.966541495547144608e-02
-2.201775226382183051e-02
-1.445592355243846550e-02
-9.455602474022896040e-03
-1.433796983366234477e-02
-1.504761544448115010e-02
-1.627802621000994446e-02
-2.002372881280244793e-02
-1.917934252254056490e-02
-2.186499014403748761e-02
-2.746627628758304546e-02
-2.223183432092160419e-02
-3.823657783539127081e-02
-3.874089441320751476e-02
-2.423609758565211866e-02
-1.996411705673243470e-02
-1.768418721809340496e-02
-1.374387752044287613e-02
-1.898554629763728532e-02
-2.193286288974681184e-02
-2.330699808005285908e-02
-3.342124440911249661e-02
-3.518442965246679904e-02
-4.415071103408656217e-02
-5.938506600380966116e-02
-6.763295123994042535e-02
-8.072668339508437541e-02
-9.160322821409944138e-02
-9.891962609638754733e-02
-1.089017355937385717e-01
-1.106782485312821501e-01
-1.143365686078596094e-01
-1.183158771472785364e-01
-1.169029090669733012e-01
-9.048470121537906252e-02
-7.944152940416072950e-02
-6.303838438404353595e-02
1.056727947802948812e-02
2.701496171425106854e-02
5.484920001695321040e-02
8.239235705190563197e-02
1.054529014594896563e-01
1.204554420864098752e-01
1.352719718625660650e-01
1.372775151072698208e-01
1.331845424815724654e-01
1.359907315384387694e-01
1.367015008700504519e-01
1.288306719043854076e-01
1.322594505788944330e-01
1.298267788981611603e-01
1.039457162530758177e-01
9.881338148131804666e-02
4.798296046095659045e-02
3.321628886850844925e-02
3.937871650638050114e-02
9.522635574285757618e-03
-1.210290932495199437e-02
-1.655570205405338530e-02
-3.570840786219990626e-02
-7.523788770357481802e-03
-5.614675145633035540e-03
2.140752492655295311e-02
1.168209730076329722e-01
1.222231199346437702e-01
1.336713117754862179e-01
1.299939685000204292e-01
9.375416434041419778e-02
9.835859874254158919e-02
1.896753171229187754e-02
9.505152472253799653e-03
-3.578999619551825884e-03
-3.855733538598694193e-02
-1.818599265534264972e-02
-5.896635949462121495e-02
-3.797407392766952855e-02
-5.284608584387518945e-03
1.399405100101607999e-02
6.604696502665836910e-02
9.063276704049387511e-02
1.249362015715971275e-01
1.488484244493286368e-01
1.568304829658377086e-01
1.751560457684154526e-01
1.818643460403342460e-01
1.838009679682040542e-01
1.918176730857210910e-01
1.899169909682114354e-01
1.830249184376127602e-01
1.828528637335005147e-01
1.625533315050781691e-01
1.392086333605306592e-01
1.119935986708242709e-01
8.453140299611359987e-02
5.842906285283225309e-02
2.722139308709542460e-02
4.529750728432427147e-03
-2.479533340054413185e-02
-4.788571935402782115e-02
-5.967344993102487866e-02
-8.100453323684637941e-02
-9.530520472151482458e-02
-1.027789670817391421e-01
-1.207638675328070038e-01
-1.191036460610332137e-01
-1.086443899674378044e-01
-1.104594019671921307e-01
-8.385360980793039876e-02
-7.160669230391125684e-02
-5.912977307180460745e-02
-5.650099791534320820e-02
-2.418239350726978515e-02
-1.218888953204169678e-02
6.718727960646294142e-03
1.079830943103449459e-01
1.126922909242232956e-01
1.248676476496402427e-01
1.449734929952311568e-01
1.005531010581236645e-01
1.089480050592800675e-01
8.408212231908089584e-02
1.073054683768310917e-02
-1.438460248498494784e-02
-7.811336189115301865e-02
-1.145864182075088528e-01
-1.727627638096178586e-01
-1.919044153427904298e-01
-2.142025760635525855e-01
-2.383987994901957952e-01
-2.544353904553874335e-01
-2.821385007323810590e-01
-2.971969463150422319e-01
-3.266185505555272983e-01
-3.770611914959318689e-01
-4.500375917021766092e-01
-4.661850494883187368e-01
-4.914930797550958741e-01
-5.022847563302170748e-01
-4.925980336333816711e-01
-4.985193929799902057e-01
-4.727776074202801326e-01
-3.963001924312295476e-01
-2.821540698802780245e-01
-1.437655370200215110e-01
-9.617414392101655829e-02
-7.146739060284337808e-02
-2.988643230547622862e-02
-6.096243776062712505e-02
-7.221363010727547931e-03
-3.021597875738836134e-02
-8.377010522346621524e-02
-1.216715489687626578e-01
-1.361297628274240057e-01
-1.433275749710018754e-01
-1.417643911484879338e-01
-1.331692090102676584e-01
-1.236310019097370538e-01
-9.999234208696733406e-02
-8.380616731000574415e-02
-7.162389476128165622e-02
-5.012245400810165508e-02
-4.724336753681918771e-02
-2.836740864580708163e-02
-9.625871708972775706e-03
-8.379399483169530692e-04
1.654337149269792528e-02
1.846125707746327366e-02
2.684499787120235223e-02
2.948743309195218584e-02
1.503648733392928642e-02
1.237179940538207790e-02
-7.274142910509848875e-03
-1.934987334384108068e-02
-2.776647997802067155e-02
-4.761743363119565892e-02
-5.204953847854727755e-02
-4.338458486648363172e-02
-4.469998647240057410e-02
-1.670790823676863643e-02
-1.187575854797175839e-02
1.096551526415233402e-02
2.304108065674607617e-02
2.068200994298784873e-02
3.032677730371431332e-02
2.358835374287748463e-02
2.020382696442893714e-02
2.344553068316079791e-02
7.849751183969634963e-03
9.281161487969995585e-03
-4.390334509087366957e-04
-2.081993103732339770e-02
-2.345559382255109002e-02
-3.743661293266182383e-02
-4.445103951251867108e-02
-2.684858389001146609e-02
-3.306506883838097183e-02
-6.870574480016726840e-03
-3.033304460262847488e-03
7.698631083316490042e-03
4.619405813901444197e-02
5.798088328147400078e-02
8.240164484372654308e-02
9.703444334940439231e-02
1.209709222945063722e-01
1.307162619375716872e-01
1.417853249834103713e-01
1.436784299422217415e-01
1.369623770871339352e-01
1.390481561212539019e-01
1.388768384068052864e-01
1.302246596669048295e-01
1.330996194742374295e-01
1.297318387338289303e-01
1.043061215184487717e-01
9.701531372515700968e-02
4.646960878343774082e-02
3.156345561233910024e-02
3.216241640849836630e-02
8.120998546904373283e-03
-2.174570293066869359e-02
-2.934412192860063814e-02
-3.940691624542148885e-02
-4.888825005042876648e-02
-4.981905683413643399e-02
-5.405525610818610882e-02
-4.978519218778999778e-02
-3.078423316709256313e-02
-1.847246981056103673e-02
-2.156556031148083863e-02
-1.551446519307240687e-02
-2.192243098869645426e-02
-2.214923982078929182e-02
-2.658633228240338264e-02
-3.313615403004349647e-02
-4.416072474042181256e-02
-3.400527158008826573e-02
-8.060106934446311169e-03
1.081884798044829669e-02
2.286941950378151497e-02
3.773214712659521408e-02
4.532849503775988886e-02
3.668940100236080248e-02
3.276214094034404778e-02
1.509920363163579776e-02
2.758546575948369467e-03
-1.359441020049451283e-02
-4.248018035149239702e-02
-6.565085474559760603e-02
-8.890832394804351613e-02
-1.241499622763273525e-01
-1.479191673842460419e-01
-1.849573881283605725e-01
-2.337265292691474428e-01
-2.772572623197326891e-01
-3.099984264431442371e-01
-3.299186565970630980e-01
-3.401399021209849938e-01
-3.542752986678586735e-01
-3.548165057128481181e-01
-3.571492580819065621e-01
-3.334578650500815700e-01
-2.878680537792178140e-01
-1.948361045832323890e-01
-1.289931930424052520e-01
-3.834062694275305189e-02
-1.425101948806709214e-02
7.329346778737774390e-03
6.067590614227920572e-03
2.366163806305802628e-03
5.676674915152098676e-03
5.764022147219803778e-03
8.039674563982962888e-03
1.001109775980293763e-02
1.026658239674946814e-02
9.426644260321951144e-03
1.394778518131967356e-02
8.635144926854926989e-03
1.120883365879378826e-02
2.450628838338132776e-02
1.334173481966896210e-02
7.882475773691196078e-03
6.535048977325293509e-03
-1.458230083010276200e-02
-1.140584011329544810e-02
-2.643288117980558544e-02
-1.739708843982285674e-02
6.824676827085544850e-02
5.517926249028522884e-02
5.511970359031378996e-02
4.234205287973843990e-02
-6.200084427944311388e-02
-1.063036197323461579e-01
-1.399366243364559281e-01
-1.793437388051138948e-01
-2.121691030273082090e-01
-2.221065142698344652e-01
-2.374927887773218560e-01
-2.523924511959462214e-01
-2.549080281543938953e-01
-2.716149328726411016e-01
-2.774830535849963642e-01
-2.862975737753225003e-01
-3.067054359019992238e-01
-3.467696761833462538e-01
-3.875211816992125691e-01
-4.200379988210259374e-01
-4.430854756862152577e-01
-4.694036643740848724e-01
-4.756157629944854914e-01
-4.912231114566809054e-01
-5.065147408786335737e-01
-5.050580377568910651e-01
-5.196328356518000735e-01
-5.140567491113411380e-01
-5.119276412488769079e-01
-5.150133640589765749e-01
-4.987867332867086945e-01
-4.974423027222040217e-01
-4.829786368171077315e-01
-4.202786619218859543e-01
-3.684279631579616132e-01
-2.697050698037392058e-01
-2.388267887080137986e-01
-1.527501806055257538e-01
-1.303578336739609211e-01
-1.322060050060039904e-01
-8.842485732085453298e-02
-9.306016066559233413e-02
-8.049748349426166794e-02
-1.243672191084169328e-02
-1.489520737740471223e-02
1.550504554888160538e-02
3.068468542293706011e-02
3.113843173676168318e-03
-4.258982684374761421e-03
-4.336795761056584653e-02
-9.011763046995577287e-02
-1.041646555189830042e-01
-1.231447953989887462e-01
-1.420597155022534919e-01
-1.543966032193422877e-01
-1.750137478210088970e-01
-1.822568978499896630e-01
-2.089954523388612984e-01
-2.152685847416931364e-01
-2.209589634323886609e-01
-2.318499279837528126e-01
-2.355353508158196663e-01
-2.386998446224621873e-01
-2.477106115541565790e-01
-2.489223817098647484e-01
-2.477560913720406321e-01
-2.470988778866784752e-01
-2.383537621273332241e-01
-2.376677474573360427e-01
-2.322494524883015610e-01
-2.281131292804220723e-01
-2.247431019741510383e-01
-2.153347201540298239e-01
-2.131861590773345694e-01
-1.996155939332200924e-01
-1.853928316345176963e-01
-1.827714480737443192e-01
-1.382975970669595989e-01
-1.334051248148194202e-01
-1.244924953394641737e-01
-1.098235128514047920e-01
-1.104223057852135592e-01
-1.050788634163188628e-01
-1.019447586923666049e-01
-1.014616247227274476e-01
-9.915621285182624201e-02
-9.853783605083009378e-02
-9.794764258902440013e-02
-9.720677840767642797e-02
-9.701533044700490216e-02
-9.669266420703286069e-02
-9.647335791904280977e-02
-9.637020414907826460e-02
-9.624362060110741579e-02
-9.613307933643433500e-02
-9.610052885520813104e-02
-9.602383557833385486e-02
-9.587454181167537337e-02
-9.598870882048801678e-02
-9.567823926955471014e-02
-9.557758427839024851e-02
-9.589353539551902228e-02
-9.460232078997038441e-02
-9.554158636719214948e-02
-9.500216713704398575e-02
-9.184185114692491880e-02
-9.708619093687831381e-02
-8.894038548606923722e-02
-8.759519923142784770e-02
-9.281905610095150805e-02
