4.086917882323993622e-04
3.712096359422013001e-04
2.102513203096509039e-04
-2.041430023299453054e-05
3.073008618421338889e-04
2.552246081079317074e-04
1.064451048304266949e-03
5.545148279790679952e-04
6.914403819934120338e-04
7.372520821223595665e-04
4.833903596389655180e-04
5.824219132643318475e-04
5.076372144160272697e-04
4.588914555956171218e-04
4.830087853805516032e-04
4.454254565481687890e-04
4.441475280780185844e-04
4.437234941263332004e-04
4.336782708541700969e-04
4.366320096503229701e-04
4.345025005229547562e-04
4.355272735961318131e-04
4.396116211431160708e-04
4.397062200886372508e-04
4.522608000823883723e-04
4.571930740646474255e-04
4.660706941031952911e-04
5.057010059804553908e-04
5.004610648030208102e-04
5.575868460154620020e-04
6.266099456519355322e-04
6.033538989083993710e-04
7.863373529938792609e-04
7.550032189339249931e-04
8.392636709490455945e-04
9.350132282989297291e-04
9.657845474108523462e-04
1.177021278844488181e-03
1.185430163615021609e-03
1.442410593991322798e-03
1.360177399012806477e-03
1.621360885957323205e-03
1.988424359148636099e-03
3.331323890654179119e-05
1.048376870340370906e-03
2.048917305012064414e-04
-1.831191621644830039e-03
2.066587456601170440e-03
-2.007898566981731244e-03
4.902579842706381030e-03
9.107444132989979402e-03
8.636891925274690907e-03
3.181652030067805281e-02
3.532295366898648148e-02
4.310210531292368863e-02
7.501179131513945053e-02
7.709597622342959089e-02
9.796025180538898980e-02
1.022199539648544070e-01
1.022512633798661891e-01
1.050447358936955206e-01
8.830768148048696864e-02
8.177899705150171172e-02
7.367632422097207534e-02
5.564420220345456247e-02
5.038154301844855604e-02
3.575799153351214704e-02
2.371193682522918303e-02
1.568267872571391108e-02
-2.324728609480522230e-04
-7.109470703583722212e-03
-1.828415595622347525e-02
-2.717133611089724704e-02
-2.970880371805312281e-02
-3.685492945026292572e-02
-3.959321721710876846e-02
-4.004981776923854930e-02
-4.297463698070045496e-02
-4.191967431384487769e-02
-3.872157487222264993e-02
-3.809790548347823796e-02
-3.586414177043741047e-02
-3.233223814917143835e-02
-3.043486303057220399e-02
-2.156273270289476782e-02
-1.471247757719840177e-02
-8.935834960545938066e-03
-7.677900090366397180e-03
-5.653403439457707624e-03
-3.363945802458177727e-03
-3.965956592457966882e-03
1.652003153305033306e-04
2.160656883103165629e-03
3.947721890143239022e-03
1.506071572982973887e-02
1.733684432810178241e-02
2.343668176257771019e-02
2.453601897959698311e-02
2.541064962544556730e-02
1.713206687523487551e-02
-1.881307849234677186e-03
-1.479053273306780124e-03
-1.348075993387396268e-02
-1.952032413511972306e-02
-2.089348826245030974e-02
-3.583538508426950542e-02
-3.926382897981933739e-02
-4.645931264927485871e-02
-6.041321207523262654e-02
-5.819208645214959258e-02
-7.194905075659893678e-02
-7.322918510125646374e-02
-6.989063720127873525e-02
-8.087113686606471619e-02
-7.157913063257154151e-02
-7.932136646032403315e-02
-8.320394898488668589e-02
-8.552485571073949189e-02
-9.189061308164532538e-02
-9.135922729758624850e-02
-9.565525828115548079e-02
-9.090545156429982732e-02
-8.768721730981403339e-02
-8.836983254877751881e-02
-8.492403869227596602e-02
-8.694948507702987550e-02
-8.963331837081900400e-02
-8.621544342478661138e-02
-8.951267152044456443e-02
-8.735024898305868146e-02
-8.362372022576772257e-02
-8.394561439467418396e-02
-7.664394670858047653e-02
-6.886551147156566577e-02
-6.435168194931004115e-02
-4.684077066982220844e-02
-4.023166864482184690e-02
-3.238596690955938134e-02
-1.866876585584502715e-02
-1.673833597032522644e-02
-5.996192962525216663e-03
-1.529378713051217321e-03
4.562152700771154520e-03
6.971667631923195163e-03
1.252290182314122653e-02
1.562900760256722560e-02
1.733466609412934178e-02
2.937564373908143830e-02
2.960828467231101796e-02
3.883741946668330808e-02
3.984453270512020723e-02
4.556396969328011665e-02
4.446265579643708665e-02
3.931988235135815829e-02
3.962264703990625581e-02
2.797566535001472579e-02
1.878611452745125934e-02
2.294637146226314109e-02
1.623582643600676809e-03
2.793781057857546400e-03
-6.815881169654208413e-03
-3.140789524731298771e-02
-2.441900016580090399e-02
-4.638656667491291435e-02
-4.937329181270683209e-02
-4.584701042696366635e-02
-6.196238033899201247e-02
-5.334681261743713654e-02
-6.525937432478574884e-02
-7.314010815681541711e-02
-7.328833493268310795e-02
-9.086560853728305187e-02
-8.496164540673982468e-02
-9.287052903334826193e-02
-9.080036914237660239e-02
-6.739705396671971660e-02
-6.880517791074178269e-02
-3.911026760584148526e-02
-2.251695965082066431e-02
-1.951506028403426560e-02
6.264250089579156446e-03
6.018351376134390904e-03
1.397386415446527641e-02
2.770960738516961563e-02
2.431347269986150125e-02
3.355277347341873578e-02
3.652827200365247468e-02
3.651589860697807693e-02
4.016680708529448557e-02
4.282395608822894828e-02
4.081658664229237399e-02
4.299587473780337038e-02
4.251655883417626569e-02
3.955874013185345373e-02
4.218150755723756168e-02
3.921546157374156127e-02
3.941977318689852960e-02
4.374836657084512498e-02
4.158318111513224086e-02
4.630072706029557394e-02
4.945317841359894717e-02
4.976765495783601334e-02
5.690388519788262128e-02
5.871163069217988362e-02
6.038020184498181508e-02
6.642189174632860682e-02
6.530590721433558732e-02
6.780895780107737414e-02
7.081286100233913361e-02
6.616532983842873805e-02
6.911155911138668062e-02
6.534184824803175584e-02
5.696873479358798703e-02
5.497738583770683113e-02
4.100226459915556898e-02
3.330681024654008615e-02
2.756548074786501976e-02
1.379248012769432319e-02
1.076206353707180076e-02
7.796319825374000388e-03
4.673356687338045350e-04
3.234464225184444704e-03
-3.396132254927708882e-04
-5.742001125472815347e-03
-4.893694245717462518e-03
-9.917332688300261462e-03
-1.104009817845306822e-02
-1.060210689153422148e-02
-8.622301115753797790e-03
-8.332690385403291114e-03
-8.229036689206211536e-03
-2.936323222082721802e-03
-4.520864521796196835e-03
-5.848207558312445119e-03
-7.630801449482740514e-03
-1.672937869211510789e-02
-2.434704437026478929e-02
-3.103526754789765960e-02
-3.485439603812632431e-02
-4.995524748449421681e-02
-4.055949002393222785e-02
-4.993225456361786302e-02
-4.737289610659826955e-02
-2.976021784953213414e-02
-3.299894378244315474e-02
-1.802971069023419359e-02
-8.883366711582522252e-03
-1.580771615529433932e-02
-6.759233234958444969e-03
-9.769746444655795850e-03
-2.429256875297383655e-02
-2.476046876995379939e-02
-3.642885381363881320e-02
-4.635362356499145992e-02
-4.499334750826342044e-02
-5.105323576269948926e-02
-4.700714714682088097e-02
-4.598480799573668315e-02
-4.691158896773475057e-02
-4.291910739303744782e-02
-4.340780229436328602e-02
-4.194416299052428077e-02
-4.066047913571531336e-02
-4.092069987204793868e-02
-3.932152493561472811e-02
-3.720061272538068009e-02
-3.672908389850727123e-02
-3.727424239249054611e-02
-3.646081416587106799e-02
-4.194882327865478988e-02
-4.356150701793445879e-02
-4.685566295608164372e-02
-5.347138317706601196e-02
-5.605960234088471633e-02
-6.099992367903902396e-02
-6.608303022462096166e-02
-6.926775844373370128e-02
-7.536200809132533041e-02
-7.909167163285255042e-02
-8.269148411813502519e-02
-8.291611725263182964e-02
-8.574337507281039328e-02
-8.039877996042144037e-02
-7.298186591309706317e-02
-6.559731251960379539e-02
-5.088697541695278576e-02
-3.613233938973303694e-02
-2.382908600098949947e-02
-6.633613218637000007e-03
9.362984291347891536e-03
2.099891524085299374e-02
3.446509895747489755e-02
4.098111706574138202e-02
4.455093796305786141e-02
4.740428750179297157e-02
4.520453923327385354e-02
4.458082293417982983e-02
4.260725722365158591e-02
3.702976228382064833e-02
3.536855655622537370e-02
2.929859084852774048e-02
2.310888882019063173e-02
2.111135356131867494e-02
1.128009027045156695e-02
9.043656932690021313e-03
6.463909703270697207e-03
5.305612247839636099e-04
2.282345245353169065e-03
-1.403775122953951826e-03
-1.795486877139147557e-03
6.659950204291581032e-04
-1.375896819031500974e-03
-3.757716328120061966e-04
-3.632109769837805926e-04
-2.111945678851253044e-03
-4.415831027494644852e-04
-1.014525823060578522e-03
-1.107046522880002302e-03
1.500223881771987639e-03
1.315176597161674859e-03
2.803865904127554945e-03
3.713572951319399611e-03
4.079553308658907980e-03
4.853310088260136615e-03
4.577354353525835834e-03
5.358681900651788947e-03
3.709718020895899464e-03
4.683141653024451394e-03
3.795025866675937661e-03
2.839783307560418777e-03
1.729320589249764986e-03
-6.249504420868912113e-03
-1.057407400196867971e-02
-1.353307884957393945e-02
-2.356354949686240499e-02
-2.504358507231695119e-02
-2.566430577217723025e-02
-3.006774770378974060e-02
-2.925323795998645629e-02
-3.035678975336314478e-02
-3.135656171137349291e-02
-3.112669499476407309e-02
-2.994915525595135200e-02
-3.036522679407382963e-02
-2.868667081645338499e-02
-2.748793915201315496e-02
-2.764353954945696079e-02
-2.368454088213303721e-02
-2.200648991623184100e-02
-2.136845650017168280e-02
-1.170212740358659784e-02
-1.138032351130880554e-02
-8.046996810057558194e-03
-4.604513615470292968e-03
-4.019867775414077450e-03
-1.890483553570273915e-03
-3.920484804927669236e-04
4.093179439102822637e-04
1.762462661885396764e-03
3.505064045539116324e-03
3.747939209999572030e-03
5.828204370126777341e-03
5.791123239278561825e-03
5.628593534487911706e-03
6.335579017220360591e-03
5.705912103512711039e-03
5.749635245604491941e-03
5.988516531782798503e-03
5.710088015516322918e-03
5.835600126208382969e-03
5.833390925994165824e-03
5.769651663672088412e-03
5.823801905524395028e-03
5.800783537396280581e-03
5.798270505756734569e-03
5.810065879791314128e-03
5.800626103807882995e-03
5.804464876761158965e-03
5.803797675660802777e-03
5.801624266457115070e-03
5.803073848043306324e-03
5.796913717743434023e-03
5.799913761301977479e-03
5.793518486209779141e-03
5.780462874796516576e-03
5.795448099289012694e-03
5.752182161769986077e-03
5.752196173832926571e-03
5.760409041992010752e-03
5.627236398600007038e-03
5.719794002600898063e-03
5.529504154867392537e-03
5.467603029077998389e-03
5.459606651797759523e-03
4.798963893875751036e-03
4.895388942951374618e-03
