7.951969228701112440e-04
1.114417794450032594e-03
4.124258463310615137e-03
3.882946085862981622e-03
6.077044369826819538e-03
7.003413664122831381e-03
7.630120288064388100e-03
8.611722058534398289e-03
8.951518256718041244e-03
9.386895495752195506e-03
9.722414931495941548e-03
9.887919218702793944e-03
1.001735685460791725e-02
1.008977899836189900e-02
1.009734828425758527e-02
9.908308250167665449e-03
9.930768124773461936e-03
9.561433314573318173e-03
9.109702458777749201e-03
9.204085821388836158e-03
7.778797062253804163e-03
7.872121156642731057e-03
7.626479127148968681e-03
7.304319821334881273e-03
7.520315973399839538e-03
7.633646849745392982e-03
7.678462850008838103e-03
8.413546208469100535e-03
8.834314500071153986e-03
9.274183886421920320e-03
1.142312794076927318e-02
1.108412762771112184e-02
1.321255505443586810e-02
1.372955055756327689e-02
1.360203504498451454e-02
1.471251268352405904e-02
1.491933888306373399e-02
1.601245004757877871e-02
1.647070560279943058e-02
1.683458176582482840e-02
1.692449131564201931e-02
1.590028032499091193e-02
1.525113486997662152e-02
1.480202241351099256e-02
1.319147122791198071e-02
1.261662051875588227e-02
1.064237714639642077e-02
9.037714865096578218e-03
7.947833960519200269e-03
3.966708793171078509e-03
1.915238542436039759e-03
-1.023508645113469602e-03
-5.382770862335559126e-03
-6.830001790177965201e-03
-9.905597078872993566e-03
-1.349896828017925141e-02
-1.110202692927760200e-02
-1.639060554179918444e-02
-1.778379194697797192e-02
-1.469593958357362853e-02
-1.826125340405448244e-02
-1.940200911881312384e-02
-1.784657593241877754e-02
-1.912807790041434752e-02
-1.680750074842171995e-02
-1.737153721042092314e-02
-1.860077290590215343e-02
-1.834431025976070162e-02
-1.946227371798824046e-02
-1.966345022636431517e-02
-1.983047680345126004e-02
-2.010520535304471251e-02
-2.007036091174526846e-02
-2.027176059427227006e-02
-2.050054015623259396e-02
-2.065456141112661376e-02
-2.094094219391007261e-02
-2.136018053087099591e-02
-2.153639429208453748e-02
-2.264255528676645604e-02
-2.297238675320634888e-02
-2.381642369029155631e-02
-2.521858396918823936e-02
-2.692714450501555723e-02
-2.768167058990347873e-02
-2.984288916799112540e-02
-3.156141735451334362e-02
-3.153707645226434819e-02
-3.566529463455853088e-02
-3.414766205441788216e-02
-3.331566931314111635e-02
-3.392261748460768944e-02
-2.762383652480083357e-02
-2.726215969077867840e-02
-2.108120300776829617e-02
-1.612053023350957376e-02
-1.469395796156188275e-02
-4.396621165487876737e-03
-4.630534221320006111e-03
-3.602777057051021609e-03
-1.226116227986207789e-03
-6.374613777489249525e-03
-6.568236583962999350e-03
-4.508934960488377233e-03
-6.928866210673564202e-03
-5.582030536601254728e-03
-6.339681700955556408e-03
-7.379858669944030364e-03
-5.648620667631167394e-03
-8.025554665860759607e-03
-1.302559510750970866e-02
-1.297472769163223426e-02
-1.374958788801225809e-02
-1.348866825251895940e-02
-1.146235075738039587e-02
-1.006289743153608758e-02
-7.943619630631559847e-03
-4.678978783252755493e-03
-2.953964025640854786e-03
2.448521989689357754e-03
3.668667851049987449e-03
7.051931658527449583e-03
8.240523658517916877e-03
6.842147809833502153e-03
8.659104950382676136e-03
7.600241051602268233e-03
5.831373358470766030e-03
4.028208037247548064e-03
1.831376493822813815e-03
-5.762865974900995697e-04
-2.358971429441746991e-03
-4.792501188639333547e-03
-5.990172089178466032e-03
-1.005839855479633352e-02
-1.214261355118857917e-02
-1.477623135423716295e-02
-2.033826533858299965e-02
-2.157558341215840697e-02
-2.224608884939918707e-02
-2.374479154056761271e-02
-2.348033158037252099e-02
-2.499554200669384246e-02
-2.561893795158035753e-02
-2.577564551403680251e-02
-2.689640912520379484e-02
-2.705130856887342367e-02
-2.723367336937529068e-02
-2.824164392928676243e-02
-2.795679330801531179e-02
-2.874534143261563493e-02
-2.942402036392915282e-02
-2.863059313093144209e-02
-2.995076126516526757e-02
-2.841908775287247182e-02
-2.721045753241608731e-02
-2.679593068088726923e-02
-2.220490061801555504e-02
-2.014741724688913493e-02
-1.383632839390190258e-02
-7.693043786491294070e-03
-5.291898822649779635e-03
1.538057532341798039e-04
7.233498348737932293e-04
4.162982076669654967e-04
2.036583200920283679e-03
1.072580571489665548e-03
1.587182730977611689e-03
1.004052040844060842e-03
7.591085243799007044e-04
1.785644298257630692e-03
1.385942726417984609e-03
1.667000088297837003e-03
1.870158704503068967e-03
1.806792050178597595e-03
1.720939944226682408e-03
2.049207781969753211e-03
2.818852773785347158e-03
1.646917672829724573e-03
3.413356407423354805e-03
4.557833597244720543e-03
4.986124563216193933e-03
9.253989833556823183e-03
9.411220373746153472e-03
1.014188438546184332e-02
1.042270883773815937e-02
1.076655659742074833e-02
1.137733661835310141e-02
7.723376590110772426e-03
6.824757586260762031e-03
4.173971975114385349e-03
1.308588250970455641e-04
-1.024441828808250613e-03
-3.604060808822727186e-03
-5.167422359191177310e-03
-6.897442714742240376e-03
-8.068185305381855507e-03
-8.037321162718075174e-03
-8.372213524739309173e-03
-7.110034743572576227e-03
-5.117017838065165622e-03
-3.671429608747607369e-03
-2.768078821187760791e-03
-1.811596020992033368e-03
-1.531769013181178470e-03
-1.596918493437851465e-03
-1.510311557610645884e-03
-1.643570637580525932e-03
-1.891352929493072144e-03
-2.554618534460372480e-03
-3.217071426939290078e-03
-3.590601764415959907e-03
-4.495984280753643168e-03
-4.986115662456261019e-03
-5.622520844638347753e-03
-6.656655522123965628e-03
-6.996327917992436508e-03
-8.163199120495210487e-03
-9.005372566082883029e-03
-9.389151994804532247e-03
-1.091438297286216955e-02
-1.045905148228520702e-02
-1.004956263156790014e-02
-9.341939414916258094e-03
-7.677208766197795783e-03
-7.154420696899799897e-03
-3.405509202228093786e-03
-1.735870317392277208e-03
1.208597087844945784e-03
4.418203829180696214e-03
5.681743061432945920e-03
7.981747057255222239e-03
9.177718051247226588e-03
8.376523246064143322e-03
9.956877388986897642e-03
1.035615510428733801e-02
8.625650633656143512e-03
9.042291607264092354e-03
9.761191691789874308e-03
1.039545279108677195e-02
1.194269906154093140e-02
1.089530797010194139e-02
1.568675098221513492e-02
1.424272360391030251e-02
1.744327653687116619e-02
1.500184387466653446e-02
1.373008200990490611e-02
2.197842794748105719e-02
2.072901706414152084e-02
1.510057211489469059e-02
1.671956081836453722e-02
1.493292900688949695e-02
1.359551819913517798e-02
1.388953469622858025e-02
1.267391348838490563e-02
1.238077424139298784e-02
1.208137357695161958e-02
1.171767465698338520e-02
1.145132281938261200e-02
1.080976896715455868e-02
1.006605521032856963e-02
9.622395827560716736e-03
8.550001920669349567e-03
7.192414862869019564e-03
6.805749444318408281e-03
3.865257341494259067e-03
2.583890625872894455e-03
1.136005920186989801e-03
-6.085525083432166173e-03
-6.841282408926950206e-03
-1.170576544989581150e-02
-1.355644609199931419e-02
-1.427708942661337979e-02
-1.671082355986798149e-02
-1.640644773094345615e-02
-1.818627890919122594e-02
-1.880990495553494513e-02
-1.822021117732446419e-02
-1.758435161310492947e-02
-1.457847517762164008e-02
-1.514990344856059074e-02
-1.161015954788100629e-02
-1.213095266250123483e-02
-1.265678973927421812e-02
-1.089454224477032565e-02
-1.377349238846616551e-02
-1.250800716987559257e-02
-1.173404837441630044e-02
-1.052724421919877702e-02
-9.624818811954677367e-03
-1.261157899281720174e-02
-1.587506387003907379e-02
-1.823148266577326662e-02
-2.361555871667935999e-02
-2.332923351212467036e-02
-2.772443773389619490e-02
-3.044112233341900176e-02
-3.308861332388356169e-02
-3.505798875584426044e-02
-3.677669560050501885e-02
-3.925818238332926674e-02
-4.257347299476618718e-02
-4.480728847771963536e-02
-4.946784755567551484e-02
-5.178579885175496611e-02
-5.611728122253580725e-02
-6.036615494890414102e-02
-6.039407671442750813e-02
-6.492883925826165026e-02
-6.688946633700687538e-02
-6.630047976252488595e-02
-7.229947913338737042e-02
-6.994287948880748007e-02
-6.930823752753050015e-02
-7.036041311369661821e-02
-6.171945010342544391e-02
-5.922146489745556269e-02
-5.106898785713279154e-02
-3.708439526394003566e-02
-2.983064043274523403e-02
-1.863920852477088386e-02
-8.402404719648126283e-03
-6.573104863447835552e-03
-1.229396589541895558e-03
-5.429842956678405160e-04
-1.056354129942136712e-04
4.564195407396392720e-04
-6.597147979234664096e-03
-7.993708706715445256e-03
-9.134251574011167940e-03
-1.530402050355031060e-02
-1.402307508282572487e-02
-1.972940435064737125e-02
-2.210479419170949256e-02
-2.455716386941957444e-02
-3.309301977416762020e-02
-3.527043621522690797e-02
-3.821481645663721283e-02
-4.153708439645786843e-02
-4.215474875928426624e-02
-4.524462223153186136e-02
-4.516263330925794628e-02
-4.604338379907550738e-02
-4.816572903713897680e-02
-4.715843235656881627e-02
-4.896358816473171671e-02
-4.774073440310813710e-02
-4.710343457167012748e-02
-4.667247146298102861e-02
-4.293418285340788731e-02
-4.216216324096296042e-02
-3.518378712199149438e-02
-3.043083829547833102e-02
-2.758228459052276815e-02
-2.187805035371944568e-02
-2.051592027488179440e-02
-2.192851960369136474e-02
-2.173444665758873795e-02
-2.165022850856021877e-02
-2.279378823138945506e-02
-2.378788169398637908e-02
-2.389979543179544114e-02
-2.296028476119630485e-02
-2.255563495823550285e-02
-2.125867403435783426e-02
-1.993930772115488567e-02
-1.799950749656371168e-02
-1.593337114957624548e-02
-1.318545245236039422e-02
-1.059697642769060616e-02
-6.559149120392288382e-03
-4.581737584603961383e-03
-1.425190041090762310e-03
-4.872478450266540164e-04
-2.537997961772925359e-03
-5.775728849358747335e-03
-9.899346557902866106e-03
-9.479192209216977943e-03
-1.233748896542782858e-02
-1.258963411743723761e-02
-1.326338022122662205e-02
-1.508977749191730416e-02
-1.682749077503568197e-02
-1.717718695435625428e-02
-2.154381242388118262e-02
-1.995737844563257729e-02
-1.793129538731386488e-02
-1.846245016625255864e-02
-1.312902986639519209e-02
-1.298429467849002844e-02
-1.219861448647633143e-02
-9.406609110449073302e-03
-1.043861939951533889e-02
-8.339877009886788317e-03
-7.868991813498343868e-03
-8.276212541928232996e-03
-6.057844951737611193e-03
-7.587847655808221958e-03
-6.590580766604219737e-03
-6.447238087811888070e-03
-8.816388510929373118e-03
-6.274894623817223183e-03
-9.026791072897090429e-03
-8.253133974868723244e-03
-1.025052715452505654e-03
-8.681442841197294265e-04
6.852986401207804973e-03
1.330120537528408156e-02
1.665860338028008966e-02
2.496812195166581150e-02
2.457056261113101103e-02
2.822128435337327781e-02
3.078169489093248237e-02
3.149971573547129255e-02
3.427178545944878363e-02
3.528710551335095813e-02
3.609502807700112892e-02
3.772423025540601327e-02
3.898221026720194438e-02
3.960482757689139099e-02
4.141996989859717676e-02
4.283879830959015644e-02
4.267539267120487589e-02
4.650018763414615758e-02
4.591599226110260057e-02
4.686275564041855746e-02
5.397144424744378111e-02
5.150391625842717924e-02
5.593434439834534672e-02
5.475519814729968432e-02
5.091832027337868383e-02
5.570693041338384971e-02
4.256176469093882891e-02
4.207874815588415196e-02
4.473116332119912719e-02
3.749859106769479200e-02
4.299066014779391598e-02
3.761258561766146064e-02
3.455358007753921157e-02
3.576001289835694513e-02
2.369513387701726800e-02
2.392160841304856456e-02
2.056277321761087323e-02
1.697441793618301165e-02
1.694501684264858310e-02
1.490559161355723382e-02
1.409793725286540879e-02
1.397877518024990585e-02
1.340425751147666933e-02
1.325640244711607726e-02
1.406215908429883817e-02
1.383153086225357049e-02
1.409894595853656944e-02
1.341947027105498506e-02
1.391829456228680859e-02
1.433650938630561325e-02
1.479038690040699981e-02
1.529953029440159207e-02
1.565341634462430465e-02
1.625183415867559322e-02
1.663489544240838447e-02
1.684161540356259035e-02
1.705424229538168857e-02
1.711355735941195999e-02
1.701762099079825313e-02
1.691483312798648664e-02
1.667728794626995720e-02
1.618566471799220974e-02
1.589394241672260899e-02
1.514688400897811274e-02
1.431269384763734706e-02
1.385605273017918512e-02
1.216474306669648210e-02
1.169612516684546445e-02
1.153003699893573493e-02
1.094618631369974164e-02
1.032152728302285216e-02
1.035377527576812791e-02
1.008825018931718519e-02
1.014908198251834349e-02
9.862828088517697211e-03
9.371328591402217079e-03
9.511637811752456789e-03
9.270056627967638435e-03
7.866120874109202438e-03
7.829555101645378073e-03
7.333330445922639843e-03
6.896582536224142405e-03
7.383452967488149041e-03
7.168649243029899185e-03
7.249365805034913533e-03
7.353299451130747982e-03
7.280857344091907699e-03
7.354819007961026223e-03
7.357050067893644227e-03
7.352475279023031052e-03
7.380476492516423008e-03
7.374639817585655968e-03
7.382225895832928743e-03
7.388012919364172690e-03
7.387630693254678554e-03
7.390274175332175489e-03
7.390052094476333260e-03
7.392474744691725393e-03
7.385212236291979412e-03
7.389568031349771741e-03
7.386130360460813407e-03
7.366630316927334082e-03
7.391806819027798604e-03
7.349461430651265358e-03
7.342185279809448385e-03
7.394251631577281048e-03
7.230999715568015539e-03
7.370651577560245055e-03
7.314215319318799480e-03
6.984619182019663301e-03
7.606206636220981185e-03
6.762927058825847146e-03
6.784865278512793724e-03
7.273508795369277094e-03
