7.995444282136625954e-05
1.409729426567074442e-04
2.297126314455186311e-03
2.418282034061046415e-03
2.450233107520482113e-03
2.827217119105300634e-03
1.994807543249735044e-03
2.177419983264546489e-03
2.029929852781575152e-03
1.824702049945454768e-03
1.883070163495303810e-03
1.765200587007039086e-03
1.733904343799704288e-03
1.727000130494363598e-03
1.680325342387584521e-03
1.677324994435164859e-03
1.663744790521742237e-03
1.651512312542259596e-03
1.651011957212721168e-03
1.646198653073259292e-03
1.647128842295906724e-03
1.649686293595394558e-03
1.655905412524837040e-03
1.664230491062666925e-03
1.675210230398144250e-03
1.697768041245494974e-03
1.713104425515173460e-03
1.749134694142030809e-03
1.797327167925118294e-03
1.823928829255439324e-03
1.936067114856662025e-03
2.001061436239913276e-03
2.087092871558771795e-03
2.381899723516402861e-03
2.373259052795933383e-03
2.757666988438863074e-03
2.970459265873192766e-03
3.045962492041277662e-03
3.674853535915372036e-03
3.917754784692191287e-03
4.071850501812553438e-03
6.034494452852337716e-03
6.303260283888940767e-03
6.494437222829285879e-03
7.184753154818136929e-03
7.329877832783418014e-03
7.071909582029491798e-03
7.391526176457917548e-03
8.476071054739617305e-03
8.790035230613321704e-03
9.684764975052230149e-03
1.085353002674625811e-02
9.441039288605452065e-03
9.905612225652711197e-03
1.031195146273616685e-02
1.145252315383318148e-02
1.548687740506928846e-02
1.489982284951696899e-02
1.209845044983185423e-02
1.123331943918725283e-02
7.345804303835835013e-03
2.186374613132867871e-03
-1.685765162820267778e-03
-1.108786464788397499e-02
-1.488791139483831502e-02
-2.949192212579834424e-02
-3.761250082355868662e-02
-3.821595864740452708e-02
-4.601020575424188269e-02
-4.449511875820984924e-02
-4.262910941276024795e-02
-4.411440601018330743e-02
-3.789368821432351903e-02
-3.473853897742350261e-02
-3.177482236187894465e-02
-2.242045085938642462e-02
-2.039542244283746447e-02
-1.818066377017212021e-02
-1.473747692687799038e-02
-1.477775283501724449e-02
-1.227381169273150142e-02
-1.031182861683769582e-02
-7.465600440655278079e-03
-4.819920439954211190e-03
-4.321577805598431771e-03
-3.148685342442333196e-03
-2.740038061471788793e-03
-1.019867563649609231e-03
-4.472170192796150927e-04
8.039450796904675780e-04
2.688737805143046923e-03
1.488218815738663820e-03
3.815471400526307833e-03
3.725293517774252040e-03
-5.848674311345855885e-04
5.236083709633836602e-04
-3.851976601371039891e-04
-8.500340867541414684e-04
4.945492062158686518e-04
-6.949781604074347979e-04
-7.144223579232238672e-04
-1.384212426157009537e-03
-3.115642345810439376e-03
-3.540495018117875963e-03
2.278836322068046615e-04
3.710593602410750067e-03
1.721690839626113453e-02
2.774124121040220936e-02
4.063778093979314443e-02
5.819499623591307957e-02
6.165264885336008832e-02
7.411109094691313570e-02
8.171837023102623832e-02
8.532221664048209031e-02
1.103275986636971795e-01
1.147604155680168742e-01
1.276061918111309756e-01
1.450372951046066117e-01
1.450165430279348466e-01
1.660672237723307965e-01
1.727621935349736848e-01
1.760965718340875563e-01
1.940200663488740040e-01
1.865668760553591266e-01
1.769376841054384197e-01
1.755763468065238142e-01
1.443638277677747883e-01
1.281151986476118110e-01
1.137804719640441026e-01
8.247958271509783779e-02
7.942854669515751753e-02
6.237812757212429088e-02
5.346702616083114090e-02
5.165040217586257948e-02
4.155821089783985622e-02
3.999287528036538780e-02
3.599665714372307646e-02
3.133826400405035489e-02
3.036048688482441762e-02
2.664077817904240281e-02
2.505387318550949746e-02
2.311732523508690587e-02
2.091364621195485399e-02
1.972117593832274293e-02
1.723623284016043491e-02
1.713382196211172409e-02
1.504528012110090997e-02
1.342082153253218793e-02
1.313458334397648621e-02
8.501416635678025330e-03
7.821515469110067870e-03
6.555598319918217939e-03
5.077872944515796072e-03
4.922173059283830622e-03
6.346115722429700526e-03
5.298494134691325748e-03
4.508866426312267001e-03
3.383693836782660207e-03
1.658355774073188172e-03
1.388537026179954273e-03
-4.226915534708869555e-03
-5.141712229114076341e-03
-5.946891098907065853e-03
-8.188809686285155459e-03
-8.462237496846127666e-03
-8.159242934531364330e-03
-9.899063078658135173e-03
-8.467349591814415932e-03
-6.518922312572882419e-03
-5.196559464370400540e-03
7.497554925000400518e-04
1.669401540050243936e-03
3.936647900717172438e-03
6.112380764054899801e-03
6.868567799368321437e-03
7.234919673278415904e-03
8.999217267559667457e-03
1.013453675374533305e-02
1.167811820848395875e-02
8.924013341824698492e-03
4.023651495455604979e-03
2.599883696569445235e-03
-5.826892164723051354e-03
-4.459281475654521681e-03
-6.414162213686540846e-03
-7.995043801556120378e-03
2.802406161731582895e-03
3.822287094860991625e-03
1.730386060888877350e-02
2.319289204830277465e-02
2.873233231098290541e-02
4.011210810684784356e-02
4.138702865362501454e-02
4.895661841487996407e-02
4.825678252891081599e-02
4.574250407913211386e-02
4.658739097222577147e-02
4.012517546464656332e-02
3.943082160087528487e-02
3.964295089731266486e-02
3.687219828732948845e-02
3.779103800167505495e-02
3.717119981524012740e-02
3.697384919456285501e-02
3.734392089290312911e-02
3.826680998488714291e-02
3.853758558217625085e-02
3.986982875392456466e-02
4.343665131731935108e-02
4.524609446647488709e-02
4.731306350466763649e-02
4.937078801567670178e-02
5.083057380423654931e-02
5.199260564635359988e-02
5.260637643110268463e-02
5.161210642230669443e-02
5.075322381289120582e-02
4.842847503028783335e-02
4.629458797970825018e-02
4.451256369528553553e-02
3.836110905891293443e-02
3.622885047719410362e-02
3.265841307396911974e-02
2.823220159908128649e-02
2.724148984687274969e-02
2.291131306764848316e-02
1.995828809202035425e-02
1.909635740819622118e-02
1.196215827516795838e-02
1.229982913111987361e-02
7.857106743103404317e-03
1.164430321087851772e-03
1.694877798187349619e-04
-1.133162129065533319e-02
-1.325165435414841532e-02
-1.558895316643095844e-02
-2.167909077321921243e-02
-1.953121189982309075e-02
-2.355710580099561191e-02
-2.041227784791444996e-02
-1.469951435923482971e-02
-1.496886657709130958e-02
-2.292634032590087304e-03
-5.458704316472467576e-04
3.462887649293867475e-04
2.005838990608090587e-03
2.494270568446826323e-03
1.376826493256590352e-03
2.362942692762772315e-03
4.361373183163658705e-03
9.050982379287871027e-03
8.889575974730994090e-03
8.442485525028632989e-03
9.179400113283378224e-03
7.015137312571141995e-03
8.385633911178965588e-03
8.400164837827380285e-03
6.001752544835317442e-03
6.008212048355829511e-03
2.734357259143429131e-03
1.755136587507968512e-03
1.026446811983646422e-03
-3.988388768973755161e-03
-3.118062237596734825e-03
-3.864849396037188783e-03
-5.914532885344319681e-03
-8.442841980385062603e-03
-1.067833044863200631e-02
-9.008740824730477811e-03
1.756531529068216298e-03
4.299138538659664707e-03
1.306478175704861230e-02
1.447669591664329548e-02
1.224878117058451031e-02
1.235836233122323234e-02
6.959129596336995072e-03
7.660696222776541831e-03
4.602126646762537410e-03
7.491772903260962395e-04
9.446825605158102723e-04
-3.398107284044455095e-03
-3.501855268565232018e-03
-3.756844386041770234e-03
-5.338988716151480372e-03
-4.542809542348419730e-03
-5.254071065017372477e-03
-4.801321264986421582e-03
-4.375574064701645213e-03
-5.472021031907954233e-03
-5.990604766643196910e-03
-6.016611515681478256e-03
-8.052070010836147665e-03
-8.604597789467661670e-03
-6.177130708509995759e-03
-6.835885100183953025e-03
-4.668462541520001542e-03
-1.198844899850389422e-03
-9.847651767929000571e-04
1.792113490142280621e-03
7.185863956548053672e-04
-1.824658985237424683e-03
6.408707017076576730e-04
-2.317667274235933692e-03
-1.908497369047750794e-03
-1.494388414132736490e-03
-4.019621600502659882e-03
-1.947948383629561405e-03
-3.381990645382005733e-03
-2.865120968899281632e-03
8.993422334702596416e-04
1.925844258349088773e-04
5.168127725940433424e-03
6.608219813724543722e-03
5.526102729795631663e-03
7.663415604065469330e-03
7.121271998505955200e-03
6.023034072148169410e-03
5.568250498898454082e-03
4.913810117358477329e-03
3.190276152636096606e-03
1.891213794209350291e-03
1.398777816607000256e-03
-4.311807801641048647e-03
-5.087727742240992848e-03
-6.075286188232905012e-03
-8.307678425680285056e-03
-8.600328283729018544e-03
-8.399701288954126988e-03
-1.017598316033692558e-02
-8.782339776648656962e-03
-6.985442429908218960e-03
-5.721254791942915162e-03
1.605141123829791181e-04
8.330720510121190307e-04
3.132080065750618252e-03
5.019063989695214494e-03
5.487757481151768826e-03
6.118071189350925664e-03
6.890824664770565239e-03
7.458400986651278486e-03
7.973654739802058314e-03
8.636093095058137645e-03
7.191078939464357923e-03
5.046021716036363375e-03
2.821844893395231927e-03
4.373474534598451903e-03
7.522876230788790378e-03
1.158773706478848607e-02
1.822558548597156408e-02
2.101125529887078874e-02
3.134290902436479703e-02
3.603420016467678150e-02
3.956703393969124294e-02
3.873570749276764730e-02
3.734748231554994857e-02
3.231695502033148093e-02
2.640538763504121297e-02
2.141319624784381037e-02
1.876483799589910920e-02
1.500587503763401755e-02
1.210697749370059396e-02
9.150295019676497540e-03
6.666637352998212689e-03
2.947728880125561560e-03
1.642293514158330026e-03
-5.120222621944395518e-04
-3.996523748385370257e-03
-4.723451133543505286e-03
-9.941699041809814313e-03
-1.174759383626264655e-02
-1.463184895279501588e-02
-2.029407001341161296e-02
-1.933209379461493099e-02
-2.112138121725245371e-02
-2.166547915919512374e-02
-1.768394211613475570e-02
-1.893537616432389506e-02
-1.373848802506417305e-02
-1.275222030294623742e-02
-1.369424076228004453e-02
-1.046215136775292820e-02
-1.403388582476828260e-02
-1.359459303135650624e-02
-1.793125076453244704e-02
-1.869014236289000611e-02
-1.847615588304300435e-02
-1.884396504158730376e-02
-1.806802899866654863e-02
-1.869946126869688821e-02
-1.864000013388484103e-02
-1.768034633585750803e-02
-1.848938706231343515e-02
-1.745372520853938694e-02
-1.608497234882685228e-02
-1.791641454922049403e-02
-1.247610741219962703e-02
-9.730330456077166193e-03
-7.347891473224925016e-03
-2.105299369396600694e-03
1.052790391000214988e-04
6.181867399624935318e-03
9.179617491211723365e-03
7.088280013266970610e-03
1.515309416586489320e-03
8.504746071406457447e-04
-7.330975916931625237e-03
-9.290247756225694653e-03
-7.824258293672281539e-03
-1.141982592319997457e-02
-8.421885669054102533e-03
-4.997923840117716315e-03
-1.222069356250072300e-03
-1.260712474409525323e-03
-1.282365738886882822e-03
-2.053855283936863434e-03
-2.535982559089165148e-03
-2.298993119172503072e-03
-3.168223206369549013e-03
-3.800832932100847543e-03
-4.810806987213748186e-03
-7.677684672760172815e-03
-1.011756733973712130e-02
-1.427278244070551497e-02
-1.922682769647244758e-02
-2.205887972549449433e-02
-2.427745394664942644e-02
-2.676163435344818334e-02
-2.867910985864813994e-02
-3.003552210543115539e-02
-3.083198263699447883e-02
-3.088820077050556667e-02
-3.100112145814640924e-02
-2.990071356478207418e-02
-2.957218470262687818e-02
-2.761144516190397469e-02
-2.550383409395084663e-02
-2.282281350556037217e-02
-1.263554850419131188e-02
-8.583361530282249824e-03
-8.887850281401746613e-03
-4.840394274951830000e-03
-4.222444853530220137e-03
-3.067938906470553222e-03
-1.555944948579353164e-03
5.539136953888556771e-05
-4.491716003379835889e-04
2.413116245986704402e-03
5.792413970329371052e-04
-1.328059746242563543e-03
-8.584270912525028812e-04
-9.265004159199478548e-03
-1.133573132374057074e-02
-1.483712604628580761e-02
-2.191789180437181406e-02
-2.172799482214225752e-02
-2.013381885422102155e-02
-2.222937893714071328e-02
-1.747269687909792230e-02
-1.413467919510864347e-02
-1.373073379122682902e-02
-1.233012023706330212e-03
-8.579925617350415328e-04
5.478501817688418481e-04
4.319883461615700582e-03
4.400889905571246305e-03
4.834723342466849989e-03
6.135536192891631949e-03
6.087282480994260329e-03
2.862492546747981426e-03
2.752169694645198190e-03
1.727388901210728930e-03
7.613188180173524004e-04
6.005223543843682399e-04
-9.677219760579462997e-05
-3.272856619342468030e-04
-6.736147378701356570e-04
-1.113204164146106229e-03
-1.091942707010662948e-03
-1.957363324335282748e-03
-1.932170657693631959e-03
-1.905109379248123456e-03
-1.764486232101921672e-03
-1.463178983564516165e-03
-1.933186277705681300e-03
-1.863089169468573570e-03
-1.934597032795237585e-03
-2.061996596004294063e-03
-2.034466050882318723e-03
-2.098157295449390013e-03
-2.120921849938609081e-03
-2.124547339390466319e-03
-2.151088680351633323e-03
-2.154026970360541776e-03
-2.161423831014279515e-03
-2.169085660606874608e-03
-2.168892596072594017e-03
-2.173077935948982634e-03
-2.172352831169517984e-03
-2.170078953641619863e-03
-2.171964419604098615e-03
-2.161247368258125204e-03
-2.160477605069351884e-03
-2.155835643564734533e-03
-2.125022152286391245e-03
-2.143111965132495252e-03
-2.095236038372071900e-03
-2.051217106806018167e-03
-2.113510279255380406e-03
-1.893235131844453164e-03
-1.975013062286427173e-03
-1.960276638490093641e-03
-1.266640748455162514e-03
-1.262801716879772586e-03
