8.056989706157603823e-04
9.149593650269445631e-04
3.569535201320799857e-03
3.634577599107427243e-03
4.119685841393521362e-03
4.594349358106141271e-03
4.096401493688507991e-03
4.367604749311216131e-03
4.330725847733983384e-03
4.261627594105919445e-03
4.339732577287972425e-03
4.300143679432557285e-03
4.305929694821492883e-03
4.317347356015232077e-03
4.305825592901602918e-03
4.312083053635797601e-03
4.311539133508396696e-03
4.310023274951260176e-03
4.311982596121562497e-03
4.311317684961583387e-03
4.311853153147829527e-03
4.312307082930247337e-03
4.312928130287383040e-03
4.313974279481098788e-03
4.314406097119200499e-03
4.317835739896736663e-03
4.318617677406338777e-03
4.321874859131526192e-03
4.332370699515769412e-03
4.328603868644739783e-03
4.350594051069832553e-03
4.368464635905395903e-03
4.354381808608581185e-03
4.458010044854916754e-03
4.426585675710785310e-03
4.446069848710611748e-03
4.572953873224660376e-03
4.566514976020863772e-03
4.968184508824769266e-03
5.125711648869994003e-03
5.174757972733572825e-03
6.891734725524471285e-03
7.034226211999897865e-03
7.057249901853778103e-03
7.543217364811071607e-03
7.531178343440267028e-03
7.163001910218250168e-03
7.368923798979755933e-03
8.125198653231680695e-03
8.382387090396695162e-03
9.149460933997054929e-03
9.975429926793356536e-03
8.835320707859807901e-03
8.938173782519008570e-03
9.269520094107253083e-03
1.073100282320806759e-02
1.435397540740054705e-02
1.437789815637149915e-02
1.310068324890036398e-02
1.268717580144762026e-02
1.133525505778898261e-02
9.132864899797114508e-03
7.578496654323134407e-03
5.480988421106166436e-03
3.702401132592882983e-03
-4.455845969825377069e-03
-8.076529804506727556e-03
-8.426547738784508773e-03
-1.106693679701625278e-02
-9.970973615152419617e-03
-7.738979163082983746e-03
-7.592295373450086600e-03
-4.043514668471312815e-03
-1.006683025651425615e-03
7.315116257565184438e-04
6.744770440173976887e-03
8.424218107942266914e-03
7.829892162369978328e-03
9.158703395601973732e-03
8.046451813094440339e-03
7.233816940691346550e-03
7.913862867739722765e-03
8.505691136143607792e-03
8.682994005424783321e-03
7.472543561170880491e-03
6.155729684572365350e-03
5.707618600503133570e-03
4.538971916638452793e-03
4.709980889021278365e-03
5.331115777334463277e-03
5.666367020842554524e-03
5.157652772796015098e-03
6.173265052554884752e-03
5.952238618935333861e-03
3.009570786563535265e-03
3.168961521800842205e-03
3.136618702393188188e-03
2.747165944057555851e-03
3.487318330814710796e-03
2.001629261406350987e-03
1.566743427536139302e-03
-2.224586887346859045e-04
-2.856525983388353337e-03
-4.642572584438627026e-03
-5.553306129059462810e-03
-5.184284181835660185e-03
-7.538316717381266571e-04
2.943875469440637715e-03
9.313260899442218910e-03
1.563695147694685664e-02
1.561593338103852216e-02
1.740498323087511998e-02
1.524978102373956979e-02
1.328370010841042718e-02
1.970694944575911503e-02
1.902254783029181523e-02
2.064924123707961856e-02
2.368741965532373053e-02
2.210663663044672503e-02
2.423935058895073172e-02
2.305350443252964648e-02
2.391344074101346001e-02
2.559782262515835488e-02
2.618967275636607459e-02
2.561426024193417042e-02
2.607995584329910257e-02
2.525642268783290581e-02
2.363348986022086734e-02
2.410128951002258463e-02
2.116598556394629418e-02
2.096016467613457182e-02
1.927954822405088253e-02
1.718247857080365190e-02
1.736586596740009522e-02
1.399538276039633336e-02
1.370636183202724422e-02
1.266647267825049897e-02
1.133366528530052424e-02
1.126045118719791113e-02
1.037236953588709619e-02
1.009605284141151804e-02
9.686145554282505482e-03
9.406797770425631006e-03
8.987416146862934815e-03
8.337110940131026854e-03
8.942000972074324108e-03
8.204256735403156822e-03
8.274140991462222358e-03
8.522279047166342672e-03
5.846476442077612988e-03
6.013909695244750234e-03
5.560091088713893515e-03
5.187561654845305840e-03
5.525187784010751266e-03
7.127101141143788766e-03
6.903452931707133346e-03
6.287889829445832829e-03
6.011776122671851769e-03
5.199656038783770882e-03
5.029071707204704929e-03
2.017224456863147327e-03
1.615834156991043016e-03
1.798223034885750157e-03
8.298162212846912390e-04
7.197227920330676086e-04
1.064212185406853426e-03
-4.523213155341847806e-05
4.047106085468399469e-04
1.839352851890897278e-03
2.581701770973962237e-03
6.055488481909617610e-03
6.519569577968984536e-03
7.333772510661848432e-03
8.338149462300334727e-03
8.444857475560469534e-03
8.274946023673972542e-03
9.561518727398618522e-03
1.081007215951491386e-02
1.207841994580172336e-02
9.889529330033718438e-03
6.127346214486095212e-03
4.432855558004209981e-03
-1.182053671695431013e-03
-1.213400487207357686e-03
-2.807663368340118995e-03
-4.430793439839118830e-03
1.193886638747562994e-03
1.823408729049865937e-03
8.004515325661341885e-03
9.946691997287690490e-03
1.296101946152876210e-02
1.834815769313767608e-02
1.888086474107065690e-02
2.686437398534938584e-02
2.530028978870802261e-02
2.380149302449026394e-02
2.443194944814366248e-02
1.855876228989517679e-02
1.821382726222412277e-02
1.826593991383983553e-02
1.613647277164287352e-02
1.688076976592315509e-02
1.636197398269506956e-02
1.631411983265318097e-02
1.639368203941917249e-02
1.729399389403635592e-02
1.738060025946465761e-02
1.832444767118645776e-02
2.180624058039999993e-02
2.310448351961019026e-02
2.484926139740968945e-02
2.645922353780741365e-02
2.762612873924937332e-02
2.863677440067803615e-02
2.895626178101059697e-02
2.837982625090890512e-02
2.765175362203247181e-02
2.608178995457591590e-02
2.485020362450420309e-02
2.353557613253967618e-02
1.914125157620755191e-02
1.776823675180322012e-02
1.540771692496515667e-02
1.340801628245719308e-02
1.211474143737309613e-02
1.081386016773835078e-02
1.110295579961420587e-02
1.114798275812297484e-02
9.412979203021356808e-03
1.043459646930866049e-02
8.674663534269572152e-03
5.353893171961882427e-03
4.643842441632500123e-03
-1.540962290120738735e-03
-2.360346176364122670e-03
-2.361395382470616450e-03
-5.143632288535286354e-03
-4.489126746036886315e-03
-5.300840591217709577e-03
-3.778103044057254042e-03
-8.032519080265097203e-04
-3.627272854147935502e-04
6.427779254190290996e-03
7.676486403945840913e-03
7.453595524835729055e-03
7.136188857469027980e-03
7.965217285705305031e-03
5.628409246680243089e-03
5.933228168908642741e-03
7.735908208316101022e-03
1.094449911962500945e-02
1.076345285187990317e-02
1.000710825513329884e-02
1.008983691588252740e-02
8.742880009703218880e-03
9.541226552941666286e-03
9.820757647308770225e-03
8.251712569497551136e-03
8.030153905133469855e-03
6.073805345150925898e-03
5.677433969981207293e-03
5.130410469997028454e-03
2.071422512302842356e-03
2.628045514381490821e-03
3.042042340166155236e-03
3.838223419592929936e-04
-1.394629016965624095e-03
-3.439277593158639092e-03
-3.185707162464333948e-03
5.302490641485021333e-03
7.692932788396546380e-03
1.427604100233656817e-02
1.562516648853774781e-02
1.352290459109340738e-02
1.296173468873898157e-02
9.078842155499325384e-03
9.693266537251755965e-03
7.573214765453764596e-03
4.842723245906984178e-03
5.066746355364534250e-03
2.043044677304511458e-03
2.237746356436938217e-03
2.297983435435692248e-03
1.540708797319840151e-03
2.266364337488915599e-03
2.008718069470146264e-03
2.801356201870846933e-03
3.230215080322914375e-03
2.515803243786303694e-03
2.415798749091623617e-03
2.237568278277081175e-03
6.963516498297933838e-04
3.940053876544643077e-04
2.257188276050899403e-03
2.287252773542164386e-03
3.932837821639231270e-03
6.900744708879187443e-03
7.549775777182302777e-03
9.409071496419963918e-03
8.554089340373018796e-03
6.431984712769791071e-03
7.964800061353265528e-03
5.902375662059613365e-03
5.886664304819664087e-03
5.897499012620989814e-03
4.104766542653075397e-03
4.954474561486938919e-03
3.690559697609278010e-03
3.843754822695112129e-03
6.029740267439025365e-03
5.648064186990367150e-03
8.770011330115127374e-03
9.576825629716302288e-03
8.419144749731098318e-03
9.510566515081168501e-03
9.188270650040547549e-03
7.845656941820617486e-03
7.677548199621265883e-03
7.145603731693317417e-03
6.164976620543115120e-03
5.593720395369407294e-03
5.233187229674527916e-03
2.107858771288088733e-03
1.771070078959295722e-03
1.838294994725116812e-03
8.646238196644400733e-04
7.422484569341330400e-04
1.043547825755130644e-03
-8.379970866317917942e-05
3.491623484778604751e-04
1.723345789020331534e-03
2.417760578865709841e-03
5.860850698694660202e-03
6.153100161304245024e-03
6.932105834914058066e-03
7.751057455402836534e-03
7.438053500866000610e-03
7.486927955980998348e-03
7.794852020010388863e-03
8.025422707337281567e-03
8.190434522603566234e-03
8.626060081429288290e-03
7.104072422818612058e-03
4.589759209561903967e-03
2.243427080609638417e-03
2.690358389355568518e-03
4.416841483404070588e-03
6.703847377730228797e-03
9.959521099420885412e-03
1.134757650629297440e-02
1.823715526380276578e-02
2.136543670436466189e-02
2.397427201406504213e-02
2.419257576400071080e-02
2.360357209409356949e-02
2.028862211798085693e-02
1.565508617869532104e-02
1.292242187295098571e-02
1.177364056645329067e-02
9.633188732138744589e-03
8.881212054835193118e-03
7.124980991092350925e-03
6.549568623636202111e-03
4.886780599197825328e-03
4.804544385888866870e-03
5.037193673808163484e-03
3.008578581871812051e-03
3.373401686703921855e-03
1.127091982044986984e-03
8.201602334424867033e-04
-4.489217304970615700e-04
-3.115304512246896539e-03
-2.348580701621257039e-03
-2.457932200019128342e-03
-2.350864598117485046e-03
7.484653094696311522e-04
9.715476209617041623e-04
4.186677381579132634e-03
4.865921080047162089e-03
3.969382687486719928e-03
4.957853842832884127e-03
2.817396139360634367e-03
2.361446026441664948e-03
-6.259373232083968622e-05
-5.879040030739845222e-04
-2.541397951742138152e-04
-4.295331582193007884e-04
-3.935547466458776459e-05
-5.684258392284230899e-04
-6.110790903064668893e-04
-4.041573435433410051e-04
-1.138265192184176626e-03
-8.164631991528989441e-04
-7.515012469275916688e-04
-2.586897299598263627e-03
6.078725939698837724e-04
1.574734335338511242e-03
2.843420554694681829e-03
5.521608124623608206e-03
6.919310991463882045e-03
1.110924200541411021e-02
1.324581223640056496e-02
1.159599159209536053e-02
7.142761287104019453e-03
6.230608401001839700e-03
9.431485373575406155e-04
-5.087698063498203097e-04
1.188014857300875079e-03
-1.110984625587426236e-03
9.642987927116949401e-04
4.184185361482311086e-03
7.131805688202799177e-03
7.051410586275484033e-03
6.851840727631297763e-03
6.198244819285541642e-03
5.933546799286909708e-03
6.459214598906658222e-03
6.048240630629691562e-03
6.361668229370334368e-03
6.200534051409663586e-03
4.396010855047008566e-03
3.547738899334630137e-03
5.059432986782522873e-04
-2.912613264034732106e-03
-4.622846298533671641e-03
-6.073954002026166026e-03
-7.207743330820626064e-03
-8.652572657564911243e-03
-9.188189121183101132e-03
-9.066914373476481215e-03
-9.263388936039862812e-03
-8.528188589937380978e-03
-8.041154222683973701e-03
-8.069069957288206932e-03
-5.975791516940306795e-03
-5.855570038296011373e-03
-3.861747680620287136e-03
2.002395214597491816e-03
3.457041275556965807e-03
2.826890173043873373e-03
2.492779721625919265e-03
2.601503782230390940e-03
2.934779388427271891e-03
3.004888070604538105e-03
3.810326215388362258e-03
3.786195889613373430e-03
4.681096097950997181e-03
4.041541534761996894e-03
2.769490001547691115e-03
2.788710812546891116e-03
-7.518718636707497028e-04
-2.327022065804441528e-03
-3.233453060452353475e-03
-6.505139511527238162e-03
-6.179858988627392503e-03
-4.299290109097628383e-03
-5.187429917936306305e-03
-2.756289126076361031e-03
-1.176768391782542951e-03
-8.965209591927124962e-04
6.231570587852324622e-03
6.435044073401106381e-03
6.542423356509842816e-03
8.248894311010810526e-03
8.226277613593352064e-03
7.891960626045097654e-03
8.622851673310087325e-03
8.506714666493471813e-03
5.475233359058242696e-03
5.289544960368372691e-03
4.516616148656870874e-03
3.769649192805500648e-03
3.671683910782689957e-03
3.246914363091266305e-03
3.104625467541609340e-03
2.902266951419262084e-03
2.645604749076047903e-03
2.668250226451180339e-03
2.012870058733064790e-03
2.047758495424955617e-03
2.053273376131445858e-03
2.256750654684101277e-03
2.486561619062342167e-03
2.151590265496710654e-03
2.203635893171327492e-03
2.158865670866416502e-03
2.085637094791413862e-03
2.103026733461152518e-03
2.071639372595391292e-03
2.061516835179918062e-03
2.061227290310635018e-03
2.050604483760870046e-03
2.049866857540976178e-03
2.047739683915889442e-03
2.045084823407463271e-03
2.045393671137600740e-03
2.044326585575536367e-03
2.044009664935278556e-03
2.045712575113405127e-03
2.044213211821331328e-03
2.047178934830287591e-03
2.050901337983929845e-03
2.045653555262713121e-03
2.063894936873519447e-03
2.059686251455175934e-03
2.056475085180009196e-03
2.124040611896397916e-03
2.051306820495741364e-03
2.145046858322936442e-03
2.270394698258400550e-03
1.969064492903362627e-03
2.707916609704673350e-03
2.897247154094406869e-03
