2.401210879626020870e-04
4.307508705850828998e-04
3.026881218346865257e-03
3.022373717985516600e-03
4.088176121433442951e-03
4.517799460368707859e-03
3.991389611393621195e-03
4.395235822208643992e-03
4.314508534861506532e-03
4.269199622577132640e-03
4.362689973350422287e-03
4.309759198925473128e-03
4.303072090808281701e-03
4.314780383429336723e-03
4.266378242809651215e-03
4.207948649601671483e-03
4.235929560539183035e-03
4.026777819967806808e-03
3.966370086131955179e-03
3.982705798972089456e-03
3.100713714692057005e-03
3.066396512822597200e-03
3.001850492604801052e-03
2.719514621478792173e-03
2.819662349480136793e-03
2.996299598086678284e-03
2.577662417226691226e-03
3.426067485683892497e-03
3.421820927633705423e-03
2.763920505672686021e-03
6.924044544371448819e-03
7.255245972579539918e-03
7.514623955710552153e-03
7.535368937876933855e-03
4.550943049246367403e-03
5.486593315964698528e-03
5.079479746511958611e-03
4.957576763898309188e-03
4.845403582350723930e-03
4.590021719464237003e-03
1.802541346090016190e-03
1.590325022746666168e-03
1.776955451910703721e-03
1.167863025520596808e-03
1.322095102436175338e-03
1.922951704049613965e-03
1.908866873173730317e-03
2.025263941285063585e-03
2.337067813405691724e-03
1.147811880386985636e-03
5.434245815763750912e-04
2.715326887629104877e-03
2.426598243191662851e-03
1.093824971954373074e-03
2.947211364705617630e-03
3.376846536681416509e-03
5.721035969648922970e-03
1.043808321332990487e-02
1.303287346411030612e-02
1.122047492797211693e-02
2.659653104790568687e-03
1.075138373889548613e-04
-8.259653312457057887e-05
-2.015696271096392277e-03
1.213909483324555937e-03
4.404587505312603131e-03
6.013240934493257507e-03
8.049279079819586166e-03
1.027061766419780364e-02
1.207867976683283523e-02
1.441847835735586038e-02
1.579744548927777478e-02
1.734157073606866148e-02
1.979721241959074216e-02
2.051684795203618378e-02
2.577271346046500558e-02
3.019038106893442291e-02
2.536085804754859008e-02
3.054821160364767224e-02
2.583677434628706138e-02
1.700991708389739190e-02
1.271566253682469491e-02
-5.425315656022046797e-04
-7.216148755421380317e-03
-1.590545361719999592e-02
-1.809661357157900385e-02
-1.947592552675053018e-02
-1.933372865208192112e-02
-1.151448243877610522e-02
-8.102337876238182093e-03
-5.443433014980728589e-03
3.263242337679659807e-03
3.239009507450437298e-03
2.116470564791813648e-03
5.390568899400839491e-03
3.468210629311613453e-03
4.323102077355516631e-03
4.776753591208119688e-03
1.874879039251948023e-04
4.347910929226063144e-04
2.556330456713666772e-03
2.338327584739070819e-03
1.300822843246466015e-03
1.743834372191426863e-03
-4.138919180672617076e-03
-3.390939668759446624e-03
-6.971367753597367684e-03
-1.415596017263287543e-02
-1.593477741792596880e-02
-1.869660270121340298e-02
-2.045018233179738548e-02
-2.128965200137630104e-02
-1.965134220275685864e-02
-1.941811937279460873e-02
-1.865411535463425488e-02
-1.933258280526504655e-02
-2.004000378576684116e-02
-1.607306466712940182e-02
-1.461619991948653885e-02
-1.256175207111411528e-02
-9.928479776726614053e-03
-8.689530142152540604e-03
-1.062806715345362280e-02
-1.070478182847741516e-02
-9.897090430678786785e-03
-1.217786973974449398e-02
-1.139153150733836391e-02
-8.542591452884239211e-03
-7.657178657017398547e-03
-6.204301451213824073e-04
3.641682869432158898e-03
8.164025959291861326e-03
4.936108258792274751e-03
3.176259066439480073e-03
1.805296357731852458e-03
1.841735511529140603e-03
1.079074387932692225e-03
8.760438129288412824e-04
8.542591164800535835e-04
5.725852725752311788e-04
7.849279656061529126e-04
8.444669085699625264e-04
9.018820757237131164e-04
1.682448915860862209e-03
1.800950871482522161e-03
1.905748361387119743e-03
2.458204259653395864e-03
2.542300837786995969e-03
3.173055040753289344e-03
3.078061855007597266e-03
8.342040916240435955e-04
-2.484768585429071586e-03
-3.494284516889113387e-03
-6.655014224518356059e-03
-5.515514419084383523e-03
-8.110238140391134998e-03
-5.271515220565888525e-03
-5.947812583301356239e-03
-6.890290285340151984e-03
-5.219213558898440873e-03
-7.119896027607705742e-03
-6.616224359381138106e-03
-2.577366038231369231e-03
-2.007400876958242032e-03
1.501756995564457403e-03
4.320412953670181924e-03
4.920470548406211640e-03
5.836822815364739458e-03
4.729763819635052213e-03
4.620975681399789280e-03
2.450696326838119974e-03
-3.964705352483366071e-03
-6.648618172831699709e-03
-1.265115636022668723e-02
-1.944240885944709119e-02
-2.964089777281977284e-02
-3.001117613160968201e-02
-2.954430598426287594e-02
-2.571382104887323314e-02
-2.177835328544817581e-02
-1.970001736588999214e-02
-1.748838636403391225e-02
-1.737479423031699360e-02
-1.697363845031790025e-02
-1.555484234122442126e-02
-1.550722435751336094e-02
-1.633163929564583269e-02
-1.510608823178224112e-02
-1.436050888637812641e-02
-1.340098386427475072e-02
-1.967181383874724680e-03
1.043301893241169783e-03
4.529033016578750542e-03
9.032336063556509198e-03
6.137613301636015740e-03
6.497584128768447119e-03
6.997128779064928049e-03
2.545318394297938023e-03
1.800547388767428242e-04
-4.085469239980700669e-03
-1.114899208720840362e-02
-1.625146736931684655e-02
-1.752211692366634904e-02
-2.174457195359959238e-02
-2.162878005453402683e-02
-2.202047618525213024e-02
-2.385060297576651819e-02
-2.169672563929800346e-02
-2.209732268783141593e-02
-1.957885186556072507e-02
-1.458093570883738262e-02
-1.036214448933818824e-02
-1.090845431948967402e-02
-7.099744021520418107e-03
-7.734731994028883409e-03
-9.755367593217077055e-03
-9.470546488813775740e-03
-9.743346868109044670e-03
-1.102077086710368491e-02
-7.697028058724583212e-03
-7.609805578983674240e-03
-1.206091606487548831e-02
-1.068263706745984504e-02
-1.509581170344130065e-02
-1.561873843583729167e-02
-1.575239083185969030e-02
-2.028681627446552935e-02
-1.908768210094642995e-02
-2.086159805664036457e-02
-2.208456392931725312e-02
-1.726243953534346148e-02
-1.744077866555082679e-02
-1.175229436804360421e-02
-4.155887726207351668e-03
-1.187260150491454679e-03
5.602555534179638405e-03
7.808410616690104368e-03
1.237400891200796105e-02
1.507668348848214580e-02
1.708563066033133918e-02
2.091689179393006054e-02
2.331440641493434315e-02
2.634980146550036650e-02
3.279329215876063824e-02
2.820754609769637877e-02
3.070342827986920556e-02
3.178781531938507793e-02
2.494531212969830491e-02
2.826317914937755832e-02
2.193634566945946995e-02
1.076597787069139868e-02
7.603363409442064590e-03
-8.868825270921658691e-03
-1.384224335559190895e-02
-1.338382122221527110e-02
-1.810171170216193226e-02
-9.261555585168727150e-03
-6.632704183520515308e-03
-4.635964942198781899e-03
2.071185923390043808e-03
1.250509944945737452e-03
6.766157606211619605e-05
7.081004312699648627e-04
-6.466090406782866147e-04
-5.977424504532628628e-04
-4.277494145802848702e-03
-5.244365859317931013e-03
-5.818139249698818863e-03
-7.232153974741311817e-03
-7.686723491418421920e-03
-7.361591576786372798e-03
-8.847096552900906088e-03
-8.141331834569895745e-03
-6.376165794928267787e-03
-6.080925619110244019e-03
-1.741854737934745790e-03
-1.785403567380452593e-03
-7.519840663411535200e-04
9.478248281098073139e-05
-1.297629217615942640e-03
-2.269151387813967639e-03
-1.807168377217221490e-03
-3.707871767319670213e-03
-2.814121716043621688e-03
-1.131687399815579876e-04
-9.753514278629926010e-04
-3.266837470263350262e-03
-1.868983543407513057e-03
-2.123874265482863979e-03
-6.055045406306119827e-04
-1.156253773883261175e-03
-6.414468626735802571e-03
-1.118398091567941732e-02
-1.540836012183394339e-02
-1.526652075510948406e-02
-1.602615707446472179e-02
-1.240140666845690638e-02
-1.256791889950712934e-02
-1.050967251692485824e-02
-7.789626405966452961e-04
1.544946749316863065e-04
1.583858545187990076e-03
-7.216031445004277055e-04
-4.464787051757196194e-04
-5.255207616416309943e-03
1.482122438695969739e-03
1.658478465980237071e-02
2.049346153978504406e-02
2.813674175644281100e-02
3.206914882811349315e-02
3.004185624437966107e-02
3.096967615307470376e-02
2.981607036192248164e-02
2.865356260964218443e-02
2.897549643229830815e-02
2.720490648279575222e-02
2.771814175880473949e-02
2.665392221295134756e-02
2.594032367905994493e-02
2.675806949207373137e-02
2.413599182549112585e-02
2.544421046612916834e-02
2.342457832097871381e-02
1.912464428765178054e-02
1.733530101190152578e-02
1.261917630948592058e-02
1.097003446013040430e-02
7.638501120755723794e-03
4.718311344594399229e-03
3.470164856627238302e-03
-2.625928480382194122e-03
-4.404571233807322815e-03
-1.109776970282335719e-02
-1.784374187240099149e-02
-2.127950211337906183e-02
-2.235002946631545195e-02
-2.359583700119781066e-02
-2.499112919044170142e-02
-2.509245479432095291e-02
-2.254951686547849651e-02
-1.965027671142059035e-02
-1.179116333614390645e-02
-5.005951359210216930e-03
-2.925981973692475847e-03
-5.523100054168081016e-03
-4.093594366090844150e-03
-5.313694786151026972e-03
-4.891925197866003189e-03
-5.038293889770937596e-03
-3.669969754732311292e-03
-3.983397070832452383e-03
-1.116906289326465192e-02
-1.243568313739579212e-02
-1.815362297481637813e-02
-1.819800488469521665e-02
-2.343225767551641858e-02
-2.311543153618792271e-02
-1.266820156182852340e-02
-1.270307374061783665e-02
-8.780796064627643949e-03
-3.952143182564334285e-03
-5.610003894999319139e-03
-2.954043470077358387e-04
6.766546168673798038e-03
1.323031449846598373e-02
1.827946111929583742e-02
2.277120453461959834e-02
2.593289776578597272e-02
2.872977617210509954e-02
2.964793386013577642e-02
3.487223476593317301e-02
3.478900346819999850e-02
3.461271396054195482e-02
3.666362148958668410e-02
3.284802974874343612e-02
3.218758174609698958e-02
3.042506977567831228e-02
2.192872303727419134e-02
2.034972078525267014e-02
1.517994438040739559e-02
1.071168397197513368e-02
9.233727487464780948e-03
4.807986599694445348e-03
3.102264240616981177e-03
1.102115305488259554e-03
-1.640481381405751006e-03
-2.527324965793609213e-03
-4.649358317879805948e-03
-6.142598604580718803e-03
-7.159281845272204639e-03
-9.071918368640257205e-03
-1.006594671627867622e-02
-1.150492830870368174e-02
-1.325548706937598742e-02
-1.431939732444841885e-02
-1.637964889442047531e-02
-1.809032036714594907e-02
-1.966983625567241337e-02
-2.233724644649133853e-02
-2.353989833179730845e-02
-2.366668520575061427e-02
-2.440724792447114544e-02
-2.478639502934920635e-02
-2.473102732196948150e-02
-2.320655854017704064e-02
-2.172911799505081870e-02
-1.732375788906541370e-02
-1.543170942609360663e-02
-1.301798969930646928e-02
-1.033953171450491607e-02
-5.940981955953180890e-03
-4.434564170685445159e-03
1.198714025002054493e-03
1.377393254737832584e-03
3.432592447936162056e-04
1.817343577955719868e-03
1.149732715940583825e-03
1.280815022610331394e-03
1.526927618195183167e-03
1.157169141750992881e-03
1.328771109425718995e-03
1.135825777022440777e-03
7.413115928233788513e-04
9.560661929183834071e-04
-1.121042943044559372e-04
-4.468999543825484186e-04
-5.885461345546369764e-04
-4.687216415718311463e-03
-5.077537157105801481e-03
-6.177823893919701971e-03
-7.432266232553340173e-03
-7.697251588341587694e-03
-8.271995282552901951e-03
-8.716834075106781599e-03
-9.109309394538163754e-03
-8.954656604869260655e-03
-9.893300692032442473e-03
-9.615932057518978074e-03
-8.565504340593301652e-03
-7.223132338130498591e-03
-5.680935410174608492e-03
-4.636606522651222362e-03
-3.751224798257028238e-03
-2.970081611275559100e-03
-2.350124811860590350e-03
-1.817925928293516024e-03
-1.308681471872620529e-03
-7.734873581362049395e-04
-4.196005344628790179e-04
2.646116495139718945e-04
8.148814009987632133e-04
1.237720247732674965e-03
2.684786747581168614e-03
2.893922651718862198e-03
4.021221722448295802e-03
3.907173002146630859e-03
3.487929547155431062e-03
3.834686060205359272e-03
3.348188087063330709e-03
4.026831620673242650e-03
3.325336589297055948e-03
3.507526934844022466e-03
5.574819391579125850e-03
5.834892963338843101e-03
6.113071593224205305e-03
6.654404118481084367e-03
6.611474728375107621e-03
6.868275044364347340e-03
6.865226347694668510e-03
6.838650964201629066e-03
7.098893626402796170e-03
6.522145185417057602e-03
6.972235087814437383e-03
6.778769529244176723e-03
4.618587641717688923e-03
4.292248503991141599e-03
4.031681151768679722e-03
3.757703710588476773e-03
3.767655902331671584e-03
3.595179075545827836e-03
3.550732709753269632e-03
3.523107727646941547e-03
3.471907229185273395e-03
3.463178573240378692e-03
3.446012216248060291e-03
3.433391108794597076e-03
3.429356041911420672e-03
3.422556820155288077e-03
3.419233868667079929e-03
3.416567955501881304e-03
3.414332440126515485e-03
3.411866415572758875e-03
3.409559102402920719e-03
3.408547474365801033e-03
3.401560223554992313e-03
3.400941092056633357e-03
3.394947013594901402e-03
3.374517248743372742e-03
3.385867346222361414e-03
3.341007465185464372e-03
3.309852539503659475e-03
3.347296604223147249e-03
3.128850962008884306e-03
3.215987732080577595e-03
3.125107779696865463e-03
2.352995895808816101e-03
2.398504550623091914e-03
