1.138561735195674045e-03
1.443633706464398855e-03
8.447327101774497818e-03
8.280201416293526614e-03
1.004367646421314153e-02
1.160014918155643886e-02
1.096797183903418064e-02
1.195297977429069826e-02
1.208630932299318943e-02
1.211582091821774426e-02
1.245202285497089105e-02
1.243931988754165031e-02
1.253728824773750299e-02
1.262128819126999771e-02
1.262742725837834139e-02
1.267917651538605188e-02
1.269837617379277958e-02
1.271135038414256992e-02
1.273202181122998038e-02
1.273976875121192280e-02
1.275134162636241096e-02
1.276236822709754179e-02
1.277120281031803549e-02
1.278602500414766086e-02
1.279916535129938492e-02
1.281845571718494801e-02
1.284855525737424280e-02
1.287253824414710986e-02
1.292878491672004755e-02
1.298978351792477205e-02
1.304803163040339428e-02
1.321482282437962640e-02
1.330660881704642459e-02
1.351573572569201957e-02
1.393145932152432820e-02
1.400170242396682994e-02
1.480483992699210480e-02
1.501413312155482592e-02
1.525780096653043573e-02
1.568142979583685842e-02
1.630783052310420811e-02
1.636597258787423834e-02
1.757742909440528079e-02
1.864499353661236078e-02
1.856616062524629740e-02
2.318472241361402286e-02
2.391581899284943649e-02
2.251801683562995246e-02
2.277293798581996043e-02
2.322015323136236709e-02
1.568284710033716542e-02
1.823973370982424208e-02
1.236231360708930568e-02
-4.604534424627743094e-03
5.450446128134771090e-04
-2.231120341944304100e-02
-1.930377112478934634e-02
-1.791175409868024301e-02
-2.837216719005934001e-02
-2.585880129826222465e-02
-4.276633277717384329e-02
-5.476534783817379320e-02
-6.961125886732595636e-02
-8.787604642539789679e-02
-9.188516651436444416e-02
-1.069995484407160469e-01
-7.596171636059269316e-02
-4.351710895453716338e-02
-9.924537740799861327e-03
-5.611716626099651391e-03
-2.668420764585160282e-03
-2.868836346642983457e-03
-5.146877618382457442e-03
-3.830267769282820652e-03
-5.498705377252958472e-03
-5.430267134723712127e-03
-4.997166630988255503e-03
-6.821500613800408376e-03
-4.604090505654866855e-03
-6.424282624584312998e-03
-7.612257736458229347e-03
-7.880787796846097995e-03
-1.286180931596585426e-02
-1.350313378385824964e-02
-1.560063787637896299e-02
-2.475349248384451847e-02
-2.345677617425914741e-02
-2.291472951845164793e-02
-1.862686764259227287e-02
-2.229902872086737473e-02
-2.140376399576092784e-02
-1.862284849367509473e-02
-2.228911136485067432e-02
-1.710596129973112473e-02
-1.779395552925467153e-02
-2.172894802007401677e-02
-1.243719580242620866e-02
-2.281378170259262469e-02
-3.567793657507690314e-02
-4.397605461708498781e-02
-8.568922765952539933e-02
-9.830529410078581165e-02
-1.285763845161355390e-01
-1.551310208088870768e-01
-1.595729862917364961e-01
-1.722597227059579905e-01
-1.672781692181715685e-01
-1.516095925873454098e-01
-1.526255220634666898e-01
-1.253253525463806639e-01
-1.222384408312843229e-01
-1.262271094898374801e-01
-1.199338727583477843e-01
-1.293694231513024540e-01
-1.343051526844739607e-01
-1.405575147583352502e-01
-1.611247361183195115e-01
-1.685661593315802287e-01
-1.859755383404372020e-01
-1.981667049842568695e-01
-2.013894826132499316e-01
-2.076286061009578743e-01
-2.052153054679664301e-01
-2.087255759022473567e-01
-2.069320256035655781e-01
-2.041028281949805456e-01
-2.052373648060072664e-01
-1.967135637725208608e-01
-1.962033703821295660e-01
-1.780208461168621692e-01
-1.531495719062565541e-01
-1.210870506430907906e-01
-9.654442649973647705e-02
-7.302878944378943249e-02
-3.367812973903703405e-02
-2.261002519889732110e-02
9.233205660960293630e-04
7.462396332723253076e-03
8.157734055947177265e-03
1.809375639323693857e-02
1.848176852610829493e-02
2.441068389548432804e-02
2.790151364673574066e-02
2.876328672441061732e-02
3.177104414033133511e-02
3.289230140176757633e-02
3.326747704324590355e-02
3.477488075116916266e-02
3.484765835578648024e-02
3.332579411861944646e-02
3.202777470559373812e-02
3.415165468699566526e-02
3.139918320405279961e-02
3.173076740217967845e-02
3.494367305003456825e-02
3.227054766044752665e-02
3.213634206986365482e-02
2.516641721129156753e-02
2.160863488227880366e-02
3.053080193961145786e-02
4.146831731745827948e-02
4.555215942660562761e-02
6.861895788602474788e-02
6.418094067189475393e-02
7.054497041790179501e-02
7.469755364961451483e-02
5.679350639250442534e-02
5.728668465913528546e-02
4.627999773707500847e-02
3.705061192530961778e-02
3.519746019775943369e-02
2.926730094938126761e-02
2.735294197524271512e-02
2.787333786465635496e-02
2.530393734172149342e-02
2.419682509507125462e-02
1.782230173176517496e-02
1.297419105107669272e-02
7.614367411100276574e-03
2.161957239251673021e-05
-9.592846844224752964e-03
-1.984740437661410353e-02
-8.463139898386725854e-03
-1.053989697482443470e-02
-2.215858299241684187e-03
2.314208728908790161e-02
3.322381543981735991e-02
3.379839996641349764e-02
5.035129888065580095e-02
4.313100273918107214e-02
3.847300555250376952e-02
3.562047911386143073e-02
2.087199514067464984e-02
1.867217620077459006e-02
1.117809737976907178e-02
4.607948306903180552e-03
5.674164903759344042e-03
-2.086617954414702030e-03
-3.959866545732153298e-03
-7.569422340001162770e-03
-1.490533259400218975e-02
-1.710603292551321139e-02
-2.501554355140234165e-02
-3.013325234659663607e-02
-3.487737486632888628e-02
-4.270105205367196594e-02
-4.745178585546208638e-02
-5.406162548552489316e-02
-6.247950642568200763e-02
-6.924279324178377049e-02
-8.095106517058904549e-02
-9.065103031938014089e-02
-9.837668584888323298e-02
-1.103643884642631218e-01
-1.052818078663236567e-01
-1.108332493152013598e-01
-1.095571890458979930e-01
-6.724925922986456361e-02
-6.698591085862959371e-02
-5.032622676854664467e-02
-2.443006497901388865e-02
-5.119254408365912432e-03
7.179206185492643423e-03
2.537430223969597623e-02
2.612870361852070306e-02
4.293580252635832706e-02
5.208150275443672317e-02
5.768148863630357531e-02
7.181473033100115033e-02
7.878047714630589948e-02
9.270661549434158766e-02
1.015402786130987778e-01
1.037924365354897238e-01
1.094056335112265355e-01
1.128663429488546283e-01
1.167653029392908826e-01
1.233999365703203482e-01
1.269020118775673889e-01
1.302555494837631667e-01
1.377747990235084763e-01
1.275860539228757251e-01
1.259992079245926266e-01
1.189717831905552775e-01
8.788444241569109971e-02
7.875028457064212062e-02
6.382317700384061709e-02
3.833927772500984182e-02
4.825291054768809929e-02
2.920243641229471054e-02
4.132092881954353009e-02
3.301445541131204503e-02
4.141623965179071915e-02
4.407886466763751704e-02
2.612720857096424362e-02
3.156793514408842705e-02
3.668015323345817646e-02
4.001897290553414754e-02
3.597782672043391139e-02
3.538755951858976040e-02
3.859757957791666583e-02
3.667486061846401968e-02
3.731517305398172196e-02
3.712190157017039582e-02
3.683460727670983398e-02
3.641553515464046598e-02
3.786123204919310259e-02
3.868685897687539066e-02
3.367855170523145064e-02
3.100566251459433917e-02
2.780562860477652290e-02
2.347496850636753701e-02
2.150700033370357353e-02
1.952394939407683591e-02
1.794018459817489641e-02
1.552071836766881138e-02
1.682152565780716674e-02
1.406868987500635264e-02
1.368505874050695952e-02
1.941517594351077972e-02
1.723808060372304315e-02
2.315652162205564593e-02
2.363440926674430925e-02
1.347651847712448732e-02
1.448297850269961162e-02
1.135941725169230775e-02
3.392707842585772002e-03
4.110691818583491440e-03
-5.186557518427893990e-03
-1.040896046342347503e-02
-1.282538255143660447e-02
-4.304197180453441657e-02
-4.553248810562271487e-02
-6.794593399455120530e-02
-8.831797972768681837e-02
-9.139157485042508078e-02
-1.367975334255087938e-01
-1.361816680710328520e-01
-1.439592253914432352e-01
-1.600601915775514417e-01
-1.449019177896228583e-01
-1.588924549809128395e-01
-1.675143967096707764e-01
-1.661980743112112802e-01
-1.888334752262494365e-01
-1.879551852403206214e-01
-1.998767068984135253e-01
-2.155426967590846621e-01
-2.017864505243536499e-01
-2.176085839202571426e-01
-2.120160037094446781e-01
-2.084114840417525261e-01
-2.237609599673825445e-01
-2.106779892839590052e-01
-1.958864527436026681e-01
-1.980072426274214203e-01
-1.687568201626978570e-01
-1.623327753017523301e-01
-1.112865689256638813e-01
-5.296479535065968386e-02
-1.411866363898897116e-02
-1.413319043755983549e-03
1.646159097969730409e-02
1.894159772933361185e-02
1.872798578465191890e-02
2.402933537639444922e-02
2.331354474987350905e-02
2.000952756774544705e-02
2.108559968721631858e-02
2.075562167198447341e-02
2.034744072444831867e-02
2.050962755057933809e-02
1.997293023912650317e-02
2.062527922230681862e-02
1.902980528358504814e-02
2.029038658739845333e-02
2.105211497334043280e-02
2.343769914362520482e-02
2.593495956498034424e-02
2.057585927003408033e-02
2.430761600497856681e-02
1.781113774224226190e-02
1.188126204233028171e-02
3.462923853946118374e-02
2.445340372970205081e-02
1.121937670922126297e-02
3.673766046274178684e-03
6.092150114678596649e-03
8.333357036076459098e-03
1.957206858175227979e-02
3.165508681846090216e-02
4.267271396981623527e-02
6.031727889370355061e-02
7.176843465422877433e-02
6.909654981329199641e-02
7.376768825085114334e-02
7.296387253179521803e-02
6.152521144362829014e-02
5.711180749040733334e-02
4.260717221617110750e-02
2.421536415995702296e-02
1.210874067996051302e-02
-1.423999274125721179e-02
-3.670412446347334073e-02
-6.333052893360406610e-02
-1.404292419624343369e-01
-1.615493674891452514e-01
-1.953870066333437405e-01
-2.149143693775098785e-01
-2.200182943961511983e-01
-2.411369972035551645e-01
-2.446918836174542811e-01
-2.523197842236078459e-01
-2.612845264984753890e-01
-2.564505595334635735e-01
-2.656560096877862431e-01
-2.593908725665439174e-01
-2.565400200965256006e-01
-2.555427573377096473e-01
-2.416774612256781529e-01
-2.178794169233677636e-01
-1.812692567762690388e-01
-1.455313896687630559e-01
-1.111477725100920577e-01
-7.762888438109093181e-02
-2.679978370798202433e-02
-3.160959110898781121e-02
-7.107531219380546980e-03
1.036424023587590761e-02
-1.674366316574527752e-02
-2.257737252910127414e-03
2.163754005039345701e-02
3.436566364704944643e-02
3.646321905889957776e-02
4.360242462447879580e-02
4.455261769053961429e-02
4.692045079997584495e-02
4.945113587504361419e-02
4.985254227853477133e-02
5.146737781687794888e-02
5.197795529001355413e-02
5.230024597133435538e-02
5.286747023897141878e-02
5.233152524621591944e-02
5.261765988945277250e-02
5.187145400327054096e-02
5.065679108381897222e-02
5.102190493357856155e-02
4.759056708968067984e-02
4.711409737347305865e-02
4.587118044782257514e-02
3.700608492858991488e-02
3.581020567185062842e-02
2.964769223384659813e-02
2.530847273087065419e-02
2.349328634359195908e-02
1.624753178075523385e-02
1.525644427630365625e-02
1.166472115645470625e-02
1.071777643999645424e-02
1.255790334161122762e-02
1.107877022281970533e-02
1.180638112431228737e-02
1.281337335533761293e-02
1.233481929422966875e-02
1.333513777510290758e-02
1.312552554548587942e-02
1.279549643937022245e-02
1.322188873968396447e-02
1.299876457465288029e-02
1.317684953090928444e-02
1.348401573462914248e-02
1.340388943996717944e-02
1.400772121740814433e-02
1.398943531265915696e-02
1.394042991544133803e-02
1.405270945448506247e-02
1.401414696939826815e-02
1.385993877563787731e-02
1.390409129285456562e-02
1.382483562347900513e-02
1.380084262366069320e-02
1.379889046752781276e-02
1.376845690813187709e-02
1.376632618839441352e-02
1.375842676149125789e-02
1.374991015571845089e-02
1.374888348598517912e-02
1.374445674486035086e-02
1.374236860350509272e-02
1.374134349517071654e-02
1.373958330245211162e-02
1.373898121430771127e-02
1.373836978615541708e-02
1.373757965379504044e-02
1.373748351335590985e-02
1.373702849352542200e-02
1.373630790992169670e-02
1.373698911198254109e-02
1.373537818040189429e-02
1.373527352943087684e-02
1.373688627188801581e-02
1.373066514686630511e-02
1.373654573843455413e-02
1.373326412582573895e-02
1.371970844459959558e-02
1.374762450323076951e-02
1.370614462487483413e-02
1.371357277446944370e-02
1.377156328295989739e-02
1.359602212305844118e-02
1.379809248924761776e-02
1.371189849686758368e-02
1.334303315118781467e-02
1.423562962870359404e-02
1.299070134128142533e-02
1.322758802300615967e-02
1.393921835489506794e-02
