4.445641393825643384e-01
4.707128294920803202e-01
7.427696993351808885e-01
7.722654162673837641e-01
7.710238927040057311e-01
8.119996234237266686e-01
7.872528139046884865e-01
7.990980819524299283e-01
8.032237289479776665e-01
7.961580351038032299e-01
8.033024883587799314e-01
8.010510038769806940e-01
8.009741993512008440e-01
8.029681198763789496e-01
8.016125384317943636e-01
8.024645683269833185e-01
8.025931164162810605e-01
8.022906401547741373e-01
8.027122178605763381e-01
8.025374631596732256e-01
8.025949016134101832e-01
8.026629713812466482e-01
8.025339559008851653e-01
8.026634188369065059e-01
8.024694958806471989e-01
8.024827719051997876e-01
8.025427739800938820e-01
8.019736347603941828e-01
8.024783889368054535e-01
8.018073008694542869e-01
8.010975949319584233e-01
8.025099112237652488e-01
7.990523353069315382e-01
8.004864239136023629e-01
8.001091877720892809e-01
7.881934729303017306e-01
7.828300362847420146e-01
7.647379885190195292e-01
7.566016056196844808e-01
7.406545409968013916e-01
7.359975123203418290e-01
7.129632890091486264e-01
6.996994817412730550e-01
6.959311041134229603e-01
6.721895541467032276e-01
6.662975511325549549e-01
6.940058263452870690e-01
6.839325367152481183e-01
7.066509271955084825e-01
7.418986870316477411e-01
6.336409433537438796e-01
6.593059192980084138e-01
4.279961567612691198e-01
1.509532497630761833e-02
-2.188579755833543194e-01
-1.176574645294095195e-01
1.266654592911893862e-01
2.227142352140342729e-01
4.298757323453207269e-01
5.637234123594910828e-01
6.768708825012618169e-01
1.035448654082878228e+00
1.033749225193236532e+00
1.081712217319420466e+00
1.028252316386504495e+00
8.096148640581559697e-01
6.514467408924603520e-01
6.480551924869671909e-01
5.327794889649506427e-01
5.483256916477773357e-01
5.011603084978271117e-01
4.471434071949960676e-01
4.699097357671705444e-01
3.966470685244626870e-01
4.040353989776930832e-01
3.964115068004488429e-01
3.552044390081944281e-01
3.851206784479585532e-01
3.478323394697838689e-01
3.474292640643815155e-01
4.194507196968181306e-01
4.020499575921183677e-01
5.222767584257046458e-01
5.880070522902216545e-01
6.784927274812494469e-01
8.189469800641033803e-01
8.510203254035630938e-01
9.046627231142929659e-01
9.369327535831578624e-01
8.200615256085012073e-01
8.766446737234230291e-01
8.151950547304216421e-01
5.973151358223424134e-01
6.028055459156452800e-01
8.796672589395672370e-02
6.871610552527233906e-02
2.020259469852582201e-01
8.193357790416991304e-02
3.127974328082286370e-01
2.561939485826633667e-01
2.570808570113766733e-01
3.288295898732949141e-01
1.299155082342537681e-01
3.358733977643822421e-01
2.301277831608643520e-01
1.402252564448620287e-01
-1.291042719608437028e-01
-3.888857878211752772e-01
-5.236957514805485880e-01
-5.884502749119113751e-01
-6.379309152892029822e-01
-6.589992752061452075e-01
-6.296349312367920392e-01
-5.698589893297275610e-01
-5.504489605846047962e-01
-5.270467205652499265e-01
-4.887809170527248614e-01
-4.755365196016674290e-01
-4.457595921379721160e-01
-4.263878958000857922e-01
-4.187823134815348292e-01
-4.611398899518736050e-01
-4.675212062722511330e-01
-4.942066169951284116e-01
-5.340130769591614479e-01
-5.507194867744796829e-01
-6.031173683394527307e-01
-6.701172944533220210e-01
-8.099412799940782781e-01
-9.704716776932788003e-01
-1.038889828903766910e+00
-1.138552453117897434e+00
-1.218652495361643551e+00
-1.240667012542003178e+00
-1.290380706711012015e+00
-1.293066804568564487e+00
-1.307066312700181809e+00
-1.326606089346088257e+00
-1.313348748423353252e+00
-1.330773078586630076e+00
-1.320586268385575801e+00
-1.303321229040478757e+00
-1.296617872483354805e+00
-1.229830883189396484e+00
-1.196971593771934295e+00
-1.127260816143331068e+00
-1.030007959827670794e+00
-9.082996006767867225e-01
-8.020350350383815830e-01
-5.796371645182384347e-01
-4.090843545365522305e-01
-1.302158349014105321e-01
1.591838309468353030e-01
2.964894688554550739e-01
5.748064251876142672e-01
6.061611082355927715e-01
5.089074377675996130e-01
5.715350633454253648e-01
4.934805041846916929e-01
4.791668280407778702e-01
4.152041799145535506e-01
3.888544036174733098e-01
3.667774366108109696e-01
3.314705891246544911e-01
3.085904829251274184e-01
2.977295270738446464e-01
2.566633738297873224e-01
2.461181103880991372e-01
2.578210976663653509e-01
2.571457306799004860e-01
3.282207839522466308e-01
3.618407559516610417e-01
3.652120324815561481e-01
4.530850563317384561e-01
5.527869944878598396e-01
6.182696872592433612e-01
6.614988866320230532e-01
5.675858525486857653e-01
5.132015205862745511e-01
4.351151382594304340e-01
1.254715362350487251e-01
1.008723575231087605e-01
3.549658544283669781e-01
2.883163840055684157e-01
3.287351797829847211e-01
3.595588551719759995e-01
1.115616815397465073e-01
6.774428203877430610e-02
-1.106677080009793590e-01
-2.243766093166672249e-01
-3.620974320556080706e-01
-4.679286590972344118e-01
-6.223283862719882764e-01
-8.458316538533785511e-01
-8.922354009670887542e-01
-1.108334497606939806e+00
-1.153463267561558592e+00
-1.201728560275745261e+00
-1.232217219913466888e+00
-1.250225924746152240e+00
-1.275652547644835932e+00
-1.289849905473015257e+00
-1.305785348494586273e+00
-1.320292847156695260e+00
-1.335044782503666427e+00
-1.344416879153003119e+00
-1.356401239170657691e+00
-1.365418868235686478e+00
-1.356068713210648147e+00
-1.350092374953799634e+00
-1.329236808165764394e+00
-1.298787450295106671e+00
-1.281369021019608478e+00
-1.237784733084181799e+00
-1.183288112184076146e+00
-1.132670681042022176e+00
-1.053426175172449630e+00
-9.903880048880908671e-01
-9.184696584099366623e-01
-8.320051995689811131e-01
-7.559746085557091932e-01
-6.552829440680979500e-01
-4.860042931915987130e-01
-3.928944172392248579e-01
-1.441819433601198575e-01
3.303108957318879463e-02
3.514293488666106469e-01
5.586857646381071518e-01
6.723245447133606723e-01
7.874545592323216603e-01
7.024216702647523292e-01
3.809606440466698496e-01
3.593495965823322869e-01
5.200706478435157543e-01
4.750519018243370972e-01
5.141099752110828147e-01
5.179613043159326802e-01
4.753764633770077852e-01
5.164061577262138991e-01
3.737108755295351914e-01
3.726925127314455466e-01
2.386743452369206597e-01
-1.392331001144859470e-01
-1.974077194399853352e-01
-4.447049018562458933e-01
-5.067941603207282153e-01
-4.673561903541596507e-01
-5.266950650808470691e-01
-4.328480079701558236e-01
-3.648868102353498566e-01
-2.134374636793465174e-01
-3.738460999840182569e-02
-7.188392458232657767e-02
5.059820047105422630e-02
4.188634620723728774e-02
8.751546533047542542e-02
2.002811573211532026e-01
1.831704196968678977e-01
3.515835751903827466e-01
4.628879420224857322e-01
3.788622203458822946e-01
2.764492140181076807e-01
2.663815279700958993e-01
2.884272954450920468e-01
3.046197946149401536e-01
1.956511820960927794e-01
2.210107732803790470e-01
2.338876927899045388e-01
-1.373944649936453821e-03
-3.592182039643410096e-01
-4.246177956658739872e-01
-5.251610695294596232e-01
-5.750170108305248107e-01
-5.549090539721618365e-01
-5.611392843290509136e-01
-4.532351875369297067e-01
-4.228629484987449505e-01
-3.345284335431539802e-01
-2.360673492786325156e-01
-1.783248207697267496e-01
-3.795889135449689172e-02
3.923130972220809087e-02
5.487423253600428458e-02
1.293592196582251663e-01
1.145382587991831541e-01
1.063541096770679456e-01
7.999222022262303389e-02
-1.720992336039786630e-02
-6.795883329828539265e-02
-1.727660469681431832e-01
-2.730800477732427400e-01
-3.472939256738664660e-01
-4.897393535291261757e-01
-5.230087235332451234e-01
-6.165932699907618053e-01
-7.007229847839087089e-01
-6.994965299037415596e-01
-8.056761640793063117e-01
-8.103105883964689671e-01
-8.300175562906878524e-01
-8.500894067091122608e-01
-8.307500642745062613e-01
-8.507483235192757620e-01
-8.412063026665063115e-01
-8.241148200392017786e-01
-8.388721872662958656e-01
-7.985248272976434025e-01
-7.859495807645151544e-01
-7.590780870790149182e-01
-6.381500717485586449e-01
-5.996141500591627427e-01
-3.279721180520572266e-01
-1.865517273140190058e-01
1.643966788420775675e-03
2.573882250098203928e-01
3.419315967611802343e-01
5.738804266849300006e-01
6.107103356219787393e-01
5.117823828311567347e-01
5.680318481321710022e-01
4.945293077312802321e-01
4.790271042299539817e-01
4.136894763693567678e-01
3.899448747258790759e-01
3.653817501440566606e-01
3.301957176211449130e-01
3.098513572740769773e-01
2.935911696991717612e-01
2.570776412866638272e-01
2.454352132704897549e-01
2.496184981691733362e-01
2.625279390386857647e-01
3.149127314815885481e-01
3.531511490125479602e-01
3.727245044261205398e-01
4.145032081063121376e-01
5.675520917481315930e-01
6.045498868103632573e-01
6.225065367214686063e-01
7.091490814677079424e-01
5.758417938504465372e-01
5.818025264547315167e-01
3.406486460803642702e-01
-2.094848522214730058e-01
-5.187955578702087012e-01
-4.920991028053754990e-01
-4.445793810639291910e-01
-3.680148744621079548e-01
-3.627654428167373379e-01
-3.116945719761412548e-01
-3.927453041674299206e-01
-3.446445812257263874e-01
-4.409805642940858861e-01
-5.066136352838340740e-01
-7.237350305816427909e-01
-7.789886147285893792e-01
-8.519379518568873655e-01
-8.874883166091962483e-01
-8.830054273309995150e-01
-9.037452557804187547e-01
-8.764928347091603955e-01
-8.782652934344541418e-01
-8.682866513697388156e-01
-8.275735852926772163e-01
-8.190759465620857105e-01
-7.306239215580172530e-01
-6.642570675677740288e-01
-5.721199589636095650e-01
-3.991646439025609006e-01
-2.770250267684719603e-01
-2.332590659746695827e-01
-1.536322297944961723e-01
-1.181548473408772226e-01
-6.543363465794191369e-02
-8.398968528846117651e-03
4.084968200465580873e-02
1.003843148806390639e-01
2.135637951478669971e-01
3.016297702439198480e-01
4.358559301182018952e-01
5.548199071409668504e-01
6.485720487751133190e-01
7.998962851686277631e-01
9.060170500031031748e-01
9.562035752317127324e-01
9.607429445847333049e-01
8.988939134499703831e-01
8.784214651898355486e-01
8.898531222417936926e-01
8.478723651796540306e-01
8.582418242247020768e-01
8.697458295688261787e-01
8.200659161741612468e-01
8.884543360995282857e-01
8.719887204692520211e-01
8.853500202076729497e-01
1.094324958435807460e+00
1.121076945113857581e+00
1.119790104408719955e+00
1.204392536861668583e+00
9.816801027100449106e-01
9.301669487480617171e-01
7.473882390772369488e-01
3.574470906760465749e-01
3.083862250417349626e-01
4.268588768376865850e-01
4.110491086294531526e-01
4.020486682728894312e-01
3.972765290014839135e-01
7.242014487734249606e-02
-1.823608249982196228e-01
-4.751231999151985241e-01
-5.028751226883997338e-01
-5.457444049659434526e-01
-5.681198647774479138e-01
-5.297831468910940700e-01
-5.235023792045300217e-01
-4.550082971968212320e-01
-3.683700386681090233e-01
-2.900209634222503663e-01
-1.405066423586740498e-01
-2.116519116889161237e-02
-1.269338354245764383e-02
5.926353938716102249e-02
6.539377096191144323e-02
9.524107555090821631e-02
1.438755892021102434e-01
1.496388143832888262e-01
1.955087317631727106e-01
2.345853875901099950e-01
2.499420168091051331e-01
3.181881833631707290e-01
3.417888958546142497e-01
3.866767725383103427e-01
4.562279529364094421e-01
4.811699763000178987e-01
6.360286853164185406e-01
7.675702928458889573e-01
8.787811408758672282e-01
8.669207924374736640e-01
8.578235572622867622e-01
8.243767019661668582e-01
8.135242112029534844e-01
7.501908844065927617e-01
7.378881536449691803e-01
7.203280597744690095e-01
4.209859132910163670e-01
3.966423653039580777e-01
1.655307912520755653e-01
1.527311705475699888e-01
1.664305404655127552e-01
1.424279205728020692e-01
1.047879062936630939e-01
-5.188236926749757033e-02
-7.317904117663473484e-02
-1.080466266981510437e-01
-1.781596370544931696e-01
-1.585107055217956362e-01
-2.279348862405175813e-01
-2.277009805350705685e-01
-1.886635189580355976e-01
-1.786537234318736067e-01
-1.172958232185690453e-01
-7.672758609322065382e-02
-5.019693549799322807e-02
1.421103493998642983e-02
6.113198900707259020e-02
9.478724765138303587e-02
1.999680652400907532e-01
2.218819405005976741e-01
2.609931943542185273e-01
3.064051976609327710e-01
3.212139404316468605e-01
3.600017921886817795e-01
3.802948168356786174e-01
4.124848064113533219e-01
4.414959605040556512e-01
4.697235840195932988e-01
5.236016042591342678e-01
5.437827502323822060e-01
6.136735335606952058e-01
6.569478716340264590e-01
6.728830541750145944e-01
7.243171859646425625e-01
7.239459354062768304e-01
7.325991574811427931e-01
7.464237005067618780e-01
7.443627641097765313e-01
7.515014408278536395e-01
7.539452309342260516e-01
7.543563534962988149e-01
7.574369594418568497e-01
7.574179304235245658e-01
7.583722160173724802e-01
7.590814573290065592e-01
7.587308956370873991e-01
7.595503955192318690e-01
7.586740876338432527e-01
7.586150895325254329e-01
7.589204658473605036e-01
7.557738750195317490e-01
7.577570037222769450e-01
7.543242657221481684e-01
7.493863845058599260e-01
7.557119657038143812e-01
7.377274824564536981e-01
7.415937809902691802e-01
7.429422964101759508e-01
6.944482839667361906e-01
7.405929194320038933e-01
6.715060794505380848e-01
6.043470372721367889e-01
6.533548273763066794e-01
