-1.965941397641456350e-03
-2.171329474903766540e-03
-4.219957849889584799e-03
-3.678349091053619100e-03
-6.191278867258553746e-03
-6.735616943821510355e-03
-8.139818530746668890e-03
-8.116685296008159176e-03
-8.357686970678098251e-03
-8.619241274699148553e-03
-8.418164459554814891e-03
-8.571164354973149005e-03
-8.558379918886249715e-03
-8.519488113472320490e-03
-8.572875134874207922e-03
-8.538947399797275004e-03
-8.536269545346914303e-03
-8.423903902572287689e-03
-8.205773769155056893e-03
-8.181544376256436393e-03
-7.015244962768313330e-03
-7.075979621173634701e-03
-6.529555147715303785e-03
-6.497663531747670945e-03
-6.015130175561129479e-03
-5.444434250729629499e-03
-5.751413719526184652e-03
-3.850824478097952374e-03
-4.300883001363723507e-03
-3.552312552295411839e-03
-4.961324370838257023e-05
-2.502476614802580379e-03
4.112357104359076580e-03
7.281939803466779947e-04
-3.651114071268290757e-03
-5.665446462694513001e-07
-1.526619495534622603e-02
-1.495947878191280708e-02
-1.893016636008381173e-02
-2.420617150981005036e-02
-2.386537752896430650e-02
-2.546028768684735835e-02
-2.640235033165007697e-02
-2.705023954788423127e-02
-2.846695498603990515e-02
-2.799035481044464743e-02
-3.113356928445049077e-02
-3.178518419882186974e-02
-3.252647779256864768e-02
-4.015254511536903159e-02
-4.266769476801710037e-02
-4.449412019007709107e-02
-4.724923057245682817e-02
-4.753494732989321098e-02
-4.029283851960808321e-02
-3.233843367415260850e-02
-2.831817925507882847e-02
-1.611739602594505424e-02
-7.546644319668554569e-03
-1.547481118382135548e-02
-1.633263333501545856e-03
2.840914962271237892e-03
4.846901393003858437e-03
1.853497524881809327e-02
1.684521611527441121e-02
2.722482586222570167e-02
4.344101453386181588e-02
4.573201998351375530e-02
6.172259728354250602e-02
6.714106246079638851e-02
6.863170292360451508e-02
7.438835293351336864e-02
7.366111086951494802e-02
7.533549920652989063e-02
7.934705056446049454e-02
7.928485301057902612e-02
8.253659613657451932e-02
8.909773893616713958e-02
9.078530854023084129e-02
9.891569302417439757e-02
1.022599346596705927e-01
1.054029835429940304e-01
1.100417221992682631e-01
1.091009802943818663e-01
1.077447734216998160e-01
1.034387509890195150e-01
9.853720757565344324e-02
9.058292646075821741e-02
7.982371235238668039e-02
6.936838047016784248e-02
5.691197201163145786e-02
4.883000607925116338e-02
3.425097901029202502e-02
2.796502751958325136e-02
1.947882427161098592e-02
1.304762890252078415e-02
1.058201303810350595e-02
5.554488510411135886e-03
3.291608670161238256e-03
2.621826268004896765e-03
-6.154126084412156732e-04
-1.765234039975597125e-03
-4.415396246661445860e-03
-6.229697256771872180e-03
-7.652516241600352404e-03
-4.040470927048368625e-03
-7.001022441272347629e-03
-1.045898808172820472e-02
1.511640261398101807e-03
-7.404118013978670115e-03
-2.999868872004683891e-03
4.486569254358838826e-03
-9.676649674878327109e-04
8.249039142952396125e-03
7.911382109780529942e-03
6.881236744852404358e-03
1.243018468013222695e-02
6.905404513359652066e-03
1.185520601226299972e-02
1.340648948074780154e-02
1.210271933488550090e-02
1.087136339597216499e-02
9.105139276486462138e-03
3.056808024400599431e-03
-9.344304482707265110e-04
-2.405750937121326188e-03
-1.603293506430888277e-02
-1.723539335246039930e-02
-2.820724811806507581e-02
-3.229981298334092671e-02
-3.508112634853052109e-02
-3.913068219940034342e-02
-3.551700124398825958e-02
-3.616490862518199900e-02
-3.584398516451470229e-02
-3.034456415408083238e-02
-2.928753273032686996e-02
-2.738715117820242351e-02
-1.610284648411247979e-02
-1.794388370523380960e-02
-1.138743541866973907e-02
-1.008004833967103726e-02
-1.427434008592495980e-02
-1.097636403206935819e-02
-1.466605551353884415e-02
-1.562723046961912721e-02
-1.110737602564754872e-02
-1.272879888499676808e-02
-7.328481950974140985e-03
-7.983560066324075523e-06
2.079683559091165430e-03
1.634048680888456131e-02
2.242617937460052863e-02
3.063035449334952989e-02
4.934136031579607062e-02
5.274045936729269968e-02
7.045078121478892674e-02
8.902626347299802401e-02
8.830491936353594695e-02
1.156955907441093584e-01
1.100849054330392818e-01
1.129100939069661858e-01
1.232264791545650690e-01
1.026448443814947237e-01
1.081065361835312905e-01
9.284210771767269221e-02
7.327669714900182651e-02
6.560813260307220285e-02
4.290313353178615285e-02
3.411153523483861916e-02
3.055805184485372444e-02
1.757005649288689852e-02
2.370245945134534515e-02
1.953342371987613207e-02
1.518760550884663656e-02
2.314316702230581613e-02
1.252678724264941028e-02
1.353324218281728650e-02
1.405975949452839373e-02
2.396716793823462817e-03
6.601879877450702108e-03
1.063897234930215752e-03
-1.137037532931138052e-03
2.429250052890922530e-03
9.850856763656407056e-04
2.845163637555407827e-04
1.816723950254043869e-04
-5.791471678264750646e-04
-4.466230168110815919e-03
-7.411540445079438898e-03
-7.955890294559321563e-03
-1.698631785032535257e-02
-1.686679818065113176e-02
-1.780781643345522719e-02
-2.211061429491041966e-02
-1.655770259486193802e-02
-1.822925042939874118e-02
-1.630026094538966977e-02
-7.165237274740017710e-03
-8.335598475110861730e-03
-2.409433539652298430e-03
1.513801605447109930e-03
-2.483815190256367413e-03
3.789601264623170679e-03
2.651422249083957086e-03
1.704531948523085828e-03
8.586274989408245947e-03
6.169735334793598203e-03
1.278988781125756265e-02
2.135280367117394634e-02
2.265204391904250894e-02
3.644153543065072748e-02
4.175696553689304397e-02
3.129943233356401872e-02
3.772123532175909733e-02
2.990920821789969791e-02
5.286966967131804043e-03
1.943603275079563422e-03
-1.878531360923828969e-02
-3.571948355128191227e-02
-3.727837080544705445e-02
-4.781214016629227459e-02
-5.195590279040675219e-02
-5.141376639153866224e-02
-5.433610258937125737e-02
-5.313890356345469385e-02
-5.201717497738714974e-02
-5.215788642818552229e-02
-5.142368112479546449e-02
-4.908359545619839920e-02
-5.097087899821910184e-02
-4.775121216829415760e-02
-5.017878235148184873e-02
-4.732534609805337522e-02
-4.048351665047356107e-02
-3.520241685037453494e-02
-2.285994729668050854e-02
-2.011564834247409408e-02
-3.268840532089980003e-03
-4.048345592110643570e-04
1.647739407252403303e-03
6.460623986646936434e-03
4.588865172160391977e-03
6.796787975642384905e-03
2.891934808021027342e-03
1.736958936004263715e-04
3.430606650148478563e-03
7.656104625675915973e-03
-4.620698247628576296e-04
4.376289146786135550e-03
7.721366102432339860e-03
4.871447059733840373e-03
1.200783408876254614e-02
1.028786040826060524e-02
1.044236737300996420e-02
1.208797382577590958e-02
6.237397301372296470e-03
7.232053168335408552e-03
4.072518179833058832e-03
9.010489832591338320e-04
2.239306935820838292e-03
2.810350775278500882e-04
-2.970208393206851417e-03
-2.364385317478179694e-03
-5.820985724451306978e-03
-8.261283516284535430e-03
-5.815805886080877354e-03
-1.004926198419510246e-02
-6.062367010012346784e-03
7.051845629877939899e-03
-4.405272670945678364e-03
6.219068235160058432e-03
8.379484876351072850e-03
1.258059214054487937e-02
1.605157821001135590e-02
1.974658247033675429e-02
2.482133633030423822e-02
2.881046046188274687e-02
4.008868733615435914e-02
4.892279547242821963e-02
4.866292392217091284e-02
5.773606350952847910e-02
5.070405338149079622e-02
4.904166024614364794e-02
4.686293874933496195e-02
3.957351781804987340e-02
4.111190824442338687e-02
3.506346536738632474e-02
3.139199088096933377e-02
3.064317376945713614e-02
2.330658779516526710e-02
2.271345217780532805e-02
1.884424786164939913e-02
1.454940378556660550e-02
1.459946806415162064e-02
1.000980221012601375e-02
8.990447876301335683e-03
8.263080389965702863e-03
4.384209755596762265e-03
5.705127853844699747e-03
2.804928765355214470e-03
-5.042215681309844191e-05
-1.071800881565470286e-03
-6.879564814103069151e-03
-9.842083136025003495e-03
-1.223344248730162329e-02
-2.046889148023387991e-02
-2.230980629494759213e-02
-3.038085988347350580e-02
-3.368074020105116251e-02
-3.260476836352366181e-02
-3.777565116341607965e-02
-2.763185884040113977e-02
-2.947989017108422830e-02
-2.832466704692804260e-02
-2.306013305039419578e-02
-2.866784158713659922e-02
-2.603586996189414388e-02
-2.586164288752965112e-02
-3.803080743302155592e-02
-3.197271600124079044e-02
-3.971298249559761240e-02
-3.795614496856187375e-02
-2.605470037607402964e-02
-2.832655474105034987e-02
-8.478766461852410910e-03
-7.882156301029428352e-03
-4.029970972029786429e-03
8.552430932970638000e-03
1.465225957025539016e-03
1.168255146854304573e-02
1.317697258603292045e-02
-3.233274626047714061e-03
1.695774472797945262e-03
-3.365214002081611411e-03
-8.583389883302417617e-03
-2.207221473706888482e-03
-6.114803175061554914e-03
-3.324682691562306364e-03
2.816210822425318692e-04
2.492759823935976511e-03
5.715700594941457852e-03
1.168817999426401480e-02
1.541069837492111370e-02
2.197694853866005368e-02
3.276834380127717494e-02
3.737175720970884601e-02
4.966923031910466801e-02
5.481166430084789820e-02
6.167562458893388611e-02
6.544341049738611193e-02
6.708440382099969956e-02
7.088007514741827275e-02
7.076141305765257239e-02
7.236946740055305582e-02
7.225975104901236068e-02
7.061802988398171999e-02
7.027790921244081446e-02
6.591124448099487665e-02
6.309660529478595958e-02
6.164881645576198582e-02
5.735241414407821203e-02
5.519249643775342440e-02
5.341541085225203628e-02
4.841433621634791407e-02
4.798513648545865706e-02
4.393801563449530739e-02
3.905956094615196939e-02
3.764284707882462055e-02
3.121064771364205279e-02
3.253465642394165469e-02
2.975442679372943336e-02
2.811466113369426312e-02
2.823638879543404270e-02
1.848002601817303261e-02
1.895973569224799690e-02
9.919983937866468787e-03
7.770883418720241770e-03
3.754362519664000003e-03
2.039669375308333053e-03
2.467646516480465589e-03
5.943574029763071644e-04
9.536432665880365889e-04
9.476809012699123321e-04
1.344927742008672597e-04
1.300674561333272760e-03
9.546814565599587602e-04
1.854368897882990354e-04
3.848179791029469540e-03
8.048589871891192527e-05
2.963843366482421526e-03
6.880715838651498863e-03
-1.122628279008879666e-03
8.704400618092014361e-03
1.819730164050362142e-02
1.586220146913849827e-02
4.658061469288703876e-02
5.065852247479194631e-02
5.860310719459601442e-02
7.292276007736006593e-02
7.129064849180939689e-02
7.763048294648219882e-02
7.827637613322818710e-02
7.722059731820270223e-02
7.739254694743602503e-02
6.997492891127081449e-02
7.015305959740826547e-02
5.789597348578695568e-02
4.641583795313730665e-02
4.397721760871011604e-02
1.348336408449437099e-02
1.061007640513318175e-02
4.333303966423215046e-03
-3.387660181349169426e-03
-2.338076804748475887e-03
-6.445725640360855727e-03
-7.550852808754915726e-03
-7.747244992781365282e-03
-8.950894129122788020e-03
-9.216517385422432276e-03
-9.056222394771646853e-03
-9.547472422573125353e-03
-9.709566047789634433e-03
-1.004681285233411867e-02
-1.057671645692897372e-02
-1.101139462228435846e-02
-1.131794787458579622e-02
-1.186538154037531344e-02
-1.245972757226345047e-02
-1.255321607191805383e-02
-1.368410699378313188e-02
-1.372157185214679595e-02
-1.399586949334533960e-02
-1.437507690499170883e-02
-1.435807613833219899e-02
-1.454101280148270905e-02
-1.462175611277838350e-02
-1.463661721107806755e-02
-1.470661389963541163e-02
-1.472054177709832164e-02
-1.473817828542865228e-02
-1.476151132061768838e-02
-1.476738223237757802e-02
-1.478339363780938227e-02
-1.479920626674843635e-02
-1.480691430513593650e-02
-1.484248275871864059e-02
-1.486402661962577844e-02
-1.488783189147995477e-02
-1.500000783280292828e-02
-1.500572688207365765e-02
-1.511073287854113045e-02
-1.542479246819232659e-02
-1.524639020409174900e-02
-1.566172037141274828e-02
-1.640063384070921185e-02
-1.512813541677132667e-02
-1.699783356443624466e-02
-1.753379612874847449e-02
