2.403451055639912407e-03
2.787290398981818063e-03
6.952481448506061222e-03
6.570250044844681489e-03
9.678900754833181033e-03
1.066383097638905209e-02
1.113642600280598596e-02
1.206754070333626756e-02
1.211301268862393504e-02
1.235544738381377274e-02
1.254923845652011413e-02
1.255352948308676754e-02
1.265326881819286986e-02
1.268650670869132628e-02
1.270201882176635530e-02
1.273378228775357002e-02
1.274161515008787222e-02
1.275261329682039237e-02
1.276249685614007194e-02
1.276948162865963569e-02
1.277548095789857521e-02
1.278515198424202276e-02
1.279806019456445308e-02
1.280206572402650331e-02
1.283611073098562053e-02
1.285419172422305051e-02
1.287231501581698537e-02
1.299117691058248800e-02
1.297501476577606928e-02
1.312864147581890503e-02
1.341540949949269861e-02
1.326850950906490953e-02
1.403835842814455358e-02
1.428049390855654424e-02
1.425140595073746616e-02
1.616113378387539976e-02
1.582011866759599691e-02
1.701787097954374217e-02
1.728117529613357184e-02
1.711657772422458049e-02
1.815199911805624733e-02
1.775336349792331139e-02
1.805466281125909719e-02
2.157228762071731684e-02
2.117787811799141592e-02
2.543463806352474002e-02
3.082412602724159470e-02
3.747323657347061132e-02
4.285557308115961472e-02
4.712719400229070654e-02
6.298376481678967520e-02
6.834262433495477684e-02
7.751640323976970171e-02
9.045254526699397779e-02
9.074208548839432509e-02
9.260440550095265511e-02
9.120658872228479264e-02
9.102390681068715794e-02
9.417364464608843355e-02
8.101776123552066611e-02
8.669055946146271563e-02
6.578249003976131826e-02
3.538422278165363061e-02
1.005087037311454094e-02
9.322149099811494199e-03
1.525353646593935204e-03
7.259335438570356687e-03
5.305184610633041642e-03
6.191593222934884538e-03
1.189351684092973364e-02
9.220259099863259769e-03
1.458476656258528466e-02
1.499478028004770820e-02
1.412334412433263742e-02
1.851274155989888689e-02
1.399403046320644821e-02
1.575366070163976284e-02
1.439165419706601133e-02
8.178102373267930048e-03
9.880698907349031238e-03
1.761554511761483045e-03
-1.585305297493172852e-03
-3.315607888608149666e-03
-1.371514295242032624e-02
-1.371454911678058296e-02
-2.084428905276669228e-02
-2.957090446306890469e-02
-3.126636325610970130e-02
-4.127600651582445657e-02
-4.715724288660592955e-02
-2.453392586687736660e-02
-2.196657094723526715e-02
6.267759701839683076e-03
2.199317815234616558e-02
3.058385223244515158e-02
4.444540057001900718e-02
4.492793930339887554e-02
5.288006256459798493e-02
6.030809191881916081e-02
5.960784029776599463e-02
8.289946482053361931e-02
8.260578588462202942e-02
8.649038651722447402e-02
9.121907002641188589e-02
7.967125859325613346e-02
7.800956864274909142e-02
8.068566013485344024e-02
7.330478992575933939e-02
7.932045095101762644e-02
8.167231533559572709e-02
7.396090325405919874e-02
7.778252973451242613e-02
4.485420612913746524e-02
3.613883320542157513e-03
-3.499985364390070103e-02
-7.293617166893660853e-02
-9.973964590259153107e-02
-1.013506060126994207e-01
-1.100202836221631092e-01
-1.160414188400788055e-01
-1.027002591940995579e-01
-1.025302967983935665e-01
-8.897998950845729949e-02
-6.221683575923227238e-02
-4.607005951632430624e-02
-7.085483905164459070e-03
2.844355972573100848e-03
1.927034192934783466e-02
2.391504393308317364e-02
2.752368794764714285e-02
3.227351078953150099e-02
3.783403598256125655e-02
4.334846599724801602e-02
4.698454056718259775e-02
6.890607601493743684e-02
7.578952134452143774e-02
7.817723294665228362e-02
8.516627847692406772e-02
8.056507338424127862e-02
8.412852251211742904e-02
8.213451378361254218e-02
7.881812413599267875e-02
7.686126185826991364e-02
6.869466725922833417e-02
6.822537659265860699e-02
6.291181280336834158e-02
6.430799367805678513e-02
6.777821653517093758e-02
6.739392374165016630e-02
7.329809579522329754e-02
7.473610123850743525e-02
7.534568439161190567e-02
7.996785254955222910e-02
7.847917493660222510e-02
8.040859606546006677e-02
8.173378131479210051e-02
7.882675916758019596e-02
8.067478016266421692e-02
7.792238902069813233e-02
7.474856049698405669e-02
7.492130953746654887e-02
6.797375076931029547e-02
6.602832394213088707e-02
6.156883592469941657e-02
5.244354710775710887e-02
4.965832668086595653e-02
4.013334690670623123e-02
3.522613558472404566e-02
3.192608533543057209e-02
2.359943268052821369e-02
2.529462512893696294e-02
1.710776119568145279e-02
1.502798739349521864e-02
1.387655985928662634e-02
-1.601947682181969167e-03
-5.951831545087467226e-04
-2.354182333378147113e-02
-3.816450430904846230e-02
-4.120248275954376677e-02
-6.724640565881491450e-02
-6.615929267085994547e-02
-5.212157853369859400e-02
-5.818790751182139481e-02
-4.546599080914929397e-03
-3.220940066974528181e-03
1.750238910291701533e-02
4.324638897098989632e-02
3.674244176567142278e-02
6.569445978807599007e-02
5.521592350783356695e-02
5.033336632572216196e-02
5.047308692972887062e-02
3.058999236650941297e-02
2.982387648742396147e-02
2.606037556772788921e-02
1.563861774777682706e-02
1.255781323729185904e-02
1.604894564093778050e-02
1.311997155453624117e-04
9.511036189948054304e-03
1.850467157743184918e-02
1.682212386666029347e-02
4.820681725887539931e-02
4.750467377594767143e-02
3.499528283637057258e-02
4.268194525549073165e-02
3.812288504117124222e-02
3.546304673412009612e-02
3.816827766468471744e-02
3.665793116081604575e-02
3.676781478025738237e-02
3.802823504615894523e-02
3.749920190068509879e-02
3.748927824948141557e-02
3.746242621219954272e-02
3.779392118456281063e-02
3.541065929510151672e-02
3.544400314862983931e-02
3.498423806567362015e-02
2.601725968844794887e-02
3.002882143835312184e-02
1.654671350919881267e-02
-2.367997990670228734e-03
-7.551861704643491116e-03
-5.063777263180433558e-02
-5.947786659037890972e-02
-7.152900951331193913e-02
-9.199747713221996526e-02
-9.648049978672378069e-02
-1.126160866141146522e-01
-1.321304613840183495e-01
-1.447308662971602267e-01
-1.745467781411663422e-01
-1.872080392872155497e-01
-1.956108856812251717e-01
-2.039556050975342705e-01
-2.068447395431039226e-01
-2.068241218323580155e-01
-2.118414396595619531e-01
-2.116431589622455867e-01
-2.062085818166441709e-01
-2.082960605711713653e-01
-1.841689180282470584e-01
-1.460827414927022005e-01
-1.112730202549466613e-01
-5.602723121181162752e-02
-4.376937144716751965e-02
-8.797755667838967272e-03
-2.306124189418523075e-03
-2.936996026285819319e-03
8.901751344075739536e-03
-1.593533622720628290e-02
-1.493309918719801233e-02
-2.314944169913846217e-02
-3.891644861809736428e-02
-3.162699869057863239e-02
-4.723815440284066802e-02
-5.137832849749675995e-02
-5.159842058682145849e-02
-7.053730350266647353e-02
-6.945048850807165886e-02
-7.423227805872459339e-02
-8.336374911230912121e-02
-7.580372646177128970e-02
-7.910638063127888031e-02
-7.614455070749011345e-02
-6.450303701196424822e-02
-6.328404721168645608e-02
-5.640724184151375831e-02
-4.839532130037297458e-02
-4.762835936118807456e-02
-4.009637662538299147e-02
-3.598648742391795385e-02
-3.651220868497911248e-02
-2.946898962541654593e-02
-3.094857816719510241e-02
-3.239468858386581468e-02
-2.763929121587452645e-02
-4.078165520013075224e-02
-4.089121718690803819e-02
-4.620034035163993885e-02
-6.360450491306234022e-02
-6.229694030882800687e-02
-6.976685793673466363e-02
-7.517878895073021317e-02
-6.115231218245809758e-02
-6.296847635618522954e-02
-2.632058010435173873e-02
-2.112231469457941102e-02
3.106105623378163389e-03
2.011516776907994533e-02
1.910750007996090544e-02
3.834936627152756017e-02
4.207316435798653942e-02
4.440155969980798950e-02
6.579448897058760848e-02
6.090930486272815025e-02
6.466303421058128276e-02
6.528163361250538532e-02
4.976799404834134771e-02
4.891127317773572708e-02
4.717585998813857151e-02
5.161903262979888191e-02
5.589519820102138020e-02
6.390299928776836669e-02
8.514283155393255476e-02
8.714596347025371781e-02
1.122889895124142418e-01
1.130935052351574877e-01
1.133736528834512342e-01
1.168904304073159067e-01
9.487760701588730805e-02
8.568714503644266067e-02
6.921707376726700389e-02
5.632253572720447021e-02
3.682080660115738535e-02
3.046679549949564414e-02
1.710860204610341329e-02
9.733813584114145087e-03
1.425672348741849685e-02
1.683977373461864862e-03
1.487316512106088943e-02
8.563574910338024593e-03
7.790691955763633797e-03
2.019887809779795373e-02
2.465404376474063328e-03
1.361394858256336979e-02
2.899125398988714689e-03
-1.979615742425012634e-02
-1.327015615058933784e-02
-4.539725952544238635e-02
-4.529781848731455340e-02
-3.469829107861459316e-02
-4.896975328783458037e-02
-1.447739125876626454e-02
-1.615396011743813753e-02
-3.838178796197826148e-02
-3.492096474686604696e-02
-5.473147018244781808e-02
-7.420878082971274492e-02
-7.989993177972169736e-02
-1.015356790556131844e-01
-1.166428772220198251e-01
-1.215599581154475084e-01
-1.182871752505049168e-01
-1.102062080548778383e-01
-7.434255854371489558e-02
-5.705185690934755360e-02
-2.286882769164403847e-02
-3.495731822503029412e-02
-2.878777727593238162e-02
-3.429799978245232084e-02
-4.566238581470188213e-02
-4.799133120816514303e-02
-5.903312089818515268e-02
-6.990936443799206090e-02
-7.729452552577567581e-02
-9.439415333963380172e-02
-1.134423909259716229e-01
-1.128793853479157089e-01
-1.211302889859401516e-01
-1.243441689068228023e-01
-1.251054705638160736e-01
-1.319782856850806874e-01
-1.346026320749850735e-01
-1.369981938756699991e-01
-1.422567446032260430e-01
-1.432090538645970912e-01
-1.342423581432108659e-01
-1.333297223026556344e-01
-1.215101533528942235e-01
-1.051847230116852439e-01
-9.780916314714969972e-02
-7.415251645598149033e-02
-6.677132153529738434e-02
-7.073703241646889239e-02
-6.094405975944919979e-02
-5.820061229992715135e-02
-4.905646551279838063e-02
-4.068880250230560991e-02
2.871286950931464452e-02
3.305730915484711430e-02
5.284338225889251284e-02
7.266911884534346666e-02
7.574278783424265304e-02
8.612996533840540370e-02
8.849105612274528465e-02
8.896753474593206701e-02
8.270995052606165687e-02
7.635822029448366410e-02
7.492499852238727887e-02
7.541648275809759161e-02
7.738095455475328677e-02
7.912449678151707577e-02
7.347012383799185475e-02
8.753517147703895884e-02
7.373890542496845668e-02
5.002720889426189727e-02
3.995945124446766139e-02
-2.562228386745119338e-02
-5.908833575701801649e-02
-7.455475924866607207e-02
-9.509346504784697840e-02
-8.975133918038114000e-02
-9.664760492216768750e-02
-9.081781287596384089e-02
-7.678385662288945979e-02
-6.664956808710303937e-02
-4.012531185912741882e-02
-1.889432810814398178e-02
-6.445380704763434797e-03
2.374679769538567617e-02
3.326528684316832490e-02
4.183191685138994836e-02
6.413449829379321010e-02
6.705454744316671767e-02
7.112507446322070825e-02
6.371879147480900840e-02
5.381523070913408341e-02
2.858679988693732868e-02
-5.141734231197397399e-03
-3.029272772427128030e-02
-3.928002192557640548e-02
-5.088503778729960153e-02
-4.285120650481882842e-02
-4.253320477378230019e-02
-3.295544974793242904e-02
-2.278074372251026949e-02
-2.423147710079274000e-02
-1.463516904624769313e-02
-1.445117548023894770e-02
-1.351282965438972694e-02
-1.065584719394696740e-02
-1.326040546375450470e-02
-1.285244479804303203e-02
-1.521670452509870687e-02
-1.675094856809695651e-02
-1.902579844018362568e-02
-2.035853502811566657e-02
-2.171300029559129069e-02
-2.329807152219360786e-02
-2.387046053242022903e-02
-2.525532169301449026e-02
-2.595424774324953804e-02
-2.693454538378884516e-02
-2.862481239311294098e-02
-2.907489685250061462e-02
-3.149529077377941771e-02
-3.308435746045700065e-02
-3.517326418862613824e-02
-4.088107165284239619e-02
-4.461267761807081317e-02
-5.352577752173326431e-02
-6.507199847238688550e-02
-7.604066631213478311e-02
-8.948889422021394369e-02
-9.264179828543676887e-02
-1.005235404919744419e-01
-1.032686990516281100e-01
-1.019002700190364125e-01
-1.051903691364951959e-01
-9.819793363355402982e-02
-9.651412733393048560e-02
-9.128029057165895632e-02
-8.069754262406378387e-02
-7.816241436940847553e-02
-7.041161490752247121e-02
-6.885969259546771692e-02
-6.797561698604839830e-02
-6.552600802724994900e-02
-7.401425181586447632e-02
-7.249019036751903899e-02
-8.311803731830481878e-02
-9.277699348069051721e-02
-9.483804177778054623e-02
-1.161899034036121270e-01
-1.189655319579415588e-01
-1.168405630247398713e-01
-1.213455519621806783e-01
-8.837449633163671492e-02
-7.806566895572743248e-02
-1.807800346654174495e-02
5.855056041111207296e-03
3.264652612911503327e-02
4.745582054336805466e-02
6.689045507131427537e-02
7.123748595105114378e-02
8.080407612192497258e-02
8.454510707521774304e-02
7.035356453197309790e-02
6.162341624253445116e-02
5.236095145190811789e-02
4.739631011531838384e-02
4.323680002645566289e-02
3.680263476436894388e-02
3.643148518493591337e-02
3.912608794942903229e-02
3.957506103538289965e-02
4.406078338794362087e-02
4.567259047663391192e-02
4.703186758477295032e-02
5.080875874265122077e-02
4.867379586424133708e-02
5.127259953673477672e-02
5.185210449836491486e-02
4.279872013588512797e-02
4.300609002329109504e-02
3.706359013753530995e-02
3.462287049646978199e-02
3.171083803419329911e-02
2.876782295154211438e-02
2.620037751325251726e-02
2.173980637024412396e-02
2.102406287165105997e-02
1.415723109568588559e-02
1.367722607194701498e-02
1.320121448224996150e-02
1.081091223453983612e-02
1.103418870303104343e-02
1.037774330404056533e-02
9.446614557377027224e-03
9.099453160493967477e-03
8.805270543740011807e-03
7.181226779762877287e-03
7.176424287746437612e-03
6.732858584873173749e-03
6.269406249461426280e-03
6.263825371304746273e-03
6.031942244866746010e-03
5.938579903485168010e-03
5.905987566744240642e-03
5.827655437537748381e-03
5.809490118603234492e-03
5.787210242181586514e-03
5.766143112363673537e-03
5.760308627408438145e-03
5.750844580067012400e-03
5.745600344914384393e-03
5.743040295029890746e-03
5.739900691029950312e-03
5.738350088181146114e-03
5.737839116932108748e-03
5.736474578619771975e-03
5.736219823765193945e-03
5.737772115891579677e-03
5.734481979828981446e-03
5.738865639123641275e-03
5.740471692194512240e-03
5.730807825160221490e-03
5.756764706817009587e-03
5.737518235520243544e-03
5.732902932227813830e-03
5.825516176196202794e-03
5.690818550705465870e-03
5.815187854597005448e-03
6.033487811782900154e-03
5.471189407647515136e-03
6.355654200895148251e-03
6.734312082400345338e-03
