3.127716987644325701e-03
3.456162202522200869e-03
7.955322965305837782e-03
7.676630720591938808e-03
1.071040786319612040e-02
1.163043402045157819e-02
1.199699633689418551e-02
1.278838842597462486e-02
1.281058957857203820e-02
1.299925975549346205e-02
1.315566316249639281e-02
1.315609725738677016e-02
1.323558432762628884e-02
1.326216328742588733e-02
1.327438941892738165e-02
1.329989222363778083e-02
1.330624902667009238e-02
1.331520153162419999e-02
1.332327976279568463e-02
1.332918573837256829e-02
1.333440452457579535e-02
1.334260250846212338e-02
1.335398437221989483e-02
1.335813855238989108e-02
1.338701380363686681e-02
1.340453376265767979e-02
1.342101675601049468e-02
1.352296470681173604e-02
1.351574908439391078e-02
1.364652111922469262e-02
1.390281133901892160e-02
1.378288742137171070e-02
1.446324689154308320e-02
1.472953741738920047e-02
1.467922016683551913e-02
1.656331640705952651e-02
1.643004334794409896e-02
1.744746502660463050e-02
1.828472804875981225e-02
1.814498786612215447e-02
1.933973104423959699e-02
2.084454548313673453e-02
1.992886791658012025e-02
2.679366678508031743e-02
2.891305956265624588e-02
2.893008141009712625e-02
4.956784184684064759e-02
5.197886945802721731e-02
5.574079936320724959e-02
6.363408260348263346e-02
6.203489961504342343e-02
5.518749244990577008e-02
5.378796441841450504e-02
3.903748011032944637e-02
3.445627313955718085e-02
2.366100765283511362e-02
1.449076907623218780e-02
5.552751855140063662e-03
-5.453193014873624310e-03
1.516933263146087209e-03
-8.872912333065148538e-03
-2.523352518457127030e-03
1.239297271649626503e-03
1.413235428690091944e-02
2.709233481400709700e-02
3.131652919321523121e-02
4.735266973904857929e-02
5.237098869291126335e-02
5.321944873496730483e-02
6.563511304847723105e-02
4.751094748091803932e-02
4.303589558833096490e-02
3.290624853450330872e-02
-9.555159803362913221e-03
-1.812550926432695414e-02
-3.075512184908644683e-02
-4.535242566294429151e-02
-4.874437162492452347e-02
-6.106364995855527444e-02
-7.032550356306355166e-02
-7.415659313767929139e-02
-8.836177532209663066e-02
-9.185113491313114109e-02
-9.512880953464500355e-02
-1.039412201519089585e-01
-1.020186715526109622e-01
-1.088840501279561002e-01
-1.105774863925158558e-01
-1.099164409969053402e-01
-1.144045720652721865e-01
-1.027867454091453553e-01
-1.043459886699302230e-01
-9.039402525399937993e-02
-7.476967290310516934e-02
-6.955922947508831611e-02
-1.874664609302995402e-02
-8.218514056553953909e-03
-3.047024667121278098e-03
2.321825729881887845e-02
2.191450164689630331e-02
2.357074347933979519e-02
2.454849558772140977e-02
2.598529890902681952e-02
2.537816534037190541e-02
2.793360960755991371e-02
3.633901444499982453e-02
3.682571993629914220e-02
5.213222073098802006e-02
5.566128871221043273e-02
5.986920481322928478e-02
6.774267890309446094e-02
6.179373202835043710e-02
6.917192572756060420e-02
7.219277012518748871e-02
6.600818502450105096e-02
7.118195220097588150e-02
4.210883719628945310e-02
8.413925437621020201e-03
-2.551830024531988664e-02
-5.702353662319378791e-02
-7.691970873915975060e-02
-7.951421840288347420e-02
-8.280880357899211841e-02
-8.832370294062059923e-02
-7.909238721523299820e-02
-7.675622737855632149e-02
-6.952423504629198781e-02
-5.890541148736341825e-02
-5.851933337055138101e-02
-4.946782706898002896e-02
-4.532942123017850294e-02
-4.327637564524904057e-02
-3.680374341088345214e-02
-3.780717361643352870e-02
-3.327361631796178776e-02
-3.315624823127447801e-02
-3.461931988828395590e-02
-3.239283619318245738e-02
-3.711282794174675798e-02
-3.317062943915419226e-02
-3.406359470353599594e-02
-3.559092925858096945e-02
-2.735001963538778377e-02
-3.069048249159792019e-02
-2.342466926275328654e-02
-8.168730031031185349e-03
-1.908883074126962315e-02
5.997806883777671329e-03
9.741222929446902157e-03
1.054755844950336016e-02
2.857785238140747586e-02
1.507268475886698253e-02
2.386314812779071967e-02
1.839889777654373643e-02
-1.052528922050099264e-02
-1.564522125871868619e-02
-2.610945698404447055e-02
-3.767247484345856868e-03
9.065261122337554822e-03
1.723674154035412937e-02
3.977286852372625275e-02
3.786700376024649400e-02
4.509174339236558804e-02
5.373870324091309381e-02
5.083450125690171933e-02
7.273512988902861021e-02
7.211932689793658369e-02
7.273795652751173513e-02
7.950197229396525900e-02
6.295435696608038534e-02
6.215262913267354666e-02
6.526144130629854545e-02
4.314817639212242123e-02
5.034370359663293409e-02
5.270636291134143947e-02
5.427275968397246575e-02
7.618116787498539766e-02
7.716888731072071850e-02
9.801106754993710313e-02
9.978053285264348871e-02
1.017493335363109930e-01
9.857579109716828325e-02
7.410631290179053865e-02
6.434387004925000431e-02
2.675337731077519210e-02
7.315456681139704230e-03
2.431962605174556053e-03
-1.226051301838509099e-02
-3.173075726102816269e-02
-2.953131740287849583e-02
-3.481790846466362860e-02
-2.715686390951128903e-02
-5.977820796666492333e-03
-2.739100024534856306e-03
1.158656662370628060e-02
1.627324582412956883e-02
1.684224481136098114e-02
2.283847805784328458e-02
3.131900370638612818e-02
3.378981205626700735e-02
4.681949610385159610e-02
5.187285984454254734e-02
5.509573034024226740e-02
5.894423449876975973e-02
5.993915662211115464e-02
5.172541521274807985e-02
4.425659099375234273e-02
3.488419016686963164e-02
1.751642231326155930e-02
5.165146399301862208e-03
-1.565245247362915745e-02
-2.370295907691740561e-02
-2.501391305905004830e-02
-2.859799309821219396e-02
-2.048047925770554376e-02
-2.836985308882633214e-02
-2.815442172346062713e-02
-3.144717176365324079e-02
-3.999022390288124035e-02
-3.967794676808322762e-02
-5.193639888234495572e-02
-5.832358924211873685e-02
-6.494723252807124703e-02
-6.375673660328018411e-02
-7.337385008578305168e-02
-7.311603640428344930e-02
-7.194097168619688343e-02
-7.706029453267640439e-02
-6.637269953854418869e-02
-6.130387543844663389e-02
-2.963073461731106223e-02
-3.240194057411557860e-02
-1.842107796517955531e-02
-1.229020151146045618e-02
-1.440426265367366655e-02
-3.130107987455631180e-02
-5.483500767311653284e-02
-6.978835914595693524e-02
-9.242661956232821330e-02
-1.268933286424311080e-01
-1.364762304754374989e-01
-1.570040029595875242e-01
-1.622471082620852989e-01
-1.668092142355540597e-01
-1.757501129256257288e-01
-1.740030732799110746e-01
-1.761806467042996427e-01
-1.752416320797587634e-01
-1.712876018496198860e-01
-1.652442426507152728e-01
-1.600569767927109144e-01
-1.499351128375034925e-01
-1.375014872977604885e-01
-1.307642839066834040e-01
-1.124082406576799864e-01
-1.030606097243670083e-01
-9.682400637992230608e-02
-8.232398899520922131e-02
-8.128772120612136332e-02
-7.590207304110048459e-02
-6.849964436787217559e-02
-7.341796417401526276e-02
-6.700838174783274592e-02
-7.129983751703072858e-02
-7.787254110920217853e-02
-7.691248037997647224e-02
-7.210140288393999952e-02
-7.098751972494114770e-02
-6.342245242597015220e-02
-5.986592879833965014e-02
-5.302354785838885032e-02
-2.472055451822251920e-02
-1.741305406575238690e-02
2.284185153249086806e-03
1.547359332966191311e-02
3.818213066781518672e-02
4.691335531747543169e-02
4.942911331309138984e-02
6.078903662004778163e-02
6.426950738375032668e-02
6.853084357272692939e-02
7.104063142457681113e-02
7.189713706967133799e-02
4.774789120194170705e-02
2.462103669181846949e-02
-1.319615260724811383e-02
-2.776668898524660423e-02
-3.979173768738625272e-02
-3.829905000175260615e-02
-4.475420066567301070e-02
-3.935597399241520800e-02
-3.902312145420494538e-02
-4.315375431281870400e-02
-3.997409364502338414e-02
-4.503804228294838036e-02
-4.631736105314523955e-02
-4.990219213885916522e-02
-5.454760403786761136e-02
-5.841059966001339171e-02
-6.636778466627629713e-02
-6.891360692792604381e-02
-7.971861949023391347e-02
-8.541940571343298316e-02
-7.771837221945236684e-02
-8.361289909269253862e-02
-6.763739921822063683e-02
-5.240406043988175833e-02
-2.842717820526394212e-02
8.767847096734645088e-03
3.484042898900424623e-02
3.674264575064550148e-02
5.277224654864881570e-02
5.008798036477888488e-02
5.036520735246746011e-02
5.316266279192147920e-02
5.003900750003877768e-02
5.197189840324393378e-02
4.816918364198034819e-02
4.943268913001963583e-02
4.969969739590369279e-02
4.003499350737046297e-02
5.149604675013814969e-02
6.618644753857286234e-02
5.041456137836683449e-02
6.189035305697207501e-02
6.053129743081427094e-02
5.778392360115155307e-02
6.251968425351875358e-02
6.004775077072065093e-02
6.107688694109571215e-02
6.449019480635800883e-02
5.839341163465916473e-02
6.451582821524926015e-02
6.793143184734216911e-02
6.705011908781809138e-02
8.677898737493316972e-02
8.312201979179223432e-02
7.979668476650922382e-02
8.405384338743397687e-02
6.283305945215825195e-02
6.066087635551611207e-02
4.743032562776018646e-02
2.219545742571569016e-02
1.704683926024084042e-02
-1.954420447931417767e-02
-1.885759172103221304e-02
-2.911280094716977435e-02
-3.039402571154202481e-02
-6.418344077630574150e-03
6.626205512934132047e-04
3.076545799576048575e-03
1.700070863411512825e-02
4.398502630010708847e-03
-8.667693023836931313e-03
-1.436853614383531638e-02
-3.989787764576781248e-02
-4.933882938135507323e-02
-4.363547403614813358e-02
-5.722487677476379569e-02
-4.380255011710147001e-02
-4.038558056945321106e-02
-3.725220357271985527e-02
-1.755115560149389867e-02
-2.911698786100917757e-02
-1.389006358959757673e-02
-1.997599654868648100e-02
-3.121824096541850682e-02
-2.895373804958180364e-02
-7.315479772287868110e-02
-5.917037045819939500e-02
-6.970993313203974195e-02
-7.420418232543846138e-02
-8.005146430457187046e-02
-1.050627346997966144e-01
-1.237348038505631520e-01
-1.347344047396327460e-01
-1.559695061070238420e-01
-1.567215989559326561e-01
-1.641798667841736781e-01
-1.718300904625663095e-01
-1.642258916262379076e-01
-1.740566853350029308e-01
-1.669040246662304439e-01
-1.625406541976624486e-01
-1.681541590663431507e-01
-1.477420258221743832e-01
-1.514733307357351011e-01
-1.257262825300335674e-01
-8.742699258435569776e-02
-7.750131369984890328e-02
5.030182357332611646e-03
8.789767385522269036e-03
2.789124412584191928e-02
5.918710875070527788e-02
5.271786673048178135e-02
8.200474474675305270e-02
8.365945961500370620e-02
8.426124878919501182e-02
8.997478674690866096e-02
8.633364326680460776e-02
8.688783661290637450e-02
8.908001397148858358e-02
8.839991416740115848e-02
8.935048374032239504e-02
8.994675209804733895e-02
9.032363178950070237e-02
9.052603996152976118e-02
9.151122577174075623e-02
9.230038756253983179e-02
9.188197895501443169e-02
9.575162888192409461e-02
9.572885351346864524e-02
9.691466903739801020e-02
1.086880437999893784e-01
1.097461972844215872e-01
1.034472123651281883e-01
1.075513312518362047e-01
9.913730100102478848e-02
9.568053395040446163e-02
9.190599504950085208e-02
7.874762999658520279e-02
7.288993311334654446e-02
7.088143229093579745e-02
6.328282965865947296e-02
5.517940400076450785e-02
4.808458169729847714e-02
4.409215214704058361e-02
2.041882883320036979e-02
1.865241797179396921e-02
9.808099945047547841e-03
2.044607381152501856e-03
1.124741921760807721e-03
-4.970720523032438193e-03
-4.602753366326020092e-03
-6.682988921069404724e-03
-8.261078955826726619e-03
-2.657298773723359899e-03
-3.018170247212200504e-03
-3.076470933753071377e-04
1.533034661004105143e-03
2.445757689677272549e-03
3.961255631316537573e-03
4.992559898293125360e-03
6.641230464166806256e-03
6.982570606254768185e-03
9.054424917890824265e-03
9.198875944724698231e-03
8.988489826937558907e-03
9.387867282749550596e-03
9.250515832350562559e-03
8.066879464386224677e-03
8.231254572209609904e-03
7.907639950902439416e-03
7.620922750452888660e-03
7.653885860320260373e-03
7.493515477480556901e-03
7.448068603937777789e-03
7.432312173268050028e-03
7.381405909170551081e-03
7.375026248981274637e-03
7.362515770670007009e-03
7.347625412142195361e-03
7.348758681587318209e-03
7.344047503170207138e-03
7.333604160714717220e-03
7.353037033153481464e-03
7.334959076515700296e-03
7.330898804331160458e-03
7.405745529098338963e-03
7.289164476879338855e-03
7.394643096927592911e-03
7.590667736248026681e-03
7.046256085716986334e-03
7.873384064649685543e-03
8.240923936805411715e-03
