5.088472913062963565e-01
5.376736959861032616e-01
8.421137846418730311e-01
8.751144872236098493e-01
8.732194344498922511e-01
9.215571672308725537e-01
8.929835950758063801e-01
9.067094356466356420e-01
9.115439346848904778e-01
9.033873039481666867e-01
9.116220498518734505e-01
9.090323914087875545e-01
9.089417901900811447e-01
9.112372670990716017e-01
9.096758094211861989e-01
9.106565523116206817e-01
9.108032748725458649e-01
9.104524391388661986e-01
9.109397548981440496e-01
9.107315527830220914e-01
9.107967562269221329e-01
9.108767311246822596e-01
9.107066066992549613e-01
9.108700641525742103e-01
9.106253216038739939e-01
9.106064030839788881e-01
9.107243665584747738e-01
9.099518791467032797e-01
9.105527559880234323e-01
9.098196591304670289e-01
9.087026017034940395e-01
9.105521363266667612e-01
9.065514466948105810e-01
9.079478753916864209e-01
9.081389301685336424e-01
8.982912903749341593e-01
8.930583660622624098e-01
8.731473361138772926e-01
8.576909781438688540e-01
8.464692286100781171e-01
8.315623473753127604e-01
8.016479769329414307e-01
7.989380571991554492e-01
7.532657022031120642e-01
7.502877779158237947e-01
7.176494406336055842e-01
6.420402414047442496e-01
6.258074565697611114e-01
6.480087269973882069e-01
7.498008480753786120e-01
8.150090969834340449e-01
8.178227933497888014e-01
9.211357432291358283e-01
9.093887829401174905e-01
9.258248591817671569e-01
9.282549771248408410e-01
8.968858647965576303e-01
9.055494963173964518e-01
8.715304664085684605e-01
8.426470761033205692e-01
8.299903743916893228e-01
7.444721091850112771e-01
7.073332075612798198e-01
5.907095562850335213e-01
5.146547718295171325e-01
3.156057629646047413e-01
3.345958518780937918e-02
-4.723296106026892982e-01
-8.470235147938056652e-01
-8.614605462445479311e-01
-9.965069113749699392e-01
-1.011040162300047562e+00
-1.024418157189579626e+00
-1.110673689173497181e+00
-1.065044591614813685e+00
-1.096888940562199544e+00
-1.099230436085448792e+00
-1.027406915193664672e+00
-1.053231229498654553e+00
-9.718360388126038307e-01
-8.302786539096670415e-01
-7.637152139060745526e-01
-5.228285797717722172e-01
-3.581458185237022529e-01
-1.799678896634382963e-01
1.311182250133827720e-01
3.438968635448064193e-01
4.611379528185341470e-01
3.718757918442415766e-01
3.407092560875605303e-01
4.049408093015755689e-02
-1.310507498838044405e-01
-2.012066957625537056e-01
-5.129401684914592918e-01
-5.298333097382312840e-01
-5.526120756785416477e-01
-6.387168827501772395e-01
-5.452038903351136279e-01
-5.746667211644721496e-01
-5.104850533941071022e-01
-2.958026569399284655e-01
-2.023607001471940392e-01
9.674176160924788381e-02
2.796371540021743152e-01
3.567108522041694818e-01
6.807214380603194837e-01
7.005325428123286846e-01
6.453240370651455171e-01
5.755240757344441960e-01
3.444102403765144649e-01
1.896932503661460379e-01
-5.928410634031586884e-02
-1.897431834792801253e-01
-3.436682495082106215e-01
-4.871137093976555255e-01
-5.462783094343958146e-01
-5.171659039714698869e-01
-5.186498183770910098e-01
-4.016629723867291557e-01
-2.238333204677376564e-01
-7.914162094775504044e-03
2.851366583651759323e-01
4.668360265196433434e-01
6.579484627211994452e-01
8.209723805002288044e-01
6.367530993548892182e-01
4.459436568441502713e-01
3.866327843154743205e-02
-7.780561641480429613e-02
-2.130205174306923355e-01
-2.319037473310967268e-01
-2.081679446270109368e-01
-2.403294218851505792e-01
-2.185356754713680405e-01
-2.360783774193339069e-01
-2.704296903015332432e-01
-2.591860441511140700e-01
-3.084411896154439781e-01
-2.988037990613174322e-01
-3.238160299193615366e-01
-3.702953984875302917e-01
-3.039926981808061535e-01
-3.515622786659747812e-01
-4.951209778982265663e-01
-6.020797703287101843e-01
-7.811296643879533930e-01
-8.849916388227134778e-01
-1.008829617869905881e+00
-1.124404409817822303e+00
-1.182406276670166179e+00
-1.283195613179431094e+00
-1.330089967478379487e+00
-1.380127432542280763e+00
-1.439565236793785896e+00
-1.458303018462755674e+00
-1.493557138970381670e+00
-1.515097112100604271e+00
-1.513551847415845586e+00
-1.530953169789375012e+00
-1.502068496488651261e+00
-1.458176697525948917e+00
-1.425928958494794729e+00
-1.331008762086712816e+00
-1.267792326204937536e+00
-1.183409890087959049e+00
-1.080093033944628189e+00
-1.004338008406465699e+00
-8.746529439224661751e-01
-7.276403493661298683e-01
-5.978004746788169177e-01
-3.843804955459542150e-01
-2.805076459908333875e-01
-1.390754037462989257e-01
-7.611734587208547620e-02
-4.307089441473137270e-02
-1.710675380831417486e-02
3.211177439787987059e-02
4.625190210715855732e-02
8.573190865292620866e-02
1.174739002031626178e-01
1.262526145913589748e-01
1.470475429048257177e-01
1.062704160579170387e-01
-2.219015243379290556e-02
-9.873716050847511361e-02
-1.078546896955395878e-01
-1.930055318112000595e-01
-1.791445437826116316e-01
-2.755647311028592839e-01
-3.711414068290458390e-01
-4.209161132374188985e-01
-5.902784234541241792e-01
-5.612036056607340173e-01
-6.214799885121382594e-01
-6.489136526562804264e-01
-5.275752336034139622e-01
-5.494767243317263405e-01
-4.095773188992814506e-01
-2.734600266445977867e-01
-1.886095954562514998e-01
1.276658377014933399e-01
2.954865798074404193e-01
5.071116698187581040e-01
7.618064254667560320e-01
8.563993412692030294e-01
7.543737718905693113e-01
5.359291151151535093e-01
2.364691931588489560e-01
6.372417547079875511e-02
-2.750979935548508726e-01
-4.253060686306382454e-01
-3.505315735055667403e-01
-5.298842943135813055e-01
-3.977721622733639828e-01
-3.230990407265065811e-01
-3.133307296221779503e-01
1.989546992282422225e-02
1.188955768500723625e-01
3.930449276624255472e-01
5.418078933181668111e-01
6.554851011174215314e-01
8.126614390355860751e-01
8.643121191340251697e-01
6.772627752399996703e-01
6.579958323428646283e-01
4.698203671972259188e-01
-7.779834959558407093e-02
-4.526327277402921179e-01
-4.267184802358195972e-01
-5.513502102249636661e-01
-4.904951493994320066e-01
-4.487845456162307678e-01
-5.335487434832479892e-01
-4.302838644108110122e-01
-4.763859555644088806e-01
-4.234220521651181901e-01
-2.221787024422299806e-01
-1.998058550570909198e-01
-3.018735829434706086e-01
-3.392373859172305717e-01
-4.736452828171353047e-01
-6.177841307110691904e-01
-6.531248888786116424e-01
-7.075838975125761099e-01
-7.221866021754290710e-01
-6.593956838631208628e-01
-6.492863441731455687e-01
-4.957578118537406819e-01
-3.736996620386486279e-01
-1.937616686773609709e-01
1.405566729670698622e-02
1.605510185057117956e-01
3.969850334270179082e-01
5.424074120181975323e-01
6.128212436991117285e-01
8.913873821451254731e-01
7.307728660741598103e-01
5.342948182695036463e-01
5.425420146448038938e-01
-3.852729445842179024e-01
-4.738361825574880504e-01
-1.849440145669339064e-01
-4.084479025430656218e-01
-4.779212560746486094e-02
1.301734438512052172e-01
2.412682261314166299e-01
4.465593201644383892e-01
5.046530198913137255e-01
5.928687625154297480e-01
6.107368551984736493e-01
6.380351920580956682e-01
6.659176992425200892e-01
6.841541487964993840e-01
7.021745273911612628e-01
7.128451263686625961e-01
7.523980100311533636e-01
7.301361603001744749e-01
7.625865312320433409e-01
7.364025132350463521e-01
6.480574786413332289e-01
6.740978606924515892e-01
4.983610472299517258e-01
4.198353244810545393e-01
4.187803933347336582e-01
9.812250183119479441e-02
7.996892955045023510e-02
5.630965400036292562e-02
6.361385096024099739e-02
6.793574835113293242e-02
7.391070989582147754e-02
9.776103908925155850e-02
1.068120130878177781e-01
1.316573275920518982e-01
1.547575329612215222e-01
1.612772541362537670e-01
1.695401354993602006e-01
1.338898349210112804e-01
7.357399567952194186e-02
-7.249583415818877663e-02
-1.808091425671300989e-01
-2.004062304390356042e-01
-2.938684375598213383e-01
-2.716789252013010469e-01
-2.927170388920183886e-01
-3.112320297786896339e-01
-2.467317342187016205e-01
-2.660893130159298070e-01
-1.515116941879596224e-01
-6.239720897264344757e-02
1.043464340626592129e-01
3.622501574122677925e-01
5.161457627113489322e-01
8.074983736814027591e-01
9.064560066608935429e-01
1.015849076638150050e+00
9.754076686413686303e-01
9.487878330164694063e-01
9.159705859741585909e-01
6.968205830500170395e-01
5.819517248565634349e-01
7.360862876742546579e-02
-1.165028569448721928e-03
-1.576208470396316952e-01
-3.017813467115431636e-01
-2.815832979814997805e-01
-3.692958566513837582e-01
-3.099298803897539423e-01
-3.806863749534317165e-01
-5.389486500300770810e-01
-5.919992348679863348e-01
-7.902481671323048351e-01
-7.621243757253018947e-01
-7.554494402837252931e-01
-7.395778874637519706e-01
-6.305632365006410556e-01
-5.854764566699443007e-01
-3.722754049243032770e-01
-2.446983974281454755e-01
-7.567967674400710720e-02
1.874937583965803622e-01
3.282246116667162372e-01
6.051266219464060958e-01
6.919544958892345221e-01
6.654206267967529564e-01
7.312480619198412635e-01
5.644759547547476553e-01
5.670450890728172544e-01
5.224669995645495613e-01
4.270414249554338459e-01
4.689178713573669000e-01
2.410981128457380662e-01
4.505272169615996414e-01
3.189590714094747148e-01
2.326019638197155681e-01
-6.111430573006777778e-02
-3.586137846784999139e-01
-4.632598271374284149e-01
-5.424347346402216274e-01
-5.609154003570140379e-01
-5.315874549477174194e-01
-4.808355007281625570e-01
-3.112000917715663229e-01
-1.662068134781752859e-01
4.184934542613231306e-02
7.559425738112538797e-03
8.792300099715101569e-02
3.568174876536568674e-02
2.800559790594172455e-02
4.542251855561235674e-02
-4.938262981110988492e-02
-1.110051569715383712e-01
-2.572544290095363784e-01
-5.278251095639540091e-01
-7.230689787128586898e-01
-9.229082832194849262e-01
-1.054310955090409951e+00
-1.192784268467660169e+00
-1.259947762774906499e+00
-1.295513077623123621e+00
-1.323313961526609406e+00
-1.354616587451626053e+00
-1.369782594671960174e+00
-1.397385740819882871e+00
-1.411322071398214861e+00
-1.433850467618616120e+00
-1.455005938233116414e+00
-1.464591287755891535e+00
-1.496899352301132247e+00
-1.496845458681285157e+00
-1.511526531127960427e+00
-1.516472408450270537e+00
-1.499225501889752454e+00
-1.512118765378560825e+00
-1.490021360175527221e+00
-1.483109271786757111e+00
-1.481754325983819509e+00
-1.443882810970692709e+00
-1.446631506608440976e+00
-1.405957541509928799e+00
-1.360388519913303229e+00
-1.330723722693340605e+00
-1.237420449254447163e+00
-1.199378679185560070e+00
-1.119784797796341769e+00
-1.034198307434345265e+00
-9.867512532405134928e-01
-8.649950818959180054e-01
-7.976353851728203992e-01
-7.065289005891012275e-01
-5.997340699030860867e-01
-5.487733733341644271e-01
-4.346652186378570093e-01
-3.586409770863949187e-01
-2.805974256727979954e-01
-1.339414019811700218e-01
-4.863102662223959399e-02
3.008225704038742787e-01
3.611681502935672472e-01
5.168711116205215728e-01
4.495208007165763520e-01
3.262989980096169806e-01
2.911378450038539234e-01
2.102295592274977254e-01
1.563390985710145786e-01
1.110855451167263863e-01
2.625035149202233076e-02
2.250474739369959058e-03
-9.368090189735354956e-02
-1.200283762189903874e-01
-1.122452705777769733e-01
-1.502879785558588199e-01
-1.445425048345272967e-01
-1.440495458663759165e-01
-1.554963395922764058e-01
-1.451528619669807396e-01
-1.265510850334296833e-01
-1.212062346012789255e-01
-1.185484484245036413e-01
-1.110060753649848159e-01
-1.103910505588241997e-01
-1.074604421948280736e-01
-1.050731148483364380e-01
-1.046873790512596325e-01
-1.033340759329069575e-01
-1.026886254064410392e-01
-1.027561588158246719e-01
-1.028921854282319609e-01
-1.024919884437260204e-01
-1.044522863363544635e-01
-1.046741535443331261e-01
-1.053528611520370140e-01
-1.105841184798323357e-01
-1.083450969994824847e-01
-1.153159694957630738e-01
-1.215510317006690821e-01
-1.163188861595814694e-01
-1.396181963037910756e-01
-1.303156389906369728e-01
-1.255563864187582979e-01
-1.172105551568973780e-01
-5.708166016043875884e-02
-5.239740997113315202e-02
3.726407934955564948e-03
5.757424096975922306e-02
8.186061317849056829e-02
2.076978159970903071e-01
2.566958662756925746e-01
3.061811387985046151e-01
3.942141389223226544e-01
4.455256781016050938e-01
4.936320558351737775e-01
6.022757169245498421e-01
6.215893970261555657e-01
6.693852986597174093e-01
7.126034978099985429e-01
7.280465234502949690e-01
7.845298302642036425e-01
7.935552741650255815e-01
8.287196801989860084e-01
8.342645406989444012e-01
8.371807804757859239e-01
8.504958733427254725e-01
8.492348241193075076e-01
8.541898586063659815e-01
8.574102003241217407e-01
8.573382697916113182e-01
8.599529231084415137e-01
8.603949760087469256e-01
8.608663866253127850e-01
8.617411567810994155e-01
8.617888350429930844e-01
8.619645368875975544e-01
8.622476353004892013e-01
8.620793795245276225e-01
8.617978569727861027e-01
8.621613305179196551e-01
8.609863810891464908e-01
8.608563963024820076e-01
8.609735261845338217e-01
8.573397217184548502e-01
8.595420083625373575e-01
8.555256047521787588e-01
8.498393867102362886e-01
8.570660614210766637e-01
8.363697896775719176e-01
8.408351350919908151e-01
8.422778446203315061e-01
7.868202147808150970e-01
8.399671277261565594e-01
7.604468890613885756e-01
6.880418721653143166e-01
7.443834509972373503e-01
