9.919274576078922039e-04
1.134748923053992492e-03
2.655779479139362340e-03
2.709139707428994889e-03
3.592328786476838183e-03
3.816749971350402813e-03
3.673427449190303385e-03
3.956616895519599920e-03
3.931175512181238688e-03
3.959704985974534311e-03
4.026016792265349996e-03
4.013519056586333823e-03
4.038371803113127018e-03
4.049146287327048434e-03
4.049312934219864886e-03
4.058423425396672120e-03
4.059646052753503910e-03
4.061378105471672231e-03
4.063689145156579134e-03
4.063603452923929098e-03
4.064351825625377862e-03
4.064287469265421421e-03
4.063283246126809904e-03
4.063308236776939052e-03
4.060596527988923933e-03
4.058357330882405092e-03
4.057286387560053720e-03
4.046290519912101348e-03
4.045992820840793765e-03
4.034694085980268172e-03
4.003288371939146828e-03
4.020371455686930912e-03
3.944043538344301804e-03
3.902588838581479667e-03
3.947481928660239066e-03
3.590011644829212752e-03
3.637418938074921896e-03
3.525161402722979710e-03
3.422234179878933490e-03
3.569034956664908324e-03
3.447455302016845437e-03
3.437341637318227280e-03
3.461030651879327784e-03
2.838916473794406408e-03
2.567248718628305573e-03
2.756074805753753500e-03
3.255773188780238837e-04
2.654476021468979170e-04
-1.165345796722509287e-03
-2.019788403870548341e-03
-2.523308912227329847e-03
-2.801125896805458683e-03
-3.103836386237221467e-03
-2.286493079278368711e-03
-2.623971816071724202e-03
-2.883719680063755175e-03
-3.302302195079744040e-03
-4.457139949733677706e-03
-8.122265414642698689e-03
-1.007964054746895120e-02
-9.811854539087004265e-03
-1.204879571505133515e-02
-1.168838098369165586e-02
-1.306874574547263121e-02
-1.356204497987149871e-02
-1.488938866831227004e-02
-1.609712200969910453e-02
-1.705527026937513416e-02
-1.911340641386773467e-02
-2.052987008928752743e-02
-2.033984650971023059e-02
-2.075671068926884105e-02
-2.055245098008661592e-02
-1.839994169287147499e-02
-1.779833609615591450e-02
-1.808993092090117882e-02
-1.725856468263403318e-02
-1.795443176965768120e-02
-1.782648151111316387e-02
-1.726887464981826867e-02
-1.774098582434945753e-02
-1.716706646464679492e-02
-1.699295850181677461e-02
-1.704113068999477468e-02
-1.613813536938135326e-02
-1.586211723721497185e-02
-1.562210615792623131e-02
-1.343396481952515570e-02
-1.281484193586453040e-02
-1.110547900487296978e-02
-8.214433497885710242e-03
-7.585611290969428155e-03
-5.663272600519976205e-03
-4.085403432624745527e-03
-3.599088541157207440e-03
1.306352231671724330e-03
1.739055309085489826e-03
2.338099996042380686e-03
4.509104384406697336e-03
4.127659250529169994e-03
5.824493758610774057e-03
5.987601599517516741e-03
5.558133182177508146e-03
7.306811537221987243e-03
6.063497626669045806e-03
5.683621191430896988e-03
5.213108435874742701e-03
-1.177219496137188372e-03
-1.756283705369735037e-03
-3.459108993709716310e-03
-4.845818444208480763e-03
-3.134448862546836221e-03
-3.683646011279698151e-03
-3.755913185557676042e-03
-3.303348272168203561e-03
-2.592790644238848231e-03
-1.504986397188401567e-03
-2.645768001419977582e-03
-5.308350124043208738e-03
-7.604372605197774575e-03
-1.007615338583051079e-02
-9.426417950079703581e-03
-9.139129841547941752e-03
-8.517904130773842897e-03
-6.313601199690640174e-03
-5.547527335914800330e-03
-2.958747677369592127e-03
-2.031152331896583611e-03
-7.687823786839784613e-04
5.384366719278371478e-04
8.535881360134008056e-04
1.158061374598079278e-03
1.197197745233931961e-03
3.448379237811259948e-04
6.410680354687600451e-04
8.699089550015093981e-05
-2.574605662467007242e-03
-2.708180455221730239e-03
-5.455427703798461023e-03
-6.261144820945256824e-03
-5.718093515442595337e-03
-6.825444760157268684e-03
-6.609905866300738730e-03
-6.768654177567105801e-03
-9.292976881705777500e-03
-9.637850847912902974e-03
-1.013177513782586095e-02
-1.202995993566480064e-02
-1.165327178291694805e-02
-1.372018165433570337e-02
-1.450689912445469326e-02
-1.326878908534076182e-02
-1.343679838168112921e-02
-1.076379934959969913e-02
-9.599596638098830889e-03
-5.455000624758779212e-03
-3.853430423234447191e-03
-1.628220962254981960e-03
9.518799666071031543e-04
1.533812516205926594e-03
5.188811189939823189e-03
5.969797793286590708e-03
4.798499748981693847e-03
6.569433574436384267e-03
6.408902180045529876e-03
2.363269699011464470e-03
2.090725333355212233e-03
4.039331910042975394e-04
-1.199812166658623721e-03
8.077526121781429769e-06
-9.151563266971161686e-04
-1.921065995717375751e-04
6.120339851726618735e-03
4.705907641062465757e-03
6.576013024747920203e-03
7.368218006563416640e-03
-2.841554873963649756e-03
-2.674495016150223777e-03
5.600819254390270667e-05
-1.624978764440673535e-03
1.782811492141107628e-03
1.026130505241913508e-03
-4.612660486715331647e-04
-7.244022584111741532e-04
-3.684112021510822874e-03
-3.666680686323878658e-03
-9.586192192593113656e-03
-1.033035001774763699e-02
-7.749960109332495496e-03
-7.987083226372879499e-03
-6.126771790378268516e-03
-3.035587587165187746e-03
-7.236466659995798023e-04
2.797272151819262410e-03
5.951813528964853932e-03
5.792444550984028259e-03
6.610123224449163983e-03
6.472262420054901780e-03
5.572680138628213070e-03
5.115915425734455027e-03
-4.312133255830269624e-04
-2.461295116026401223e-03
-3.098366473753234526e-03
-7.157664693745739888e-03
-6.877197972350366714e-03
-7.236812994478785364e-03
-6.207537540837768618e-03
-4.934786048141972213e-03
-9.064836395549434947e-03
-8.411523964983857321e-03
-9.791736736758155021e-03
-1.356372968989788194e-02
-1.335013412064952644e-02
-1.707182649707368952e-02
-1.735443181570516316e-02
-1.835879561513203279e-02
-1.987071929187658736e-02
-1.884173738698527792e-02
-1.776617703535511572e-02
-1.526329463777334819e-02
-1.053822810601927687e-02
-9.398337722305421735e-03
-5.753043370313645419e-03
-5.265576321118107042e-03
-4.622519638381835522e-03
-3.633479320174264927e-03
-3.832987365942364458e-03
-3.452888705465509238e-03
-3.725113867487751720e-03
-3.868405511800186540e-03
-3.605884573135907829e-03
-3.448197362352176110e-03
-3.614377771438727783e-03
-3.298909068036262431e-03
-2.782594579906573062e-03
-3.040757651545441566e-03
-2.833250982297964154e-03
-3.296112280409260395e-03
-2.674980905491732789e-03
-3.006407121369561106e-03
-2.386301020330020613e-03
-4.342606281055773755e-04
3.289253078637313470e-04
-3.287296065221732410e-04
5.319483688795056866e-04
9.513389371587707298e-05
-3.317436917278534484e-04
-1.688341791404112215e-04
-1.004494726325109088e-03
-1.662546241492434546e-03
-1.910504279116748095e-03
-3.534525367059354432e-03
-4.372055562113106621e-03
-5.413979854816283049e-03
-8.510268061702269682e-03
-9.493312760112169665e-03
-9.613968469078942869e-03
-1.103010496782247385e-02
-1.093357240466380324e-02
-1.101984820225072881e-02
-1.175593840850905521e-02
-1.129941741456813066e-02
-1.175779567667416779e-02
-1.066898333297158254e-02
-9.441031494844534175e-03
-9.146231352954040453e-03
-8.131741118084200026e-03
-7.233784360053358703e-03
-7.615031376464529225e-03
-6.124971922500123921e-03
-5.877269708578072155e-03
-5.076111170473331102e-03
-4.686106841287076240e-03
-3.801220749549352827e-03
-3.314892991517786550e-03
-2.761433794336344300e-03
-2.677630731210316542e-03
-2.397227460268137010e-03
-3.118544755264128585e-03
-2.940975021719680494e-03
-3.127333059838317397e-03
-3.079464600074773798e-03
-1.885582355134899800e-03
-1.316042907765904669e-03
-1.251980214341877123e-03
-4.835108046091884937e-03
-6.002600816829521853e-03
-6.539116886747819470e-03
-7.586812319915652199e-03
-7.003264459402656038e-03
-7.631710694605340142e-03
-7.273736742051438789e-03
-7.356254638639899215e-03
-7.592714664257481025e-03
-7.371030476761875408e-03
-7.499975536650104434e-03
-7.649312049343979548e-03
-7.371257108771457102e-03
-7.661822234377417204e-03
-7.695160492564187722e-03
-7.258401732993232346e-03
-8.122174079551057815e-03
-7.423986714178819855e-03
-6.177279524871293059e-03
-5.655079257372009477e-03
-3.338135735980700750e-03
-1.377681938627644967e-03
-3.050238319900599863e-04
6.444996238118270472e-04
8.276167372623143351e-04
8.283988293198864651e-04
1.596346342584581586e-03
1.486076150552847553e-03
1.359421182192171052e-03
1.260463584004721180e-03
1.328245543412625478e-03
5.956370357057132236e-04
3.604033844835712540e-04
7.090541151598087500e-04
-7.630913640775901542e-04
-3.598919989865026654e-04
-5.401524551040773336e-03
-8.633464143655169773e-03
-5.389931168669469599e-03
-7.815805155533128365e-03
-7.117593473768063159e-03
-5.891440602862635205e-03
-7.154328968243076591e-03
-4.359426528327555762e-03
-3.544774515775012645e-03
-4.282503886517461007e-03
6.010803840835006982e-03
4.683285974515487109e-03
2.581530651750038336e-03
3.602798391418070637e-03
-2.495132483686811255e-03
-2.794834714031734727e-03
-4.537650312698002751e-03
-6.201377014398026279e-03
-7.269429345285609995e-03
-6.766479962915850077e-03
-6.269247184960605353e-03
-4.217937288905665612e-03
-3.539929178085917793e-03
-6.431988366811315291e-03
-5.798379022011496998e-03
-3.497285945346524302e-03
-3.255208765859791704e-03
-2.513496644743816975e-03
-1.045003086692446485e-03
-3.261651421205677935e-03
-4.809794293664201512e-03
-6.753757411897198630e-03
-9.829550858371335215e-03
-1.078049366699435595e-02
-1.382272414567707261e-02
-1.396036001876535017e-02
-1.367649314577305299e-02
-1.389011754500299976e-02
-1.267577005037243132e-02
-1.270636971660120580e-02
-9.872897282119159901e-03
-8.940538317134268109e-03
-9.465496414207153278e-03
-8.603866451526059542e-03
-9.175416766692905818e-03
-1.070948258350983701e-02
-8.495758885927642834e-03
-4.090490153765892825e-03
-3.042442242292043870e-03
-8.711862832933418323e-04
-9.767669343597514681e-04
-1.779925939736404271e-03
-1.052135256378771994e-03
-1.212082443599367919e-03
-1.297599724066028247e-03
5.543090293208813432e-04
3.908785439337711327e-05
5.223442099754019730e-04
6.491113222776578612e-04
-1.756769844440741817e-04
1.807771226535277633e-04
-1.349692218874832964e-03
-1.824356678021843816e-03
-2.696104377272746412e-03
-5.447090836551522416e-03
-4.505623999282425303e-03
-3.346333379170711268e-03
3.074476779407862934e-03
4.462565704587322449e-03
3.591926033342425235e-03
3.952969217246736847e-03
3.099901183107067228e-03
1.757948602528823772e-03
1.838999875772621105e-03
2.910380188146778101e-05
2.221865647263616516e-04
8.614179498168380916e-04
3.855715260857912755e-04
-4.969104973472866565e-04
-6.654221375748905392e-04
-9.006315293783294113e-04
-1.149360911522104853e-03
-1.187650736865454235e-03
-1.303474390947114954e-03
-1.394015871904115281e-03
-1.354369409985078454e-03
-1.482206040551074019e-03
-1.494427554471993921e-03
-1.345103241706276575e-03
-1.781809339353940215e-03
-1.338668269817787360e-03
-1.514941653872379970e-03
-2.901281820738765924e-03
-3.116821226120939335e-03
-3.521343598278382260e-03
-4.165876948564608585e-03
-3.918327260563143205e-03
-5.085978209149507288e-03
-4.909013309630189809e-03
-4.286398599784244264e-03
-3.954324548961835571e-03
-3.445692864551931980e-03
-3.209610781830626175e-03
-2.679978783626059402e-03
-2.059855265354395767e-03
-2.000035678694851455e-03
-2.459032067769472969e-04
-1.892523734095165745e-04
2.541703586923099180e-04
7.233209551117692490e-04
9.077755040723496042e-04
1.171301991540973052e-03
1.511440575500344391e-03
2.016388250454248954e-03
2.079045545477766540e-03
3.234582478301630242e-03
3.170205483556317108e-03
3.315893800273012233e-03
3.539280003215784526e-03
3.453915733807521368e-03
3.618726046180421960e-03
3.407622770710667937e-03
3.466752002413366843e-03
3.503008633611716209e-03
2.479289772302311484e-03
2.371944323702554740e-03
2.241437382352158385e-03
1.834243384483168118e-03
1.835810960391151591e-03
2.082779285804508846e-03
2.098158989720067327e-03
2.200895112019543836e-03
2.257584816104349010e-03
2.274514830505922330e-03
2.311599986762305665e-03
2.323706468903309012e-03
2.333964206451819186e-03
2.344767509876427309e-03
2.347677537394538862e-03
2.351883609518768715e-03
2.354665247584105271e-03
2.353236051231455146e-03
2.355899623849214315e-03
2.353528215186887970e-03
2.346733799449953872e-03
2.355114583391301145e-03
2.332119294114270817e-03
2.329250970648847046e-03
2.345441991351725729e-03
2.243882984818878785e-03
2.325848839374733499e-03
2.244050340987276647e-03
1.938509962170323602e-03
1.979261347625074514e-03
