-6.505899968782476216e-04
-7.302367114093384409e-04
-2.838634433023678582e-03
-2.914488070842459304e-03
-3.230075027634920614e-03
-3.592437563136044280e-03
-3.174969670355315236e-03
-3.370465608511646893e-03
-3.336073215061074147e-03
-3.271728276677974157e-03
-3.329447939445747892e-03
-3.295464747448422719e-03
-3.297073018068145261e-03
-3.307611454250074853e-03
-3.295121784405771054e-03
-3.303840866632268714e-03
-3.308184395534510998e-03
-3.297281100507318177e-03
-3.326940158432792945e-03
-3.314741098476825173e-03
-3.296928293639045555e-03
-3.291866736803402641e-03
-3.353793010857704805e-03
-3.374998135742929197e-03
-3.410673064939888019e-03
-3.526344428332425351e-03
-3.580461221615048855e-03
-3.726350677046575289e-03
-4.056457814676950324e-03
-4.104518141269762957e-03
-4.806684203460719063e-03
-5.340072682760182120e-03
-5.443640029671937240e-03
-5.673100464829154699e-03
-3.819155610052729546e-03
7.260409629720754061e-04
2.093989474846444810e-03
2.014013103218761924e-03
4.953834505447780694e-03
4.852798853009145270e-03
4.734912380377953069e-03
4.518465643252761975e-03
3.958417811330594387e-03
4.051138975596153477e-03
3.617238826503228321e-03
3.665073936397792234e-03
3.768277836182518624e-03
2.718037344936063623e-03
3.144735412476263713e-03
2.068944175996284031e-03
1.926802056215813066e-03
3.326591971111988837e-03
2.851943649825222291e-03
1.346598250741324037e-03
-1.335894131975692161e-04
-1.601966508141846983e-03
-3.361031611115067406e-03
-7.854134249429519168e-03
-1.032091998350874798e-02
-9.103083204043670509e-03
-4.968616287748307304e-03
-3.421382108142501186e-03
1.286236049388033440e-03
2.547364284955771097e-03
3.008754264689969798e-03
3.119197366368966617e-03
3.370658768319436619e-03
1.443510881555272419e-03
-2.398807190084756725e-03
-6.193254121459659638e-03
-6.094195534705349609e-03
-5.717381600150477604e-03
-4.574574203030980571e-03
-2.196891765011408249e-03
-1.834421320314421830e-03
2.398468538965957322e-04
5.950066575050313522e-04
-2.849900121695264480e-04
6.350684802343130623e-04
-4.419513611839735691e-04
-1.247626757490106608e-03
-1.826435152695302750e-03
-2.391354955632511541e-03
-2.720092394405754926e-03
-3.388353695564103908e-03
-3.420465893179428125e-03
-4.769005982928916851e-03
-4.817552961204316780e-03
-4.819789498611695873e-03
-5.103840313131003878e-03
-4.920857985787106294e-03
-4.972952000275152398e-03
-4.998023533832027937e-03
-4.831719805269585333e-03
-5.456722447824203723e-03
-4.620950979723493710e-03
-4.913896869781440510e-03
-4.816340822233090325e-03
-7.340317635516171221e-04
-7.145510427942116521e-04
-9.828024482220803961e-04
-1.285035705326877705e-04
-2.117008958313831152e-03
-2.223867140226112871e-03
-3.052948294367655024e-03
-4.102967178196580654e-03
-4.416175528653053239e-03
-5.690387217298464688e-03
-6.112214126371044200e-03
-6.638192442259623245e-03
-7.207399338350357031e-03
-8.279878849794765003e-03
-8.735149517226852706e-03
-8.447296085137551494e-03
-9.456227618084104072e-03
-9.947156366846924766e-03
-1.038470252953142998e-02
-1.043064608394466547e-02
-9.989956078373347231e-03
-9.341190298965559857e-03
-9.583405356143609097e-03
-8.650440586457504646e-03
-8.792534737046308821e-03
-8.114710565780095322e-03
-3.599012320855427254e-03
-9.593224200608043654e-04
-1.188070607090373904e-03
-1.608644442439596681e-03
-2.026915213864427696e-04
1.375479080553035577e-03
2.872371429509471257e-03
4.404833696603749869e-03
4.134566419032311563e-03
5.731852471161633100e-03
5.622427402077648240e-03
5.433260758434802461e-03
5.894143916859714144e-03
5.634336461007831941e-03
5.606009124515473792e-03
5.825191200747544852e-03
5.231044266211419894e-03
5.409900613560884863e-03
5.389647621553157048e-03
3.371672984998519418e-03
3.280264436969600877e-03
2.088017995610713402e-03
1.412349162066854754e-03
1.132076941020951789e-03
-3.243504225033540765e-04
-8.491293322682501397e-04
-1.912548267089606967e-03
-2.854560685297785876e-03
-2.938190894812131755e-03
-4.198349204161089601e-03
-2.944270779369489218e-03
-4.076898697901744015e-03
-1.976842394554255943e-03
-2.880368698315110502e-03
-2.397007444455777347e-03
-1.851034759746628556e-03
-2.719041547849818195e-03
-1.824286021499526818e-03
-2.126029318920430629e-03
-1.159353349929978559e-03
-2.783689566699765021e-03
-5.437118977144597340e-03
-6.871042610749419736e-03
-9.647055654947505818e-03
-1.072099099733162669e-02
-1.253798692395901096e-02
-1.316019072791975615e-02
-1.214592834840098369e-02
-1.301942916638669338e-02
-1.201445157287034035e-02
-1.240256206962185581e-02
-1.085014358252341105e-02
-8.933340541051845371e-03
-7.196194203244333197e-03
-5.663301712546540793e-03
-5.871279203494284005e-03
-5.003039561704334011e-03
-4.716727987044037201e-03
-4.485300415147330799e-03
-3.763297718422532485e-03
-3.280150480223210929e-03
-2.967934774500531180e-03
-2.120822898445424900e-03
-2.639232272132988923e-03
-2.794820461928308915e-03
-2.597351035397405840e-03
-5.053408824770122543e-03
-5.902802032733600948e-03
-6.252085891862740018e-03
-7.713970816029880502e-03
-8.137484329608033959e-03
-5.883708417447568347e-03
-6.496238701739137818e-03
-3.395668190926028583e-03
-1.004765120952150117e-03
-2.037148974929015467e-03
-2.948975637179190867e-03
-1.606336979302740555e-03
-1.084018405438696899e-03
6.056211071907023668e-04
1.036760507781428736e-03
6.313091569793867204e-05
1.169271145077197156e-03
-9.111492912229622902e-04
-1.184743487176623082e-03
-2.521136886955314743e-04
-2.708664114249887712e-03
-3.180988717776884848e-03
-2.853463487123467958e-03
-5.424672824096674756e-03
-4.537455420837327794e-03
-2.967762524608367255e-03
-2.965649451047110141e-03
-2.306030131193942845e-04
-3.627213263679324477e-04
-1.985660218287340663e-03
-1.635484779983297984e-03
-4.106050598553204374e-03
-4.317484056716607878e-03
-3.952341424045966584e-03
-4.445804627030106905e-03
-3.779818552055431644e-03
-3.382070103386145606e-03
-3.358361200293690299e-03
-4.322357813064946729e-03
-4.763882655505593047e-03
-4.580797159033549518e-03
-5.141788375595614941e-03
-3.270943000993041701e-03
-4.661011208837228604e-04
-6.659199779562981149e-05
1.175087658651065769e-03
-3.836751568053142726e-04
-3.273275541390787313e-04
-3.828307473582344541e-04
-3.984827324444097270e-03
-3.226788994222741860e-03
-4.160834035554387966e-03
-3.283136752766905534e-03
-2.727999283682437182e-04
-2.472874845735787731e-03
-4.952920701778509849e-04
-2.441466320694841443e-04
-1.145383015784267157e-03
6.525529879002707392e-04
-4.225572338418056738e-04
-8.051643720386273675e-04
-1.101347863436333199e-03
-2.842504683406630803e-03
-2.782275042578685655e-03
-4.599947083653696880e-03
-5.153338025893594923e-03
-5.168311071667319734e-03
-6.165234297687602338e-03
-6.263238777028256807e-03
-6.352540363309616168e-03
-6.108803820880454212e-03
-5.367318651535961729e-03
-4.784060970064525804e-03
-3.834064906346238387e-03
-3.557824365825638675e-03
-6.989340996879738182e-04
-4.719170221202241924e-04
-7.166764199469992337e-04
1.808833892835926211e-04
7.274996249232717625e-05
5.940563183271926683e-05
7.176070540214649161e-04
3.399167297977621557e-04
1.684702187138246304e-04
-1.407191422794161733e-04
-2.817868689931583067e-03
-2.170137083122106788e-03
-2.907209743737593655e-03
-3.471964343643261976e-03
-2.178702235037477625e-04
6.141619948645951144e-04
2.593401402129929569e-03
5.961377163830428733e-03
7.806313874779285088e-03
8.755868869912353941e-03
7.141525962004303604e-03
2.217878511375764167e-03
-7.732644874555459407e-04
-6.958846642059675694e-03
-1.209509722621990996e-02
-1.177200153643461096e-02
-1.192840066025874050e-02
-8.343031606943218659e-03
-5.048225136804061937e-03
-6.619976175051839849e-03
-5.639491665921095125e-03
-5.734593076163016501e-03
-6.594712631803314497e-03
-5.714346697570985706e-03
-5.843953958689586739e-03
-5.024515273680531594e-03
-1.443704854048156929e-03
5.252960240301281138e-04
-1.397531878450756506e-04
-2.135609292063570495e-04
-3.459306214874751338e-03
-7.721790584985802931e-03
-8.286530033508026499e-03
-1.124618957633219743e-02
-1.165540813569202090e-02
-8.400698521190934007e-03
-8.141296166425338043e-03
-5.915082547923668568e-03
-4.201371568302140341e-03
-3.711107538200301981e-03
-1.927426894423249970e-03
-1.432996256113094023e-03
-7.744409543340989880e-04
1.587937558310598314e-04
2.101695882368831533e-04
7.890969357105229350e-04
1.054266793284830287e-03
9.407237992382803471e-04
1.298780966081245197e-03
1.019768515448823054e-03
-5.848778775637561780e-04
-8.804122567628886332e-04
-2.787491919689911047e-03
-4.491866550336785432e-03
-5.867718430078747854e-03
-9.419801044535269785e-03
-1.132380368280968413e-02
-9.943803433286487609e-03
-9.035879497141468750e-03
-7.342609294289707995e-03
-2.354213257483311981e-03
-1.964799427056056896e-03
-1.561616842915235269e-03
-5.712381378686062425e-04
-2.287210070678114427e-03
-3.157427534019525191e-03
-6.000394812003114961e-04
1.617179106923749966e-04
1.450333534501902421e-03
4.225532359241549428e-03
3.676109009735624520e-03
3.316310028163876444e-03
3.603877349552181159e-03
6.432395299987074501e-04
-8.549803598547179402e-04
-1.136642573396925635e-03
-4.159656527659366144e-03
-4.335398741390193884e-03
-5.100655221021699152e-03
-6.186150258007729399e-03
-6.970936183923716160e-03
-7.119786028277892524e-03
-7.928039302024085869e-03
-7.743076310139738322e-03
-7.650970687422535554e-03
-7.073529204892660405e-03
-3.711180715215806405e-03
-1.308802646138719971e-03
-1.329654460407976059e-03
-1.186391469405943984e-03
-4.747749029460204134e-03
-1.330692822314539711e-02
-1.553020363944440652e-02
-1.975504282180162718e-02
-2.290879324750050988e-02
-2.316939482415415405e-02
-2.494815802408175895e-02
-2.490432853020901546e-02
-2.524238124250750837e-02
-2.620122226128454579e-02
-2.609516639093945045e-02
-2.671775908019998619e-02
-2.777893046759032092e-02
-2.801859227153258650e-02
-2.890035450030271555e-02
-2.925191419735440057e-02
-2.956049266870944270e-02
-2.993299717723731102e-02
-2.998772066581452053e-02
-3.020778047136709124e-02
-3.010108879060492681e-02
-3.018016232279613353e-02
-3.001795264186561327e-02
-2.968418960027880901e-02
-2.974802855007787836e-02
-2.888801425303525600e-02
-2.870903464444504727e-02
-2.816579554937510138e-02
-2.659172546023291436e-02
-2.672617263823592187e-02
-2.433991495615457287e-02
-2.277768512496561662e-02
-2.208463077416393874e-02
-1.657734678764037975e-02
-1.594237205903895060e-02
-1.319924138965063685e-02
-1.096054308542343363e-02
-1.079143958043448856e-02
-8.610240367912143367e-03
-8.173459716171227463e-03
-7.516132841800494784e-03
-7.624260981734663940e-03
-7.341501981512199050e-03
-7.234688718278059830e-03
-7.242073838446850056e-03
-6.893839161727559860e-03
-7.132263956890442548e-03
-6.828308619242486228e-03
-6.959442095593004578e-03
-6.335577072931157863e-03
-6.314603376389943748e-03
-6.177506046593451462e-03
-5.981357087418294471e-03
-5.965926823851533736e-03
-5.777938110919753241e-03
-5.685064413337426008e-03
-5.548625007011983613e-03
-5.152644698740460952e-03
-5.101775070612043356e-03
-4.383315639228262811e-03
-3.594077307021258452e-03
-3.471331050201749251e-03
-5.609380139850749002e-04
-4.996689836129474807e-04
-7.407769734563219091e-04
3.288042720883161432e-05
-1.957665607023775084e-04
-1.351467491565447115e-04
-8.357592511996990680e-06
-1.756052007719395840e-04
-3.684638251235728464e-04
-2.992701445618886906e-04
-9.501420517940344047e-04
-1.568387203929475816e-03
-3.039461686635892487e-03
-4.140190099792800948e-03
-3.504945135192800727e-03
-4.242335013005309359e-03
-4.279365838386713604e-03
-4.279891091626918803e-03
-4.530427818154491269e-03
-4.546297673606404521e-03
-4.644214761993679767e-03
-4.755370069915992350e-03
-4.921833614910268995e-03
-4.975401020866556702e-03
-5.278642786053041290e-03
-5.625432159644935814e-03
-5.614572740936075480e-03
-6.784517079825385343e-03
-6.706977464353588818e-03
-6.737428639248710556e-03
-6.590754862422090223e-03
-6.564429064418014423e-03
-5.709098272175590350e-03
-4.946363006318771523e-03
-4.844258997891692613e-03
-1.038704958464470437e-03
-9.940389007028112029e-04
-6.713638496183385899e-04
2.295464151439303416e-04
1.141691398809918239e-04
4.168200712400339293e-04
5.063537282561967430e-04
4.396244673817143898e-04
5.729349043987613799e-04
2.120626330793146423e-04
2.572139277464633713e-04
7.372628252235217082e-05
-1.329953962760991410e-03
-1.559563111386253224e-03
-1.438449062089869768e-03
-1.455229915388385475e-03
-1.334351223993526315e-03
-1.305404083566235555e-03
-1.286201844555127059e-03
-1.250595055997233071e-03
-1.245074907915094979e-03
-1.233101314169189697e-03
-1.224534912599958489e-03
-1.221966918273285430e-03
-1.217389791397037241e-03
-1.215413179343368321e-03
-1.213998220555347844e-03
-1.212895903214473558e-03
-1.212151953245221760e-03
-1.211657008919270802e-03
-1.212354086735478948e-03
-1.210656722062927737e-03
-1.212711589129495619e-03
-1.213850214661122686e-03
-1.208729584035876919e-03
-1.222049053215891988e-03
-1.212317378929653145e-03
-1.210559974498267828e-03
-1.255153737844690682e-03
-1.181458102690034892e-03
-1.265674732212257675e-03
-1.313641172041319933e-03
-1.066243982872653413e-03
-1.692240025865562967e-03
-1.895827388715622293e-03
