-3.644308472796236459e-02
-3.771138125750386760e-02
-6.562983006292330557e-02
-6.816346257111528806e-02
-7.034429611097983703e-02
-7.505551681672181785e-02
-7.195762418837080288e-02
-7.378655680854881438e-02
-7.399448213295820032e-02
-7.346289569836360334e-02
-7.408178982298027626e-02
-7.388056351232487329e-02
-7.376512351102604281e-02
-7.389239109810960549e-02
-7.362450119443755825e-02
-7.326405622778064952e-02
-7.345069699372673566e-02
-7.227737555467726727e-02
-7.185709600003677144e-02
-7.200506527815798974e-02
-6.708794254414790492e-02
-6.720633439458327529e-02
-6.500547848262366868e-02
-6.395386878134484698e-02
-6.378075212170639108e-02
-6.195825978086912100e-02
-6.282424370455720608e-02
-6.104401921318342028e-02
-5.921596063081555061e-02
-6.266936060319910906e-02
-5.229853917289236515e-02
-5.165799044773786153e-02
-6.555906261339303209e-02
-6.311280546809991399e-02
-6.857333770068554935e-02
-7.168624590262455409e-02
-7.296595426572967391e-02
-7.583497460949176205e-02
-7.761291385250758401e-02
-7.959494962154184394e-02
-8.078858447155332079e-02
-8.528436951839239721e-02
-8.616047873839147164e-02
-8.593365661026367008e-02
-8.705195935104328986e-02
-8.775289246667342113e-02
-8.590518788069573253e-02
-8.762049914398321870e-02
-8.721656067917678279e-02
-7.936665491019453955e-02
-7.626766160764751612e-02
-7.049294319260281105e-02
-6.421622205642632530e-02
-5.838402668707344534e-02
-5.524517878356794559e-02
-4.340548074352863772e-02
-5.264452304392401583e-02
-6.181251352602654819e-02
-6.151199030210951352e-02
-7.622415129301494952e-02
-6.684371100837716018e-02
-5.206269105757554971e-02
-5.187059813907978628e-02
-4.406056969424117925e-02
-4.025895964619198575e-02
-3.299911946054152889e-02
-1.242151432792214238e-02
-6.904889775767080774e-03
1.610575738008200499e-03
1.030893486215879798e-02
1.085555878156484015e-02
1.516594116468220239e-02
2.618497893884079442e-02
2.723602399874208019e-02
3.985863318460584198e-02
4.905005457874145325e-02
5.678812389984272402e-02
7.905606486955213397e-02
9.270779311469751205e-02
9.436712010327813482e-02
1.128084430453373116e-01
1.089878919576844074e-01
1.036942105145899490e-01
9.707521292376919408e-02
6.864459744737823332e-02
5.137106104269669599e-02
2.843132328026881303e-02
1.725997342390164779e-03
-3.067218664347963128e-02
-5.552429124733740395e-02
-6.331310470057165130e-02
-8.102610902136539450e-02
-7.217982776994449901e-02
-6.389603746932530359e-02
-4.606244710038301382e-02
-2.497730549198434735e-02
-1.923518533815555057e-02
-1.271919076578290064e-02
-2.019973773106078369e-02
-4.081877200639035669e-02
-4.677108931787574836e-02
-7.143663365378200014e-02
-7.979233117179224122e-02
-6.990087157323075784e-02
-6.182536530272289554e-02
-6.153740412043660207e-02
-4.521233578289592103e-02
-4.306286778316070762e-02
-4.903605366926946235e-02
-3.402609305970855091e-02
-2.416215383574334824e-03
-1.444764305158008875e-02
-1.194774278112210354e-02
-2.576991482492066443e-02
-4.820540271800052845e-02
-6.129258877959271185e-02
-7.563247994439815935e-02
-7.652699525660930369e-02
-7.203628396235454978e-02
-6.641882394326643901e-02
-5.226711237558583772e-02
-4.766839574305073435e-02
-5.327874320403309244e-02
-5.084614047345322602e-02
-5.043807699595065364e-02
-4.672079916929874205e-02
-2.936683139047756297e-02
-2.555628097218214101e-02
-1.207312690040022313e-02
-7.176571925835400177e-03
5.900952444686548976e-03
9.701135836874400994e-03
-1.382547947804948921e-03
-8.482732226173589829e-04
-3.368576613807375015e-03
-2.581249737170800834e-02
-2.407274802452781873e-02
-4.629683183806571067e-02
-1.068106299075089055e-01
-1.203139122963755164e-01
-2.017819974341566180e-01
-1.951778036826394835e-01
-2.031155705539984813e-01
-1.884299699022568553e-01
-1.397263161456595293e-01
-1.078228305353108596e-01
-5.198917663845816634e-02
2.006967603323031851e-03
-7.499256315087420716e-03
2.224367440137500762e-02
1.953061532613980774e-03
-9.879041472936398241e-03
-1.375813580084984770e-02
-5.054450493317829557e-02
-5.743530311050876885e-02
-6.272761086254918794e-02
-7.972979039368444099e-02
-7.517584618142295061e-02
-8.531199438799637325e-02
-8.318617755537326131e-02
-8.111956385275279069e-02
-9.158001819019548351e-02
-8.612449366317947996e-02
-9.532632866463668087e-02
-9.789874810498779001e-02
-9.750238229054784822e-02
-1.054606934472609309e-01
-1.009347166424292980e-01
-9.948716569925275532e-02
-9.541102449206403935e-02
-8.676427045139196992e-02
-8.246528428086276341e-02
-6.996026673642551097e-02
-6.266481520298919361e-02
-6.898102899679654787e-02
-6.251827029847248363e-02
-7.342047082433297844e-02
-8.367941373624317170e-02
-7.940760568267785091e-02
-9.267737398103897961e-02
-8.670769961262006498e-02
-9.179620074756221493e-02
-9.295718267108878108e-02
-8.315486706465141653e-02
-8.256840429330022935e-02
-8.180124797054573460e-02
-7.672792615022064333e-02
-7.680008316382515299e-02
-7.507722010957566805e-02
-7.494107035132860362e-02
-8.415824414485144345e-02
-8.866035890756478188e-02
-9.543578587703378802e-02
-9.494353501374054594e-02
-9.483450646449045895e-02
-1.042898415023711250e-01
-9.231231430822284256e-02
-1.107335094471956494e-01
-1.369960391807700517e-01
-1.476778126135417923e-01
-2.091487488027458375e-01
-2.165532511141955163e-01
-2.028286729723223769e-01
-1.995259759562718060e-01
-1.661880733640176133e-01
-1.536678771053086590e-01
-1.230378339608060867e-01
-1.021192367798857831e-01
-8.633514616910224759e-02
-5.518630496298952692e-02
-6.034444405184451188e-02
-4.123344810296560026e-02
-3.989322309716215875e-02
-4.412309077294359477e-02
-5.001592019622544405e-02
-7.177408186224251696e-02
-9.405136298128571881e-02
-1.083356273235564493e-01
-1.139769630313313131e-01
-1.086216246985886036e-01
-1.080798123086347123e-01
-1.052403024283911914e-01
-1.034932865949920594e-01
-1.083200352354019569e-01
-1.071984304406011085e-01
-1.058890691957972974e-01
-1.054515931419566649e-01
-1.049109588721460484e-01
-1.005664491502025609e-01
-9.874076627843336729e-02
-9.709089823582757461e-02
-8.039734067618702074e-02
-7.446158482277838442e-02
-6.643743910328471503e-02
-5.613348932397675684e-02
-5.518129891282226585e-02
-5.839637224214436206e-02
-5.767329124434589227e-02
-5.798324279709395068e-02
-5.791731563413191758e-02
-5.094224491958028456e-02
-4.964467215401398292e-02
-4.612275162850347499e-02
-4.594351432681075681e-02
-3.557062572922594507e-02
-3.600100899504150159e-02
-4.510714137686491071e-02
-4.676975289801028196e-02
-1.922666304351474537e-02
6.133129262337594758e-04
-4.150116626891763028e-03
-2.883340342998874282e-04
-1.955960852963487331e-02
-3.214467728046479372e-02
-4.890909554232299172e-02
-6.032174833573396289e-02
-5.088299057420495736e-02
-5.229727273271001647e-02
-5.024194004435213884e-02
-4.717632152914010696e-02
-5.992810387487174789e-02
-6.006667814857501869e-02
-6.895634141398848671e-02
-7.097471906481125914e-02
-7.544152413329492657e-02
-8.496274891869377843e-02
-8.922916038678278816e-02
-1.175264919347858983e-01
-9.989499804339749267e-02
-8.426009625499848721e-02
-1.023145974739213815e-01
-6.586563159611547036e-02
-6.318368455524929483e-02
-4.620617381356162401e-02
-3.526563493893210971e-02
-3.380915901606549451e-02
-1.550428351334289315e-02
-2.890943717632669854e-03
2.007447851433259711e-02
4.511721309579506956e-02
5.274416087577952356e-02
7.482858276144983833e-02
8.598394524736487077e-02
8.723970949180687162e-02
9.625256248808161663e-02
9.249806281620642778e-02
9.598523349770021751e-02
9.619743512120586260e-02
9.314206927196083674e-02
9.530266787690658270e-02
8.861656682079865899e-02
8.607628471969561157e-02
7.947051555936467115e-02
7.188378326262610807e-02
6.856230673929814001e-02
6.042544634403169274e-02
5.426712317908016087e-02
5.050103627552905705e-02
3.991167029076585909e-02
3.528955272528150333e-02
2.676471235954008127e-02
1.108773175962975838e-02
1.947459252559151236e-03
-1.717036439074337562e-02
-3.522548691709314478e-02
-4.745521214266883170e-02
-7.167564446062880956e-02
-8.738323171321031591e-02
-8.598052473727998968e-02
-1.043777923193958124e-01
-1.030008412393612072e-01
-1.029385073931817912e-01
-1.197869290801572284e-01
-1.163893985481830318e-01
-1.163922912690108502e-01
-1.211431326683345550e-01
-1.135286648639936002e-01
-1.136975139649895467e-01
-1.134454259308659563e-01
-9.052532803690367669e-02
-9.244164955496543545e-02
-8.059136639793242074e-02
-7.756791420207016785e-02
-7.997271678078085588e-02
-7.705624735530645919e-02
-1.004886369402584745e-01
-9.923118659936891461e-02
-9.374058442195593033e-02
-9.940419065100729312e-02
-9.646875554408665399e-02
-8.481839796430523659e-02
-9.167012071001648388e-02
-7.844866920308486702e-02
-7.790926129003222789e-02
-1.119020263518243630e-01
-1.034639998466977684e-01
-1.140698544356982119e-01
-1.215248127477189105e-01
-9.097206679498108517e-02
-8.951843647316061470e-02
-7.129088939066516306e-02
-6.328036915562380849e-02
-5.427355979950507225e-02
-5.175496400010472231e-02
-4.199073219963732340e-02
-2.658047184116680423e-02
-2.382622283657348516e-02
-3.775067269599948058e-04
1.443730046820771709e-03
6.976098177650844577e-03
9.493089980237342379e-03
9.270396432186155111e-03
1.327778291715000017e-02
1.252894491346707995e-02
1.367516883877365266e-02
1.625946872449051187e-02
1.442045081552670652e-02
1.750385680588325416e-02
1.771988144752903449e-02
1.647480549591752441e-02
1.588737735024649961e-02
1.203749329916658888e-02
1.012844891652161031e-02
8.169774563936471612e-03
1.448189596159867032e-03
1.010534709459875611e-03
-6.947186755217903131e-03
-1.554750252928284969e-02
-2.087749364662060125e-02
-4.431373061486251069e-02
-4.830569022913629856e-02
-6.078586788063514157e-02
-7.826657956253904591e-02
-8.123680370467585565e-02
-8.208547715330796746e-02
-8.321169240082793017e-02
-8.033265431639781406e-02
-7.949927639957668490e-02
-6.658127234380596671e-02
-6.517973903934538848e-02
-6.709169115919565163e-02
-6.348194651555787160e-02
-6.430479533265266723e-02
-6.424891687896565340e-02
-6.325132397541725904e-02
-6.421964725199047486e-02
-6.454490817831493032e-02
-6.343497421988256169e-02
-6.737587616937582013e-02
-6.555974950711299098e-02
-6.408710312254811692e-02
-6.327642221246576604e-02
-4.993689757696943149e-02
-5.139199259291561683e-02
-5.563759240409998919e-02
-5.244552114668010745e-02
-6.405982810567156793e-02
-6.472100257144934587e-02
-6.356358012503783572e-02
-6.734781937204251112e-02
-6.616610753392258848e-02
-6.682503712134517382e-02
-6.678477063628789068e-02
-6.612209102997371191e-02
-6.569132478998124247e-02
-6.338814367646432302e-02
-6.355381528231486554e-02
-5.928546660836447185e-02
-5.590559661819952814e-02
-5.671178379251288343e-02
-4.150030202194153472e-02
-4.654616486952186521e-02
-4.198393963991357836e-02
-4.402632616797893389e-02
-4.376416944078723170e-02
-4.224659850724947485e-02
-4.327689103827562361e-02
-4.309861548201174286e-02
-4.270591362816964637e-02
-4.427446669662266771e-02
-4.433904051593703238e-02
-4.438968653945914861e-02
-4.973288211356895888e-02
-4.999764900513586213e-02
-5.222700841126254323e-02
-5.434070101470912795e-02
-5.469764529453283175e-02
-5.695865832033055604e-02
-5.897430177748074626e-02
-5.919486044374770717e-02
-6.507732377870704965e-02
-6.503393277205306300e-02
-6.594343607542990648e-02
-6.732466702949189974e-02
-6.724086092312211993e-02
-6.781338350632477863e-02
-6.806464618499566410e-02
-6.811921446113275436e-02
-6.831974885110508877e-02
-6.836143947480936844e-02
-6.840827293385029484e-02
-6.845673783334371709e-02
-6.846782434377758630e-02
-6.846839205843015252e-02
-6.847422766213739909e-02
-6.846424071997724015e-02
-6.839435680707604825e-02
-6.842195111125341789e-02
-6.829159648811256034e-02
-6.813442450766056535e-02
-6.825824592452767181e-02
-6.756594328064986776e-02
-6.763222625566100987e-02
-6.753903615831972906e-02
-6.514712559170740547e-02
-6.723394932279355696e-02
-6.344719102964506419e-02
-5.851798904086649711e-02
-6.107228840036504902e-02
