3.317598886918090456e-04
4.775743378705994235e-04
3.772552907653688951e-03
3.816743626872596846e-03
4.718496667576402986e-03
5.391410286828932259e-03
4.784293257463614890e-03
5.287878311328413766e-03
5.242816931708165450e-03
5.187738131074837514e-03
5.349010833633430044e-03
5.290198909844664316e-03
5.326366986718536652e-03
5.356596723755137346e-03
5.342064108945802567e-03
5.365033940787929286e-03
5.367560667421835199e-03
5.369536298437694102e-03
5.378553105917879829e-03
5.380378263936028312e-03
5.385235575718573878e-03
5.391118805800512552e-03
5.396992693207210146e-03
5.403450403641819368e-03
5.415417119859230674e-03
5.427046387444707000e-03
5.440893914609399099e-03
5.472241002905604661e-03
5.489424760349317055e-03
5.534761193300996758e-03
5.603798131350382072e-03
5.625411513874819733e-03
5.786630090154528880e-03
5.879610382207666949e-03
5.962999419190611120e-03
6.458929662814679416e-03
6.513567342592820053e-03
6.490624671905032873e-03
6.584134711145436109e-03
6.637624714851581530e-03
6.583613440683711189e-03
6.425803602753458153e-03
5.979975706167611586e-03
6.886935933748328069e-03
7.749016864969894385e-03
6.383302768498738157e-03
1.036849131302544115e-02
9.976402907829225522e-03
9.298272190686079561e-03
1.391041001406616642e-02
1.445086323085538645e-02
1.499203903097624628e-02
2.546639982735816529e-02
2.469578752179965239e-02
3.005542993545171418e-02
3.719406766660116742e-02
3.815261737364070843e-02
4.795240538644137546e-02
4.766776381003456214e-02
5.185659557026520844e-02
5.329642560621692532e-02
5.001602518326391661e-02
5.382526773833881673e-02
4.991888639650200049e-02
5.144198826889614939e-02
4.980326146928140685e-02
4.118762494995816675e-02
3.989468093406882410e-02
3.014819121357900991e-02
2.127268557789369421e-02
1.583129974452535116e-02
9.071501362639287566e-04
-5.338310858662825495e-03
-8.923529134185400127e-03
-1.831914449874295220e-02
-1.942249823859665617e-02
-2.378424555176731486e-02
-2.827578612128756400e-02
-2.729425394707039529e-02
-3.023167619515239324e-02
-2.914267905496312899e-02
-3.108386879937783884e-02
-3.370001455847060345e-02
-3.187008781072161318e-02
-3.136006846673046466e-02
-2.832277253670016301e-02
-2.109823803964889707e-02
-1.324658814363641191e-02
-9.763495322998506270e-04
9.965831080178391352e-04
2.269255638077400782e-03
6.222969106445546891e-03
6.888804063272405652e-03
7.920091785351994138e-03
1.142485595539834489e-02
1.100369045929943355e-02
1.167349552641024253e-02
7.372651676121396748e-03
1.610604934058374339e-03
-7.248418049536868926e-03
-2.267377649369486936e-02
-2.822266111605241726e-02
-3.265260326166912613e-02
-4.496519646824482380e-02
-4.680686978281965727e-02
-5.635983083554095552e-02
-6.279524443604737882e-02
-6.409386264262387223e-02
-7.236754233958721250e-02
-7.277254558510792837e-02
-6.938291367740323512e-02
-7.149754364800127437e-02
-6.671570940769903924e-02
-6.624725317167193261e-02
-6.799946722416588818e-02
-6.654869856565172326e-02
-6.447228460750792367e-02
-6.585133100951597040e-02
-6.043269494753676641e-02
-5.856610383681434134e-02
-5.331336634202488156e-02
-4.757367749375640553e-02
-4.408520548218641116e-02
-3.775772384541508514e-02
-3.573692419147079385e-02
-3.177675031575249998e-02
-2.645048922962414326e-02
-2.404659832743509876e-02
-2.092184152561856608e-02
-1.879805978349390755e-02
-1.787903190940031903e-02
-1.489079149457471843e-02
-1.440839870853642332e-02
-1.438557914629175725e-02
-1.293052882193390131e-02
-1.696333130865272654e-02
-1.909773480325049552e-02
-1.774784642520680494e-02
-2.215225658697297928e-02
-2.061283388859418489e-02
-9.375594582240820776e-03
-1.015804349928673377e-02
-6.974117164132218397e-03
-3.978392556216681954e-03
-4.873833361015203133e-03
-2.493431263868888925e-03
-2.444616147305632252e-03
-3.656088966886299370e-03
-2.878616058489854093e-03
-5.808814703297121747e-03
-5.218124019611777679e-03
-5.324243263323679906e-03
-6.173763596531241585e-03
-4.185209918206296217e-03
-8.958764980251032392e-03
-8.315142902949660547e-03
-1.695826911959622679e-02
-2.643773358548640040e-02
-3.676690231998796382e-02
-4.567158438193652525e-02
-4.808168078971139514e-02
-4.924816504108812248e-02
-5.070643859620673627e-02
-5.283126460799516394e-02
-5.259580280252246220e-02
-5.391831308321715782e-02
-5.229229637266642056e-02
-5.269628864916211380e-02
-5.148218809164428061e-02
-4.819762615978771814e-02
-4.663071805063286057e-02
-3.758072982599170581e-02
-3.187126786042520504e-02
-2.620827919540717407e-02
-1.467101201788623133e-02
-1.177887744550299223e-02
-3.627435414859164417e-03
9.530718061553030557e-03
1.309398682297495051e-02
2.472803620374797867e-02
3.264510677528466992e-02
3.351122922451298114e-02
4.435050588111228570e-02
5.149226540384945622e-02
5.871986468689707750e-02
7.190138368022302995e-02
7.837945269170890072e-02
8.684655177449104868e-02
9.281935312699114704e-02
1.004270168935420260e-01
1.034401559243682683e-01
1.079886029562340116e-01
1.119832225543180709e-01
1.126577086075413181e-01
1.172856240221713253e-01
1.179322384249097688e-01
1.203571392311219845e-01
1.256509009986011838e-01
1.264524803966144140e-01
1.311967511220017146e-01
1.356997121897667302e-01
1.365623811435476287e-01
1.437857752681502843e-01
1.452822842621931954e-01
1.454684612094733487e-01
1.499688935466176876e-01
1.471997523006963737e-01
1.476665692264380325e-01
1.488506216586065745e-01
1.421701370835177780e-01
1.438056293636164329e-01
1.377969408126399620e-01
1.271664344477256015e-01
1.230923187894875648e-01
1.061401798023761250e-01
9.725495049845171713e-02
8.751382957857592459e-02
6.884002298099933803e-02
6.307450482068768793e-02
5.203739042728341285e-02
4.229903538927083650e-02
4.185822872016624341e-02
3.367454028191581294e-02
3.246763148408108451e-02
3.038794741012254205e-02
2.437396383269455416e-02
2.310950033757787000e-02
1.816267554183250560e-02
1.378803495233760570e-02
1.067863464457010671e-02
9.139138831231260682e-03
5.395851792430782570e-03
1.759047692956661364e-03
4.593569723958850805e-03
-1.092875329916502851e-03
-6.894218107266664002e-03
-1.088299217881598564e-02
-2.586691399649515555e-02
-2.599005726821431925e-02
-3.816051392324873448e-02
-3.627672202969086518e-02
-3.639453074342952760e-02
-3.795927039181534735e-02
-2.447277863101707251e-02
-2.591865443608324521e-02
-2.491825116026620546e-02
-2.254222820521298645e-02
-2.836456760290965301e-02
-2.912760463145339096e-02
-3.570184854723142120e-02
-4.054771356057515486e-02
-4.653315449297995565e-02
-5.703351280834870196e-02
-6.509263709814255838e-02
-7.826030355321797471e-02
-7.910223850650827115e-02
-8.590486480778181111e-02
-8.445833035452836313e-02
-8.591145141597808510e-02
-8.733629255293989813e-02
-8.320061355039987117e-02
-8.542545121439609757e-02
-8.173693127960751648e-02
-8.123014820796607693e-02
-8.324637376619840878e-02
-7.998284373704014905e-02
-7.950096218170747686e-02
-7.412008850014766004e-02
-7.228902845640056141e-02
-7.693389533985202366e-02
-7.737810119832028155e-02
-8.039138126990477695e-02
-8.870253839480024549e-02
-8.845994512339450111e-02
-9.105235022550130231e-02
-9.227232859164978540e-02
-9.093936478516871647e-02
-9.171520963910174962e-02
-8.882837492163460358e-02
-8.703588482206983667e-02
-8.297539448683073637e-02
-7.614815605393718267e-02
-6.793070149143173864e-02
-5.725899284340900397e-02
-4.693987312376221577e-02
-3.342275124576902373e-02
-2.163473668366553554e-02
-1.418947059314700464e-02
-3.632506328789460691e-03
3.525056185043987014e-03
8.127921262643085856e-03
1.592179477844984925e-02
1.834481429984061857e-02
2.184346310865192126e-02
2.465121700282690842e-02
2.521814778528019482e-02
2.838631123097953499e-02
2.853358721417358426e-02
2.993732809986131282e-02
3.174662790889374447e-02
3.035718852448728716e-02
3.285656191373939605e-02
3.089697977146588226e-02
2.828934026437600682e-02
2.577043052207092858e-02
1.788252758885315596e-02
1.415901111274834798e-02
7.047385269365333618e-03
5.879480640348180593e-04
-2.293489945253952052e-03
-5.213759895112713219e-03
-4.992046454821918826e-03
-2.628856471730516356e-03
-3.642320293560767381e-03
1.788158593945492593e-03
1.917606778461960126e-03
3.970183972608274693e-03
6.323461622542207727e-03
6.063332901883137886e-03
7.179590321397810726e-03
5.977171878109912781e-03
6.440579704966042235e-03
6.379670019286443582e-03
6.094720909215650337e-03
7.046456939568295115e-03
6.175935442441525709e-03
7.328564860284604923e-03
8.089587817074101600e-03
8.164306165916854555e-03
1.530884963714779050e-02
1.658049626225261211e-02
2.798427760256035415e-02
3.416034235463937668e-02
3.808459122510732264e-02
5.407648224162804607e-02
5.662753425148826791e-02
6.213340597182930025e-02
6.586572514400848566e-02
6.780743258009240548e-02
6.543791101978600755e-02
6.399817866702245395e-02
6.314752943214056724e-02
4.742000272080219847e-02
4.492029300948304632e-02
3.658265756685093878e-02
2.819543179245026510e-02
2.454834915711708379e-02
1.756450967228631241e-02
1.027495462884394674e-02
7.741922674407997369e-03
-1.909016616264909742e-04
-1.201974910605156568e-03
-1.830921409354951956e-03
-4.263930796909313689e-03
-4.127426921078625709e-03
-4.853798959318283111e-03
-5.015177742288159761e-03
-5.045665751266689009e-03
-4.553278240279698061e-03
-3.857492848356530116e-03
-3.836941893516272219e-03
-7.275658012700450018e-04
-6.363735494475348609e-04
3.456957741306797554e-05
9.180479138115656568e-04
1.122543164622148313e-03
1.529677395675694152e-03
1.804991371379664799e-03
1.926892982008179128e-03
2.107463794572552677e-03
2.193764996664915052e-03
2.263991070453951187e-03
2.331404150746955312e-03
2.364723607038137637e-03
2.398612923499988340e-03
2.422362846234450955e-03
2.437386704773017877e-03
2.451257225518136372e-03
2.459659721764685669e-03
2.466470893170499487e-03
2.470245146913375382e-03
2.473568117314816489e-03
2.475312676098745043e-03
2.472481766816848631e-03
2.476395445023036809e-03
2.468739403772654811e-03
2.462671610515849291e-03
2.471021029428022847e-03
2.433528280317513465e-03
2.447855247812752606e-03
2.438030859708730305e-03
2.336974190435537474e-03
2.456414644071569162e-03
2.264856878098934264e-03
2.150087095110756255e-03
2.260039519031531441e-03
