3.798543214350579857e-04
4.894048455330625436e-04
3.419846501220799931e-03
3.537099018319117636e-03
4.214048718284484595e-03
4.689247555023978720e-03
4.086993385644227192e-03
4.410382708006657659e-03
4.338660951113946541e-03
4.259175953599653695e-03
4.345386598042083430e-03
4.292608979368370964e-03
4.299811665925466417e-03
4.310244738196554633e-03
4.295721801024704641e-03
4.302749401243898160e-03
4.301303543160535890e-03
4.299453150616516610e-03
4.301737782843292716e-03
4.301235748992920244e-03
4.301974781587219500e-03
4.303633864774828420e-03
4.305374033311837496e-03
4.307197313960067601e-03
4.312485474868761950e-03
4.316937889663675053e-03
4.323044247186669416e-03
4.340679751292127533e-03
4.346845578231309411e-03
4.375896351805933990e-03
4.421201315720098106e-03
4.426098761580493819e-03
4.559182078502118166e-03
4.620249575413617679e-03
4.678372943873887989e-03
5.175339075657120480e-03
5.162730288972869862e-03
5.157365041388388936e-03
5.133485645959988755e-03
5.107244791368504080e-03
5.068568976012908373e-03
4.454132502053860694e-03
4.078182437331684396e-03
4.692529821740825530e-03
4.876546948083903751e-03
3.955077297590933218e-03
6.921096161217955497e-03
5.752381514077344916e-03
6.133826153630300530e-03
7.546158072533208465e-03
7.497384916462360160e-03
7.782207581188802133e-03
1.020999484551794734e-02
9.785177749231722608e-03
1.064438626079545688e-02
9.774890811554816025e-03
1.003808303143108663e-02
1.081082288891221585e-02
1.048074905387175876e-02
1.208708619240931974e-02
1.200838309994694229e-02
1.309701376679632198e-02
1.502642150415221811e-02
1.439098763155754676e-02
1.762127638837263782e-02
1.736739460014629852e-02
1.425868319310098428e-02
1.533183891233372287e-02
1.071750141032626509e-02
8.156298601252368399e-03
5.939953201482607061e-03
-2.391053665026985492e-03
-4.904962987512807328e-03
-5.408342504159388726e-03
-9.575325044934461516e-03
-9.137486266083703901e-03
-9.935063453487855828e-03
-1.177122501393643161e-02
-1.007983064172518831e-02
-9.851001253627877235e-03
-8.598695554097738128e-03
-9.768565213747349568e-03
-1.119283027495190062e-02
-1.135427882188268928e-02
-1.097579617672076770e-02
-9.857092524198409964e-03
-6.595490870186639619e-03
-2.176765223281754407e-03
4.394090418295981855e-03
5.423388956898865174e-03
5.324280274319898205e-03
7.476597539524201114e-03
8.158211792058155457e-03
8.786007960890443794e-03
1.220860894046763880e-02
1.321456189213201203e-02
1.458558636979521983e-02
1.407661198055443555e-02
1.264210644168811334e-02
8.758298168334848963e-03
2.611447325877570402e-03
1.485632013671483618e-03
5.745646468033103029e-04
-3.470396740580008500e-03
-3.922859442824421124e-03
-7.613633075448432083e-03
-1.038243491132983393e-02
-1.116755564635005422e-02
-1.562988894219044522e-02
-1.594634659877790586e-02
-1.335213216748439881e-02
-1.450122624502944886e-02
-1.212501049361669643e-02
-1.274144888773451681e-02
-1.619999942512055646e-02
-1.731677412450002493e-02
-1.787164844693013219e-02
-1.878271918179993255e-02
-1.703704338223573783e-02
-1.297572352023341861e-02
-1.031787821720659727e-02
-7.150314032259559235e-03
-4.077646833763358576e-03
-2.837759205194949168e-03
-2.385980325689814746e-03
-1.313586158237904384e-03
6.116186588310551118e-04
1.911802316968377533e-03
2.983358162342864602e-03
3.593504565078853904e-03
3.801941816139537116e-03
5.285491434257888130e-03
4.973515464616949482e-03
4.475553839139359731e-03
4.680141757148236978e-03
6.359803349258529677e-04
-1.614890034182699542e-03
-2.036401837086243821e-03
-6.270138639162235045e-03
-5.816816933300901667e-03
2.863701591897273562e-04
-3.655870040545472336e-04
1.933686182511586246e-04
1.618692983348511043e-03
2.919434393711557911e-05
1.436326218045671068e-03
1.310839918659161170e-03
4.412234149477844937e-04
9.752530303575036559e-04
-9.913210588136300502e-04
-2.820477708795544229e-04
5.364184480422225579e-04
8.660772138696272307e-04
3.611568883568612269e-03
1.327668492932138847e-03
4.066278677141352965e-03
3.593951545471825437e-04
-6.000109844387686506e-03
-1.236879153630687615e-02
-1.752697267455029934e-02
-1.836026081345176059e-02
-1.662976241585870443e-02
-1.739476467664116677e-02
-1.896460913306483032e-02
-1.816360717753213658e-02
-2.064082220206577348e-02
-1.985787085615516728e-02
-2.107254422283817361e-02
-2.187372616084006308e-02
-2.056604669822270637e-02
-2.072380579024799344e-02
-1.593325605614662882e-02
-1.339607923120601264e-02
-1.043576230666114907e-02
-4.855888152128415812e-03
-3.972431399793535309e-03
-9.869490076778414216e-04
5.709873968765179914e-03
5.978832242632834727e-03
8.925513647978175827e-03
1.165568662476997377e-02
8.484871619544379073e-03
1.113781481754912497e-02
1.565089066284685096e-02
1.611510063067182405e-02
2.169918144149126510e-02
2.366378354165424996e-02
2.144901468679843645e-02
2.340171686880286248e-02
2.564140506057181051e-02
2.484151839606434098e-02
2.706829190029571425e-02
2.709390733225922054e-02
2.617843443449341043e-02
2.783788923099317705e-02
2.636415821412975771e-02
2.724904049109903859e-02
2.953943253759267959e-02
2.914762405756736452e-02
3.170125565122014488e-02
3.373490873429375175e-02
3.410284158354967565e-02
3.863077644258619547e-02
3.950643760004138305e-02
3.952199043110021098e-02
4.241760677465593321e-02
4.113539968625733179e-02
4.161771065881220838e-02
4.325905399932225559e-02
3.979059304270520653e-02
4.160212727929521459e-02
3.935915904127400972e-02
3.259349586287162842e-02
3.096045572460495374e-02
2.210041081069560182e-02
1.712553159078392812e-02
1.341719661070553231e-02
4.126746581469243128e-03
3.064854850334768413e-03
1.490769818431553076e-03
-1.335813264874812769e-03
3.086564014074223532e-03
3.191215319756260382e-03
5.503040991178537525e-03
7.526241098753057301e-03
8.491672452544377428e-03
9.560953473136306682e-03
8.336525075736237606e-03
7.031830018868291676e-03
5.841100271873859474e-03
6.239304183134225870e-03
4.272568053651133908e-03
3.243821353191970059e-03
7.231664803411200909e-03
5.178860837693994440e-03
2.774215639609656486e-03
1.646721936687349942e-03
-7.369121763068268473e-03
-6.431373131786333359e-03
-1.294181980299248351e-02
-1.009926220342271565e-02
-8.410435851983777758e-03
-7.220474509839447733e-03
5.986349376613923391e-03
7.176002216535256641e-03
9.438693064789571013e-03
1.315180947310151324e-02
1.045396695592491418e-02
1.132524171436237806e-02
8.514122562527407304e-03
6.887921265109959133e-03
4.867593774383192906e-03
-6.746763927060030544e-04
-4.782379844247382737e-03
-1.108253901377455330e-02
-9.723247397970561853e-03
-9.941352693628550952e-03
-7.979573878644129897e-03
-7.116201755168390444e-03
-6.674670998682608568e-03
-4.416403560665071830e-03
-4.688492649532908195e-03
-4.101894391635119326e-03
-4.574032480965083310e-03
-8.045496152963975758e-03
-9.325160880576095421e-03
-9.259147225704205883e-03
-7.184823741054117280e-03
-6.735847693495477725e-03
-1.051700413010340021e-02
-1.163748197408420205e-02
-1.395775233287924189e-02
-2.003391830150122802e-02
-2.046962150473431719e-02
-2.246699432791438023e-02
-2.460580153475568771e-02
-2.456858789284590422e-02
-2.772661330646391045e-02
-2.725579740067903683e-02
-2.790956582523526630e-02
-2.766597405335877516e-02
-2.406111633533348018e-02
-2.024954858110266515e-02
-1.489912900515993205e-02
-9.685510376838455879e-03
-1.492690249131720754e-03
3.717975085858749897e-03
6.492403815571794017e-03
1.068014582628600516e-02
1.231265132668821032e-02
1.296925398421688164e-02
1.455591170331914722e-02
1.436607771246264584e-02
1.509846060506224094e-02
1.545972257243526798e-02
1.536624588966097917e-02
1.650143879981252198e-02
1.609620580544952190e-02
1.694460093482767771e-02
1.778712738961198137e-02
1.696245218408339028e-02
1.909259943066698301e-02
1.767062879055802255e-02
1.626902793910373068e-02
1.426387208387013862e-02
8.102643237231969831e-03
5.709462794646273480e-03
-1.289777060582516686e-04
-4.367997024811137718e-03
-5.620498761128841191e-03
-7.136504062755486683e-03
-5.586655451410346869e-03
-2.924429470652363961e-03
-2.878060357445981227e-03
1.163680015483781411e-03
1.707835967811030965e-03
3.177140964135800882e-03
4.751960601685413683e-03
5.002708618781332404e-03
5.551206720244721872e-03
4.550655905276604352e-03
4.730917929037480908e-03
4.545182376055790716e-03
4.179605857510260147e-03
4.245032734332444824e-03
3.766820215253633211e-03
3.341007322557657238e-03
2.820730841580048730e-03
2.549076416947848589e-03
3.659273011706319721e-03
3.970499602367110782e-03
7.349937542059759889e-03
8.552331650197654220e-03
9.691810109762189276e-03
1.394203753840468803e-02
1.476721145118763991e-02
1.496179348307271305e-02
1.641527491641783451e-02
1.731986969421272365e-02
1.623590577541210792e-02
1.842423689472962728e-02
1.832302541324466738e-02
1.370118442282001331e-02
1.291677738099617292e-02
9.484326543902412213e-03
7.315357773137609251e-03
5.892052742931115986e-03
3.851194732477743448e-03
7.622379682970170309e-04
3.128751168769145207e-05
-3.486056728831848570e-03
-3.428356563624393276e-03
-2.845985591095699391e-03
-3.662296538808809850e-03
-3.269198118822521336e-03
-3.261797746001831796e-03
-3.130108652195952995e-03
-3.016064248130052253e-03
-2.476581795650664112e-03
-1.961282754250494916e-03
-1.890729839630743685e-03
6.145722596283154527e-04
6.645610300540682113e-04
1.105403302184865049e-03
1.696140059460419939e-03
1.823474131736631861e-03
2.044810324553982851e-03
2.202889415824999843e-03
2.257765588939324945e-03
2.342490119749345012e-03
2.381565479026917075e-03
2.407763292033230761e-03
2.434419687121210790e-03
2.445770032174725446e-03
2.456589610377588658e-03
2.464219347173299355e-03
2.468241677935411726e-03
2.471958348221349553e-03
2.474065342914538463e-03
2.475579186118644255e-03
2.476132064701203409e-03
2.476892331983331086e-03
2.476874508574332390e-03
2.475157391051554384e-03
2.476901513667532657e-03
2.472289494398981300e-03
2.469576648200501757e-03
2.474166349026463846e-03
2.450916047900335206e-03
2.462533191765409364e-03
2.453608826295014100e-03
2.383010120304811762e-03
2.476372960048361244e-03
2.315885796595093873e-03
2.225697328811522286e-03
2.317603674552340745e-03
