-9.069458468023869303e-04
-1.011653408393215891e-03
-2.956104655327026782e-03
-3.001926993810515899e-03
-3.247274956213804832e-03
-3.545739790185708541e-03
-3.241828238763456906e-03
-3.395914411759300578e-03
-3.377614255638936806e-03
-3.330950137399371885e-03
-3.377111395934070601e-03
-3.352595143734878914e-03
-3.351000046926232677e-03
-3.360097860462787651e-03
-3.345023409445393742e-03
-3.342378205359062236e-03
-3.349645400086182119e-03
-3.309276501184575062e-03
-3.324903143191333069e-03
-3.311866379685202665e-03
-3.166859378241309100e-03
-3.137072082834479591e-03
-3.248315307599203370e-03
-3.151484166753941787e-03
-3.239972254774074484e-03
-3.396637707736737365e-03
-3.130813235438308258e-03
-3.728529752690293297e-03
-3.642572746335373882e-03
-3.289190099123572193e-03
-6.104864181943299613e-03
-6.794335063454986362e-03
-8.914341311307031473e-03
-8.811625551624457930e-03
-6.785367613345130375e-03
-3.387468043208723741e-03
-2.421299484325703261e-03
-1.898735882835101817e-03
-8.553727239548597873e-04
-6.473907695134819814e-04
-4.608245032215434059e-04
-8.510477273808024663e-05
-1.060820127615460704e-04
-1.977367772209194378e-04
2.874953740091396016e-04
-4.482925508626771252e-04
-1.910456580841840004e-04
9.492989127338156150e-04
1.021541991539382443e-03
3.796112020721900682e-03
3.648177019831641815e-03
4.426961855297971427e-03
4.448058535184843884e-03
-1.415271048228650737e-03
-1.858789499678477211e-03
-2.162994786089538629e-03
-4.951834204775026373e-03
-7.016227224149068110e-03
-9.181896436881187631e-03
-8.459007470086599145e-03
-2.705410990725133549e-03
-1.341312419994044203e-03
-8.392691337083824912e-04
1.170738871945644456e-04
-2.309135361064729684e-03
-5.688107942172076874e-03
-8.464808045785664203e-03
-9.339559870826691021e-03
-1.591324460553880313e-02
-1.746225205550457418e-02
-2.089420441465578496e-02
-2.776312167592810340e-02
-2.855604473663494666e-02
-3.313720427234612131e-02
-3.470537100800355490e-02
-3.604701775000187375e-02
-3.860577029295651080e-02
-3.548042770065989310e-02
-3.683902984220592536e-02
-3.538855579089058428e-02
-2.887699388204346615e-02
-2.718532264872058554e-02
-2.387930503337346369e-02
-2.024405068933329138e-02
-1.871227963345056464e-02
-1.403794431078153951e-02
-9.854260957981003655e-03
-7.995643548655296737e-03
-7.792132531790944838e-03
-5.155882194008992551e-03
-4.936001426801573007e-03
-5.256695896997881819e-03
-5.266413131925379645e-03
-5.328677666717492392e-03
-6.231255825008371295e-03
-5.338742503977230228e-03
-5.450104117498874232e-03
-5.488573349769221461e-03
7.839148871587441753e-04
1.337277040905992783e-03
-9.189315401636754003e-05
1.416098890274325364e-03
-2.604472571457044933e-06
3.473667510936716003e-05
-1.672507098727179153e-03
-2.284393430561366522e-03
-2.935761591581145455e-03
-5.906770577901928124e-03
-6.118261967821044499e-03
-6.247838141881404544e-03
-6.539524265871980366e-03
-6.498304630312893779e-03
-6.683343849716473842e-03
-8.598274039329261570e-03
-9.318129633759771741e-03
-1.037275581402487094e-02
-1.225459083600762868e-02
-1.579594305613912092e-02
-1.920329026215601004e-02
-1.893552814861457212e-02
-1.835885512382166157e-02
-1.770307017589502208e-02
-1.626875585825746443e-02
-1.572204623018043021e-02
-1.412789083698656745e-02
-1.173466330445657735e-02
-1.198857520630836407e-02
-1.139027411147184102e-02
-1.028656968385284996e-02
-8.265873376433949954e-03
-5.811298869675954847e-03
-3.896584629366072958e-03
-4.311829386724365734e-03
-3.244026911838146770e-03
-3.604291324518543466e-03
-3.380781916465630619e-03
-3.209932687485103978e-03
-3.241441544517724600e-03
-2.951301913391929290e-03
-3.118479163687965048e-03
-2.587953555119256593e-03
-2.529760701473348847e-03
-2.707006778740079448e-03
-4.057417969064482642e-04
7.065787814705193955e-04
1.269691820780572290e-03
3.374580054122811989e-03
4.650100547872605683e-03
1.109476998360562489e-03
1.585107930792101476e-03
-3.143493408467644065e-03
-8.623604238753761544e-03
-9.247828704902214328e-03
-1.307385091422406942e-02
-1.485569714310697523e-02
-1.298639314000721995e-02
-1.429903164250747975e-02
-1.301868949359725330e-02
-1.137166737885458856e-02
-1.079774621144770873e-02
-7.990178748100974088e-03
-7.693800965840968606e-03
-9.284787107813129159e-03
-9.084429024203156608e-03
-1.285917129342421285e-02
-1.595001276284699690e-02
-1.826871662518373893e-02
-1.995796771495289557e-02
-2.062845291863225558e-02
-2.334391374576736192e-02
-2.290156600366828610e-02
-2.130903980221522317e-02
-2.134366072664810321e-02
-1.924184147223357427e-02
-1.922982439007774741e-02
-1.523077597854976747e-02
-1.388657114043369278e-02
-1.259564451048881227e-02
-1.241130801524781974e-02
-1.445741710692727451e-02
-1.337020233154044384e-02
-1.522551113251545928e-02
-1.500645722503698466e-02
-1.521924032266826210e-02
-1.743137154655819560e-02
-1.617670014938131853e-02
-1.894503085697000697e-02
-1.950565671627758207e-02
-1.214157429320539099e-02
-1.229710751785111252e-02
-1.483720639799955728e-02
-1.472764520359595534e-02
-1.542061088448961129e-02
-1.590353690138380030e-02
-1.571499277754456053e-02
-1.605313226649959096e-02
-1.765630542662488187e-02
-1.811684433367465735e-02
-2.037736077339680901e-02
-2.494858030107291458e-02
-3.678714826369381546e-02
-4.636152634233546566e-02
-4.701873675560812316e-02
-5.448030340778004660e-02
-5.266371343357445500e-02
-5.187783756458231449e-02
-5.352962637106673666e-02
-4.709984826383040168e-02
-4.561062503638153159e-02
-3.825844635977349029e-02
-2.810707684030614231e-02
-1.554969053949890011e-02
-1.286819216331961876e-02
-6.597453908655454349e-03
-4.672225596396347574e-03
-4.908585854925176691e-03
-3.652808408902507350e-03
-1.797964160688495915e-03
-2.634047480195945545e-03
-1.977661266515257695e-03
-1.845615763235935493e-03
-3.790729169706662845e-03
-3.866813693492505370e-03
-5.037880649526261558e-03
-5.668854531052711435e-03
-6.559941604998037468e-03
-7.570063075183971167e-03
-8.667066193282432773e-03
-8.962087816058762757e-03
-8.862828663223021319e-03
-1.208643657924359134e-02
-1.164831376188256093e-02
-1.626263361040101302e-02
-2.193715926547283243e-02
-2.435288757661826370e-02
-2.846801180706289361e-02
-2.866139030863817244e-02
-3.013943129780749866e-02
-3.257334668334271877e-02
-3.038761133963288272e-02
-3.454588631037258661e-02
-3.720122921509238373e-02
-3.707879227948986806e-02
-3.797726684702729116e-02
-3.697247034488979761e-02
-3.586124943163551682e-02
-3.598100704238296754e-02
-3.301526061161016296e-02
-3.212657872368993028e-02
-3.016019429390312881e-02
-2.409399377487342342e-02
-2.214101187367392698e-02
-1.904971363330563647e-02
-1.625312679239710942e-02
-1.032453855149343368e-02
-8.644209982716699603e-03
-8.071573324864408233e-03
-5.170360838389869394e-03
-5.024535485743303331e-03
-3.408980599067045793e-03
-2.946166249450286878e-03
-2.846514847951047995e-03
-2.229663701859101871e-03
-1.532148545699367308e-03
-1.564684130738580549e-03
-5.114486055127569729e-04
-8.700664769891116885e-04
-3.717943176647107236e-04
-1.143055048112714529e-05
-2.351244240635957559e-04
7.473549193477331282e-04
7.077263649178728222e-04
7.963143756061117576e-04
3.960058862785326497e-03
4.000171209925558122e-03
3.814314179413296358e-03
3.881385993784171057e-03
5.326044237237311223e-04
3.262113688990595449e-04
-1.437296627534729492e-03
-8.698273759156798695e-04
-5.056770725310556552e-04
1.998972375304820326e-04
-7.512257929612201285e-04
-3.625258722101753085e-03
-5.305159128884508364e-03
-4.461307792668904766e-03
-5.141774138672444185e-03
-7.028199920597060987e-03
-6.186113304780345087e-03
-7.312936625846810923e-03
-8.327370866598860985e-03
-8.666206082278384709e-03
-8.724968774560913284e-03
-6.681562211734864282e-03
-7.311627701674303093e-03
-6.452937703474111164e-03
-5.692380547111765103e-03
-5.810159944627067176e-03
-4.960406320364340628e-03
-4.190454364630967488e-03
-1.887740455651938003e-03
1.702310074400036977e-03
-2.109955246966819555e-03
-6.354168523101844275e-03
-1.600295059092647978e-02
-2.541297340136306274e-02
-3.100864156030898322e-02
-3.554443910382815847e-02
-3.820022636872812821e-02
-4.173091152303205070e-02
-4.187820521511801536e-02
-4.397060909973856541e-02
-4.485948927172556805e-02
-4.525050899107539021e-02
-4.589728232669095659e-02
-4.627049806196312232e-02
-4.609968020538420669e-02
-4.573587524491679046e-02
-4.620516697835103798e-02
-4.412006263476084961e-02
-4.408874222071402366e-02
-4.258879375593252470e-02
-3.758625418136324337e-02
-3.598090660602123320e-02
-3.287731119918849837e-02
-3.040822418981965064e-02
-2.937201965969017670e-02
-2.687879383187629853e-02
-2.654221891429712696e-02
-2.565213805441342657e-02
-2.601303919888818539e-02
-2.385638936071290614e-02
-2.125423179304470125e-02
-1.912063444072027718e-02
-1.205330331222400492e-02
-1.046578594052235793e-02
-6.969605567605526193e-03
-4.641831476285216036e-03
-2.932556162006938905e-03
-1.627695593075876353e-03
-2.773922140856270938e-03
-1.347025496030614545e-03
-1.703101342928606135e-03
-3.736227516989408699e-03
-2.810069229600274231e-03
-2.949197592263086854e-03
-2.189009336612677842e-03
-1.275323270973990506e-03
-1.044759710854290717e-03
-3.233027105549390271e-03
-1.049953141292302161e-02
-1.354129770367898042e-02
-1.576090873477772880e-02
-1.954272474704798687e-02
-2.352099462430010113e-02
-2.225359960705978676e-02
-2.863742836337296316e-02
-2.428077239593211950e-02
-2.312810159087152692e-02
-2.286454719908227740e-02
-5.921281671329500264e-03
-7.628062246122243803e-03
-1.325486309806074396e-02
-1.364101659957561372e-02
-1.468360409015996397e-02
-1.240093453949985339e-02
-1.071127257390947461e-02
-1.082876347617539245e-02
-8.950789558039956920e-03
-9.700951493509557197e-03
-9.080651638199035633e-03
-8.999372343410918032e-03
-9.334097760757598811e-03
-8.803036778774898929e-03
-8.575656078239264971e-03
-8.708459138572766101e-03
-8.017984935528322046e-03
-8.377955539466437965e-03
-7.357744333890970691e-03
-7.210554157807988127e-03
-7.027781406554578503e-03
-6.476981140629042843e-03
-6.510399318017214172e-03
-6.218453271216843777e-03
-5.993279293014686961e-03
-5.976925702026216793e-03
-5.704503469505573833e-03
-5.573158674663586214e-03
-5.499722510424250900e-03
-5.156638695572097163e-03
-5.061800511927127405e-03
-4.832200460009436829e-03
-4.305802209851730677e-03
-4.280071820395397325e-03
-3.539236214559995063e-03
-2.972393052602506809e-03
-2.839301384711433521e-03
-1.324235083539948609e-03
-1.754204416056748825e-03
-1.276797457553203313e-03
-1.491996144308917454e-03
-2.498902407469544545e-03
-2.170663794933163325e-03
-4.588463007840637951e-03
-4.943416896333179510e-03
-5.568807321465845533e-03
-6.208583519587028074e-03
-6.573532058538456187e-03
-6.227256643363446309e-03
-6.842114121991460171e-03
-6.767898593538588560e-03
-4.473146535485006056e-03
-4.313266778943149193e-03
-3.811661867587204378e-03
-3.242330140228549124e-03
-3.222351389692473204e-03
-2.941311158743528578e-03
-2.835341469970934468e-03
-2.756410227497199401e-03
-2.600560566900219066e-03
-2.577444878958585952e-03
-2.331408336017720684e-03
-2.211965786514324354e-03
-2.060973164673925336e-03
-1.292845127639124245e-03
-1.443557393674608147e-03
-5.520188594687317927e-04
-8.758711890941019932e-04
-5.768013020025589696e-04
-3.866104965136398408e-04
-5.289180921349655303e-04
-1.728207822536230855e-04
-2.313178478761931456e-04
-2.988064703825435561e-04
5.550827532274712085e-04
-3.505627044461741455e-04
7.257425311335302014e-04
2.331760301872541716e-03
8.869077585892647933e-04
6.212786198340208713e-04
7.382477526066449003e-04
1.885584070474667705e-04
2.364504907547525920e-04
1.174836500897487833e-04
-2.288687026103340338e-05
-2.681172422411647304e-05
-1.124185466341102709e-04
-1.535732986411389195e-04
-2.183431114864535798e-04
-2.555249751685814935e-04
-3.404136564725849189e-04
-4.709051503770191917e-04
-4.622936388267366950e-04
-7.996246257620754846e-04
-8.124428660058723986e-04
-9.861606228530900992e-04
-1.177965681296276775e-03
-1.229954819312839478e-03
-1.507902336860457481e-03
-1.830412091633950656e-03
-1.867230845393615460e-03
-2.873743377602283426e-03
-2.855171747326059641e-03
-2.898258549223958758e-03
-3.135394703555661328e-03
-3.079964490083448789e-03
-3.159048364481358093e-03
-3.180262248028243015e-03
-3.150563394080056236e-03
-3.213061944051688081e-03
-3.097365763471494719e-03
-3.125848180677274005e-03
-3.145080224708187138e-03
-2.647387073332362929e-03
-2.632988473771543866e-03
-2.511196906826627939e-03
-2.069769046042789756e-03
-2.034373294959090049e-03
-1.917314967841305404e-03
-1.812494016429341825e-03
-1.796742955429741226e-03
-1.744870078410464247e-03
-1.722639356697949157e-03
-1.711038456792585323e-03
-1.694189607453302311e-03
-1.688625301475090573e-03
-1.682661991927195339e-03
-1.677783231823037945e-03
-1.675457742154473498e-03
-1.672855215558379091e-03
-1.670761938694109413e-03
-1.668785707863890870e-03
-1.667143350026063743e-03
-1.663584339784711938e-03
-1.660802128223457311e-03
-1.657074888373117824e-03
-1.646323968092437912e-03
-1.643291061854232956e-03
-1.625363595078225740e-03
-1.598601938222644816e-03
-1.597192488269019500e-03
-1.513971397101842968e-03
-1.481945360616971751e-03
-1.444923488963568720e-03
-1.139902821963005184e-03
-1.192057833467590356e-03
