-5.540158173969076880e-04
-5.745501854437280341e-04
-2.654151945085433950e-03
-2.938712784302976305e-03
-2.115910022452167222e-03
-2.256406149547739940e-03
-9.943872331780990136e-04
-8.793362547878595236e-04
-5.966823438388746534e-04
-2.078535390932591319e-04
-1.654471108466158929e-04
2.196152713635475084e-05
1.248505436696079485e-04
1.697068157733832975e-04
2.491674416660643525e-04
2.793839067938330744e-04
3.089334006817354627e-04
3.359842689265598410e-04
3.474096032461353027e-04
3.602497929952153772e-04
3.662752189117911999e-04
3.699418345110895589e-04
3.692674886839940416e-04
3.650842718813478421e-04
3.622688461829069013e-04
3.433267784859766634e-04
3.346837182106675410e-04
3.142247623072136559e-04
2.611562219541537508e-04
2.626342885081709463e-04
1.648024321607741247e-04
7.975956963016754531e-05
9.813057831574316435e-05
-2.676534479259746525e-04
-2.094400234967066154e-04
-3.108246731486224187e-04
-4.061536353662968733e-04
-5.106342631110951302e-04
-1.153847576579820292e-03
-1.178421955198001017e-03
-1.794014619777921501e-03
-3.676031594813363671e-03
-4.174157597310944150e-03
-7.416265891235325133e-03
-8.569579442135906791e-03
-1.072341470677610348e-02
-1.752713907385223396e-02
-1.957686352758105167e-02
-2.920373160896492376e-02
-3.496941440581664839e-02
-4.083282758462387224e-02
-5.653892571711826437e-02
-6.217524457821123340e-02
-7.730243569857062069e-02
-8.682344032725473892e-02
-9.678244119496690057e-02
-1.128763664283570362e-01
-1.182627763267550813e-01
-1.374916806937444003e-01
-1.402559297552241069e-01
-1.378458821960167613e-01
-1.495693649543543557e-01
-1.476910212347712636e-01
-1.575626141944093117e-01
-1.634183444922658879e-01
-1.628783605504941778e-01
-1.750504366077623719e-01
-1.728361859374395182e-01
-1.777732562699907704e-01
-1.816705221174296780e-01
-1.709831356679241687e-01
-1.715496512804240148e-01
-1.624817796775773759e-01
-1.350048723856247801e-01
-1.289299260639044931e-01
-1.090659172321064851e-01
-1.012832306222565121e-01
-9.709034010569632389e-02
-8.525778522867667741e-02
-8.345547566288306907e-02
-7.696231261597193118e-02
-7.222822053798826081e-02
-7.143607876787208544e-02
-6.666427503053339032e-02
-6.614608705212574047e-02
-6.438735145981015762e-02
-6.190610806412260442e-02
-6.291209572596050126e-02
-6.028841817798685776e-02
-5.851128545576621265e-02
-5.476402761892698590e-02
-5.216673872346679758e-02
-4.591499314699989953e-02
-4.063038396481858522e-02
-3.646013484186488157e-02
-2.006079227881176971e-02
-1.660454505523961330e-02
-1.378283432785175344e-02
-6.718977443159645374e-03
-6.357276630619968817e-03
-5.414861360898060548e-03
-4.177742200211642318e-03
-3.575175108491804397e-03
-4.379826175019903810e-03
-1.415145491031220707e-03
-3.115103149142998008e-03
-2.987891391469212846e-03
3.751421193870776646e-03
1.744918403987339274e-03
3.075067709809318432e-03
3.473642965739769280e-03
9.186353383186619337e-04
2.121733785688447241e-03
-4.745732955409901702e-04
-9.079505732918379717e-04
-3.662045265134315167e-03
-1.547449002289513764e-02
-2.373301515733045389e-02
-3.471776828818420868e-02
-4.545372942175402581e-02
-5.644699170183810344e-02
-6.831020278292429526e-02
-7.283618475308953344e-02
-8.062828196453770968e-02
-8.218299127809193527e-02
-7.775358756699242424e-02
-8.704919189092460985e-02
-8.512670685392598191e-02
-8.477716790473927011e-02
-8.770292379154233375e-02
-8.122879044371519863e-02
-8.055986999841986684e-02
-7.676933231843809102e-02
-7.128451950916776803e-02
-6.705558289528933125e-02
-6.223314432639723282e-02
-5.569635296278661885e-02
-5.162943069030073717e-02
-4.790883289861508354e-02
-4.278074184920223344e-02
-3.825507346953500171e-02
-3.679368437153607285e-02
-3.036266510441211139e-02
-2.921587361755500351e-02
-2.627134536576825746e-02
-1.656421125633074018e-02
-1.914468880245044635e-02
-5.881302145521416676e-03
4.700502431245254091e-04
3.894550039350475230e-03
1.701352535190650897e-02
1.654706834735467785e-02
2.904847732930455548e-02
3.447718888421762162e-02
3.229964680989590858e-02
3.035161602615838589e-02
3.251515289687136739e-02
2.691462822174960773e-02
2.280840666136457404e-02
2.263612967432690470e-02
8.010754918047318859e-03
6.769571694488574556e-03
8.205071538702056466e-03
3.189154206676566520e-03
4.800202297602042777e-03
1.324319629258621615e-02
1.167120445715726269e-02
1.798001577665128692e-02
2.047241100046267442e-02
1.267663321234022665e-02
1.494616411393810337e-02
1.500580358719930639e-02
3.230226577101265317e-03
1.060104257705303879e-02
2.874467489574718346e-03
5.634095886276802370e-03
2.504099020144634133e-02
2.388940324932313855e-02
4.343926220435996577e-02
4.581023326705077614e-02
5.507318499160943764e-02
5.620555302942911030e-02
4.811203730284922125e-02
5.062164497438438604e-02
2.197959750545825861e-02
2.376995664033300718e-02
1.689476272781884753e-02
8.398476775470857872e-03
1.923843233481816600e-02
9.649544438533554438e-03
1.057776236900238170e-02
1.077451089600234453e-02
5.315808554845711902e-03
8.405839930077180222e-03
2.922185610180031388e-03
3.171018518032654374e-03
1.740406292439859335e-03
3.236406880407176681e-03
2.442012552231200354e-03
3.103549942352953200e-03
1.147143726310996190e-02
1.383952537188957652e-02
1.606558837470819373e-02
2.098081523515530483e-02
2.177511369354252768e-02
2.714094641471262101e-02
3.622373615836332883e-02
3.728160466177467269e-02
4.740175445043587343e-02
5.643318963007658978e-02
6.301495031677782632e-02
7.734126441092702142e-02
8.292701813395546295e-02
8.325327741685983884e-02
8.910880174240740081e-02
8.147508948700252218e-02
7.415691664197966715e-02
7.021449812767682763e-02
6.333168235516244138e-02
5.726865431682501978e-02
5.294116302546271469e-02
5.110014403280212919e-02
4.458617817539016481e-02
4.048261628426749054e-02
3.473233932870965074e-02
3.096437284992904770e-02
2.650597772962974899e-02
2.181137969245912703e-02
2.202395675590659851e-02
1.667067650646127802e-02
1.523490199978539197e-02
8.500894653189391623e-03
1.650470283065567966e-03
-3.223470360079925927e-03
-1.405819227442875984e-02
-2.050989723649167609e-02
-3.224310201710158669e-02
-4.247200017104959396e-02
-4.782548017199769047e-02
-6.489437490153766863e-02
-6.739928884165291567e-02
-7.242960132661281636e-02
-7.350789816620667549e-02
-7.356904241800864275e-02
-7.574731405257160988e-02
-7.464020616366322247e-02
-7.628683682597311999e-02
-7.676285668372082038e-02
-7.668656858993118386e-02
-7.982037149020693168e-02
-7.913323630066065872e-02
-8.284450902146044127e-02
-8.635636736752637377e-02
-8.709007316556012512e-02
-9.732439496314630734e-02
-9.914442859661871943e-02
-1.068137425491513526e-01
-1.126544928074685870e-01
-1.129384205608630343e-01
-1.172956769807342037e-01
-1.167134998157698944e-01
-1.123855999735831196e-01
-1.101715826263366671e-01
-9.885852369400281725e-02
-8.777237914999273805e-02
-7.956890349667888884e-02
-7.109843208843889817e-02
-6.421137917919497728e-02
-5.674294476741435084e-02
-4.614853652421731928e-02
-3.979991102486032245e-02
-3.325248600724170500e-02
-2.688979811012690360e-02
-2.371647007166657883e-02
-2.025165978689563023e-02
-1.123334580612979881e-02
-8.725871425948857410e-03
-9.053020410113056526e-03
-7.500391247144608080e-03
-8.394818384947029186e-03
-1.106441863301470610e-02
-1.219668350648744730e-02
-1.731352049257588871e-02
-3.317314674029291088e-02
-4.292794659290235376e-02
-6.121716548213421843e-02
-7.502577397277576665e-02
-8.850033735074630536e-02
-1.049706910193902026e-01
-1.138301744673775873e-01
-1.297707975174656192e-01
-1.378763941366112078e-01
-1.434778454913732126e-01
-1.521514658854794533e-01
-1.555114467847668880e-01
-1.597783325597343651e-01
-1.631800818552572307e-01
-1.652629462443742925e-01
-1.653357395066178126e-01
-1.666706695365477997e-01
-1.649722546109239907e-01
-1.597480197972456217e-01
-1.572205928896877603e-01
-1.382385312469224803e-01
-1.264806270730967075e-01
-1.192226415135501233e-01
-1.013945744782265429e-01
-8.974268785865377462e-02
-6.572498978003067649e-02
-4.822695050066146821e-02
-3.527327155532269248e-02
-1.287236902369888990e-02
-5.531493325782088979e-03
5.957908099445791486e-03
1.508874230967586008e-02
1.990808034084490252e-02
3.017084383477766640e-02
2.827573696083444249e-02
3.696469529599325649e-02
3.217916576068116652e-02
2.150606158274250349e-02
2.374372466258002981e-02
1.338202006643610109e-02
2.050334495186416361e-02
1.797074315165549802e-02
1.642487146311190360e-02
1.670050481657804967e-02
1.641602997731521005e-02
1.258689855591052856e-02
1.152634767521658506e-02
1.319801553653011938e-02
-2.028671372080934759e-03
3.268877995790891913e-03
4.924877475454516283e-03
3.378731260687490093e-03
2.345534809779003735e-02
2.391620640753592403e-02
2.695405369535127174e-02
3.510618713285823533e-02
3.258366967384415669e-02
3.068333930504538523e-02
3.829929608568875127e-02
2.602964710732979386e-02
3.108094264231916690e-02
4.724676030377650271e-02
4.443239568843113108e-02
5.962445509891062256e-02
6.024864089838635750e-02
5.284702240520967875e-02
5.792328621815409639e-02
5.124328912201087105e-02
4.384705477654906453e-02
3.748743288686500613e-02
1.467425979338344080e-02
2.773362807648691551e-03
-1.650026470383300289e-02
-3.625558517260579067e-02
-3.785549768578441027e-02
-5.295325467156370564e-02
-6.305562854690953400e-02
-6.318818787729627018e-02
-7.286046016519487356e-02
-6.810089418763771996e-02
-6.748821887835611266e-02
-6.630069425816464967e-02
-5.768169967283393040e-02
-5.483026303948022873e-02
-4.103122761631625842e-02
-2.013129998459620151e-02
-1.386395953320333600e-02
3.842851763035653317e-03
1.879748739126373830e-02
2.476729313091738383e-02
3.628067654518263990e-02
3.873364911274693179e-02
3.619318624128198270e-02
3.775408703560872992e-02
3.143326967738872130e-02
3.491124019585011007e-02
3.305515188436448232e-02
2.998304695690864191e-02
3.203089740035824917e-02
2.810356893105572448e-02
2.627231357450198618e-02
2.664910749545512658e-02
2.164751524770832866e-02
2.150738927050112673e-02
1.706334262757503925e-02
9.381590634820165600e-03
8.877849983930853617e-03
4.990851644911115104e-03
4.855851139762074747e-03
5.117474245193924520e-03
5.434529065385058054e-03
5.751911071375639083e-03
1.005652969635085527e-02
1.026641288784356336e-02
1.733342473820122243e-02
1.851283804374119143e-02
2.370866849745412522e-02
2.596665457220536169e-02
2.649667893195445031e-02
2.939858299283192380e-02
3.013250209239084002e-02
3.140179813731524411e-02
3.355977387273118007e-02
3.398858395060597171e-02
3.630266398782819315e-02
3.860971800859197556e-02
3.879885322598427416e-02
4.468359071890496553e-02
4.552819543249816275e-02
4.845886780217607132e-02
6.229653437071096950e-02
6.341442777680324216e-02
7.298141854172508769e-02
7.644852349329983587e-02
7.918949212979181640e-02
8.949794421092986674e-02
8.225804657067571635e-02
9.457095903608414567e-02
8.780749360547264459e-02
7.722599423697894261e-02
7.891222314016690942e-02
5.793327558499040270e-02
4.194272092728316970e-02
3.796156794497102666e-02
-7.578680288297156946e-03
-9.660560560577943767e-03
-2.330550017773410851e-02
-4.035365453446945055e-02
-3.691057005843787625e-02
-4.803319363052125507e-02
-4.646672763391410804e-02
-4.082800643590502737e-02
-4.492701323658351148e-02
-2.720233879978669125e-02
-2.776569549912377005e-02
-2.630280193040801517e-02
-2.039664959799982608e-02
-1.996039755857286283e-02
-1.711724192027167316e-02
-1.414554342016010116e-02
-1.047401035951779635e-02
-9.375496678178741120e-03
-2.650002164924351779e-03
-2.536836823648910139e-03
-1.657484303407336448e-03
3.092501282890389061e-04
1.734513541137642752e-04
4.876563956400769011e-04
8.659650387634063376e-04
8.834690305950556851e-04
1.084782659252854194e-03
1.173564077676470712e-03
1.216158954329449185e-03
1.295866883374526858e-03
1.322732200217805083e-03
1.353532488252738759e-03
1.381391413556855036e-03
1.400019564868369270e-03
1.412935989325110478e-03
1.432823939644852114e-03
1.453697768212552487e-03
1.449450298765216257e-03
1.505748253194342124e-03
1.507264429637139580e-03
1.510361331657171556e-03
1.677218110480064401e-03
1.539826915375137883e-03
1.754368349733914428e-03
2.019352297838825517e-03
1.505172075727559356e-03
2.851802023540760556e-03
3.172729926999373531e-03
