3.879981819700561562e-03
4.220708468104025259e-03
1.665304634543084833e-02
1.618836005899726774e-02
1.901191141256042272e-02
2.201743524165093377e-02
1.985897844624593886e-02
2.108166337345185326e-02
2.083949818042065902e-02
2.030406795362260305e-02
2.062614486817982914e-02
2.034152743320605250e-02
2.030246066852077133e-02
2.033157226973478574e-02
2.023775064824567815e-02
2.025056813831112648e-02
2.023603070517858427e-02
2.021706413203005342e-02
2.022208836474110455e-02
2.021610522781240593e-02
2.021611400289964264e-02
2.022067990623578615e-02
2.022803774712146965e-02
2.023360935201880262e-02
2.025376050315266449e-02
2.027815782217310195e-02
2.029308163342782856e-02
2.037320687915024353e-02
2.040826582848946635e-02
2.048664465401680082e-02
2.072759786532090212e-02
2.069717544738676820e-02
2.112670096851502338e-02
2.145559469617814088e-02
2.123651823376976333e-02
2.250020922853901081e-02
2.083125375900424930e-02
2.153011968987563265e-02
1.900164054118263363e-02
1.638909536016278437e-02
1.712596351599556324e-02
7.446270242188443404e-03
7.677092271646248842e-03
7.526346360988370003e-03
6.517375648536650329e-03
7.391502552668180633e-03
1.329540364529690349e-02
1.395275366406331825e-02
1.681872908283275209e-02
1.769947437103128185e-02
2.359488072880594825e-02
2.981688306112498243e-02
2.749536132023286047e-02
4.849625085353734960e-02
5.772008156989479055e-02
6.494942376913763471e-02
1.151552716396804649e-01
1.278518723044675676e-01
1.525917244523081195e-01
1.966345926246494402e-01
1.997860566357945455e-01
2.113368065757107173e-01
2.065176858204219035e-01
1.568159021686742205e-01
1.502692663128294137e-01
1.196108390086776385e-01
9.749768004744728545e-02
9.399860870604996588e-02
7.653541624759790940e-02
8.018767670458419594e-02
6.567190734815456232e-02
6.466846338758837354e-02
5.686435019136050484e-02
4.279964631836111200e-02
4.409947665061649674e-02
1.274733068887269442e-02
1.846447558638221811e-03
-3.842196448855173668e-02
-9.001904632615631563e-02
-1.090672157056198077e-01
-1.513443736169118592e-01
-1.779732448020062419e-01
-1.486022527804637672e-01
-1.601054588958736036e-01
-1.028865703105433516e-01
-6.609296549439296065e-02
-5.361077442332016357e-02
-2.325346399766647573e-03
-1.265475347369248230e-03
2.202284656022631174e-04
1.610031099793881454e-02
1.312850157088583068e-02
2.212857328642439322e-02
2.421704475940351237e-02
2.630911480902985156e-02
3.020565243211301501e-02
3.173528604669868108e-02
3.240215838657370395e-02
2.949245171512558314e-02
2.718976368601440027e-02
2.895743333272432149e-02
2.526315700582889429e-02
2.169138187378906804e-02
7.023967389278244940e-03
-1.416637105056019197e-02
-4.363088009362933728e-02
-6.099484990266175466e-02
-5.074958549429085808e-02
-5.800558452186247577e-02
-2.566552192235205254e-02
-3.291101714221676688e-02
-4.813168765572555657e-02
-4.335935616474342891e-02
-8.126716127362826336e-02
-7.976972103535859282e-02
-9.415451816426934073e-02
-1.165309399483573649e-01
-1.175182911770631528e-01
-1.361563298402209687e-01
-1.381688444443276431e-01
-1.368414871820096412e-01
-1.234887784538496736e-01
-1.043804401327896175e-01
-9.310097973889047696e-02
-7.759096895520840864e-02
-6.396044666899393383e-02
-6.469444611085445329e-02
-5.849896507548470875e-02
-4.777391430119094090e-02
-5.082521142338098513e-02
-4.017536813614348834e-02
-5.651659845065126059e-02
-7.343385907031783899e-02
-7.181940949169661470e-02
-1.044303904402754807e-01
-1.022708143049591428e-01
-1.021128595727840566e-01
-1.188545824905292286e-01
-9.562432718725970282e-02
-1.017569507849155203e-01
-9.067791569076151525e-02
-6.276341759616595184e-02
-6.204006679762839177e-02
-4.195347559825746142e-02
-3.602505768878824788e-02
-3.952017655252736128e-02
-3.628639038008874690e-02
-6.805685720539164651e-02
-7.237818722757355383e-02
-1.082540769970180700e-01
-1.349986529685690273e-01
-9.544275374519615995e-02
-1.041733939890646388e-01
-9.042760705955237011e-02
-2.239702371703528039e-02
-1.984812781343130508e-02
-7.454675575194236008e-03
1.209193589743969878e-02
1.838910774979400642e-02
2.334159678556416845e-02
3.808860940189922467e-02
3.190158401860836157e-02
3.741421244943205632e-02
4.292758705134461922e-02
3.510339099694100712e-02
4.945448258663978636e-02
4.978181608571521227e-02
4.382748944125604978e-02
8.268919629019018391e-02
7.981266829193325862e-02
6.695738926129966850e-02
6.831966196843662631e-02
5.056461865498423913e-02
4.508217016197574312e-02
2.984481270456992852e-02
2.576235861941875149e-02
2.167428254451626152e-02
2.871040925549202261e-02
3.615779659429264881e-02
4.050834058186400521e-02
6.935107007779743593e-02
7.199400519289554656e-02
5.784679161438648770e-02
6.446337946492025628e-02
3.838646760050978129e-02
3.131642649637767645e-02
3.278739494682954281e-02
1.881736153469176775e-02
4.014033043953624952e-02
4.004001491251314021e-02
2.628459652402992050e-02
3.399664843618676463e-02
2.111606042748659720e-02
-2.159536397176701344e-02
-1.790944269050348883e-02
-3.674440917481040791e-02
-4.119821572641849811e-02
-3.294902763272181817e-02
-3.246601441555410639e-02
-3.304553560057106598e-02
-2.732472413920147142e-02
-2.784013875236022659e-02
-2.850114689687613043e-02
-2.435454584511807449e-02
-2.748829010595868483e-02
-2.894542276073086215e-02
-2.532867144438814486e-02
-3.358283642842137956e-02
-3.054217817130449111e-02
-3.261790638446893098e-02
-2.633642414928434594e-02
-1.237928805333534006e-02
-6.657088616507646391e-03
1.597118083970264224e-02
3.709374295216130712e-02
5.787511704914068134e-02
6.671191365193596123e-02
7.057783434555874036e-02
7.294796286997268231e-02
5.390534671871934080e-02
3.522834291429542686e-02
2.250452189269024073e-03
-3.879011203268555030e-02
-5.909832149245779209e-02
-1.067154629005660216e-01
-1.203808514805256996e-01
-6.225787763237774358e-02
-7.671779235870351821e-02
-2.223021472693137175e-03
2.588363619244516897e-02
1.765514075771612438e-03
4.127862650217196255e-02
2.956553233829013055e-02
-1.112266561392314008e-02
-7.497579325331817784e-03
-3.759327251603164499e-02
-5.494855063259344863e-02
-5.680721458394071000e-02
-6.697877780657258973e-02
-6.447620138603174511e-02
-5.559304425423699375e-02
-6.368559586765774883e-02
-4.453397428036091898e-02
-4.666488665662076735e-02
-4.665998508504842768e-02
-4.224996654217563069e-02
-5.153988872375363239e-02
-4.950008822682407800e-02
-7.266485745209101677e-02
-8.854122056350101355e-02
-1.211181979713688572e-01
-1.399859935110100706e-01
-1.541396501671941643e-01
-1.711722006725616974e-01
-1.730162137283794421e-01
-1.922332357902769018e-01
-1.943925419228485496e-01
-2.031959719491034655e-01
-1.859494509927864525e-01
-1.421287956311944045e-01
-8.932879949592739677e-02
-4.366050847909203059e-02
-4.845754036287484856e-02
-1.042861996486954025e-02
1.762083936281426530e-03
-1.100230722072053410e-03
1.376317217263708275e-03
5.909649600326240433e-03
-4.050899620338938023e-02
-1.581061943609333650e-02
-1.417059982810268959e-02
1.308130551411096701e-02
1.994180874643041237e-02
1.297897662771645144e-02
2.860092011284033967e-02
6.344252814703588324e-03
3.169429893035635715e-02
3.106600581085846441e-02
1.673748186460008794e-02
3.405067043930645049e-02
1.165870859070888485e-02
1.094098255910472446e-02
1.250939086575170167e-02
1.157932355251292981e-03
4.045866558373159734e-03
5.381989418212376405e-03
9.611005128580287632e-03
2.315597177274064666e-02
3.811146670162916805e-02
5.228555244847431921e-02
6.874279571221914020e-02
7.844861578091720522e-02
8.754548491338474958e-02
8.344694175422943949e-02
7.958206594956598878e-02
6.750946697710652478e-02
6.952308153379137268e-02
5.793198886965088279e-02
4.548968352841502305e-02
4.245600596490171214e-02
2.433147859261656359e-02
3.019223882600723108e-02
2.772393203875065174e-02
2.342022701503896839e-02
3.582981506893787027e-02
3.672279880727913337e-02
3.938900538522371875e-02
5.405578316419723528e-02
5.346154288426869378e-02
2.866370761325351055e-02
2.991985721810207222e-02
-7.983083862826541310e-03
-2.977444084637839716e-02
-1.793495130724012329e-03
-3.644651236585493004e-02
-2.246233547329825470e-02
-5.306262092901440838e-03
-1.934096985263612616e-03
8.122581297715092408e-03
1.426590427772712888e-02
2.558565164369532019e-02
2.629617262301618338e-02
3.945557642953732153e-02
3.494851279758846158e-02
3.816680661578635697e-02
4.416061510638525506e-02
3.616001825740271236e-02
5.008555004406724936e-02
5.053506501713866256e-02
4.446161070170023821e-02
8.371402466414655519e-02
8.013106216523099845e-02
6.859056422346532234e-02
6.951112461260482156e-02
5.113692966183962241e-02
4.967186925016393167e-02
2.965515827761273579e-02
2.843736108447481384e-02
2.745666938445372185e-02
2.044958810811867492e-02
2.785273123060610229e-02
2.625918322105366687e-02
2.736685148313536958e-02
4.403491814588030712e-02
4.749141505647525019e-02
6.779124625970904539e-02
8.745610826101900270e-02
1.115450719358756365e-01
1.456802596939850980e-01
1.608026554901297867e-01
2.202236319152702515e-01
2.256627195000954489e-01
2.007621379782574544e-01
1.587565838648886118e-01
1.192831478924458039e-01
1.035516287622617881e-01
6.518202681526373554e-02
4.750822468656662467e-02
3.541629439359138265e-02
1.872300994465219900e-02
2.117726595609839557e-02
1.780264186840696539e-02
1.849627562563018954e-02
2.243758043374348074e-02
2.264499603144122519e-02
6.806036941670783134e-04
-1.825806714134482756e-02
-4.348540066080382183e-02
-7.264276418982849870e-02
-8.952467134602555554e-02
-7.664415774480511090e-02
-8.429537252215045517e-02
-7.631113073364766131e-02
-8.275689173608767601e-02
-9.347444935499095442e-02
-9.889777696760151948e-02
-1.182306065559737135e-01
-1.403542678440586611e-01
-1.415279027102435971e-01
-1.062049837451516099e-01
-8.671318471666632222e-02
-3.255978656675217325e-02
-9.864327490621707314e-03
1.934713899386812305e-02
2.915873658404750934e-02
2.578577584062433786e-02
4.180361569151944817e-02
4.095108307215390014e-02
4.326875086039552731e-02
4.891181715257945928e-02
5.049083675082994410e-02
5.267193510826698177e-02
5.838982041709422921e-02
6.359081788440557048e-02
6.592562853426416070e-02
7.599628347561084019e-02
9.613068047241277170e-02
8.657822342480557543e-02
8.826624131427997233e-02
8.628839633958958200e-02
6.135550094895553946e-02
5.260595413875369941e-02
5.262262978985621231e-02
6.251107272535630366e-02
6.061260916832500456e-02
5.335837343173210900e-02
4.343576827132341472e-02
6.132612926286349665e-03
-2.384865533931726511e-02
-3.253467035496060422e-02
-5.607549927667660611e-02
-6.777292864554979035e-02
-6.931273526368826599e-02
-8.700518529970531489e-02
-8.900094778487828429e-02
-1.050666414373180174e-01
-1.220615288657122544e-01
-1.348225435678044593e-01
-1.600509529356878569e-01
-1.792345276885563277e-01
-2.122695273134550253e-01
-2.396579158782154439e-01
-2.460479121061393826e-01
-2.596350088190659822e-01
-2.581502629623693701e-01
-2.638810860589457241e-01
-2.667508051954731174e-01
-2.644586287944509229e-01
-2.697172732269855211e-01
-2.657926785455863583e-01
-2.655537125615881622e-01
-2.633530720196662900e-01
-2.538322127730133215e-01
-2.532931275433604190e-01
-2.414567183238429116e-01
-2.308375809247941168e-01
-2.105382810317214248e-01
-1.659461236571827814e-01
-1.276496465034674122e-01
-1.221985816523148832e-01
-5.706309887948210480e-02
-4.057985039844580477e-02
-4.739438021514649768e-02
-9.529132208984108718e-03
-9.855844186902881082e-03
1.075517405405947537e-03
4.612260063428097467e-02
4.469165828257548601e-02
6.087897675948198556e-02
7.224439903991168588e-02
6.787715081934182770e-02
6.545549569976813475e-02
4.653298094709434202e-02
1.849049748581646502e-02
1.095648344952730377e-02
1.176226769156160472e-02
-2.708568924703503179e-03
7.941609361451809970e-03
7.411890966678972952e-03
6.569568621093739395e-03
3.166745087343140336e-02
3.280995347112615479e-02
3.781641223136503888e-02
4.724286532918717252e-02
4.887136179065761782e-02
5.035004947401346131e-02
5.556131121605326073e-02
5.592675348068313484e-02
4.944992023581192692e-02
4.959677873831281475e-02
4.396078072749516619e-02
4.221346524293163871e-02
4.035459107449316379e-02
3.766188504913946244e-02
3.680466933480908837e-02
3.433537137089387459e-02
3.282451281405456001e-02
3.097261198950976638e-02
2.685490953494928945e-02
2.648580188274237551e-02
2.088802310659806927e-02
2.120264211809956903e-02
2.185470156415801612e-02
2.104998393619709335e-02
2.177541107263166950e-02
2.192272051196052229e-02
2.204617654312956629e-02
2.228449972698482578e-02
2.234216701758040893e-02
2.243153758847953386e-02
2.249358149915343941e-02
2.251960424177068543e-02
2.255302667901130584e-02
2.256999826929772038e-02
2.258080619116223375e-02
2.259161098238027590e-02
2.259833317781192660e-02
2.259881316615374586e-02
2.260709675241696220e-02
2.260813445646433009e-02
2.259893640800147638e-02
2.262686357747866611e-02
2.259540706881324815e-02
2.260114057806127119e-02
2.267292656887693811e-02
2.250049614275424770e-02
2.270848051806786949e-02
2.266789198274320877e-02
2.220473902270092212e-02
2.328627427059811947e-02
2.176622897667188083e-02
2.188358446082344991e-02
2.276416954716273949e-02
