-5.379358930604285789e-04
-3.808982214017640126e-04
4.091772085336791917e-03
4.220971989519646354e-03
4.551637557580660333e-03
5.202446831721905217e-03
4.237225374853086785e-03
4.545153440633008073e-03
4.439612009483930900e-03
4.262501289166989102e-03
4.355191320890694669e-03
4.269790585316042900e-03
4.257683056912345450e-03
4.266183990309386359e-03
4.238693673396924134e-03
4.242424896810374942e-03
4.238182153399592568e-03
4.232642193198144116e-03
4.234109052001630222e-03
4.232362497613335883e-03
4.232364949997488406e-03
4.233697857482059991e-03
4.235846196524455272e-03
4.237471760349454004e-03
4.243358313433380838e-03
4.250490921699362663e-03
4.254837184855772211e-03
4.278395694952606687e-03
4.288795040998651283e-03
4.311961549228015070e-03
4.386362730147255577e-03
4.378967979157036804e-03
4.519137528325254533e-03
4.670740441593387339e-03
4.606446212877871732e-03
5.214708077920688321e-03
4.699283754514888348e-03
4.923210761168220380e-03
4.100821835737980710e-03
3.302586273113182827e-03
3.492955353180502483e-03
-7.325868787038511323e-04
-6.767699520823051637e-04
-6.277007395519868405e-04
-9.408361963689274281e-04
-6.468442614423637865e-04
1.940406349307456863e-03
2.153023679124389973e-03
2.746092731700198152e-03
3.048758145219038988e-03
5.335857578420486261e-03
6.934337648634892812e-03
5.805511045816139255e-03
1.179932621668524674e-02
1.344988517871254473e-02
1.563335562620776428e-02
3.370953523576717542e-02
3.825708317210555626e-02
4.694980318039914530e-02
6.322353956960163890e-02
6.577949511581640540e-02
7.116947034873245814e-02
6.824190150956829792e-02
4.928700983533423896e-02
4.656996724875881594e-02
3.328694924752767514e-02
2.542591278648478545e-02
2.590133388987346172e-02
2.014229451794308234e-02
2.218087706441292453e-02
1.761147709479755907e-02
1.766080530427370857e-02
1.537048016063562866e-02
1.148684680918295523e-02
1.301039569081237877e-02
2.813086293920239508e-03
1.841922254647008735e-03
-1.271060014719658376e-02
-3.214105912974136309e-02
-3.975758672628394719e-02
-5.565655297516267086e-02
-6.400124321670040695e-02
-5.044423857991797711e-02
-5.229472885195166759e-02
-3.467888544150244529e-02
-2.318818350738772668e-02
-1.892427581575726464e-02
-1.569104362167301992e-03
-1.404126239160169215e-03
-1.991643839490876960e-03
3.013679202644612906e-03
2.005889811737647868e-03
5.721214246410175758e-03
6.271741570202784243e-03
6.067239768116586274e-03
7.332809758977867562e-03
7.825677944588931012e-03
7.857596344210559039e-03
6.483382992098729765e-03
5.797302793146585573e-03
6.980037078240092056e-03
6.464487578987922374e-03
5.752460355076906284e-03
1.517352160604090597e-03
-6.901330474156596589e-03
-1.852732125170353239e-02
-2.586489769999342561e-02
-2.208409666583766723e-02
-2.153675046691847991e-02
-7.094298822567863400e-03
-7.783952094346314847e-03
-1.547654713725516232e-02
-1.580993486005418183e-02
-2.957418504006803506e-02
-2.729917510652470763e-02
-3.106642605096826895e-02
-3.842451512737449920e-02
-3.959733679746398061e-02
-4.585556600334950161e-02
-4.716340346870639272e-02
-4.698446124397360341e-02
-4.134035663541040656e-02
-3.440682135158930344e-02
-3.057854161035751181e-02
-2.515865933456282524e-02
-2.103117514022767587e-02
-2.240509322234966044e-02
-2.174793619703207712e-02
-1.749781242131625419e-02
-1.630308245962117791e-02
-1.158899307440280739e-02
-1.800954434946763771e-02
-2.342434867979305627e-02
-2.453600044259079613e-02
-3.851946266070132435e-02
-3.821573349112174223e-02
-3.733082763517805991e-02
-4.390216229117316349e-02
-3.508772598580345986e-02
-3.828583895894547423e-02
-3.375679810874127745e-02
-2.104541857362544205e-02
-1.947201279157166620e-02
-1.298489812598154977e-02
-1.004850512758527145e-02
-1.186098326604310971e-02
-1.226346779921861675e-02
-2.244045748185984415e-02
-2.501575204001993402e-02
-3.924691721236277242e-02
-4.752875580203567984e-02
-3.345436361035094425e-02
-3.722262916057052923e-02
-3.264317879660741384e-02
-8.746947952489718750e-03
-7.467879626202069548e-03
-4.380972034147607823e-03
1.565131193991849481e-03
4.377822803355396926e-03
5.775457939672624767e-03
9.816970648299273156e-03
7.473643908590660474e-03
8.981843157391431257e-03
1.050319652889407374e-02
8.100524549233436081e-03
1.244943406548462521e-02
1.168218759136208790e-02
9.967435379263063847e-03
2.412254262391974949e-02
2.387640007774135750e-02
1.944381590991331801e-02
1.933762772610592151e-02
1.357039912559602698e-02
1.167162465817389583e-02
6.399959300810106194e-03
4.654687942586244534e-03
3.253704354559821231e-03
6.601207305953948369e-03
8.837035904073685735e-03
1.179424915964601139e-02
2.217628013490590203e-02
2.352622065729126008e-02
1.690453834282326651e-02
1.824739183466840553e-02
8.761852315862111301e-03
5.897835317947848315e-03
6.137780090775874463e-03
2.367844119100058833e-03
1.013737011667425504e-02
1.020737317585506364e-02
6.099972107296756062e-03
9.847706312914206173e-03
5.710937425522586049e-03
-1.063649023387545564e-02
-9.940430194591372628e-03
-1.679855814517753829e-02
-1.793314779476298110e-02
-1.357895102348801765e-02
-1.276905632130759770e-02
-1.317950668371691697e-02
-1.095934726210208779e-02
-1.107153013853792028e-02
-1.151210588078514611e-02
-9.857777357937563129e-03
-1.057845874127472628e-02
-1.168685897433387362e-02
-9.330662901071238441e-03
-1.353461489812670358e-02
-1.432206779049928838e-02
-1.655538034804916389e-02
-1.384273652117939957e-02
-8.928833736475409039e-03
-8.599279103620349751e-03
8.246988399835371644e-04
1.184696131390028731e-02
2.074607742400530128e-02
2.167170386452906342e-02
2.333171223904984340e-02
2.588117951230954270e-02
1.897759807626412873e-02
9.747057758628458607e-03
-2.361637675306663652e-03
-1.637383944539358774e-02
-2.434885734610050395e-02
-4.039879893252260740e-02
-4.358023800749312449e-02
-2.401611292394138092e-02
-2.742732911233421167e-02
-1.523587274875155915e-03
8.074415560354741492e-03
-6.051196235357900492e-04
1.373438362987330560e-02
9.996880962909458421e-03
-6.132470661955038635e-03
-5.865589481763145048e-03
-1.511618274637045040e-02
-2.105653479593940294e-02
-2.181663216142483083e-02
-2.415347297121786876e-02
-2.313178282772770239e-02
-2.015618441398430230e-02
-2.286618616604411264e-02
-1.621397040933984096e-02
-1.659802955338423106e-02
-1.766011592983238176e-02
-1.503917968336142622e-02
-1.674589518801262999e-02
-1.374466830880554692e-02
-2.326789705838713460e-02
-3.010648806576736794e-02
-4.234317954355980296e-02
-4.704993078635726078e-02
-4.971889616163354536e-02
-5.448309285391630952e-02
-5.436617174021932120e-02
-6.217659476886044922e-02
-6.458218268573664989e-02
-6.968641724598406695e-02
-6.441101442923448384e-02
-4.832257059825006279e-02
-2.836610909984230849e-02
-1.342537846741176551e-02
-1.744775786257474898e-02
-4.652823093311747593e-03
-7.864598887072043847e-04
-1.271194885390431774e-03
-3.506140318642581000e-04
5.198589461847364594e-04
-1.975584254038731391e-02
-1.258974380329812813e-02
-8.477891059355133208e-03
3.957639804029185887e-03
7.340772475471325255e-03
2.603255994427727295e-03
5.035500516071677625e-03
-3.712390210985238703e-03
8.406470685452025957e-03
8.812280864620866683e-03
3.657171028743222072e-03
9.361592881717412801e-03
6.390761827647653765e-04
-6.186077098814447256e-06
9.063640130457106684e-04
-2.797591770822174199e-03
-3.321963945222318644e-03
-3.060953846486753026e-03
-1.554492071730694501e-03
3.098797505845679937e-03
8.961842053275144090e-03
1.329833659587532045e-02
1.994256875864948778e-02
2.448405598117656123e-02
2.937628883849376440e-02
2.558842418185991105e-02
2.172486209576742974e-02
1.699500582748826594e-02
1.965389511810766709e-02
1.678846209689718177e-02
1.210811567796069195e-02
9.353867634303673906e-03
2.149811823492537785e-03
5.802967226144067035e-03
4.306609870684917699e-03
2.985354753969338745e-03
8.013558546258861548e-03
7.462738165754704243e-03
9.618728338131815950e-03
1.785402540360508938e-02
1.838053495041533369e-02
6.845415395601510411e-03
5.886900046731833279e-03
-7.032977586931525235e-03
-1.401931659507107443e-02
-3.503308721837576807e-03
-1.541373201777812736e-02
-1.109286865453756529e-02
-4.588780054705352864e-03
-2.836403530839525476e-03
1.797426064579617450e-04
2.076811374666536533e-03
6.457592999304434186e-03
6.643359857397126110e-03
1.020943466656729949e-02
8.364097352980746219e-03
9.201758413865645733e-03
1.086292131383512043e-02
8.409054655156907032e-03
1.263364524400624987e-02
1.190202776379397850e-02
1.015268544057451941e-02
2.442147950895658809e-02
2.396915221291139736e-02
1.992516309267568578e-02
1.968237696360184905e-02
1.376314744056503399e-02
1.311603579917596137e-02
6.369738950505565538e-03
6.083969800512177215e-03
5.882351735516141988e-03
3.751856503819975784e-03
6.532714748591084315e-03
5.631105464614977532e-03
5.524969725804483589e-03
1.050773516015387522e-02
1.158549572173324729e-02
1.834953534473629522e-02
2.479139089096427453e-02
3.224065289483950270e-02
4.287359066106178479e-02
4.865782120337816541e-02
7.025483395145669385e-02
7.334761411965763644e-02
6.323231989301129896e-02
4.857406462326226831e-02
3.554050373913830718e-02
3.105409424361418869e-02
1.658609888059718596e-02
1.139342249839548661e-02
6.819845889242763352e-03
2.174473159739041665e-04
1.565000328676290813e-03
1.165322865449353127e-03
2.892234930111530367e-03
6.890205745483394574e-03
9.665472419939173318e-03
-2.269157709928567687e-05
-7.452934102988360496e-03
-1.787997795323329267e-02
-2.885758166311895925e-02
-3.532455184129624365e-02
-2.712000936689595160e-02
-2.753442851889492671e-02
-2.357294759226388411e-02
-2.652943021023861439e-02
-2.966605762060678039e-02
-3.146627961760214282e-02
-4.030111302881945329e-02
-5.006160313088046238e-02
-5.201422631347110692e-02
-3.775212174886014710e-02
-3.055068848997628816e-02
-1.179115693323240163e-02
-4.227492294016718319e-03
5.833495111207396763e-03
7.994436731657401929e-03
5.948939684751517083e-03
1.100205302511459392e-02
1.064626815782713891e-02
1.119281428397340093e-02
1.288913722086756572e-02
1.333985650391202211e-02
1.389603437206048987e-02
1.591184236283782125e-02
1.710115943203438515e-02
1.732117518155815508e-02
2.169099903791740780e-02
3.043869183191515865e-02
2.724467842335243778e-02
2.805105471967361125e-02
2.706640972546551366e-02
1.683250194174076148e-02
1.226097633310405458e-02
1.346135708869654508e-02
1.843844706754628124e-02
1.892623793445260411e-02
1.682270807379044469e-02
1.308319869899166911e-02
-9.745660908152556584e-04
-1.134744298348283435e-02
-1.363438060372024196e-02
-2.114548490100464154e-02
-2.498912552360052497e-02
-2.342869238028444032e-02
-2.824492672175239055e-02
-2.773898246482980889e-02
-3.379694108282307874e-02
-3.960778013145116461e-02
-4.432060851248761230e-02
-5.019743425921108920e-02
-5.699636154715381070e-02
-6.964822222471084290e-02
-7.975433623627115054e-02
-8.002673082619070344e-02
-8.327324913143324681e-02
-8.177855125559949090e-02
-8.331976296278897909e-02
-8.398884806968383299e-02
-8.349982775239968291e-02
-8.526498771585724890e-02
-8.431221193779207812e-02
-8.439679647839214149e-02
-8.325798242996935994e-02
-8.040851424548792203e-02
-8.061686118290198322e-02
-7.664455383620631668e-02
-7.470601294063641817e-02
-6.807154112359908860e-02
-5.379778139214747706e-02
-4.197589249582559662e-02
-4.092031365504279067e-02
-1.986283254213157615e-02
-1.447770124795564467e-02
-1.788968371636295157e-02
-6.179539069557586639e-03
-8.096530790869653840e-03
-4.452527319217568572e-03
1.660071655946823363e-02
1.645081449920063679e-02
2.340915297114560048e-02
2.794176973960843177e-02
2.244286910042794445e-02
2.038871724843758018e-02
1.257434324442607138e-02
1.129390724906419695e-03
-1.181569711308505521e-03
1.902524979625971760e-04
-4.260260636616602405e-03
-9.153507643433913101e-04
-1.503967050655773781e-03
-1.660815467373307104e-03
7.615614841903688842e-03
8.205302449388043526e-03
9.532070943290754661e-03
1.243311716564405277e-02
1.293253619926741475e-02
1.334936438641460762e-02
1.534035447201767544e-02
1.558913398777094297e-02
1.351128649171852089e-02
1.336478595829242687e-02
1.135807860925863201e-02
1.083171809620981675e-02
1.025573380819656474e-02
9.449210621649658387e-03
9.200947213631419097e-03
8.465771489646431447e-03
8.006958876903468025e-03
7.443508294677055916e-03
6.021436944559479913e-03
5.802656680869719766e-03
3.843052429627203618e-03
4.036538876718288350e-03
4.469474995948912073e-03
4.541189393221274281e-03
4.773357578656329224e-03
4.845809551085258557e-03
4.901002483511839730e-03
4.969851659376699898e-03
4.988835029142298441e-03
5.015554480252813405e-03
5.033558932098021639e-03
5.041262246131055121e-03
5.051024926021756116e-03
5.055974539739185175e-03
5.059133512539240596e-03
5.062287132672490565e-03
5.064249388343203782e-03
5.064389548366321839e-03
5.066807741233329485e-03
5.067111344747182201e-03
5.064424494799561229e-03
5.072584559245777065e-03
5.063414025927606872e-03
5.065064015522179226e-03
5.086272982973794564e-03
5.036047556669542152e-03
5.096902455105759011e-03
5.090075452842760147e-03
4.953742017313900008e-03
5.280483105008487027e-03
4.886316311297022805e-03
4.846527379722443372e-03
5.065221566492901159e-03
