-9.583695070991158846e-04
-1.091318599331914368e-03
-2.277858263805646825e-03
-2.241879379847032741e-03
-2.672626801848954417e-03
-2.873968733702365972e-03
-2.969288245658000501e-03
-3.141678097031337571e-03
-3.198131105024806017e-03
-3.259348638464663536e-03
-3.316815492016958727e-03
-3.337089451068344249e-03
-3.360226466671941553e-03
-3.383498695413538360e-03
-3.374993678215739389e-03
-3.382923383048705955e-03
-3.396113495545657109e-03
-3.328196656862112725e-03
-3.383072334128158724e-03
-3.318227005424662437e-03
-3.131865091466812592e-03
-3.040974714094259960e-03
-3.344927349350210796e-03
-3.241455053516732569e-03
-3.331928826306361068e-03
-3.723869240547890511e-03
-3.398581938521431922e-03
-4.061705437573142306e-03
-4.529417800988117838e-03
-3.671314601571710155e-03
-7.012521933916403272e-03
-7.431780643971984922e-03
-3.537953137991913400e-03
-2.807786228277556195e-03
-9.101716248947863989e-04
8.716343140781670704e-03
1.025206723523861170e-02
1.298627623716576245e-02
1.742121157728948946e-02
1.809734063373853730e-02
1.735764072228518709e-02
1.812046575404214002e-02
1.886701680309513587e-02
1.844230377726715706e-02
2.007045595189397430e-02
2.034263596244169012e-02
2.026519559019687028e-02
2.404047378381233765e-02
2.329978209853523705e-02
2.271122920015546109e-02
2.271079760950902096e-02
2.015194115856898394e-02
1.957575716695203819e-02
1.365322095307205420e-02
9.997008370835024083e-03
7.496538238703507988e-03
2.705687218491241615e-03
-3.553014573273513901e-03
-7.031472445751394545e-03
-6.323417667990426441e-03
2.088044356695799471e-03
4.274666557142121383e-03
6.825334514195674496e-03
1.085617570271050179e-02
1.093874264478624653e-02
1.293025922311187917e-02
1.332882998912619625e-02
1.269287752255583018e-02
1.990134239063159546e-02
2.501680882724659910e-02
2.955132358473063978e-02
3.660941858107510938e-02
3.582244136670377499e-02
3.754417347334215727e-02
3.788514109656622442e-02
3.345170293111053572e-02
3.313550640409379522e-02
2.973147079284947300e-02
2.531024671124199737e-02
2.462611046364128128e-02
1.776430590376838758e-02
1.660921148989888407e-02
1.034283162780881560e-02
4.401470811211772444e-03
1.161519759477993045e-03
-4.958765151939044857e-04
-4.915469664510327408e-04
-2.074265046645757836e-04
-1.864138894324437199e-03
-2.128857064205937066e-03
-1.958713528994040793e-03
-4.906859474127766088e-03
-4.822527894767813725e-03
-3.957215507616509628e-03
-6.402486065268330438e-03
-3.808905934419526580e-03
-2.463973315916649556e-03
-2.163452630179365024e-03
6.451663203706262638e-03
6.738982685252251775e-03
6.956342362181894626e-03
9.317802145536830880e-03
7.915369026135871469e-03
7.619062531025453007e-03
6.564219643253529912e-03
4.415264598618564781e-03
3.839966890502503980e-03
9.240650861443513737e-04
8.678391830962315593e-04
5.414438778425631395e-04
-3.688655857025220316e-04
4.225966324171004764e-04
2.712150412390800671e-05
3.008251471432097767e-03
5.615459952581690339e-03
8.547904472878026932e-03
1.122418639739042497e-02
1.252873474496471809e-02
1.567124485494193753e-02
1.211558243208455017e-02
1.091729229115260755e-02
8.820384687073766494e-03
-3.455101334571998172e-04
-2.635089511272187962e-03
-5.123219543178342619e-03
-9.867184826152919710e-03
-5.358405119052654132e-03
-6.058046865755720677e-03
-2.718456607783674580e-04
8.155897985236183062e-03
1.266816952684762278e-02
1.964751321642046328e-02
1.726562638035306074e-02
1.941416022647295819e-02
1.904439313706379408e-02
1.946749893145378885e-02
2.029138386572621605e-02
2.005330624915396820e-02
2.086275417454339781e-02
2.071024407419595759e-02
2.114805996831569876e-02
2.167425196298441992e-02
2.097830454895279612e-02
2.293638859770869703e-02
2.308574237106042482e-02
2.005067642248675036e-02
1.973381570158630818e-02
1.775768659517396736e-02
1.017389621708489171e-02
9.529143383688761654e-03
4.536217128647908672e-03
3.115034594810217605e-03
-1.339719541581033124e-04
-4.197280238492912333e-03
-4.746643599430613696e-03
-1.214666329484951658e-02
-1.190323189682599044e-02
-1.724584624161825189e-02
-1.804179050804314080e-02
-1.904522673522220794e-02
-1.974162004657631364e-02
-2.195809484628235414e-02
-2.830356861334254459e-02
-3.546844420799368652e-02
-3.452313444669331821e-02
-3.828630248389130325e-02
-3.848164776137102255e-02
-4.012955850358309456e-02
-4.392491723480571736e-02
-4.629880993831822500e-02
-5.308825080856575257e-02
-5.767065336605869952e-02
-6.271794237599977173e-02
-6.253137432167479859e-02
-6.273339668740418595e-02
-6.092955845934171916e-02
-5.844667674521739076e-02
-5.765140371282240911e-02
-5.718466154465136342e-02
-6.112023248171920276e-02
-6.409579878359870919e-02
-6.661183589556350648e-02
-6.894097663410370114e-02
-7.039056788470630932e-02
-7.228311537506430795e-02
-7.352307823050711899e-02
-7.451036174690998937e-02
-7.724535262218262810e-02
-7.422873383341900555e-02
-7.509855950390195711e-02
-7.717519419155628724e-02
-7.697038662468921877e-02
-7.736609210105001300e-02
-7.820041070662059335e-02
-8.190029089816631969e-02
-8.884911991453593727e-02
-9.006099527655632431e-02
-9.889855977416235622e-02
-1.088109280019196740e-01
-1.125661750473808953e-01
-1.234293119769475922e-01
-1.333251705560566380e-01
-1.364100365575175167e-01
-1.452326179638063208e-01
-1.441187931909808928e-01
-1.437900106814535006e-01
-1.447182231419127663e-01
-1.365624050700332826e-01
-1.323651416301385997e-01
-1.188868714600267440e-01
-1.013995349877785251e-01
-7.802318412719601304e-02
-6.370815350598944826e-02
-4.393784787269924830e-02
-3.418567371415129341e-02
-2.542961933458411788e-02
-1.732414778055318266e-02
-1.563904103649770352e-02
-1.016754219584894633e-02
-5.789629820742662331e-03
-3.947507800776142717e-03
1.397581848432860759e-04
1.679386213780803550e-03
3.876363477172817176e-03
5.619088049523874966e-03
6.110402501916649756e-03
5.753913472054783540e-03
5.648822543799243007e-03
3.445459838302488299e-03
3.051360533311083152e-03
1.700893279269543017e-03
2.405797745607424643e-03
4.512578439221629281e-03
6.018901994697316814e-03
7.173975337609695378e-03
9.245360275135538694e-03
1.343044878027802036e-02
1.691434124581291457e-02
1.809695195519999550e-02
1.913836187984391604e-02
1.809534636168990893e-02
1.873842680497706317e-02
1.540935166023322221e-02
1.664395233183263087e-02
1.519290444391064449e-02
1.379035758731839145e-02
1.467406274437010189e-02
1.181799527187337231e-02
1.229376819764753381e-02
1.098191977863229897e-02
8.040804206301519624e-03
8.523019916557347114e-03
9.590450322471494532e-04
-8.413389906980957853e-04
3.140673981326315423e-03
-1.145354505266584199e-04
1.250277884681455856e-03
1.740501797879056862e-03
1.023875846400075940e-03
1.507902483824837166e-03
2.811563711363149372e-03
2.763522421136428708e-03
5.503058578590417672e-03
7.663534534896532073e-03
7.892699163612369728e-03
1.779785257712678329e-02
1.859184499099116039e-02
2.306500892220856441e-02
2.738864567324238511e-02
2.812770168560290926e-02
3.100697151032929741e-02
3.368487446375913880e-02
3.262667426179294283e-02
3.551069388160833784e-02
3.384931398894040072e-02
2.528228907317588842e-02
2.442656413717779820e-02
1.845949830195041386e-02
1.510197460195656857e-02
9.178736979262063639e-03
7.775852669540595473e-03
6.117251462449528956e-03
5.773742388403794480e-03
3.573500972410802775e-03
-2.529108407113121824e-03
-3.074502622374358004e-03
-3.471816362326599244e-03
-3.354071605372452389e-03
-1.086782543276010879e-03
-4.307181128642845603e-04
1.109119716954910334e-04
-9.903402244732836378e-04
-3.084237677524227783e-03
-4.037875915652600414e-03
-5.734997825219328993e-03
-8.450667765608772808e-03
-8.400914764554904407e-03
-1.158751223875061249e-02
-1.089656619157493810e-02
-9.473479333427167748e-03
-9.212222739644889552e-03
-3.602806132002596851e-03
-4.628299243984636095e-03
-4.846540050467113003e-03
-4.397077185282232369e-03
1.557736932015209253e-03
8.362796831473305603e-03
1.415203498387491640e-02
1.905999720382717602e-02
2.260686527197769066e-02
2.900386070178231218e-02
3.048012882787669298e-02
3.497715279373179997e-02
3.826504538502331632e-02
3.998589157615885931e-02
4.318424425903896746e-02
4.501179836853317490e-02
4.619345445914022769e-02
4.810390237801996649e-02
4.902430559545423866e-02
4.883393088808110627e-02
5.038247090313146409e-02
4.908832260760918886e-02
4.755288363308659422e-02
4.666997096635256553e-02
4.120957173281643987e-02
4.083280789203069805e-02
3.615668966245372956e-02
3.207261964924796455e-02
3.152103242574350733e-02
2.236269907498830353e-02
2.088612995012665424e-02
1.548476749417646361e-02
4.713375871449469560e-03
4.823161746376801798e-03
-3.613568673892446348e-03
-3.097045373998143312e-03
2.863720344874237829e-04
-3.705761326303790102e-03
7.006027222927127020e-03
7.194010178721396871e-03
7.286290458593621365e-03
1.581435427918014350e-02
1.259606911296163798e-02
1.281102901374569711e-02
1.090874983254175659e-02
5.980404565304403910e-03
6.005635583633700016e-03
-5.777706258587190363e-03
-1.000591942978981859e-02
-1.728493298465776790e-02
-3.792886025930104071e-02
-4.252103310745725812e-02
-5.432337434913279972e-02
-6.042789431978912856e-02
-6.627724515301723629e-02
-6.641029273090121032e-02
-6.661256095045584025e-02
-6.516357535472033780e-02
-6.454701581269169097e-02
-6.642941994575747577e-02
-6.252239089382446990e-02
-6.723484302591171968e-02
-7.164216258898147005e-02
-7.205132505109622387e-02
-7.237571711321008627e-02
-6.282601514603235182e-02
-6.157278516799637863e-02
-5.914404057381366514e-02
-5.636464210250012596e-02
-5.867429781918689219e-02
-5.762553639927622817e-02
-5.971578459462179717e-02
-6.100360697353805067e-02
-6.283537942510483698e-02
-6.569155904625952058e-02
-6.736100679477803610e-02
-7.265162869383023914e-02
-7.522699587110782959e-02
-7.850348180779523344e-02
-8.204376383424180630e-02
-8.381779696030168536e-02
-8.654262397347445290e-02
-8.824481207868470345e-02
-8.957710204266151888e-02
-9.096464786323318896e-02
-9.160010007145850952e-02
-9.215647244747712796e-02
-9.222062346874189409e-02
-9.218185286206356799e-02
-9.145785878739159935e-02
-9.069875709103601691e-02
-8.968507298976088893e-02
-8.759147993007374011e-02
-8.639597032784687713e-02
-8.357437040347168167e-02
-8.063202606864912358e-02
-7.828278045645487015e-02
-7.238076483132939443e-02
-6.778669410779528115e-02
-6.208579804765693155e-02
-5.471540218023682872e-02
-4.920419492811826945e-02
-4.322896406842556549e-02
-3.283933680770759200e-02
-2.802472284141829459e-02
-2.068796269488703057e-02
-1.639698887782902598e-02
-1.370308495422387605e-02
-9.955044993599783745e-03
-9.344164440229143359e-03
-7.871093759456092645e-03
-5.942874706703986896e-03
-5.271845878608183433e-03
-3.130756712282778496e-03
-2.564562432626869490e-03
-1.723621899819828725e-03
-8.254098926270174788e-04
-5.179646569586981520e-04
5.391138078508462498e-04
1.009082470682025161e-03
1.864041975642435423e-03
3.814779517828628414e-03
3.969042743912846137e-03
7.585838967534903887e-03
1.050861187264156768e-02
1.147924300108582596e-02
2.399335182008492662e-02
2.624425460498005028e-02
3.416449193010819008e-02
4.066143229467275577e-02
4.553598668957591078e-02
5.233123012993413231e-02
5.854793702383497694e-02
6.590882592091089343e-02
7.244965094044464315e-02
8.317764129550768437e-02
9.192142124794301650e-02
1.022204942404104366e-01
1.203497304177293392e-01
1.220107334985116310e-01
1.333232034799006760e-01
1.390107354426335373e-01
1.407499076764448798e-01
1.450472310947298615e-01
1.452957143064901868e-01
1.432385978154615269e-01
1.420275137548880073e-01
1.379483745638163394e-01
1.293757915434054495e-01
1.261025715259921909e-01
1.131597035534245427e-01
9.992048210286424981e-02
9.556765802853749159e-02
6.488829754420333273e-02
6.063062819272542481e-02
5.026901317358137278e-02
3.664342613037997742e-02
3.381283492305389715e-02
2.435123001855147781e-02
1.597319419968663140e-02
1.375976913715784566e-02
3.506954857744477069e-03
2.675385385253704548e-03
1.215773575447978835e-03
-1.736724727546845072e-03
-1.674811225855692230e-03
-2.773040009732475296e-03
-3.442917122110091769e-03
-3.317551168779361327e-03
-3.621088578156414842e-03
-3.666397737118457911e-03
-2.832107418510303610e-03
-3.027190945452532585e-03
-2.395529746426061993e-03
-2.299083193504670563e-03
-2.583171047880886313e-03
-1.403888095377258879e-03
-1.576123096527596050e-03
-1.318502996959349752e-03
-1.041583413800479998e-03
-1.081785402592776429e-03
-9.234139268145607430e-04
-8.771877089699820895e-04
-8.582592042356923740e-04
-8.007485955785942529e-04
-7.925683117688153050e-04
-7.738593598954455902e-04
-7.575125710399030878e-04
-7.540307985582984148e-04
-7.450962793636837665e-04
-7.413851050765116234e-04
-7.408951182553704350e-04
-7.371384087292537053e-04
-7.398619416911955855e-04
-7.424368000982425062e-04
-7.396617953087590265e-04
-7.562778013807756189e-04
-7.537012623220717923e-04
-7.601832140685517263e-04
-8.083943246943428498e-04
-7.665723109662129359e-04
-8.517768407812960916e-04
-9.128037138410630916e-04
-7.848258883756714828e-04
-1.232768829352213396e-03
-1.277309222480659890e-03
