4.047918893969679709e-03
4.657171012510041494e-03
1.870864831413045562e-02
1.807306802032277934e-02
2.176357470894646831e-02
2.509328215965567557e-02
2.476339932417165671e-02
2.677912497910149223e-02
2.736338997158299993e-02
2.768616313204859403e-02
2.842500251191323532e-02
2.857358952364006527e-02
2.889012911820641391e-02
2.914047990646249225e-02
2.928436694680078972e-02
2.956959365046352498e-02
2.967790786047650939e-02
3.002773200791927430e-02
3.038067075583900101e-02
3.048642384692655180e-02
3.159710373935607081e-02
3.158099041018697095e-02
3.192192951814521590e-02
3.229065067209730550e-02
3.222706261129840155e-02
3.317760533324563832e-02
3.280550327233645175e-02
3.359803316511947996e-02
3.536065801039208617e-02
3.314798814276263134e-02
3.830674643695424625e-02
3.678569526390134542e-02
2.936942756347601935e-02
3.049922000954417498e-02
2.690118042456522349e-02
2.537620243908147652e-02
2.578671613369847362e-02
2.565787497947469992e-02
2.522983613300473424e-02
2.594745621019541038e-02
2.557104390622353882e-02
2.369366155600640192e-02
2.330457899351579334e-02
2.176239338151789507e-02
2.085649063608846845e-02
2.025501075860886013e-02
1.877370996483990889e-02
1.833022113224933025e-02
1.714652188677147707e-02
1.511156871057624251e-02
1.463439123170432940e-02
1.151852524835360672e-02
9.224546144798524000e-03
8.159942061745677905e-03
3.886165730755535583e-05
-1.077353065340093874e-03
-7.812208777969078220e-03
-2.137546234385815508e-02
-2.447919712872786979e-02
-5.735578176125383232e-02
-7.160295247251580175e-02
-5.787229706247379313e-02
-6.334463691334714375e-02
-5.815506816940137214e-02
-3.667321045740367519e-02
-3.720959133797314272e-02
-4.547090981773712487e-02
-3.704592554218026634e-02
-3.836759058331180167e-02
-3.677260983767006303e-02
-2.055134374251907023e-02
-2.063221863842521625e-02
-1.335959864257804317e-02
-3.446530614983517836e-03
-9.021341285020941306e-03
2.807713101359297567e-03
-2.094170786816513651e-03
-1.156884867396805981e-02
-1.420548925514388168e-02
-3.638583320006541499e-02
-4.525460283193554617e-02
-5.866824579573051701e-02
-7.863985501272260925e-02
-8.409574160839718149e-02
-8.785203487737412720e-02
-9.274318803424488888e-02
-9.081999461218022429e-02
-9.127762106704391531e-02
-8.440500225697974979e-02
-7.820170185114334871e-02
-7.846430821956160151e-02
-7.155735075429361935e-02
-7.381324628221175299e-02
-7.687431134233109475e-02
-7.644984190739186058e-02
-8.284416901750821238e-02
-8.267280262811640967e-02
-6.868188125536546507e-02
-6.575806658750177336e-02
-5.493952528370614485e-02
-4.630986909759806508e-02
-4.930302370220361607e-02
-5.292647611166811927e-02
-4.549031157520855989e-02
-5.171125189456764887e-02
-5.625481312233795994e-02
-5.790478185944825107e-02
-7.977183552267105848e-02
-8.205960111540688828e-02
-8.767258434803752720e-02
-1.294013518775925797e-01
-1.250096327641680438e-01
-1.387148062200096177e-01
-1.390408857740005888e-01
-1.215782044902392889e-01
-1.275127995650525148e-01
-1.056962764260173659e-01
-9.953302446747021304e-02
-9.103463609168246928e-02
-2.394324489138105472e-02
-2.370479112755178794e-02
1.741417181134344988e-02
2.599453524162307488e-02
1.261598928915630240e-02
2.728138940214564975e-02
2.028736487491510088e-02
3.567897533190481779e-03
-2.416473684597171361e-04
-1.173424628956427559e-02
-2.366017513898589428e-02
-3.108213983987396720e-02
-4.810782480994527793e-02
-5.114515970027102426e-02
-7.885990388140404206e-02
-9.497698291994483011e-02
-1.170011516608502888e-01
-1.576340597070673144e-01
-1.595311079966071632e-01
-1.392916825722316232e-01
-1.364404312147232401e-01
-1.353012483955713108e-01
-1.241445941353297305e-01
-1.293580403598569295e-01
-1.266065867210834084e-01
-1.241410634401221985e-01
-1.316645374608321206e-01
-1.262341441630477068e-01
-1.335353870924639863e-01
-1.398278531789693691e-01
-1.419795631766662125e-01
-1.498032990295838918e-01
-1.485328300275559621e-01
-1.517095816254710183e-01
-1.492044385456314515e-01
-1.381956397933573055e-01
-1.368600838073892045e-01
-1.147637238923670255e-01
-1.011732212510210727e-01
-7.535885651354928827e-02
-4.804662705619111573e-02
-3.656060078760063614e-02
-1.611979342798857892e-02
-8.969205951493842977e-03
-8.915712216885010935e-03
3.555322446696167118e-03
7.508424952930400909e-03
9.968576624262813143e-03
3.397824063871657252e-02
3.643101864462754136e-02
4.520460819779154038e-02
5.654957556114299094e-02
5.753544016987647419e-02
6.295383803290989511e-02
7.330513435802527011e-02
6.606834883520829038e-02
7.636868901187615633e-02
7.367935319437751707e-02
2.728573751182652302e-02
3.428036664516850851e-02
2.845886442874070998e-02
1.724543390414215449e-02
2.774234289867467951e-02
2.390142482719046987e-02
2.432161720333014462e-02
2.464082711368381987e-02
2.439729298248654796e-02
2.525450201227939090e-02
1.706471694264407105e-02
1.448873898464195058e-02
6.312551133250254159e-03
-4.006027707394460395e-03
-7.025835413650117871e-03
-2.065354651187782317e-02
-2.460276450168264600e-02
-2.318021544498128500e-02
-2.481837605982088052e-02
-3.121206586710113459e-02
-3.192241169494917929e-02
-2.860082785070508157e-02
-3.224373244222128454e-02
-2.066876142112104159e-02
-2.261179913427810093e-02
-2.099721572677822057e-02
-2.194832990724822352e-02
-2.962663368108970144e-02
-2.988318125836627107e-02
-3.736108528754333163e-02
-4.071390160582838424e-02
-4.405393602431662003e-02
-4.899201398011746728e-02
-5.012013691140624477e-02
-5.470776729041007536e-02
-5.719633663430943177e-02
-5.970262406636894087e-02
-6.461121813613125708e-02
-6.610310877394472151e-02
-7.146481971727866589e-02
-7.525391407640807939e-02
-7.837837191866786624e-02
-8.608719169411907512e-02
-8.839024863729333381e-02
-8.963258231156447098e-02
-9.064645558782138957e-02
-8.786747953397779087e-02
-8.632699206769986477e-02
-7.671389538788730977e-02
-6.778761092520602105e-02
-4.533279857840606664e-02
-2.266754069790499759e-02
-1.475560909805981660e-02
4.129325775332149707e-03
5.792458964742982878e-03
9.054606130024516093e-04
1.042410733067824710e-02
4.036852174981238328e-03
2.728190203370763067e-03
2.949590656700727415e-03
-1.288378103148674243e-02
-9.949694428852984621e-03
-1.045329818025402500e-02
-8.430938310506907313e-03
7.292199179154958306e-03
7.855214320555111221e-03
1.346698702138880710e-02
1.649131063543925538e-02
1.872071834891225056e-02
1.696042327098152766e-02
1.684753584604356536e-02
2.257875016517815400e-02
2.206333617700965283e-02
2.186729528772397846e-02
2.451017975167640861e-02
2.389468126936983641e-02
2.539905140214812965e-02
2.740685614572590384e-02
2.720545657606602066e-02
3.020919681397038828e-02
2.998418268048596430e-02
2.869528306817585236e-02
2.799761034594003273e-02
2.745505020205947846e-02
2.385613179669611103e-02
2.169127966818841166e-02
2.056487780365333362e-02
9.779585699831056314e-03
1.111030682245700042e-02
1.259537849690211988e-04
-2.219935976982433112e-02
-2.742487157676804649e-02
-6.176659613150861650e-02
-7.019962473118880608e-02
-6.646887688799960059e-02
-8.047791052582738136e-02
-7.867322850716673699e-02
-8.031706886698859738e-02
-8.483474778931758553e-02
-7.021221490485911321e-02
-4.298027197705994035e-02
-3.213686665268682130e-02
-4.284843337186636930e-02
-4.430832333987325816e-02
-6.408215500745441384e-02
-6.493191446931713406e-02
-7.449645187303793881e-02
-8.949823792374062004e-02
-8.816479822138645339e-02
-1.062387794163540816e-01
-1.124489706973387654e-01
-1.192153382084612107e-01
-1.399600552179645074e-01
-1.548750369575213337e-01
-1.622760307484046594e-01
-1.912196155849839319e-01
-2.005143970287594224e-01
-2.218495431155439457e-01
-2.517811659635627031e-01
-2.782222632106860494e-01
-2.991771197902554635e-01
-3.349547048639032187e-01
-3.421555610717854079e-01
-3.625145165422610227e-01
-3.702870677645231923e-01
-3.733156906025366650e-01
-3.818589495781261611e-01
-3.707063006533898308e-01
-3.771190393692220866e-01
-3.738166608738122676e-01
-3.707227567014875769e-01
-3.775270586376079929e-01
-3.677046167365627394e-01
-3.767651707848133080e-01
-3.720391997121452743e-01
-3.582728880462638377e-01
-3.574412919363491592e-01
-3.268188024295187732e-01
-3.061123558132470279e-01
-2.656739917600678957e-01
-2.139608709021891542e-01
-1.664863215962516518e-01
-1.069689601050208411e-01
-3.539458628876274160e-02
-2.497120021588093014e-02
-7.014865906762045994e-03
9.975808711354377384e-03
5.345919709816813158e-03
1.102751468140191621e-02
5.585771201302386878e-03
-9.773792069123698415e-04
1.379993831915689480e-02
-2.370979863467969056e-03
6.156593603749549622e-03
-1.424550922212974510e-02
-6.530011933141516289e-02
-7.274174984489424622e-02
-1.158769434187310876e-01
-1.258810142896409079e-01
-1.123736149652273114e-01
-1.159434295049324853e-01
-9.279939182365332107e-02
-7.738341589848327096e-02
-6.097861954610204333e-02
-5.995219815715864542e-02
-6.430876376408438400e-02
-7.060720103499520950e-02
-7.017305314933458549e-02
-7.751073129772521886e-02
-8.098485352032745721e-02
-8.321082223032214009e-02
-9.175608246278497970e-02
-9.376835434791866430e-02
-9.608455484635357313e-02
-1.010207483084736985e-01
-1.017107842858418765e-01
-1.006095881142418935e-01
-1.043312259340760384e-01
-1.093092947619269534e-01
-1.160238819927905257e-01
-1.212400543772672867e-01
-1.251245563063457522e-01
-1.367464678149898083e-01
-1.407593991026125091e-01
-1.540147969310652343e-01
-1.575814912210269647e-01
-1.583721469954086358e-01
-1.516973332009893816e-01
-1.409364559727528110e-01
-1.332317118843843462e-01
-1.328763530063974962e-01
-1.281949930491623757e-01
-1.185516708480490733e-01
-1.147543363392795057e-01
-8.951934029609454058e-02
-7.681885748308055206e-02
-7.163293009099509778e-02
-6.938432364537240604e-02
-7.449531245919881195e-02
-7.136478592344983052e-02
-8.007206430168550826e-02
-8.105499654297194934e-02
-8.719825404780588707e-02
-1.017598967667182192e-01
-1.138840909882755381e-01
-1.392871244276143727e-01
-1.657902307827266164e-01
-1.717133343862765615e-01
-1.950431258279537450e-01
-1.997076136353705123e-01
-1.997519403277452088e-01
-2.029514233523716515e-01
-1.995407232372061468e-01
-1.980267107574669172e-01
-1.984614958246658789e-01
-1.924072478377767126e-01
-1.922887683236615408e-01
-1.898997315047675494e-01
-1.827802421365513075e-01
-1.861748119428330295e-01
-1.800543799837950321e-01
-1.813139272593487783e-01
-1.886028633693856982e-01
-1.833757764425663628e-01
-1.940196268345003028e-01
-1.941533197692902057e-01
-1.746444243125824802e-01
-1.740336928393512173e-01
-1.685817030620919699e-01
-1.570522866124910710e-01
-1.517158382243692649e-01
-9.166022645618622511e-02
-1.402534508007423006e-02
5.463804612524760136e-03
2.663563800182575450e-02
4.705130966995711705e-02
2.904073432847069716e-02
3.234929450813397306e-02
3.329741101911163487e-02
2.717051497786904246e-02
2.970399806985059982e-02
2.714144842882360714e-02
2.606500980041174392e-02
2.580266727656751677e-02
2.360115198011928511e-02
2.392151330776359427e-02
2.064485116138821755e-02
2.029584520884949311e-02
2.031408126827373428e-02
1.890269117407386221e-02
2.373467017518457456e-02
1.953654301849249222e-02
2.150911452978273436e-02
2.285583604776261421e-02
1.104333785386028485e-02
1.203598421710253864e-02
2.822445559003603204e-03
4.704227284911884945e-03
1.581841653137295092e-02
1.175726020334704608e-02
2.120486424612872886e-02
2.451507234127895188e-02
2.209151414328789850e-02
2.405864720767697876e-02
1.593198118504026567e-02
1.601691001712518200e-02
1.401875668595420690e-02
1.234573705931514553e-02
1.127146564056218971e-02
1.069760080801484235e-02
1.095380759065643292e-02
6.951588442519403797e-03
1.178985273894314449e-02
6.565239126060349283e-03
-3.462343533141471505e-04
-8.358429182254735728e-04
-1.723245833965706894e-02
-1.269190897899794696e-02
-1.464555782201853312e-02
-1.819351763696495580e-02
2.979076893703597878e-03
3.907203598067947314e-03
1.352425884016989453e-02
2.161489591391102180e-02
2.354863950847085191e-02
3.032244669084886712e-02
3.214715708524072679e-02
3.537192811205613907e-02
3.736251126132760642e-02
3.765759900094574342e-02
4.095679363656419547e-02
3.742570743543211648e-02
4.032230477748807718e-02
3.943015560753496129e-02
2.880688410860686097e-02
2.684877995650684218e-02
1.934161913822602524e-02
1.514631303807182500e-02
1.129833130938640365e-02
7.799657683682281566e-03
5.382531351878596000e-03
5.323932796408580546e-03
4.999006313253458178e-03
6.732182505226568664e-03
7.720405059658640504e-03
8.317722308214857765e-03
1.671016313327267772e-02
1.733289448447962108e-02
2.053134790585553482e-02
2.277056901752263357e-02
2.410298839284099812e-02
2.495214731004172237e-02
2.534976179868971349e-02
2.584443512375931423e-02
2.610588439471039912e-02
2.630208868477215342e-02
2.648266379182941457e-02
2.657812562909497855e-02
2.666527611023472577e-02
2.672821415066103240e-02
2.676709566849251945e-02
2.680102218491721769e-02
2.682413518834560542e-02
2.683758359383688757e-02
2.684933489973698531e-02
2.685884575431863111e-02
2.685328274050348060e-02
2.686361395968186669e-02
2.685788721441912871e-02
2.683095578723933283e-02
2.686869127842459945e-02
2.679287722985985304e-02
2.678260012478047430e-02
2.686143546755699607e-02
2.654081985923102335e-02
2.681405582248228350e-02
2.664807860585779314e-02
2.590867596079372837e-02
2.729153733080664362e-02
2.514495732755995736e-02
2.511676474336421369e-02
2.633579000164977188e-02
