2.345473871287096120e-03
2.464168742965372038e-03
4.314031371927313889e-03
3.925285588287028178e-03
6.060967875053445940e-03
6.330374347030331278e-03
7.701028770375742752e-03
7.378366523748681495e-03
7.570662697685680634e-03
7.763552229143371765e-03
7.507126910448277783e-03
7.643585162258959356e-03
7.598510939110592402e-03
7.550605590385645050e-03
7.589543492452066782e-03
7.557201973126993419e-03
7.557819438919272798e-03
7.561046060124312733e-03
7.551202501618281548e-03
7.553236824618618679e-03
7.550025996300937722e-03
7.547889590408119430e-03
7.545091489125049788e-03
7.540778317068487502e-03
7.539264348396116158e-03
7.525248974422137603e-03
7.522829965249388205e-03
7.506998933480338136e-03
7.466452992987942031e-03
7.471190657988603656e-03
7.350792620811261863e-03
7.294570894331659297e-03
7.163448507714455758e-03
6.613161430541119462e-03
6.697392001839178044e-03
5.232562692990003553e-03
4.808308453547058270e-03
4.651690051980681036e-03
3.413942336610393744e-03
2.948398114563625157e-03
2.638732470791416672e-03
1.981921813529182808e-04
-6.824137548973956114e-05
-1.672884301439624480e-03
-3.010211826947498375e-03
-3.437837519608077930e-03
-5.966256507197341061e-03
-6.132452174551154822e-03
-1.110337131519146918e-02
-1.260797754398731638e-02
-1.468957756945437308e-02
-2.222562853380662465e-02
-2.381375888775139060e-02
-2.913678978849300327e-02
-3.023167077172956088e-02
-3.663487639027464271e-02
-4.041100392390463425e-02
-3.987609506475548599e-02
-6.154307725557555536e-02
-5.650301571503796305e-02
-6.452477215723399773e-02
-7.064478100137452921e-02
-6.795688112290695915e-02
-7.716420594377947084e-02
-7.737024525321203883e-02
-7.583798928504760506e-02
-7.972634856180488283e-02
-7.660854349923081064e-02
-7.380051659025294031e-02
-7.282139003007630229e-02
-7.063847994828169330e-02
-6.857564669279496428e-02
-6.949899620784187604e-02
-6.895974830758981600e-02
-6.874658929081473024e-02
-7.271712401633628753e-02
-7.086205615644525224e-02
-7.133075087053361574e-02
-7.195755342461335191e-02
-6.866677411392825559e-02
-6.901682654119507820e-02
-6.565873520159772048e-02
-6.115484939713795864e-02
-5.989049602156419627e-02
-5.258198707133668326e-02
-4.827708492461370987e-02
-4.423798391531823943e-02
-3.265662128391348673e-02
-2.861533085675732266e-02
-1.837018680737038945e-02
-9.410034659227470635e-03
-4.517470694230940088e-03
-3.919457775149665698e-04
2.581324716716975557e-03
2.604862182182906237e-03
5.641936134868043989e-03
6.112583393653789679e-03
5.001538393702149692e-03
6.682051226967006437e-03
5.889999626935214609e-03
4.315758644296160962e-03
4.531478541838226438e-03
4.087894145850667384e-03
1.830498158336940628e-03
4.050126612286711163e-03
4.989358221981695122e-04
8.547203506216542171e-04
6.070195066308192028e-03
4.408411217955353519e-03
6.749035573730361413e-03
7.763811644186028975e-03
7.239344278189511345e-03
8.336412232602161132e-03
1.171958804010073130e-02
1.448840950786791683e-02
1.791805135112537264e-02
1.672192765049074908e-02
1.234713152863326988e-02
7.238394898530381167e-04
-1.106044224071842628e-02
-2.320349052122945566e-02
-3.692167982995700481e-02
-3.757493454012383882e-02
-4.170995432229866740e-02
-4.015008260737886608e-02
-3.214901166264633875e-02
-3.473596084666327050e-02
-2.795105293974007796e-02
-2.307377501496475289e-02
-2.278751553397946952e-02
-1.493942063310658812e-02
-1.494632619182568838e-02
-1.310835496734809487e-02
-1.224557573511317853e-02
-1.218516119747466153e-02
-1.297175204081100867e-02
-1.767376297016925654e-02
-1.949036625850211063e-02
-3.148615423324674367e-02
-3.490669736406001866e-02
-4.000879097027677800e-02
-4.754007151134727327e-02
-4.938298251201749672e-02
-5.631562768016125375e-02
-6.444099093655873689e-02
-6.943518641587463625e-02
-7.627594369834608812e-02
-8.015990244217670313e-02
-8.544555518994062515e-02
-8.500512787855439567e-02
-8.368399562228813482e-02
-8.390317875112489332e-02
-7.496608481679292724e-02
-7.105432555953737628e-02
-5.873935935566607786e-02
-4.673501182637471163e-02
-4.050394976614463127e-02
-2.728104283602754074e-02
-1.988597241517593012e-02
-1.556016068154491769e-02
-7.501081019605458471e-03
-7.343870901727638477e-03
-4.552196147067179288e-03
-1.401817856417228014e-03
-2.411929946658967518e-03
4.103515428405877033e-03
4.409288951919303721e-03
4.195117260311877899e-03
6.680454785422589546e-03
3.938898178733798300e-03
5.122105333463035023e-03
2.256846100295207321e-03
-3.194515999483926380e-03
1.008592785848292034e-03
-6.527466923406724346e-03
-4.242583762937537223e-03
7.042193515204009206e-03
5.883145949943128714e-03
2.239568027394347322e-02
2.423632758582315236e-02
3.149483013466595344e-02
3.300042600428508555e-02
2.605541702946230498e-02
2.401881162552509108e-02
7.710992840389039454e-03
5.271207746499612969e-03
-7.850003479919251403e-03
-1.123233176321447417e-02
-8.553948240562136637e-03
-1.125936277432753631e-02
-5.743651851181321398e-03
-2.529315832350147869e-03
6.351295088849072054e-04
5.072838834207692160e-03
4.454726044852731770e-03
4.584283227620807380e-03
2.905372587758393420e-03
4.388844266223617188e-03
1.396688514864686138e-03
1.850029755702162519e-03
6.508830673844402323e-03
6.785835341872726786e-03
7.214321039088406225e-03
9.288416809920712822e-03
9.966472926259696205e-03
8.144768452000648862e-03
7.728346267941837641e-03
6.340536235793579889e-03
-6.004845991347177933e-03
-6.057938605726140811e-03
-1.465232623226961177e-02
-2.209371475336615806e-02
-2.166158720664623782e-02
-3.141459240135079795e-02
-3.327526381022354041e-02
-3.254692337518569345e-02
-3.875797920613195668e-02
-3.022366513295716983e-02
-2.910387791480590833e-02
-1.962707519291049738e-02
-1.135279503598029746e-02
-1.314989662578356679e-02
-3.386684958554745609e-03
-9.901799854656646860e-04
3.114505719326758149e-04
6.523917528679699582e-03
6.207818003186474018e-03
8.821640178166782059e-03
1.247154515943227349e-02
1.174751472301548832e-02
1.434560189286858585e-02
1.461874110667251217e-02
1.467688842092278005e-02
1.305637799793197759e-02
1.200219661155807645e-02
9.428533536614729441e-03
-5.152579756046410386e-03
-1.186726123257606826e-02
-2.500544513539623009e-02
-5.498811511114805317e-02
-5.915367986145424195e-02
-8.147316162247816851e-02
-8.422406725842859765e-02
-8.710304052970724298e-02
-9.806791785887736257e-02
-9.578235010347385670e-02
-1.014151476349480357e-01
-1.038787118265265402e-01
-1.027937643076956564e-01
-1.061173021279092216e-01
-1.048373239686753167e-01
-1.047051769990930276e-01
-1.057334206270307553e-01
-1.025672042436754916e-01
-1.043921178882498829e-01
-1.016198345869707004e-01
-9.773317860543911939e-02
-9.673468928946796219e-02
-8.989635461807790606e-02
-8.584290468607812252e-02
-8.101174838742210282e-02
-6.965272528107316341e-02
-6.244768243052506440e-02
-5.084191387182699501e-02
-3.924818427225269107e-02
-3.338684886798956586e-02
-2.313852687531625651e-02
-1.869079036523793591e-02
-1.370728928148101482e-02
-9.829958329010962323e-03
-8.874694139283430955e-03
-2.382657031004540345e-03
-2.354724117711976331e-03
-8.233440308547102220e-05
1.437207511082941400e-03
1.582692467082096001e-03
2.821938097736668115e-03
2.660805304594245253e-03
6.149922597229501471e-03
7.216699516400336585e-03
9.727483382270699780e-03
1.580491735524566441e-02
1.753119869437046868e-02
1.706114559777461431e-02
1.698368302907488081e-02
1.746521319045900604e-03
-3.474350030555873985e-03
-1.444073715109829743e-02
-2.699818495587587991e-02
-2.771935732354277593e-02
-3.948033254153866106e-02
-4.180956883474783170e-02
-4.413113819466438909e-02
-5.020482753780151908e-02
-4.943064641911854018e-02
-5.165778304779369834e-02
-5.351301792135198382e-02
-5.195380142716484601e-02
-5.199128930733570159e-02
-5.192997095956546766e-02
-4.709666311910352954e-02
-4.519464397899572439e-02
-4.024164838837160363e-02
-2.374033526551397322e-02
-1.819010237322470774e-02
-5.064213084334251956e-03
6.162292215027434863e-03
1.201000283029212898e-02
2.157501986555438941e-02
2.634898237833257009e-02
2.803074159819840538e-02
3.004127920588034115e-02
2.939940536470915175e-02
3.085721011180056136e-02
2.969440516002053512e-02
3.042810600142984920e-02
3.137158248770452462e-02
2.789104804782347596e-02
3.322973995925039559e-02
3.297449950225325027e-02
2.353805268534333098e-02
2.635316809232493215e-02
2.127491989748868037e-02
2.022940956559808948e-02
2.020232996092576755e-02
1.728019677003246948e-02
1.486249734947792459e-02
1.540683676702424634e-02
9.027607785444388341e-03
5.806233506066162987e-03
8.296391369108271907e-03
-9.275827325436488899e-03
-2.929993104358678477e-03
-1.416355004744481068e-03
-4.895029748351771570e-03
1.306652519621100822e-02
1.202450763054504698e-02
1.586948089472667647e-02
2.175561021093209979e-02
1.658679900044143785e-02
2.001376511916506257e-02
1.395346368677206038e-02
1.072484946397438653e-02
5.662934980234865176e-03
-1.415958228560087497e-02
-1.561513509299208152e-02
-2.768726412993694971e-02
-3.209969559572508485e-02
-2.969783415642883798e-02
-3.413654370002495997e-02
-3.234421747716505896e-02
-3.112741826237121548e-02
-3.071947011532168148e-02
-2.678147066329707171e-02
-2.566058293509911395e-02
-2.209223301597554312e-02
-2.032201246477208581e-02
-2.002442246263660963e-02
-1.930781565104548389e-02
-1.980760233956416899e-02
-2.064140575168427888e-02
-2.344684980732124335e-02
-2.469849350401235807e-02
-2.710960344117444715e-02
-3.053501989872675626e-02
-3.252281449254720846e-02
-3.835388669279107821e-02
-3.973206622550200934e-02
-4.103858846863549931e-02
-4.107081524150012902e-02
-3.435665695913918405e-02
-2.946404895641687241e-02
-2.350352442244442799e-02
-1.459293258616837022e-02
-8.030507577305867270e-03
-3.590424254434280114e-03
2.633348949111078557e-03
2.536260397582114617e-03
3.486860872265874593e-03
3.928393084119931149e-03
9.314105605290039377e-05
6.014202052078528786e-05
-4.658151998431070591e-03
-8.152566810799139613e-03
-1.040667708763487465e-02
-1.756905367713771857e-02
-1.870543297616893488e-02
-2.000441059743516062e-02
-1.718319126899558319e-02
-1.491893160594857416e-02
-1.164537074447025318e-02
-9.723433278592872805e-03
-4.186222197775196253e-03
3.302531864527252455e-04
1.785899261942130610e-03
1.603719561671412136e-02
1.682353045581302942e-02
2.162230180537175542e-02
2.566412229212245225e-02
2.537468890096863244e-02
2.641964122964765571e-02
2.783003994485381410e-02
2.785625575868242235e-02
2.855742024891358422e-02
2.909129833059026851e-02
2.958551020275619267e-02
3.011933198916784404e-02
3.086552448095331372e-02
3.222115669039291030e-02
3.262712267678814088e-02
3.519484526310726058e-02
3.757269709624477816e-02
3.761779840609335429e-02
4.554425605098488122e-02
4.584028434231092464e-02
4.027104850718702528e-02
4.310258563354998212e-02
3.684391720350476546e-02
3.195202980467310577e-02
3.156481889330887275e-02
1.970536438333917589e-02
1.876786510791709356e-02
1.989793927568498516e-02
1.567586098910242823e-02
1.684619244086483711e-02
1.768472275016295253e-02
1.612108502252936407e-02
1.687536062349455704e-02
1.580516378765718655e-02
1.473454085560946605e-02
1.478712000257257492e-02
1.322432350907633454e-02
1.250959325997264525e-02
1.196690716322010642e-02
9.388339543044759219e-03
9.680866434331424769e-03
7.108327400119832454e-03
7.355258767081989009e-03
7.475336756470033275e-03
7.028866636134985767e-03
7.645205314027072978e-03
7.598043887381803092e-03
8.098298968005950005e-03
8.668628207640149269e-03
8.729744584517638503e-03
9.944358379975124645e-03
9.983524980949466318e-03
1.071811043457281815e-02
1.149464246963995476e-02
1.149827723718581385e-02
1.295769402785833420e-02
1.307177884866556408e-02
1.342845327248593824e-02
1.387934603879685709e-02
1.390726219749204365e-02
1.411305129232860896e-02
1.421462990151242146e-02
1.424600153858175330e-02
1.431954183693170263e-02
1.434096273714858226e-02
1.435501118735514094e-02
1.437875818153325734e-02
1.437740228117254104e-02
1.436933492738438033e-02
1.439087009247766967e-02
1.434207104612445285e-02
1.433792316538163789e-02
1.434949485409554165e-02
1.418888064303974392e-02
1.428005915185920002e-02
1.404238455689669519e-02
1.402522881936429239e-02
1.379292897797896461e-02
1.307951836024519136e-02
1.327075062715604714e-02
