-1.035984972703416938e-03
-1.166684585410837074e-03
-3.766508769110970233e-03
-3.807897377955784916e-03
-4.445700797802475471e-03
-4.913949612018063753e-03
-4.448390963511456367e-03
-4.754946361125120605e-03
-4.717077930033125241e-03
-4.664703568785126715e-03
-4.749504603674659618e-03
-4.712069988693490079e-03
-4.723560548982076723e-03
-4.736304779172344909e-03
-4.726373847837132824e-03
-4.734218569595272964e-03
-4.734099884485608312e-03
-4.733285805820622305e-03
-4.735637566049497212e-03
-4.735152173614042698e-03
-4.735912761778327158e-03
-4.736416658333075791e-03
-4.737082091375699640e-03
-4.738105454606520231e-03
-4.738395166231244328e-03
-4.741766702875727796e-03
-4.742156342680580935e-03
-4.745053832426864363e-03
-4.755222314724115613e-03
-4.749985283008460388e-03
-4.771584486675909363e-03
-4.787479321495249560e-03
-4.769458058596795676e-03
-4.873358753240634306e-03
-4.831799504491017874e-03
-4.845980405813496254e-03
-4.975467684388480694e-03
-4.984488880159615790e-03
-5.402758550638615126e-03
-5.566369837862125865e-03
-5.628773044466373401e-03
-7.406808781253121192e-03
-7.485135671912327392e-03
-7.926254559710386310e-03
-8.415482338099784451e-03
-8.391650665396261158e-03
-9.227985758077929604e-03
-9.217460768828162829e-03
-1.078713784633768963e-02
-1.104036358579043101e-02
-1.154792690081654812e-02
-1.434602129089710722e-02
-1.480606562502003939e-02
-1.607074048025379509e-02
-1.641114942083871445e-02
-1.790061479798551319e-02
-1.796910632037769517e-02
-1.759295977680960452e-02
-2.561942351180386199e-02
-2.410552459991602281e-02
-2.752908561130791923e-02
-2.878903929972838685e-02
-2.806582940790043612e-02
-3.113141553921523058e-02
-3.147481613595447952e-02
-3.053804273639517536e-02
-3.208252152522975131e-02
-3.090263280782526781e-02
-2.851142288846729780e-02
-2.782264154841631101e-02
-2.711875952114281563e-02
-2.637491126954111600e-02
-2.702943692611541743e-02
-2.683054313966350482e-02
-2.701487097828073058e-02
-2.941634858613146122e-02
-2.888832159018427798e-02
-2.904270850079713681e-02
-2.934071312014696620e-02
-2.833027917364020973e-02
-2.847209906370179108e-02
-2.691548349926400213e-02
-2.562722270799260710e-02
-2.532228091030588879e-02
-2.318743808154228800e-02
-2.209995900584567005e-02
-2.122736714947634148e-02
-1.726466580356323527e-02
-1.608292502908618624e-02
-1.227569773569881298e-02
-8.767558594439391756e-03
-6.877509421405087441e-03
-6.720258368061891516e-03
-6.531421005703834035e-03
-6.993104831094798003e-03
-5.502348865251130948e-03
-5.429366633071469952e-03
-5.908884688579424914e-03
-5.208717185674310857e-03
-5.503282944545830405e-03
-5.706944956331299994e-03
-5.736203291592643742e-03
-5.797957576093862135e-03
-6.399709942136260453e-03
-5.877388479436999533e-03
-6.994046140319249566e-03
-6.766154421350474395e-03
-5.063943226058476195e-03
-5.370413995947723694e-03
-5.255330040375857069e-03
-5.296670479639551017e-03
-5.589607606278617496e-03
-5.691657561529411651e-03
-3.997083727409325715e-03
-2.665130341010317136e-03
-8.136869432010301797e-04
-6.299756175445610186e-04
-1.014382137022868400e-03
-4.607139898777755892e-03
-9.502998363230220555e-03
-1.552058402040912451e-02
-2.160874074350946361e-02
-2.225299208374451401e-02
-2.260846918041517842e-02
-2.084433855076115935e-02
-1.692642927580099987e-02
-1.861762509692132042e-02
-1.635473994591956498e-02
-1.403200500213301095e-02
-1.421402431875479037e-02
-1.099131045493454382e-02
-1.101858183595612328e-02
-1.076544925825152592e-02
-1.041162657161463431e-02
-9.837534447560554798e-03
-1.002455099998449811e-02
-1.178582199071825064e-02
-1.253677644362509447e-02
-1.725385149654169725e-02
-1.808169515592351201e-02
-1.953080843462260893e-02
-2.152938761806995685e-02
-2.108037643665568173e-02
-2.298333490919271180e-02
-2.618833947093677020e-02
-2.795744354085000910e-02
-3.065021531390049389e-02
-3.252080807145125985e-02
-3.480879606161099010e-02
-3.515964392599262023e-02
-3.462093952664982432e-02
-3.465785709928068808e-02
-3.052591045513839904e-02
-2.842811965681604769e-02
-2.354370231929004895e-02
-1.988755419297866256e-02
-1.869967850954081315e-02
-1.485474863188941154e-02
-1.266843470218043458e-02
-1.155349854420757542e-02
-8.929989785844973452e-03
-9.135151704903103978e-03
-8.485524230449703956e-03
-7.721013120282473746e-03
-8.162556830344216627e-03
-5.139511817470252333e-03
-4.876296946363606853e-03
-6.055111549963608682e-03
-5.405201050212417660e-03
-5.838721104609645440e-03
-5.458603848442415522e-03
-6.795409428594442573e-03
-8.282717567299934663e-03
-7.454080855953114891e-03
-1.152732808203747912e-02
-1.099129283786142407e-02
-5.815682722887041863e-03
-5.604095530999703319e-03
5.421473634904366281e-05
1.001179853605644763e-03
3.255134652798580622e-03
3.708786161887375841e-03
1.097717012641488774e-03
1.221304800951165189e-04
-5.370860988025873660e-03
-6.544773719858692877e-03
-1.168189966489617884e-02
-1.282079626852972165e-02
-1.150016317649917366e-02
-1.195682635936868264e-02
-9.729873402553773296e-03
-8.077409455333511151e-03
-6.681329602540978657e-03
-5.125991660203258263e-03
-5.055672893503801966e-03
-5.382018154582488868e-03
-6.005309128999612549e-03
-5.710588608832024675e-03
-6.730688868918069737e-03
-6.435601853056943655e-03
-4.995837067534314446e-03
-4.500535486848476416e-03
-4.827134211176472428e-03
-4.417955422223014683e-03
-4.055649317372504725e-03
-4.321479755243176624e-03
-4.136239848122343944e-03
-4.575843760766794624e-03
-9.026344384690234909e-03
-8.539206362885992663e-03
-1.177630605824720421e-02
-1.419843732400890429e-02
-1.427473595797978077e-02
-1.782904304571620788e-02
-1.917883277426740002e-02
-1.894172676449124015e-02
-2.177718105198700807e-02
-1.873727567658620141e-02
-1.723772879377123007e-02
-1.212773239618863963e-02
-9.459331863328170747e-03
-1.116744144282431732e-02
-8.141794995785987463e-03
-7.474736662382567252e-03
-7.354649311784003558e-03
-5.607661784895564237e-03
-5.638538298051985233e-03
-4.992321208856538919e-03
-4.003393966568140686e-03
-4.384610067290257290e-03
-3.609633045034486669e-03
-3.492473907091079178e-03
-3.550209579758240898e-03
-3.763557885309034689e-03
-3.021359432567068907e-03
-3.885397012311409340e-03
-7.756399088198044113e-03
-9.213681963882152520e-03
-1.317837703496430209e-02
-2.210222104111865885e-02
-2.345770651574927493e-02
-3.494464159618398263e-02
-3.526683212029375902e-02
-3.611591568368802130e-02
-3.994738931382074004e-02
-3.885595420836772396e-02
-4.046211569399488922e-02
-4.114788201936225159e-02
-4.074105649164124626e-02
-4.149828277764380791e-02
-4.122062536804847049e-02
-4.087423846502358932e-02
-4.081867301830816031e-02
-4.002920043951227469e-02
-3.907877524288481952e-02
-3.842306089005517039e-02
-3.690664451962583081e-02
-3.648747192828847435e-02
-3.444481210077995209e-02
-3.307930929428156558e-02
-3.177400893949265670e-02
-2.707853962512957874e-02
-2.487237170178637630e-02
-2.151310573687502392e-02
-1.804611676827605135e-02
-1.646867340104405872e-02
-1.346546680065295772e-02
-1.192381414550352375e-02
-1.078901586640691745e-02
-1.029014877867302259e-02
-1.025474694342918408e-02
-7.907545972363235268e-03
-8.053422826394349837e-03
-7.546632612425057882e-03
-7.170789083324496070e-03
-7.188758849994286715e-03
-7.129254123984575010e-03
-7.339836836848555486e-03
-5.833846614528726687e-03
-5.797730269718364034e-03
-4.564703257073501191e-03
-2.275593023890285817e-03
-9.704792496848069043e-04
-7.439289188441968381e-04
2.135111316978872107e-04
-4.955824371464766231e-03
-7.307552161163499357e-03
-1.165155308389019713e-02
-1.649254891925020644e-02
-1.650326614502248962e-02
-2.075514211559784800e-02
-2.098451349320560114e-02
-2.148094895851469441e-02
-2.318175117280999245e-02
-2.268912660286819330e-02
-2.334116009339791062e-02
-2.383026675183845186e-02
-2.336210718195946140e-02
-2.369068322756556419e-02
-2.376837401687866350e-02
-2.273544258891310038e-02
-2.296794351037257861e-02
-2.156705131243215334e-02
-1.428358619537040998e-02
-1.205460236412125852e-02
-8.085585797165555089e-03
-4.874404982756147878e-03
-3.388349706061405224e-03
-5.816950018860135010e-04
8.147505542162778412e-04
8.893422532016751186e-04
1.295120674881448334e-03
9.233396631684295851e-04
1.297620638579572014e-03
9.491620251753445873e-04
1.167418129326725689e-03
1.141594204678819365e-03
2.526869521527246791e-04
2.053958173046678375e-03
2.205587486897390200e-03
-1.202143688388092324e-03
3.007347161988219121e-04
-1.323713328449476834e-03
-1.382895863401527228e-03
-1.334152976023825687e-03
-2.087091581870797324e-03
-2.656052015275282233e-03
-2.498394191203609938e-03
-4.404547975115313124e-03
-5.202133537631398012e-03
-4.783744984158139896e-03
-1.223300832278119941e-02
-1.048141574876849079e-02
-9.290033780547884631e-03
-1.006874068061018763e-02
-2.492219434274399806e-03
-2.292087993845550072e-03
-1.552820291132238004e-03
3.480635033081023533e-04
-1.504626626855926552e-03
-4.380899229694322321e-04
-1.883549198399884616e-03
-2.688474508894901638e-03
-4.573492848687068721e-03
-1.227009549169652200e-02
-1.314529988523740513e-02
-1.775566392270375160e-02
-1.902848074660139222e-02
-1.755668048760802152e-02
-1.882111970879544668e-02
-1.838753984180176507e-02
-1.764942515117743152e-02
-1.729205697063289707e-02
-1.591539248847974666e-02
-1.526832046147599299e-02
-1.355038977532370750e-02
-1.284476802408141514e-02
-1.293513287118345720e-02
-1.269130674722831857e-02
-1.266829128165825741e-02
-1.302325896685811030e-02
-1.419997114727244124e-02
-1.459398074517658309e-02
-1.508254831446939094e-02
-1.649023118691359327e-02
-1.745017620789807503e-02
-1.996102565017476502e-02
-2.084813031477847009e-02
-2.187157146720316789e-02
-2.205337049195158286e-02
-1.967311575723289241e-02
-1.765948702967913217e-02
-1.525489553686824179e-02
-1.151938604372931656e-02
-8.753101566509572870e-03
-7.298055766633636254e-03
-5.067295852052864334e-03
-5.388030027635504378e-03
-5.644466983779833531e-03
-5.530639839536115494e-03
-6.919422164348086081e-03
-6.947272355244301853e-03
-8.552917327937057876e-03
-9.864435200561995354e-03
-1.081869945927619800e-02
-1.433917893053867666e-02
-1.523508563795135731e-02
-1.517464633417227315e-02
-1.320389993199100852e-02
-1.232276177527784344e-02
-1.179888531625720820e-02
-1.080367559314056487e-02
-8.775469690872800960e-03
-7.137998430425479546e-03
-6.419919134076585397e-03
-1.583490690666763696e-03
-1.577451471139061905e-03
-6.833461147700949437e-04
3.283410706321169149e-04
4.733958588074270728e-04
4.858075272786414227e-04
9.444478904867110135e-04
9.454046189311297128e-04
1.096700879941400709e-03
1.239771675511472902e-03
1.353638780093634544e-03
1.481300025357995933e-03
1.671003295921011768e-03
1.993610491315326791e-03
2.121940755405572407e-03
2.843066071731020859e-03
3.422209255406116236e-03
3.834753371590391476e-03
6.341344243004418298e-03
6.492116703200785828e-03
4.201616951754701991e-03
4.972824478869191517e-03
3.193322003951744488e-03
1.911831301561340256e-03
1.534184329952180664e-03
-2.732537564481734519e-03
-3.038998222108590854e-03
-2.116234036625324558e-03
-3.268854339242341540e-03
-2.886490418296791972e-03
-2.283756618876576789e-03
-2.671236283585680989e-03
-2.366336122838282215e-03
-2.752677454693062964e-03
-3.102444390754935995e-03
-3.085462730711146725e-03
-3.520596941368533007e-03
-3.743309491406174652e-03
-3.857513938702260801e-03
-4.798339963322895835e-03
-4.744531509761680532e-03
-5.306405491572873702e-03
-5.131029832253056894e-03
-4.988604815958895718e-03
-5.070694804918176105e-03
-4.885671482840135346e-03
-4.891005012865557063e-03
-4.710134262100105877e-03
-4.521567865451820226e-03
-4.520180065377821590e-03
-3.733954674452077353e-03
-3.741083446394423244e-03
-3.493166327583536492e-03
-3.234667847236027526e-03
-3.240571336799480048e-03
-2.730538639526624168e-03
-2.701344992398040969e-03
-2.613962099460867983e-03
-2.488100809938785345e-03
-2.484511624061950998e-03
-2.434101616949779605e-03
-2.408646153219618814e-03
-2.401665242645247521e-03
-2.383984410638732669e-03
-2.378853902025168752e-03
-2.375578493128927601e-03
-2.369865565666812515e-03
-2.370254581584759542e-03
-2.372327149753450989e-03
-2.366423951315365336e-03
-2.379654428232661715e-03
-2.380137871290583136e-03
-2.371222458591631770e-03
-2.430255466437692812e-03
-2.380394160559583076e-03
-2.429594152812691518e-03
-2.575556228547297086e-03
-2.308760130712786494e-03
-2.832662439592507041e-03
-2.976489226763140081e-03
