1.855442110817763285e-03
2.239720835104716014e-03
8.280411952258126193e-03
7.391754129910792573e-03
1.035474055094150365e-02
1.260494661471381686e-02
1.268731953840872631e-02
1.441193118587968253e-02
1.471867781391843037e-02
1.481605386353731721e-02
1.536049857623522467e-02
1.524037566017395415e-02
1.527316092694531828e-02
1.534829903161456267e-02
1.520041011452327381e-02
1.500573365222163981e-02
1.502814497783041409e-02
1.451936712014554286e-02
1.404891774093160357e-02
1.412965369734091661e-02
1.224210117431879380e-02
1.240595493447662311e-02
1.199784462182241010e-02
1.149033222461827257e-02
1.184317564734626953e-02
1.170051703995813111e-02
1.163053807994554774e-02
1.286926712393236111e-02
1.247566979103082070e-02
1.339183478211886102e-02
1.675927147298430717e-02
1.458564349189367219e-02
1.980212361507562718e-02
1.638250727500569631e-02
1.568399292348604881e-02
1.724867707826097454e-02
8.151155800016421371e-03
9.481040202304348227e-03
2.021682850067628174e-03
-3.697365663777200506e-03
-4.411427544467204712e-03
-1.297062699772497107e-02
-1.470013450062136219e-02
-1.584809365970765369e-02
-1.792519199252719589e-02
-1.931508614372074231e-02
-1.522878997571040782e-02
-1.482992040928934711e-02
-1.377152669856474693e-02
-9.717090199099261822e-05
1.657623270135137345e-03
1.061450602640502672e-02
2.443822282103239041e-02
2.344290601960043532e-02
3.685611906580490288e-02
4.406216794378487595e-02
3.802979017943002721e-02
5.076539863149152898e-02
4.710222670873494277e-02
2.847394825545230754e-02
2.542247030023705306e-02
1.978559694910884265e-02
9.609058205357861107e-03
2.197859773611598316e-02
1.832850401270588389e-02
2.100421930973470422e-02
3.035750418725773753e-02
2.019742990227888293e-02
1.901427794359748444e-02
1.091163184960902179e-02
-7.521196842187864544e-03
-1.410227512720473031e-02
-3.038350506794643135e-02
-4.446367780036221407e-02
-5.532911283575087102e-02
-7.525462080100295270e-02
-8.353499000914936523e-02
-1.018234376838614563e-01
-1.158632210749889757e-01
-1.168251869110762120e-01
-1.300754118388978420e-01
-1.257814590057198534e-01
-1.194277165610081043e-01
-1.141189251282241912e-01
-9.669006498638155200e-02
-8.310440420587283938e-02
-6.820911999973566786e-02
-5.050437502811581936e-02
-3.127861503480972027e-02
-1.765238877916879001e-02
7.561940811881798404e-04
1.161779321583469859e-02
1.689969609198780157e-02
2.574863341974045761e-02
1.760245274129259435e-02
1.861274418965663119e-02
1.660836061477615963e-02
1.208178259264374582e-02
1.576502401345158955e-02
1.347648766853371156e-02
1.532078960268338369e-02
1.754335621798771769e-02
1.074720644159042268e-02
1.369735094877274663e-02
-9.723859896800680219e-04
-5.411589499560895758e-03
-9.499266290121001141e-03
-3.180109383772869447e-02
-3.545823682165786389e-02
-4.744355615371695367e-02
-7.237602029915772561e-02
-6.351886209873139344e-02
-7.461753258361226993e-02
-6.729636216237899760e-02
-4.654380116925631999e-02
-4.102679680053689104e-02
-1.164027025996609843e-02
3.736847645826819712e-03
1.567486607669500362e-02
3.409871805762232366e-02
3.779335922202887998e-02
2.971288219678891451e-02
3.244414820276343009e-02
2.752484525858607881e-02
2.428333551202060958e-02
2.213720996533443189e-02
1.769451209375078743e-02
1.060777908571230131e-02
9.495286541284370108e-03
3.272801592223868565e-03
-1.009302320358087613e-03
4.873289682177928128e-03
-3.530421050278426554e-03
-6.615966249828486058e-03
-1.240490875642039602e-02
-2.738780321183214087e-02
-3.005717517481602125e-02
-3.476252683414100819e-02
-3.930305923425344433e-02
-3.233456609159142403e-02
-4.346957824629941319e-02
-3.905572376330394835e-02
-4.125575003331938273e-02
-5.084250653749614740e-02
-4.537134096092718116e-02
-5.473854033388050183e-02
-5.779256482013524904e-02
-5.406840512353836004e-02
-6.350993950470534832e-02
-5.607020270764109804e-02
-4.977494077004344930e-02
-4.930089644991013376e-02
-3.001884522563078722e-02
-2.342736119464582101e-02
-7.735098264288873052e-03
8.284438288486368346e-03
1.494609596366233348e-02
2.882524308832420598e-02
3.011708794514750265e-02
3.561557011913205062e-02
3.855413443352521258e-02
3.381222319984012598e-02
3.524852147217839154e-02
3.328998432618467118e-02
3.244261150434635255e-02
3.164040061553855671e-02
3.053002821268272285e-02
3.109992365969325989e-02
2.905357949086746425e-02
3.023823347160699976e-02
2.890193735503819236e-02
2.805204903513748224e-02
3.015322831161112646e-02
3.011903700372204826e-02
2.942696681816909382e-02
3.496994899128255674e-02
3.695834785047722587e-02
3.091061314095041798e-02
3.357183165031071836e-02
3.567694335515571302e-02
3.277762884631731793e-02
3.212046625287352103e-02
3.041692125399225385e-02
2.914903163961318072e-02
2.930852220125654620e-02
2.440993735115435520e-02
2.616568381908944418e-02
1.910405033614227810e-02
1.438482838047846872e-02
1.133103568219128929e-02
-1.524367161636641134e-03
-1.002357799194513073e-02
-1.504061669009312124e-02
-3.394080074430724098e-02
-5.429574087037114527e-02
-7.479442556483839599e-02
-1.137170531860604850e-01
-1.437621391585453545e-01
-1.508067016797261795e-01
-1.719393285026990792e-01
-1.704239523871025064e-01
-1.713472541420018869e-01
-1.741862643959382617e-01
-1.605113453876596818e-01
-1.577160858592216719e-01
-1.455453697908661581e-01
-1.290449124227513178e-01
-1.209749854574310723e-01
-9.947841219562258974e-02
-8.813272606324407121e-02
-7.557794224368677427e-02
-5.785871524971621799e-02
-4.971522026388875554e-02
-3.428095852821005235e-02
-2.304508504707594371e-02
-1.441463932906079069e-02
-6.608406606427616285e-04
5.356908320211629417e-03
1.599446922987348210e-02
2.588492644945509374e-02
3.295622394579395681e-02
4.411254868221090031e-02
4.978177755074354727e-02
5.705920406105099291e-02
6.237456893058383051e-02
6.655510345915968684e-02
7.139455103314938655e-02
6.120245120458305682e-02
5.782937629625242715e-02
5.371795754355461472e-02
3.270754572897235229e-02
3.354857425509737145e-02
2.591856098163436428e-02
2.134600623566997382e-02
1.989476969692511796e-02
1.309786343981031616e-02
1.140497500002525880e-02
7.453959029822945781e-03
6.996597626603184503e-03
1.007750131866686806e-02
1.295342876268471173e-02
2.185526044699861309e-02
1.596279306450267693e-02
3.189625579140521056e-02
4.212655616900060074e-02
3.654297444548386398e-02
6.432112295204069075e-02
6.556137025114536221e-02
4.384434522189411404e-02
5.336678236452958163e-02
4.583452199759451007e-02
3.608796341398134294e-02
3.880173268579865942e-02
3.067545646081112215e-02
2.462297390278165438e-02
2.502106336347121110e-02
1.564527658361586360e-02
1.552836674471677267e-02
1.452391140557260894e-02
1.085596529086495926e-02
1.149815985590997396e-02
1.000420504268885978e-02
8.023203386435473483e-03
8.882248133968692616e-03
6.609893800957305186e-03
5.136499070018130282e-03
6.738737614711809952e-03
2.843231752007803568e-03
1.519219526531181324e-03
6.922737066907271378e-03
8.643782668715271553e-03
8.384904138893697206e-03
1.506267840186814762e-02
1.256061184302903304e-02
1.491135398703555617e-02
1.740298891631089986e-02
1.140511709338882206e-02
2.235832566671123751e-03
-1.278410633874208294e-02
-1.587534978569651867e-02
-2.982971249778016212e-02
-3.041290835769519182e-02
-2.964687844734261932e-02
-3.710586918641596565e-02
-2.669270088450109712e-02
-2.849559551751965070e-02
-2.517128198612775258e-02
-1.495212339704067236e-02
-1.346986265277158243e-02
-1.042324290293485459e-02
-1.452619810176132391e-02
-1.104372819069004627e-02
-1.592609090079969911e-02
-2.798727969692083040e-02
-2.916969181693137084e-02
-4.323524012365127095e-02
-4.997079451734487421e-02
-5.079262870579730887e-02
-5.806311556681995056e-02
-5.038646023737525931e-02
-5.117535135983687644e-02
-4.516935858969023387e-02
-3.463751659989359327e-02
-3.140887012066942430e-02
-1.597362892648976004e-02
-1.001626865495475194e-02
-2.483135194107937219e-03
1.002839462933059062e-02
1.218762061224950601e-02
2.401061944883367549e-02
2.980217221732731417e-02
3.528979376843607851e-02
4.571202355075106027e-02
4.696440065071379871e-02
5.387659313232531777e-02
5.541823241421078849e-02
5.630004958585176078e-02
5.745520791006911848e-02
5.264877045056723381e-02
4.883086082929218030e-02
3.378646192048585101e-02
2.993425333354224338e-02
2.643756497946598769e-02
1.964277240064561669e-02
1.297110411954437159e-02
1.023900360295820072e-02
1.789829749312165210e-03
-1.771886460474927797e-03
-8.792973355094992408e-03
-1.291086319112567937e-02
-1.484005344984615227e-02
-1.552289393245834086e-02
-3.841956382048689880e-04
-3.485683588033811151e-03
5.957172291009574239e-03
1.211117785221848923e-02
4.019317969266377778e-03
1.432776610050642482e-02
8.398528719203893211e-03
-1.204760485236402686e-04
-9.083924657123933558e-03
-1.669852197268196364e-02
-2.524431012744919947e-02
-2.788662696495377430e-02
-3.111093759445842863e-02
-3.534179561803200975e-02
-3.384359534772046763e-02
-3.666639237747176816e-02
-3.606830492066949445e-02
-3.230313682353829624e-02
-3.368830096211580805e-02
-2.898938835744163667e-02
-2.159083446219936531e-02
-2.578874014495449729e-02
-2.126370755656986286e-02
-1.277937265987757857e-02
-1.592714145478465321e-02
-1.100308106036349161e-02
-4.759750878402613759e-03
-1.673043638677264994e-02
-9.333197783582795545e-03
-1.925590745747830790e-02
-3.375820845755198030e-02
-2.809419997054946050e-02
-3.240784889973771787e-02
-2.475015147470096752e-02
-1.273043138739589700e-02
-2.086504196907696534e-02
-9.725672555223793467e-03
-7.718517508244255969e-03
-8.340880948627610661e-03
5.156629426077860741e-03
5.742621376155015826e-03
9.436889679588136154e-03
1.408070667343006011e-02
7.853363970584045783e-03
1.071712761734714553e-02
2.790221699398090505e-03
-3.903920840661408501e-03
-9.073052916624673586e-04
-1.869395212181097776e-02
-1.978144680982134654e-02
-2.616923522566777516e-02
-4.732323193209547058e-02
-3.859085307013632171e-02
-4.445583837670557398e-02
-4.376222593738137573e-02
-2.670707698362956989e-02
-2.760280001068197639e-02
-1.757263561164846069e-02
-7.075648560950570203e-03
-5.539778466840632534e-03
8.422970158355146814e-03
1.266976701823667624e-02
1.957460481296892374e-02
3.096675780280723836e-02
3.255817858350730509e-02
4.416697020211055730e-02
5.058752950064810544e-02
5.363545822989527340e-02
6.457307955213585637e-02
6.518858135448477031e-02
7.054087695967778404e-02
7.574457700451991959e-02
6.845438887836831354e-02
6.246022075307608445e-02
5.377117033583114075e-02
3.943779306944311669e-02
3.568790327643214105e-02
1.023670388740360003e-02
3.369976409480145325e-03
-8.131392988925666490e-03
-1.856627438448114897e-02
-2.493276009678537658e-02
-2.897158375968879318e-02
-3.205989169060098620e-02
-3.500354772457769242e-02
-3.493192624395305423e-02
-3.820063886442202905e-02
-3.723099438935604383e-02
-3.717573007724308404e-02
-4.093768928926421607e-02
-3.323830269298635315e-02
-3.730383839553012143e-02
-3.258141124567277142e-02
-1.847607788064816597e-02
-1.749840107261857805e-02
4.383013329669306450e-03
6.175373912232282395e-03
1.662106112024114984e-02
2.664520351062298412e-02
1.756821036927337654e-02
2.384761559702273243e-02
1.831374738326568830e-02
1.748304523772273647e-02
2.326722568141181141e-02
1.931845541730534827e-02
2.406098366813571102e-02
2.485350207864062827e-02
2.220883821153691109e-02
2.373889605503168992e-02
2.123626100847872747e-02
2.139066053115936533e-02
2.049139811372269193e-02
1.990399954025855178e-02
1.916522108395733726e-02
1.812100278131497516e-02
1.805214044894129163e-02
1.506711129030645704e-02
1.556488172006604068e-02
1.304268041989560534e-02
8.363281160630632247e-03
9.290932370579485511e-03
1.520634896169814013e-03
2.100479945919811811e-03
6.817483082855466461e-03
2.986214055959908204e-03
1.164967078757326788e-02
1.322576028192912895e-02
1.215179550982947027e-02
1.736139302302379048e-02
1.654784305659902713e-02
1.772101583256115859e-02
1.953573074369779894e-02
1.934782802457186632e-02
2.043631380179663712e-02
2.143107167040522038e-02
2.187831214482255371e-02
2.297985201889280946e-02
2.436103839333863055e-02
2.493185275100869361e-02
2.670766776129609651e-02
2.702688500150597986e-02
2.882888382627934315e-02
2.837866520347810673e-02
2.952362892133158015e-02
2.941648056291699606e-02
2.639444454174575197e-02
2.533132775613590112e-02
2.272479639058368195e-02
2.057108941127810259e-02
1.748511676965185113e-02
1.655148142657867152e-02
1.196095833838262991e-02
1.162771846673775825e-02
1.078374763910347478e-02
9.129658741003930655e-03
9.822669242413074875e-03
9.271175315114012563e-03
8.869725148817460270e-03
9.225484433374252224e-03
8.896955579479072160e-03
8.943311594636892473e-03
9.016583355254707485e-03
8.908765943395877823e-03
8.968051041743788435e-03
8.960266420860202308e-03
8.941471833850888826e-03
8.961451169981267395e-03
8.951544074844448862e-03
8.951256786316625844e-03
8.953896509631889891e-03
8.950398356907930328e-03
8.947639803941278419e-03
8.947409774779849570e-03
8.943212570640483514e-03
8.930924167984148968e-03
8.937898968912550562e-03
8.910272418422288468e-03
8.893585953325972709e-03
8.914670362874353368e-03
8.791935262635943230e-03
8.859117653936840128e-03
8.797726003878672194e-03
8.503858188701219137e-03
8.968386861130175913e-03
8.200937026624189122e-03
8.247461484444010282e-03
8.674498186368088601e-03
