-1.174800169909157206e-03
-1.363863643457894053e-03
-3.220233928398493362e-03
-3.177437881087316358e-03
-4.368852507917729902e-03
-4.797646659244614656e-03
-4.784546222954266792e-03
-5.282735240381248969e-03
-5.330283181915237110e-03
-5.455787515294218890e-03
-5.614438745751983845e-03
-5.636376710860989230e-03
-5.718840227979410731e-03
-5.763238506902330395e-03
-5.785068259720663360e-03
-5.820883118203556972e-03
-5.834620692457472869e-03
-5.848442267550179631e-03
-5.860875893558385903e-03
-5.864898397886555634e-03
-5.870501227183233355e-03
-5.872181168854661779e-03
-5.869450276939853876e-03
-5.869967203810702062e-03
-5.860966356549870797e-03
-5.851937907510557785e-03
-5.847776772485614380e-03
-5.814733574893786103e-03
-5.808727010418361994e-03
-5.780146707320925684e-03
-5.700493239764897226e-03
-5.731047355545350504e-03
-5.576902411086436494e-03
-5.483917031713474340e-03
-5.566587286180942236e-03
-4.987969271766470522e-03
-5.199372962768512331e-03
-4.997255581126756885e-03
-5.041680041191644486e-03
-5.443286940735180164e-03
-5.210430809317831771e-03
-6.119996335092746029e-03
-6.310272651851879348e-03
-5.720257329494176160e-03
-6.197354431169673286e-03
-6.359953385389386857e-03
-3.967707932610563433e-03
-4.549735744182313059e-03
-3.636489113820281453e-03
-3.186090930229146679e-03
-4.587045262986321620e-03
-3.479722264316548446e-03
-5.045798259741225700e-03
-5.378195146587382534e-03
-7.532612953232116666e-03
-1.352477493290333253e-02
-1.610151354539448437e-02
-2.348644926045082709e-02
-3.193330705457926577e-02
-3.757732664021408431e-02
-5.469009608927723892e-02
-6.485305826087066350e-02
-7.888457031147690091e-02
-1.067343834054796520e-01
-1.122839329455985746e-01
-1.399760017008808144e-01
-1.437747373415210195e-01
-1.530713506348512221e-01
-1.643588983715234542e-01
-1.616471094803069719e-01
-1.672435959403086869e-01
-1.640444023992159439e-01
-1.593518883790601970e-01
-1.536606061290886616e-01
-1.438665250492015546e-01
-1.335439544218066377e-01
-1.184949605209686951e-01
-1.081064626676417340e-01
-8.992283828009341173e-02
-7.967004062232263539e-02
-7.118467237063863529e-02
-5.974881515081133243e-02
-5.395393632250315014e-02
-4.741866342166895648e-02
-4.033461797025478940e-02
-3.669102735842279250e-02
-3.100632420849786658e-02
-2.850797980968210882e-02
-2.778075916148818950e-02
-2.514871325675656702e-02
-2.552202795906284225e-02
-2.329030196726954161e-02
-1.923789491768482934e-02
-1.681587141224070645e-02
-1.456187823262419107e-02
-1.160475219752650326e-02
-1.173826585507905737e-02
-9.993526189451854350e-03
-9.655501286445516973e-03
-8.960911106307282645e-03
-3.991662309313324941e-03
-3.017180202774980783e-03
8.279196390638298353e-04
2.966117215279777397e-03
4.589790233803003709e-03
6.898485407200924228e-03
5.603807285479029884e-03
6.649523720720603055e-03
5.977089913468229543e-03
6.880283697445370612e-03
7.909675720401184579e-03
6.899514466020053097e-03
8.583277840965226543e-03
9.093905784837760103e-03
1.287173562923729642e-02
1.631410433679151770e-02
1.770660965276514218e-02
1.903274045130167250e-02
1.685065071992230407e-02
1.575368636753850596e-02
1.320802916300419655e-02
9.104624347233110718e-03
6.869948157293585995e-03
2.881778794863357630e-03
7.904156439991886531e-04
-3.380680079842766136e-03
-4.930533453382087046e-03
-7.501762002070397166e-03
-7.974777121076014400e-03
-7.033506530088086406e-03
-7.876749967431205188e-03
-6.704989224733261255e-03
-6.529032912580165667e-03
-5.960466037832531580e-03
-2.544006857569457852e-03
7.516719758263606412e-05
7.837770102120595380e-04
3.000085091509702585e-03
2.923552031045109460e-03
1.458945096209263766e-03
2.329452514551261927e-03
1.556881995549055714e-03
1.821036622789722406e-03
3.144337993564354141e-03
3.257156964108247864e-03
3.498149908265585015e-03
3.903837091808002018e-03
4.687448928790405138e-03
5.009616298361568680e-03
5.756205754063964397e-03
5.956699217740989497e-03
5.759312686149343878e-03
6.178325972006307176e-03
6.029651558956002598e-03
6.293276326749223590e-03
6.455499191514315650e-03
6.563224139829807770e-03
7.042540349694580495e-03
7.048173649854060779e-03
7.717594138011511437e-03
8.036473226114107180e-03
8.300163157276064727e-03
9.470894760346928315e-03
9.162116222592331383e-03
9.979644201756676658e-03
9.562807980225369181e-03
8.379651381992215750e-03
7.914548063526618410e-03
6.428987894803004852e-03
4.746445688644440261e-03
3.321271484804160564e-03
1.045705583437221134e-03
-1.413215157978929201e-03
-3.247461540462133044e-03
-6.138357806146467824e-03
-6.955059494602626631e-03
-7.739292628347209380e-03
-7.490985652206527852e-03
-8.401011645575922476e-03
-8.177508185541736488e-03
-7.865214783770465776e-03
-1.154109004687939484e-02
-1.038564761311444422e-02
-8.369663727242127038e-03
-7.540144951600712651e-03
-1.988594921488010675e-03
6.599381104411962233e-04
9.775521211094989702e-04
3.574239554115712838e-03
2.917350336199810591e-03
2.830659642790497605e-03
2.011545699835169849e-03
4.524112417161156585e-04
-1.759454727378984386e-04
-9.021422166147885892e-04
-9.503904140345320953e-04
-1.585963880248426579e-03
-2.184965102171341350e-03
-5.724398371992655329e-04
-3.188303246754033409e-03
-1.020973265226150393e-03
-5.241761657041731515e-04
-8.440085581840743936e-03
-7.785366539350823713e-03
-4.400259092842104779e-03
-6.027541962075006442e-03
-5.224828152347560720e-03
-4.721743241275092387e-03
-5.399873481886001934e-03
-5.013451960879346074e-03
-5.113649044583650632e-03
-5.775535254506876555e-03
-5.464533416601523828e-03
-5.257553148919067929e-03
-4.905449575286899809e-03
-4.595381745484145714e-03
-3.917062226922645406e-03
-2.826302394806307159e-03
-2.652415432799903536e-03
-4.634456737040450576e-05
1.041965303235892941e-03
2.323037053857837913e-03
9.525369327116568752e-03
1.012861020642288022e-02
1.507073336035319108e-02
1.621818974911862221e-02
1.720788691321266037e-02
1.875354058823942849e-02
1.791985337109200035e-02
1.961942723745547373e-02
1.845260397682597225e-02
1.715900584011518376e-02
1.375869367116368432e-02
8.839394602967979783e-03
9.085291435971981286e-03
3.575281364947615129e-03
4.047890759859981528e-03
3.951562870108460586e-03
8.545894615458377898e-04
4.066205324814793805e-03
1.418679884312820617e-03
-5.068269186407208275e-04
-1.103502325938505698e-03
-3.988906281731429380e-03
-1.703865295977389019e-03
6.824401656089674898e-04
1.614292846221046821e-03
6.840971519853712539e-03
8.432957214368522539e-03
9.695624571774207751e-03
1.247556067916324313e-02
1.149405869356210329e-02
1.287754247681388749e-02
1.684033238826507586e-02
1.639552114576939626e-02
1.783655745122185790e-02
1.725482268278314898e-02
1.681377517459985496e-02
1.694793007033324958e-02
1.189309317828465655e-02
1.146375542185766247e-02
1.053977706610381357e-02
8.115099362961879920e-03
9.227590623547559864e-03
7.937856920678531755e-03
7.883153394419832247e-03
1.019746154950455092e-02
9.996824728210782982e-03
1.131169845400054746e-02
1.228134115533377653e-02
1.236004364161025389e-02
1.353184964717726868e-02
1.378978778933840320e-02
1.415586092614483545e-02
1.503611179793031688e-02
1.487687825612812875e-02
1.533031862437072256e-02
1.503384681401702394e-02
1.442721883772782147e-02
1.400663972409276967e-02
1.308011974756431370e-02
1.236086882736295647e-02
1.137320346478989767e-02
9.410889014191729796e-03
8.546767486588587384e-03
5.262123651250632909e-03
3.088976580965204551e-03
1.097062754063260828e-03
-1.440814117792788875e-03
-4.588343744150248302e-03
-6.813766592520976474e-03
-8.149084659235063255e-03
-6.288846345876842638e-03
-6.602454526918020289e-03
-5.704967103620345835e-03
-1.689892165647180131e-03
-2.595875940033044119e-03
-1.734941197427063890e-03
-2.018378299154578639e-03
-7.748167500377482753e-03
-8.150207023403540849e-03
-1.003073168893355710e-02
-9.772953637730700735e-03
-8.915550048340952285e-03
-7.441113654397978582e-03
3.061769553397581658e-04
2.206416460123961608e-03
-7.982128906770216865e-04
1.704377541936929119e-03
-9.350186335930006816e-04
-1.010012406822881391e-03
8.872365968187084003e-04
5.517848827670949249e-04
4.252423314751918940e-03
6.140734374781475942e-03
7.779815428467401137e-03
1.119353226188962366e-02
1.534118683767516506e-02
2.039788267567763103e-02
2.169613767946572055e-02
2.417156341784740606e-02
2.476116872516182996e-02
2.528899802216106121e-02
2.638140064312010855e-02
2.665190274183142430e-02
2.731966159947661621e-02
2.758261313494559525e-02
2.706563136594706057e-02
2.816514345907430994e-02
2.830433736089868479e-02
2.601314217123748204e-02
2.679098099304585284e-02
2.656952311734573496e-02
2.594624660643399250e-02
3.058180569454945971e-02
3.059056138718540749e-02
2.993575570572547945e-02
3.071757504584498449e-02
2.911200423533097034e-02
2.779046034489978875e-02
2.651503250790092012e-02
2.353858956145442674e-02
2.041366855760476731e-02
1.698446088586898564e-02
1.186037805528708695e-02
8.901514301774989674e-03
6.437504638481668720e-03
7.919249987067991312e-03
8.699842788671120763e-03
1.165733372655598614e-02
1.353044543140792533e-02
1.157631970330894912e-02
1.253236912701372746e-02
1.489313822364863454e-02
1.516851606280141158e-02
1.518347447781378048e-02
1.618151747414742214e-02
1.653265524847494922e-02
1.495012575834390317e-02
1.445911726751114047e-02
1.394878659531857343e-02
1.513542212692608156e-02
1.499461032400647292e-02
1.483572092341160775e-02
1.512191790808117484e-02
1.354240112545657126e-02
1.308196991643382351e-02
1.218931328947405086e-02
8.478686556240887587e-03
7.872531326717814582e-03
6.906417059258304625e-03
5.206538724637603532e-03
5.575720968629378251e-03
3.688032328671258121e-03
3.654231724295281276e-03
3.860955074584994547e-03
3.310493287494369746e-03
3.693036558647815309e-03
3.829941346466350736e-03
3.260395435075958467e-03
5.114524232939583921e-03
5.322972428615553239e-03
3.151768869461838134e-03
4.550140941349543715e-03
4.857060103225590252e-03
4.594621020529595506e-03
6.324860603407020387e-03
5.508969420518529565e-03
4.724215951088133955e-03
4.156567799966716902e-03
3.975349876855203447e-03
4.575620652742229920e-03
4.532763603200856868e-03
5.322756511750664082e-03
5.454903894020380825e-03
6.428503744669664816e-03
6.509414815858838646e-03
6.753233457233473284e-03
7.267087664296744548e-03
1.111498796717962090e-02
1.528671786363893989e-02
1.646607575038711024e-02
1.704826154412739450e-02
1.585284412108360283e-02
1.382585727592262198e-02
1.062537980762176711e-02
7.870365071969129267e-03
5.156573469020816342e-03
3.069715618647696209e-03
1.962613314795878751e-04
-1.402797495502714278e-03
-3.976190200935728232e-03
-4.952980837533422880e-03
-3.582231600639706331e-03
-2.133621317801632600e-04
2.647312656624877057e-03
4.374791389519739650e-03
8.314124866852588835e-03
1.040549225728810284e-02
1.267272205926156872e-02
1.399699186163289033e-02
1.874033430582520282e-02
1.828627472364355647e-02
2.350264332453666505e-02
2.537115158744498652e-02
2.630673104912526622e-02
3.601706137603775948e-02
3.615306393608203744e-02
4.249664484782782192e-02
4.493853413143397008e-02
4.503247055587391440e-02
4.811154427803056299e-02
4.463261789120762102e-02
4.522777238693256180e-02
4.158110475406619211e-02
3.592223461266152301e-02
3.517684144516178973e-02
2.362485953663529675e-02
2.204714795085665341e-02
1.846968226588573819e-02
1.301674433368236149e-02
1.390388603609360452e-02
1.109429372512066997e-02
9.982134865960709535e-03
1.237144174618274792e-02
1.079269380222236917e-02
1.178844591587232919e-02
1.292104980262312637e-02
1.265885159855960514e-02
1.388029974404954986e-02
1.539915372211598382e-02
1.526053769597909490e-02
1.691398314979354264e-02
1.762860765575142638e-02
1.777423530159577200e-02
2.059051746300000901e-02
1.956813397667383353e-02
1.930660659437717641e-02
1.943564141879210172e-02
1.699904412517086461e-02
1.701077339037584610e-02
1.428586137951575429e-02
1.206247357976684628e-02
1.090877495386539595e-02
5.441249651068843368e-03
4.316155431164985998e-03
2.144049451901346506e-03
-4.475551738715003748e-05
-3.070436623858762456e-04
-2.032113063472344890e-03
-1.837235281701185162e-03
-2.646249939804621535e-03
-2.474943532579191967e-03
-1.677236051606815744e-03
-2.454275830605244860e-03
4.595207329299855203e-04
2.994023425879819536e-04
-7.823029796145893359e-04
-1.149573333160017023e-04
-2.058474916268772902e-03
-1.126243470364866493e-03
-4.961702847042747701e-03
-4.265798003157437318e-03
-2.645005846129193806e-03
-2.833123840909503380e-03
2.453286964024982940e-03
3.249067152602317082e-03
3.374446585509367682e-03
5.943794551172321833e-03
4.846728547264689962e-03
4.495597295591991470e-03
4.576989737548151083e-03
3.526063836481407865e-03
3.922398540760268712e-03
3.254215524598302704e-03
3.002914917805783387e-03
3.976277595890516034e-03
3.666039497299621031e-03
3.812579169143540288e-03
3.812383986372492282e-03
3.214564876548533894e-03
3.368844332737967132e-03
2.240242259873935233e-03
1.574071976267540571e-03
1.429981952308160805e-03
-2.216440395782890913e-03
-2.328845370467389798e-03
-3.077673837797574325e-03
-4.087020243025477582e-03
-4.039779981941453782e-03
-4.669840649204838080e-03
-4.543620229336408321e-03
-4.794324836666463523e-03
-4.921504370323842061e-03
-3.801464716843166915e-03
-3.744447322313910510e-03
-3.458213913201776697e-03
-3.128273007927496324e-03
-3.077064650917727719e-03
-2.858972762232441216e-03
-2.815599114859874009e-03
-2.635180029888519165e-03
-2.576229743214184398e-03
-2.645225546384245754e-03
-2.655587798956764081e-03
-2.725160869060481040e-03
-2.746036161437524683e-03
-2.765486689773848442e-03
-2.790853517258187928e-03
-2.798382920858560712e-03
-2.810387690033190004e-03
-2.818665304720221858e-03
-2.822896850258031602e-03
-2.828371344283673715e-03
-2.831289020499700316e-03
-2.833607766674209067e-03
-2.835851675013962604e-03
-2.837051625878674998e-03
-2.838109615229080472e-03
-2.839246895764797971e-03
-2.839494858756163101e-03
-2.840134658234240352e-03
-2.841092509479968553e-03
-2.839983127518438868e-03
-2.842061632974262307e-03
-2.841768035656615839e-03
-2.839182101139294413e-03
-2.846832543375506577e-03
-2.837868666182303667e-03
-2.841462984777601807e-03
-2.856186355538251325e-03
-2.819119901022460774e-03
-2.868405698390152653e-03
-2.851216712281502176e-03
-2.781814672915476020e-03
-2.976313767658652753e-03
-2.723326320232698737e-03
-2.804411419514602453e-03
-2.932568578586639517e-03
