-3.776069033920449302e-04
-3.197011508196723781e-04
3.624605625503451913e-03
3.349487348931360752e-03
2.660057137262787034e-03
3.471371330893885214e-03
3.286286716454463273e-03
3.337676011562875581e-03
3.537633679997206643e-03
3.456791658318515877e-03
3.539639785064599940e-03
3.566866438147125919e-03
3.558559314174814404e-03
3.594034432883926478e-03
3.595359022684074899e-03
3.603177991093246043e-03
3.615897957540461279e-03
3.619252034963428739e-03
3.628126974908358216e-03
3.638760792717595990e-03
3.646645909115531561e-03
3.661718473941380069e-03
3.682723632029087212e-03
3.697257496296257797e-03
3.740693215035866079e-03
3.779250375197102177e-03
3.817592067310035010e-03
3.945651481751165542e-03
3.985263024871986588e-03
4.149096157854749792e-03
4.445717121382043377e-03
4.423760624478463403e-03
5.137961671030469822e-03
5.485978903093230268e-03
5.563774364902297244e-03
8.136036458598911586e-03
8.615062580684866231e-03
9.876498126535331740e-03
1.155528400477045213e-02
1.237421836574479836e-02
1.380070117737831371e-02
1.683936820974708121e-02
1.686021516952127333e-02
2.136756970351820842e-02
2.227691678617891788e-02
2.407942911141817965e-02
3.576774350459453744e-02
3.650896738770906952e-02
5.039352590394557962e-02
5.813865058024476201e-02
6.012127405910249606e-02
8.601239858705449215e-02
8.712171250268528622e-02
9.713938574331870690e-02
1.103730166701941268e-01
1.034213421384038850e-01
1.116796532197368852e-01
1.034157787305147042e-01
8.074220555030676982e-02
7.339195456708770549e-02
5.862947827925306388e-02
4.865555428144326122e-02
4.077380131141979808e-02
2.627455313345790702e-02
2.094905450651532788e-02
8.875783440227418691e-03
-1.021389917587753760e-03
-7.010927549662831874e-03
-2.100002281559146255e-02
-2.504279404176658688e-02
-3.696616439776192337e-02
-4.727623352063222567e-02
-5.399078126894289037e-02
-7.221197981646296227e-02
-8.200096644616597374e-02
-8.568053805661279831e-02
-9.693326174976053811e-02
-1.000285580865593604e-01
-1.040262941895328669e-01
-1.127871617105804802e-01
-1.111056413379375163e-01
-1.148137492301449236e-01
-1.145276804336045617e-01
-1.157721661003040525e-01
-1.209423880594938938e-01
-1.204419166813736897e-01
-1.279363091540210717e-01
-1.349694953934657271e-01
-1.427957384109871941e-01
-1.525082104327117327e-01
-1.552601650658508858e-01
-1.631823465629807790e-01
-1.555667002471995408e-01
-1.546506271501125185e-01
-1.517394038316931815e-01
-1.004685600917896576e-01
-9.282685335950496830e-02
-7.411744794031314976e-02
-4.201919567746732753e-02
-3.930090834446496595e-02
-1.491567202573690007e-02
-1.264762429644080213e-02
-1.101202465284238652e-02
-4.250893096522020791e-03
-3.365782584220945381e-03
2.274251184092536491e-03
1.966444503588087381e-03
1.237910880683030894e-02
1.488010816337002537e-02
1.172963145225299451e-02
1.495059924511666152e-02
8.575961735977579228e-03
7.989872467643693160e-03
5.230540288545336598e-03
-4.544948614922155773e-03
-7.431990931339504947e-03
-2.502571408273149972e-02
-3.949320526957893901e-02
-5.092589780388132731e-02
-7.416260777733220400e-02
-7.776922309011616297e-02
-8.055838218674413187e-02
-9.413356546785854595e-02
-1.026575013041846618e-01
-1.287168014605166999e-01
-1.528872987362171476e-01
-1.671484316988542940e-01
-1.819868484689574906e-01
-1.964480622761453632e-01
-2.041849267395819678e-01
-2.114007865282780396e-01
-2.148248445287710140e-01
-2.142567397563539533e-01
-2.157902437115691852e-01
-2.125097687213262088e-01
-2.135225017643036516e-01
-2.085963397499908112e-01
-2.089659497296456614e-01
-2.099515199092571449e-01
-2.082634662865953667e-01
-2.115619903135276814e-01
-2.060068423466752674e-01
-2.021329557185302384e-01
-1.932007772191641493e-01
-1.865751279870596913e-01
-1.757596272423852246e-01
-1.638330960397640368e-01
-1.587675378901359791e-01
-1.407474492992702442e-01
-1.361930561912610138e-01
-1.333676337232334308e-01
-1.216764209658967449e-01
-1.271986159942635475e-01
-1.205056883764929615e-01
-1.070479716188171143e-01
-1.060197113966089705e-01
-9.019757432798283792e-02
-7.868801044508792752e-02
-6.666882890382659632e-02
-5.724355763257648472e-02
-3.455827338991776521e-02
-3.062884558560053511e-02
-2.124764565898957722e-02
-1.398288741893357820e-02
-1.002513375069934154e-02
-6.052355391426119313e-04
-1.207442351886007723e-03
1.326125932304856279e-02
1.839879353068039208e-02
1.299518749290763317e-02
1.756739704607237357e-02
1.471931229279004917e-02
8.371079480550680865e-03
1.107606069196753230e-02
1.245247670482726651e-02
1.410564348526770033e-02
2.350309231055703121e-02
3.075195703692183702e-02
3.097395121804661852e-02
3.403897589513085048e-02
6.787656865207593315e-02
5.824830889100025139e-02
6.780156415408233883e-02
6.493274067231799562e-02
1.277394413944641163e-02
1.025003094260596576e-02
-1.047241388641515988e-02
-2.467446330060836870e-02
-2.502148640832153881e-02
-3.916885064173020875e-02
-4.046804875403855334e-02
-4.675686163751499591e-02
-4.726427656195291566e-02
-3.159915262411427950e-02
-1.272386371896838328e-02
-8.351948942484916164e-03
-7.402722328711451756e-03
-5.195064173232106933e-04
3.447986991156906655e-03
5.393479544784654522e-03
1.783114058671769059e-02
2.125701880579720232e-02
2.564642868611573950e-02
2.982431111246398522e-02
3.080870506903991835e-02
2.296518896892422307e-02
1.035873964216948648e-02
4.299573853119745964e-03
-1.992157700127837952e-02
-2.034050817021515120e-02
-3.806525325887422789e-02
-4.046076459258882152e-02
-5.503107465973960943e-02
-8.633330794363214267e-02
-1.046253005435785893e-01
-1.225177153647040856e-01
-1.420745289834779712e-01
-1.449039159214124683e-01
-1.524482420952910366e-01
-1.696684586527617833e-01
-1.666737711487113194e-01
-1.765911814575818195e-01
-1.787195644596117627e-01
-1.768450933680014159e-01
-1.863368935011189276e-01
-1.849727777944633889e-01
-1.860646113613231012e-01
-1.876693546455049377e-01
-1.827098740698164803e-01
-1.708110020301766840e-01
-1.292996237564210671e-01
-1.243139559102119096e-01
-8.762025301316855863e-02
-7.127752315255772575e-02
-3.408098858949052540e-02
-2.539976419623348608e-02
4.898516236916743496e-03
3.767178121405517777e-02
4.657455586506870082e-02
1.081917432629522779e-01
1.138561942709497704e-01
1.322965914091632222e-01
1.362532941211516413e-01
1.322740383410145881e-01
1.412948260008035639e-01
1.359689060369901059e-01
1.390470558292259129e-01
1.397417300684161423e-01
1.369136999588511094e-01
1.408460995043369635e-01
1.358391283479915279e-01
1.393133359575273178e-01
1.376421344074684472e-01
1.352130301600900641e-01
1.456553752614415664e-01
1.447795253849495645e-01
1.495751503596031151e-01
1.556138821896690394e-01
1.486893554714399934e-01
1.510846866349627171e-01
1.448753838569670771e-01
1.280080009436879440e-01
1.203836478967325180e-01
8.744837759590590176e-02
6.095396233467698099e-02
4.073260391324581148e-02
1.356574121311878052e-02
-7.942970359912093770e-04
-1.859610780535894334e-02
-4.254362505118781945e-02
-4.834541764423004595e-02
-4.749991242573802647e-02
-4.921755611532374619e-02
-3.058485238281706889e-02
-2.708374194117400477e-02
-3.285912933551160629e-03
3.000894666580081541e-03
1.786280217953740892e-03
1.152472739154957078e-02
1.064403139567418263e-02
1.181450510992892132e-02
1.382709123220209058e-02
1.149146875217654448e-02
5.928413926346981326e-03
3.714785654832240044e-03
-3.747168544513745665e-03
-4.282857342515388605e-03
9.169766126653880510e-04
1.186501023121085997e-02
1.571782645100971640e-02
2.656570844462350506e-02
3.289498016135893044e-02
3.643406828831378952e-02
4.397284800653784159e-02
4.722656067636937099e-02
5.059545758692757245e-02
5.563785370495414467e-02
5.762096469070399074e-02
5.943743968407156492e-02
6.348543465315505119e-02
6.186660722151834935e-02
6.171739231615148980e-02
6.024030941647029458e-02
3.216902884330285345e-02
2.379712373916928470e-02
1.354728589995166099e-02
1.085962869739482821e-04
3.319529390444982131e-02
6.185609779207570241e-02
8.665225828102897376e-02
8.453811837702920884e-02
7.199825760623994320e-02
6.811881669245985205e-02
6.796918844041931196e-02
5.908377672349920950e-02
6.251410632653758848e-02
6.262178240460350431e-02
5.296010674710559252e-02
7.331360762946739773e-02
6.877781275465461031e-02
5.530678684408633222e-02
7.076912227979734182e-02
5.859377705522569174e-02
6.671984426304887472e-02
6.735296729051250264e-02
6.421317957869938919e-02
6.435638056277441510e-02
6.410205656828639464e-02
5.749233824337899451e-02
5.357572820678097730e-02
5.475006339218065066e-02
2.991420243118326702e-02
3.312942685741845222e-02
2.712576677801636568e-02
2.359855614843749463e-02
3.655182854522857905e-02
3.323181964528639648e-02
4.047638738804802683e-02
4.608419009178060799e-02
5.282377930598157467e-02
6.790893893810988347e-02
6.526330868109428418e-02
6.195530308880761727e-02
6.381684652629569798e-02
3.749524645603410922e-02
4.338032760029866819e-02
5.013656589471035541e-02
5.490091112420061176e-02
7.080828936482894131e-02
8.334868342799858776e-02
7.580091516451316347e-02
7.646119871929440981e-02
6.620183526345341241e-02
5.694900798824951288e-02
5.326902592497818889e-02
4.375760940349452538e-02
4.446158981974161067e-02
4.160977175130714523e-02
3.984855433960235449e-02
4.146729031320776221e-02
3.595670239529313861e-02
4.083343089097782319e-02
3.575216157990002142e-02
2.894164277857575948e-02
2.494422867984002340e-02
1.008976253257281783e-02
4.702133287686557570e-03
-5.905341355435258198e-03
-8.682657190552270018e-03
-1.662193977392849298e-02
-3.378746672944938495e-02
-4.579314529544063761e-02
-5.611909340926345829e-02
-6.511021888007496872e-02
-6.607911738512493860e-02
-6.148627106512948720e-02
-5.536733584263350133e-02
-4.891998313653018321e-02
-4.868363023518201133e-02
-4.377387677812985545e-02
-4.108092990491880175e-02
-4.012586757450750663e-02
-3.612992667746591641e-02
-3.422235758308123099e-02
-3.294547905843606822e-02
-2.758933744531055082e-02
-2.431876497645482985e-02
-1.827552949213345074e-02
3.684283223945290049e-04
5.510291795109693858e-03
1.821467782155845178e-02
1.819282952686115604e-02
2.353247883483664676e-02
2.885348037477830987e-02
2.732518197721896941e-02
4.015049258018672795e-02
3.771280340482794508e-02
3.456445451596052570e-02
3.866931958437480610e-02
2.488359776352418867e-02
2.650387570328534975e-02
2.487854449133639415e-02
2.083514204451565946e-02
2.196498651179214917e-02
1.997970942919305090e-02
1.968530666119956349e-02
1.943438467659177118e-02
1.930176269193397201e-02
1.977248272910487464e-02
1.902352365202417822e-02
2.177459232199816658e-02
2.054437954360532892e-02
2.215798878826787804e-02
2.943704378661314569e-02
3.035862499655374996e-02
4.493424724843582407e-02
4.870624606976022702e-02
5.452564094354859364e-02
7.101842205477558456e-02
6.770769909191927394e-02
8.232371543138748693e-02
7.989019894232535224e-02
6.614575460114781313e-02
7.069228155375854861e-02
5.534570158316766408e-02
4.356512526638686711e-02
4.167057089254608965e-02
1.300800982257181021e-02
1.136498479146759270e-02
4.777987562640395244e-03
-5.533214154611751194e-03
-5.399706645955406996e-03
-1.218823739218210904e-02
-1.303993985671157881e-02
-1.517995761699158022e-02
-1.760199252681837051e-02
-1.252296707090337809e-02
-1.268143859396233392e-02
-1.072100956647448027e-02
-8.955732774366046214e-03
-7.863161597351958285e-03
-6.541984699768198068e-03
-4.766342907809164448e-03
-2.356390028300853721e-03
-1.836651067870556740e-03
3.419632781799061393e-03
3.648094249740140189e-03
3.972992429280775700e-03
5.548621404992715687e-03
5.345360822703260940e-03
5.193166013960199244e-03
5.455997078392848393e-03
5.417774958088045732e-03
5.457280951926567203e-03
5.523225845431987101e-03
5.508613970641104696e-03
5.539796458253446083e-03
5.549287814612043589e-03
5.550355198557327570e-03
5.559277562006990914e-03
5.558159583213925954e-03
5.559660966742216784e-03
5.551570672958306731e-03
5.552211882043064928e-03
5.540786441316135347e-03
5.514993029532429605e-03
5.529187675257214371e-03
5.460039661114003684e-03
5.440115502521463385e-03
5.458275684007547930e-03
5.208383060348333558e-03
5.357529546801020025e-03
5.132477141850857322e-03
4.525491464872315531e-03
4.645112832964720488e-03
