-1.882631707921252279e-03
-2.196179357481314008e-03
-5.391640422703133408e-03
-5.209710688015264761e-03
-7.309255662561724848e-03
-8.178941434066172231e-03
-8.638705372179504224e-03
-9.531687944395161524e-03
-9.797127640107086352e-03
-1.015893315847092235e-02
-1.047400149657849375e-02
-1.060886885795259485e-02
-1.079666772572391957e-02
-1.090729260392882781e-02
-1.098453798147902387e-02
-1.106409509592561069e-02
-1.110619208235041205e-02
-1.114332266305853580e-02
-1.117132512912280724e-02
-1.118333890372000955e-02
-1.119363062164112355e-02
-1.119440997398490380e-02
-1.118270777219791158e-02
-1.117456463809200946e-02
-1.114451224155678551e-02
-1.110556779103842422e-02
-1.107669947910599161e-02
-1.097769819240358539e-02
-1.091852085524091034e-02
-1.082109782581958807e-02
-1.057507886935930320e-02
-1.054795747630157994e-02
-1.015119239581516522e-02
-9.745264619541067763e-03
-9.787642644973251066e-03
-8.398039413728190100e-03
-8.552644388375127069e-03
-8.175645651092657701e-03
-7.847495561942408743e-03
-8.195959033607065972e-03
-7.696044196183778399e-03
-8.122567015059301704e-03
-8.086889455070191482e-03
-6.791745341920523218e-03
-6.284273429061960382e-03
-6.346760970897506390e-03
-1.797634044086348498e-03
-2.465495787656204422e-03
-1.187391096079898475e-03
3.649241857596588804e-04
-1.721713351645445767e-03
5.519611788042494112e-04
8.460275049670140136e-04
3.150018341199003168e-03
4.531687795585317632e-03
4.455172751558893543e-03
6.598919658497963588e-03
7.924348000632366884e-03
9.446711673184419664e-03
1.216564874642199132e-02
1.470790000655433465e-02
1.762978365397757652e-02
2.511171963277478159e-02
3.687032389642117686e-02
4.266064299579237773e-02
7.228363338342282118e-02
8.011162972591803766e-02
9.693717283713786104e-02
1.144756560678214102e-01
1.186210543101580278e-01
1.331016913732512019e-01
1.355330498844172227e-01
1.382346317173811512e-01
1.397647085719586901e-01
1.335598535468923154e-01
1.305011611335481769e-01
1.192035938355951175e-01
1.119241229284408390e-01
1.011366975181060557e-01
9.277326172338402899e-02
8.764207861311146264e-02
7.936431987478263783e-02
7.299282097127632318e-02
6.747063627291956245e-02
6.026688963851774272e-02
5.288098134484750523e-02
4.613085579673507214e-02
3.547184808501741698e-02
2.549666664359543158e-02
1.917656190219150375e-02
7.489632354630087856e-03
3.981146916067102894e-03
8.975082063126675657e-04
-1.782497521963036019e-03
-2.769309161234754894e-03
-5.117387365148362219e-03
-7.445889229372105317e-03
-7.827102685105245816e-03
-9.469519990979115634e-03
-1.021265668202732055e-02
-5.560579369666426332e-03
-5.133985275245001034e-03
-3.962791719667715408e-03
-2.347383739006426561e-03
-2.401764549545640139e-03
-9.084936393195481652e-04
-1.194004206609420790e-03
-2.142333679274320991e-04
2.292486626628474850e-04
2.193225674562429496e-04
5.101538913724601703e-04
-7.043621567994082450e-04
-3.058829345094539638e-03
-2.669122387851755387e-03
-1.989330292105344344e-03
-2.119426345240122724e-03
-2.391996533016436076e-03
-5.299447740216106824e-03
-6.309256145240016260e-03
-7.556670523088521857e-03
-9.016354670401821592e-03
-9.979229356861967978e-03
-1.139253486798400342e-02
-1.104973591621124726e-02
-1.039449355849256761e-02
-1.048869732480405166e-02
-1.027445648530322594e-02
-1.094550879675157927e-02
-1.107423886581115902e-02
-9.877944641362849595e-03
-1.022766462798669132e-02
-8.777971044461384958e-03
-8.428972534693993796e-03
-7.524585857627576028e-03
-3.166441261990553258e-03
3.642647283934553003e-04
1.645392028110330331e-03
6.599659930772015792e-03
6.997510234573196125e-03
9.066512840546695276e-03
1.307909447548166390e-02
1.253990102148091340e-02
1.948976371275409902e-02
2.668149793269264727e-02
3.316620484380117251e-02
4.891602245382049158e-02
5.381131504385958803e-02
6.644863814599474838e-02
7.304317039703343839e-02
7.923048465967146015e-02
8.428613853379032794e-02
8.663432439510831973e-02
9.101603148569203938e-02
9.321973683934389743e-02
9.576186263384514619e-02
9.828891015368386441e-02
9.947466244529803991e-02
1.016868145634046289e-01
1.021775953190754427e-01
1.033405836125690924e-01
1.040869081892900061e-01
1.032004866938781296e-01
1.044979287803887991e-01
1.022932942957297392e-01
1.008561214778892212e-01
9.852934507259999974e-02
9.125456153699924855e-02
8.760100189116153124e-02
8.059533992593559404e-02
7.166325833418318858e-02
6.655176808964907709e-02
5.525385743756814488e-02
4.655997752349128049e-02
3.911755253253402370e-02
2.393318291300347220e-02
1.746676071579194439e-02
1.062407498339394338e-02
3.982243587299435540e-03
1.453280051507101038e-03
3.980999125508019300e-05
-2.479209238023582194e-03
-4.484069698189585389e-03
-5.414899625726657915e-03
-7.714211369841077366e-03
-7.913301916895773905e-03
-3.088192343318892866e-03
-1.890698854048016887e-03
-2.010825751900260309e-03
7.695621092222048503e-04
-2.080868930513643609e-03
-3.979206879924808253e-03
-7.654251623693869057e-03
-1.270457125901675033e-02
-1.237729163358915370e-02
-1.645575278048682852e-02
-1.671444955617698916e-02
-1.798857915565780369e-02
-1.914777162933491844e-02
-1.726689591749489688e-02
-1.999243280797646447e-02
-1.577465100155391389e-02
-1.418084060478927433e-02
-2.204014265639956185e-02
-2.055056383342487511e-02
-1.373247736691326354e-02
-1.515349320278023930e-02
-1.339482089794583400e-02
-1.172180399875092163e-02
-1.227097910738370566e-02
-1.093589410254160003e-02
-1.079781501623708860e-02
-1.108742979130345960e-02
-1.062770487250678034e-02
-1.058763363433531425e-02
-1.028511094351718981e-02
-1.011590855864296680e-02
-9.936497682018655825e-03
-9.179711872669167952e-03
-9.523227198601390969e-03
-8.237799215495283586e-03
-7.515901431672176482e-03
-8.225649483611872578e-03
-3.381267000909920876e-03
-3.332245695139593195e-03
-5.509450546877776508e-03
-4.997519169960964319e-03
-5.635690427404319025e-03
-5.908540840179729060e-03
-6.068642595400743425e-03
-5.831101791785616231e-03
-6.650093372699663816e-03
-6.683360406460904166e-03
-6.597426305251321600e-03
-8.609254424060287098e-03
-8.011116199946072269e-03
-1.091341010174426765e-02
-1.079386676001090409e-02
-9.581843275118588979e-03
-1.147811982715527847e-02
-8.484835099268270286e-03
-8.895917023779603000e-03
-1.128601097793338615e-02
-1.030031034683222962e-02
-1.351826347757735004e-02
-1.026946930376159035e-02
-7.240428049376509100e-03
-6.510514936613236853e-03
8.570404062287908338e-04
3.200510813553705033e-03
2.629174046354289945e-03
6.308736963555717538e-03
7.193806245987797478e-03
8.490690495456636178e-03
1.136351353313156710e-02
1.005648131550424505e-02
1.051312117357014637e-02
8.479090403084751232e-03
6.395196631974483722e-03
5.386872133995693895e-03
-2.272594241982418221e-03
-3.592245979342520261e-03
-5.641531980995709988e-03
-9.776828756347409610e-03
-9.042609073697522107e-03
-1.222472022480644745e-02
-1.279364826169101035e-02
-1.124318712819077047e-02
-1.201316137399867194e-02
-1.024820999754710686e-02
-9.716798626844797004e-03
-9.491893385116929177e-03
-8.143968133343101878e-03
-8.080199767839366456e-03
-7.400156534835539320e-03
-6.543925189355782705e-03
-6.607520125642364975e-03
-5.831904674728833303e-03
-5.972077584354923072e-03
-6.784334091278309067e-03
-6.965022700755722947e-03
-7.827311960089941567e-03
-8.604562748185126328e-03
-8.912851741967315125e-03
-9.884299679615333664e-03
-9.961967941225660303e-03
-1.128335044911195351e-02
-1.212413877289186641e-02
-1.170398651621403288e-02
-1.345950827263945639e-02
-1.375256625465487957e-02
-1.551807429405380016e-02
-1.658594434863679482e-02
-1.322493182651405912e-02
-1.372937913383061662e-02
-1.154935588279649983e-02
-6.691487710974748995e-03
-7.071309081860548303e-03
-6.657234062380505864e-03
-7.025994647437180073e-03
-1.081091274694651397e-02
-1.133178716443033682e-02
-1.381660685898277244e-02
-1.202289536949769505e-02
-1.232082048810727304e-02
-9.439726671991031243e-03
-1.291557271202427521e-03
9.019193109722744564e-04
-1.301307332913594723e-03
3.773205462982141844e-04
-2.820661178676666259e-03
-2.935023711944182139e-03
-4.270289482946266341e-03
-5.112092096456169812e-03
-3.558888042422924183e-03
-2.670335308066598516e-03
-2.002889490719453238e-03
2.166061136400374769e-04
4.462402031649512733e-03
7.785707817182887548e-03
9.347191462153008057e-03
1.071933116672504210e-02
1.110670152503281764e-02
1.201515661722184214e-02
1.179180327973376047e-02
1.275396513270596333e-02
1.255780613593109919e-02
1.159738923708882909e-02
1.213481152304869345e-02
1.129099799481859782e-02
1.335739916273018073e-02
1.321072020153993623e-02
1.460196450316366031e-02
2.069557600188718857e-02
2.082323137645390385e-02
2.675486588740673757e-02
2.745808660233791526e-02
2.483895581617513726e-02
2.585905380418654712e-02
2.310799288706280943e-02
2.141657587831924392e-02
2.025290829532144093e-02
1.646260075696770464e-02
1.497202729036397999e-02
1.160276385324351782e-02
6.019002868486454487e-03
4.104095383707076841e-03
-9.251385544360088680e-04
-5.436088214352552146e-04
3.297842616606935263e-03
2.044006052439221923e-03
4.485814485237838052e-03
2.990018727565857490e-03
3.094207012602979718e-03
4.376100493583106633e-03
3.693449475872637427e-03
3.309875682864216444e-03
3.303223517024412963e-03
1.834283727394158065e-03
1.071324317311550750e-03
1.105651976629892655e-03
2.402169232016404792e-04
3.345478618807693708e-04
-3.563052711930081115e-04
-1.717678144286102423e-03
-1.968281152485950192e-03
-4.450816280182368426e-03
-5.609635721332570900e-03
-7.134340290729397453e-03
-1.282344073867331541e-02
-1.415675775672804726e-02
-1.876202937315237657e-02
-2.403574120561524988e-02
-2.525192710128961598e-02
-3.323146481772829702e-02
-3.573147504228310622e-02
-3.563602282925548009e-02
-3.842280675960149661e-02
-3.639205161154788343e-02
-3.061658740269443055e-02
-2.957243395638705155e-02
-2.317395152136389816e-02
-2.034067096109014663e-02
-1.804162835091818740e-02
-1.441839009171146796e-02
-1.175109986933722643e-02
-9.446633264122620763e-03
-6.156702885468543981e-03
-3.925271237147654954e-03
-4.574351437683898611e-03
-3.131100864587569883e-03
-3.305649084504041699e-03
-2.087926236500635847e-03
-2.192755985992782437e-03
-1.571507028711624423e-03
-1.770392803878867091e-03
-2.436902668970119656e-03
-2.187354767758489024e-03
-5.524772792729309989e-03
-6.481929449240779115e-03
-4.102040959466618508e-03
-3.861108395947668998e-03
-4.671825394844878257e-03
-7.157662583549936203e-03
-8.138954327645936751e-03
-9.727877986092776236e-03
-1.134018810231014925e-02
-1.228121754465973277e-02
-1.400441055441643823e-02
-1.325295965769771565e-02
-1.468057718041727681e-02
-1.505333447680623840e-02
-1.312617217733761180e-02
-1.374717190359334151e-02
-1.137675662251403166e-02
-8.694059867626443422e-03
-6.378881167743457453e-03
-4.991203999026885135e-03
-4.356411257185502199e-03
-3.044037156116089545e-03
-3.573045121585924008e-03
-3.164605891489600045e-03
-2.074787617325834360e-03
-2.906279808218088269e-03
2.348783000515005694e-04
7.058554683490145427e-04
2.900582079134043575e-03
9.955183919393165159e-03
1.130126601561899993e-02
1.554069294705866071e-02
1.746166314003825062e-02
1.863582107682613259e-02
2.008096793843951178e-02
1.868459802018871199e-02
1.986558360951037189e-02
1.622214365147338008e-02
1.467224995792799740e-02
1.294114151749512290e-02
3.137448306711873060e-03
1.055139601748996628e-03
-4.491505597009567453e-03
-9.625204243096445803e-03
-1.108723524910880213e-02
-1.558355516032711337e-02
-1.737664444452273818e-02
-1.859393504924869434e-02
-2.096437346880817773e-02
-2.106353416155946900e-02
-2.179806016816231845e-02
-2.244299088504004419e-02
-2.151190622647109960e-02
-2.151265151014433719e-02
-2.062110929373164175e-02
-1.826618777108984445e-02
-1.710705917720252781e-02
-1.623493352292464109e-02
-1.520984502155281991e-02
-1.477756968870264781e-02
-1.383069652849405577e-02
-1.322052138102815418e-02
-1.233607077990084636e-02
-1.153626950177564538e-02
-1.078736370762907806e-02
-9.626473400459203966e-03
-9.251897871899035855e-03
-8.177992552132966331e-03
-8.121755851137961793e-03
-7.043678781719214799e-03
-6.807043119924080683e-03
-6.662736983275801758e-03
-6.019733947628007516e-03
-6.591172697344881669e-03
-6.232950316683976040e-03
-6.523516534708449430e-03
-7.456695103321592764e-03
-7.028514718363182770e-03
-8.835411946887536741e-03
-9.388590538636359950e-03
-9.899293502011807105e-03
-1.096083388147009105e-02
-1.126231001930465790e-02
-1.051278270418995638e-02
-1.043302699455416101e-02
-8.892933972903031142e-03
-5.513555370697577514e-03
-5.508566818967939802e-03
1.234619045416787252e-03
2.853738832581083264e-03
1.530236064115132614e-03
4.274575759291716383e-03
7.701638605876384019e-04
-3.318843675468558397e-03
-3.636965685364003647e-03
-4.863441183660035562e-03
-4.696271145837199214e-03
-4.960979180210936361e-03
-5.286645123699603918e-03
-1.083548447443228235e-03
-1.075938276550752375e-03
-4.384804634138853800e-04
6.513581603622046285e-04
2.118500953594491234e-04
1.018245872755106337e-03
4.028279122419010076e-05
1.411909365750361621e-04
9.026142666870616636e-05
-3.661715520160961895e-03
-3.906795974334044234e-03
-4.951317394532372268e-03
-6.064499984263547507e-03
-6.225397078900192505e-03
-7.090146002468634967e-03
-7.009139456800636547e-03
-7.760859662727997640e-03
-7.874684020137089763e-03
-6.973689990094996370e-03
-6.883840368040658290e-03
-6.600595433241433080e-03
-6.356944274692274792e-03
-6.322677331889359383e-03
-6.091363819421588555e-03
-6.231826261853849573e-03
-6.015506889147377578e-03
-6.008763847628912670e-03
-6.630668648382228268e-03
-6.702828307353882013e-03
-6.912292520728341959e-03
-7.107523071560948279e-03
-7.153773721647869489e-03
-7.269145242689549306e-03
-7.325844985394229514e-03
-7.362491487503950056e-03
-7.409867258587611062e-03
-7.430009850885832719e-03
-7.451372281550694594e-03
-7.468648668766788949e-03
-7.477622687536446787e-03
-7.487475638754419530e-03
-7.493443413569637543e-03
-7.496866401050224747e-03
-7.500712545567085957e-03
-7.501277647795488897e-03
-7.500937745172129786e-03
-7.502147435104672586e-03
-7.495946979150031747e-03
-7.494855216602752147e-03
-7.491530189321572893e-03
-7.472111969958495498e-03
-7.480365202164904713e-03
-7.451085015199383939e-03
-7.420355199871458800e-03
-7.452925462849072438e-03
-7.320966604019569536e-03
-7.355073756504991629e-03
-7.350760224830376992e-03
-6.978802337258932682e-03
-7.382371497181980900e-03
-6.820375820561500740e-03
-6.289898879537621917e-03
-6.653426522836762211e-03
