9.321757981375641267e-01
9.944300440201016000e-01
1.468390020047361411e+00
1.489356243362791821e+00
1.517430595817505612e+00
1.542095160977937418e+00
1.527639061689727962e+00
1.541952051561624293e+00
1.541857429762858223e+00
1.539862701175134463e+00
1.544943182571063556e+00
1.543078817498387822e+00
1.542973920140178645e+00
1.544590971486883069e+00
1.542474023336909861e+00
1.540965439595550324e+00
1.543264571822478004e+00
1.535111452752792927e+00
1.535817932598364743e+00
1.534234871049246829e+00
1.504819042623682046e+00
1.496353065120576753e+00
1.466935015128483899e+00
1.452672632089808014e+00
1.434270239615393239e+00
1.424741202621676583e+00
1.399148231628011940e+00
1.382396699498251502e+00
1.370328298789080135e+00
1.300381458858922645e+00
1.293166645117604485e+00
1.177237806805975895e+00
1.011329750257089488e+00
8.328521398754237248e-01
4.526891832219084311e-01
3.039128786906925006e-01
-8.901463675640662598e-02
-2.910363993098474822e-01
-3.567837775750654083e-01
-6.547272475668476366e-01
-6.602945584915954624e-01
-7.921243836665438076e-01
-8.457963346713477382e-01
-8.203290644475098592e-01
-8.784862155052467481e-01
-8.793492420583485236e-01
-8.630271235550145414e-01
-9.014294217121133768e-01
-8.841075676381562332e-01
-8.365330102102492837e-01
-8.620751905198024145e-01
-6.704561694274840944e-01
-6.040943518139118007e-01
-4.957608470579550897e-01
-4.614678555372535990e-02
1.579426704034289364e-01
6.241009202548538637e-01
1.204868880287192079e+00
1.523324365136516256e+00
2.336736842193240626e+00
2.633440966558356244e+00
2.607087393713702461e+00
2.670727234384589810e+00
2.634974069374826033e+00
2.571090031853673796e+00
2.570405995217084794e+00
2.552838978472802722e+00
2.544635468669012024e+00
2.539418910017325004e+00
2.526532956826208487e+00
2.517855913676569468e+00
2.507885308895460685e+00
2.495723143960748569e+00
2.487560541707839246e+00
2.475418659297067059e+00
2.464132305720140081e+00
2.454034298272100845e+00
2.439034991042317913e+00
2.427183936155886901e+00
2.416211707272531317e+00
2.401400684142741770e+00
2.390829308782377094e+00
2.379373372782390916e+00
2.368385891585558234e+00
2.376247066125712681e+00
2.375292946896843116e+00
2.377123121001986306e+00
2.394818177334847586e+00
2.406542328663001218e+00
2.434635260219045083e+00
2.464720422257432819e+00
2.481045045492460410e+00
2.537128595873116232e+00
2.568264740453488848e+00
2.606850438949262827e+00
2.660877453543360804e+00
2.643057656505425790e+00
2.498512310629059208e+00
2.331284108783908682e+00
2.030264295809092179e+00
1.800184483680805192e+00
1.437415627111898297e+00
1.267521985005502838e+00
1.313490512433810320e+00
1.181336409368721085e+00
1.272709470426050427e+00
1.341645168014982348e+00
1.399527102462813755e+00
1.787460066757115662e+00
2.193098862990648268e+00
2.397117116373597590e+00
2.434148502929099234e+00
2.462611012904074137e+00
2.497908865911612430e+00
2.484988056093353936e+00
2.482221906218499363e+00
2.420679620771789331e+00
2.334210269407106964e+00
2.217892335283918381e+00
2.033373067797010769e+00
1.959491229467819950e+00
1.693833416377276802e+00
1.616187282350176391e+00
1.514705245276057211e+00
1.371373057270176332e+00
1.331512950472327539e+00
1.093599209126158156e+00
9.692533593555706650e-01
9.799515493258295074e-01
9.276475301114913696e-01
1.015714042730273325e+00
1.048690526503425868e+00
1.081257379725823142e+00
1.373152797809991998e+00
1.638624437664609301e+00
1.923879822102372739e+00
2.377139214326926542e+00
2.378313456795035918e+00
2.335085226322991314e+00
2.321160559836070281e+00
2.313869194610538305e+00
2.276746454857133006e+00
2.279231119668100991e+00
2.276663084844311236e+00
2.262123347084134650e+00
2.283132110869014131e+00
2.274952950909176153e+00
2.290348650877548575e+00
2.321585668886941178e+00
2.336251736954057190e+00
2.380342272959792727e+00
2.408659783723213987e+00
2.446781137286305086e+00
2.492892738678305964e+00
2.457607623396623087e+00
2.484078588890560546e+00
2.448874486874479395e+00
2.416796091539297642e+00
2.246779418721815080e+00
2.178048444858210253e+00
2.022955985784137933e+00
1.605414446589862543e+00
1.327654403905577096e+00
9.227256657500417791e-01
5.620029196937231797e-01
1.474405720402374997e-01
-1.168030220192489282e-01
-5.367136148790242478e-01
-6.562698969933412618e-01
-7.295673605110608584e-01
-8.338429714193593689e-01
-8.259555969249046115e-01
-8.196261006452423281e-01
-8.021959896863505302e-01
-7.311655317705157975e-01
-5.288326198129046363e-01
-3.394625668780489325e-01
1.193941407517146447e-01
4.450559484132419197e-01
6.212693454224103018e-01
9.447004191515473437e-01
1.222281450777363609e+00
1.319771327992001808e+00
1.407604534587490130e+00
1.450591524158050483e+00
1.449702668196920063e+00
1.527724499648445144e+00
1.390654582131142236e+00
1.415608678914531904e+00
1.418809950838733291e+00
1.173415201385882956e+00
1.343407756012430454e+00
1.645236534006891072e+00
1.807681037649680800e+00
2.475130445007118318e+00
2.616677567992017117e+00
2.653732538571580424e+00
2.712845689793442983e+00
2.657007022337803281e+00
2.586980380490139897e+00
2.546209210209284368e+00
2.506698605468017149e+00
2.462583773703352907e+00
2.444537064107058733e+00
2.419104173603753960e+00
2.408786557389194449e+00
2.399378211208583966e+00
2.393882723547814617e+00
2.410201481900681397e+00
2.417201641501970588e+00
2.427130419080215873e+00
2.446215431400691198e+00
2.450270881208638674e+00
2.467873465382986797e+00
2.480889971938655236e+00
2.486410743267205348e+00
2.510065342945998257e+00
2.515335941436555256e+00
2.532071446734526887e+00
2.557271922804557285e+00
2.561745372826440992e+00
2.571079827073774471e+00
2.556478785714777935e+00
2.539702337030393497e+00
2.527604120059101511e+00
2.448664041583660467e+00
2.413102443304214972e+00
2.162911325753579472e+00
2.073623221374799819e+00
1.974298658479623159e+00
1.747523297382737706e+00
1.721925455592803633e+00
1.634319024275856069e+00
1.564263191745306258e+00
1.538436450540905831e+00
1.468366203070135656e+00
1.445687320901157147e+00
1.287387964126393669e+00
1.298298490505812586e+00
1.148581671850939401e+00
1.146556291904528901e+00
1.191650777740338230e+00
1.336427421330030674e+00
1.386415532541614093e+00
1.539474992265971620e+00
1.602925526111694365e+00
1.619384339053364652e+00
1.678291875184292348e+00
1.677443882679424680e+00
1.688359956125009109e+00
1.695040775898243091e+00
1.684970006816870258e+00
1.688790572371975385e+00
1.676777390860624051e+00
1.673937842178045532e+00
1.660157946163391740e+00
1.650503874578792773e+00
1.646264559476196210e+00
1.649433142380846151e+00
1.681969729586023643e+00
1.663708631440425689e+00
1.701273612621087894e+00
1.751315183721904534e+00
1.710610655282197134e+00
1.868198110623034314e+00
1.873428595853136480e+00
1.955540702556958887e+00
2.329890732029994194e+00
2.372542129518706577e+00
2.618699572331340875e+00
2.634804357943548947e+00
2.619667178497859794e+00
2.669080194149502372e+00
2.664415319893086220e+00
2.694683573713430480e+00
2.753928896828173212e+00
2.787000115886052676e+00
2.904127227878537276e+00
2.972657833007803063e+00
3.014776193721044439e+00
3.070177248744248910e+00
3.073145009966535390e+00
3.117998227523231414e+00
3.128557308592683661e+00
3.141985059136962466e+00
3.172091449823021048e+00
3.063709666985924507e+00
3.051942616423931831e+00
2.720196622939832665e+00
2.308298821691860070e+00
2.040184184991636229e+00
1.764924647348271369e+00
1.776252210157017952e+00
2.059932657799413924e+00
2.196114857914240659e+00
2.349164226377591369e+00
2.519437143605610885e+00
2.508413598266738820e+00
2.545789852267710263e+00
2.539899476883069163e+00
2.554914208278595389e+00
2.579149489667824202e+00
2.576980760251528668e+00
2.604317889371151384e+00
2.622106593355345794e+00
2.636564648550945300e+00
2.669133097320341985e+00
2.680406834222766488e+00
2.706815618184190253e+00
2.728822091424753182e+00
2.742976817638711928e+00
2.772677747713624186e+00
2.773975353024734858e+00
2.796642133755200543e+00
2.810850415459024365e+00
2.813281454765256484e+00
2.796118542340323199e+00
2.742770819966815488e+00
2.687613576501890478e+00
2.370641047375058097e+00
2.065137678492523055e+00
1.860669161760980517e+00
1.717702924053533975e+00
1.584509990510576172e+00
1.440943502695393397e+00
1.320016492179355350e+00
1.242490758944297502e+00
1.144608555456506638e+00
1.199283384029671495e+00
1.437173532622075589e+00
1.415645182109973588e+00
1.780074919996933014e+00
2.294313832601037717e+00
2.486695324462554257e+00
2.755919069783248965e+00
2.823603925920193713e+00
2.850613688317724659e+00
2.854729834783435116e+00
2.908909847636346413e+00
2.940472992935426522e+00
3.037395576786206419e+00
3.054160271245109470e+00
3.077748811280811569e+00
3.101754650162459992e+00
3.103832799550271915e+00
3.123931881233967367e+00
3.139292100354533321e+00
3.140508015579145162e+00
3.167378007320452049e+00
3.175258489220382341e+00
3.094635180817699283e+00
3.084370646268629113e+00
2.846902493409246393e+00
2.700052002406310159e+00
2.583889362298686709e+00
2.365659128671656397e+00
2.360969844769215786e+00
2.343879159158869019e+00
2.352130705720120396e+00
2.476396509350190289e+00
2.499451125768851867e+00
2.549422132731520296e+00
2.609510449935882104e+00
2.604243001031639526e+00
2.635746922799067971e+00
2.652979770408200544e+00
2.612560405613444381e+00
2.684952122278378539e+00
2.648159796346353012e+00
2.655119983341736045e+00
2.622943050292404266e+00
2.332467028430014633e+00
2.211671575017526425e+00
1.738338230520203087e+00
1.398349411707715761e+00
1.005038760722221980e+00
1.006033421422177776e+00
1.117747044723294669e+00
1.143780110756453805e+00
1.507219429096072982e+00
1.908476910644190783e+00
2.213196307815846975e+00
2.278698179476644103e+00
2.393088149776853246e+00
2.385684077829595129e+00
2.429619561428082442e+00
2.433299033676271872e+00
2.411485638682724364e+00
2.396565035627944873e+00
2.412165070452016558e+00
2.388802075826968352e+00
2.399057405854239988e+00
2.402857020122705745e+00
2.386243835121443446e+00
2.411192300859005044e+00
2.400508593657445289e+00
2.408896994825450388e+00
2.443812419279186354e+00
2.442659487583343392e+00
2.491054710658053395e+00
2.520236395923503903e+00
2.536048619677623961e+00
2.602684455844149980e+00
2.601108321044548699e+00
2.626111407647226503e+00
2.632542364924079781e+00
2.501249003692324724e+00
2.482515415444745965e+00
1.768227797948768387e+00
1.276697544471447454e+00
7.783363594317335155e-01
1.635754952177108923e-01
-3.691006883662305976e-02
-3.933386046257904001e-01
-4.606747801874341297e-01
-5.469917694660553220e-01
-6.718081704858673842e-01
-6.375913587571375718e-01
-7.288453761960973498e-01
-7.350712721294636598e-01
-7.253506448953010999e-01
-8.049412743039565665e-01
-7.411963072822949083e-01
-7.944212306824467440e-01
-7.938692964084650416e-01
-6.686771314711236203e-01
-7.000225844436421818e-01
-5.663906507780867017e-01
-5.041760459304699404e-01
-5.437325040109466379e-01
-3.360926403606231405e-01
-4.060058687945820588e-01
-3.050698464075473071e-01
1.564703198573572374e-01
2.666348545384258362e-01
6.731342670134783379e-01
8.843513593199325840e-01
1.162882968661541616e+00
1.331318456065549327e+00
1.459600922148861724e+00
1.488998867607284726e+00
1.510527320944345275e+00
1.540564052008415175e+00
1.521034339338729113e+00
1.539624208454911880e+00
1.536033211907291918e+00
1.497464026399074832e+00
1.533924033038247758e+00
1.455830444754443231e+00
1.424712479574609780e+00
1.430267503654659489e+00
1.164932938747279545e+00
1.159198219175195943e+00
1.182767231870668345e+00
1.183583664572665395e+00
1.147007481133099915e+00
1.166374561335511872e+00
1.238663954456983296e+00
1.258804080696038330e+00
1.320143553300058725e+00
1.357690045459739592e+00
1.391319170217707901e+00
1.430236791552893294e+00
1.463233239246952255e+00
1.501583341030564345e+00
1.529633313141730566e+00
1.588308978092279444e+00
1.618414733980144904e+00
1.674997203778019861e+00
1.761937510724476352e+00
1.777050166397981190e+00
1.898321614046590389e+00
1.897143694751223242e+00
1.870097464202793880e+00
1.896861378696949707e+00
1.826704644134547806e+00
1.828726769464116275e+00
1.777704260073675657e+00
1.761563888968912250e+00
1.761958517802338031e+00
1.724739682145326469e+00
1.719906576369377493e+00
1.703690012252393915e+00
1.647651377527421523e+00
1.639300124526885005e+00
1.583051398689036438e+00
1.571769466754574296e+00
1.545587611019533236e+00
1.540744957741347898e+00
1.537699759162199475e+00
1.529481588664658664e+00
1.529556923634141752e+00
1.526475559523525982e+00
1.524432170792255237e+00
1.524267154222438858e+00
1.522638061478209126e+00
1.522269442136084949e+00
1.521920909213183570e+00
1.521039552386060034e+00
1.521132178540340441e+00
1.520510169900202158e+00
1.519724804002345220e+00
1.520288116517298782e+00
1.518129180634806952e+00
1.518166792795866193e+00
1.518219668859519977e+00
1.512284207594701169e+00
1.516738354352191287e+00
1.509175003715026442e+00
1.501122690185232145e+00
1.513739036995258358e+00
1.476832459020497090e+00
1.489929466382476697e+00
1.487853078641649507e+00
1.393545214802006882e+00
1.495237701308999023e+00
1.336604001982355294e+00
1.228648027900577810e+00
1.332794473012164582e+00
