4.841307305451008659e-03
5.451274762847963494e-03
1.443075541504544937e-02
1.345810692123617681e-02
1.783316096926202202e-02
2.025136977622712248e-02
2.134562717007445001e-02
2.245103629788202868e-02
2.294243673092620506e-02
2.320500779448724307e-02
2.344099773097930647e-02
2.354052945812605893e-02
2.356151029785809314e-02
2.361996766426256028e-02
2.354339342918616851e-02
2.339837070448411507e-02
2.342967776922369461e-02
2.291051412679368654e-02
2.256990044571507287e-02
2.253692432234612880e-02
2.042532613079743598e-02
2.034627178406476361e-02
2.061400826327606031e-02
2.006181393333228077e-02
2.036815409953354056e-02
2.130435557185513321e-02
2.061707308177316428e-02
2.233533182958250679e-02
2.406300880797718200e-02
2.190395061799081319e-02
2.945519328680593421e-02
2.951089746844455866e-02
2.024086512601840429e-02
1.699559350699554258e-02
1.020471066200271705e-02
-8.061117788747917262e-03
-1.261467662911728085e-02
-1.649650213294061654e-02
-2.779449961277764142e-02
-2.746107185111126489e-02
-3.013875841270806030e-02
-3.138774623308698830e-02
-3.111202094599635481e-02
-3.177575144076706659e-02
-3.267572880661559487e-02
-3.284026938717103661e-02
-3.346358491171570054e-02
-3.586605084050074194e-02
-3.553681740210420242e-02
-3.541240232328375648e-02
-3.465637669104251750e-02
-3.068977191590342365e-02
-2.896289222902804703e-02
-1.832587575433078028e-02
-1.188599274396230816e-02
-6.332498342421322840e-03
3.818368180466310668e-03
1.235267310708001651e-02
2.099482373661565315e-02
1.987120271992385764e-02
6.342715983619184004e-03
3.976374839732383856e-03
-6.158602569632094965e-03
-1.415736320275206260e-02
-1.539450599708679090e-02
-2.449530705666916677e-02
-2.677998386801580880e-02
-3.004633614666341393e-02
-5.216934882254303796e-02
-6.161327192234233863e-02
-7.605125832053585833e-02
-9.233427232104259030e-02
-9.258251328758117238e-02
-1.044711360576862369e-01
-1.048059586656920894e-01
-1.016409178328242235e-01
-1.055995255795372928e-01
-9.266456676199895381e-02
-8.807426195850474870e-02
-8.104232193113401761e-02
-5.768788621493042140e-02
-5.078442888017609125e-02
-2.429384384432936236e-02
-2.855832379256179835e-03
1.178263518113063964e-02
2.523803271156706968e-02
3.129962792814700717e-02
3.369842333999713974e-02
3.168458859653749266e-02
3.313178001965182834e-02
3.044168933340896457e-02
2.838334130833410421e-02
2.856764092011762970e-02
2.511669428287199510e-02
2.891557719684605468e-02
2.333677962311507884e-02
1.553853198896066809e-02
1.607780511839872542e-02
3.766428576835981917e-04
-2.812725124902161825e-03
1.071507306723418771e-03
-6.577817355015466369e-03
-6.751846911616082685e-03
-5.222636033743933114e-03
-1.152138906341422520e-02
-8.534927403292031159e-03
-1.008297966404803243e-02
-1.302991063132618275e-02
-1.132969772365310240e-02
-1.226001812944457411e-02
-1.174422621982110400e-02
-1.115791355372470518e-02
-1.335029985713648282e-02
-1.805086145880912402e-02
-2.384369576746846187e-02
-3.025696389384077700e-02
-3.570721722377428325e-02
-3.976619559110794455e-02
-4.954900167564633973e-02
-4.605394750773197238e-02
-4.927073192490435266e-02
-4.914504133388782059e-02
-3.201455442334776025e-02
-3.172417577904883268e-02
-2.507450305481070604e-02
-1.494920200740048818e-02
-2.187830166268583953e-02
-1.122369635192110339e-02
-1.750649253141262768e-02
-1.996652928774352020e-02
-1.425613242424002280e-02
-1.772642243551137212e-02
-1.541526822989688558e-02
-1.749695087291857840e-02
-1.795283382952105392e-02
-1.830703891534396846e-02
-1.923881820338573662e-02
-1.956795547732590942e-02
-2.049809693568416247e-02
-2.021094579993518853e-02
-2.211775529831529544e-02
-2.247554176201637874e-02
-2.233999762377747444e-02
-2.726310867946887123e-02
-2.733058500110150529e-02
-2.680293115914575766e-02
-2.825518361705214518e-02
-2.583012537714203180e-02
-2.356909341568788271e-02
-2.437262212375461770e-02
-1.875804296246893696e-02
-2.685964145740737594e-02
-1.811246284859033273e-02
-1.796017071994065670e-02
-2.129050979497740248e-02
-3.860234379852695453e-03
-1.308579993830407545e-02
-5.937644395242267469e-03
-3.077135012616278621e-03
-8.241523632814990244e-03
-5.248368126007811607e-03
-1.809809354670241857e-03
-4.366385449011982514e-03
2.618672745273090477e-03
-8.026777920211803155e-04
-4.886935109713107760e-03
-3.627253031155531268e-03
-2.722412219884525093e-03
-2.361909035969898211e-03
6.219399337994777587e-03
1.195207725660218760e-02
1.587543711381046718e-02
2.616902211027992420e-02
2.285531326011276329e-02
2.499321369930866676e-02
2.415779800311567208e-02
2.814834314969034967e-02
3.472381953181385983e-02
4.899212146550245561e-02
5.627046940336111885e-02
6.665707981597242260e-02
7.696513968036604314e-02
7.547957706657783261e-02
8.628276269121280817e-02
8.820756721562146574e-02
8.532336894364692115e-02
9.606793157273793571e-02
8.669768685964526767e-02
7.717090722627512056e-02
7.149300257987639684e-02
4.293699393781594958e-02
4.105616061362982877e-02
2.661503292880462723e-02
1.900895490786012540e-02
2.628746470797837034e-02
2.747069125841617235e-02
3.573774462219837800e-02
4.732189061419220938e-02
6.391819499718054409e-02
7.899101393177807018e-02
9.725663531620004632e-02
1.189769711295565052e-01
1.263186184495979913e-01
1.383866181247257465e-01
1.452400340839067605e-01
1.452337057273550835e-01
1.535987549220510784e-01
1.537722038823750581e-01
1.502870629835278415e-01
1.503901780391006804e-01
1.308665036957462058e-01
1.006248972421659865e-01
8.278185735298577985e-02
4.248098881539306981e-02
2.793096238767230413e-02
1.423004616748260384e-02
-5.942430464891439645e-04
-3.010348816008224029e-03
-1.225249657753711696e-02
-1.509911472865695450e-02
-1.613918219571028323e-02
-2.876442297875858242e-02
-2.884661063870005288e-02
-3.364285465947432913e-02
-3.784299900029648028e-02
-3.543054301733141592e-02
-3.319828187003936310e-02
-3.103154028051415339e-02
-2.341248768637327685e-02
-2.218419600089812510e-02
-1.890120555336220753e-02
-1.987988983833509013e-02
-2.643851643160997564e-02
-3.362361400394466016e-02
-4.261309828763303748e-02
-4.973197385856221314e-02
-5.997912240300525694e-02
-6.579578478438218025e-02
-7.432244943830104700e-02
-7.729351943639864442e-02
-8.069868222045468997e-02
-8.577769579376298692e-02
-7.849877214131414926e-02
-8.723019179173097104e-02
-7.775576502961679959e-02
-7.518311788371180582e-02
-7.763891577806285305e-02
-6.073503568778759742e-02
-6.478090177533778193e-02
-5.198192396458870684e-02
-3.418007012332210243e-02
-3.268977480447025907e-02
1.715977011478607168e-03
1.069999033538240885e-02
1.361329567941413701e-02
3.034656972130464134e-02
1.939420747849427556e-02
2.152844383880804860e-02
2.246282759275801053e-02
9.922656808025750660e-03
9.196783959600206629e-03
6.419526149208940394e-03
-1.197269235109883539e-03
-4.280096318376360592e-03
-6.589033524651843020e-03
-2.271541303158910660e-02
-2.501349670022766369e-02
-3.170330592627047805e-02
-3.958706106938646857e-02
-4.172654148027553356e-02
-4.463592782702217876e-02
-5.146805408546267779e-02
-4.879374949329842032e-02
-4.974451028326997565e-02
-4.854035410737774642e-02
-3.010207022823192455e-02
-2.971178479030954847e-02
-2.076454068134695602e-02
-1.362909470210949860e-02
-7.597121052227858405e-03
-3.881374667390182116e-03
-1.391719215876536077e-03
-1.185058105636092006e-03
2.034656556466488478e-03
3.370009858492395969e-04
-9.267334615477447121e-03
-2.348570861421617195e-02
-3.554625547081638470e-02
-4.539432268192080538e-02
-4.890280581154211187e-02
-4.570936533341964092e-02
-4.218458503320054315e-02
-3.096799913913276039e-02
-2.239640638233701686e-02
-1.080480184192394826e-02
-3.904275155705524449e-03
-3.119365138657515077e-04
1.016793557319942316e-02
4.834110262052213232e-03
1.343212067114215279e-02
1.405695915630070930e-02
6.801469472622530829e-04
9.451421885951070967e-03
-1.689722241149773166e-03
-9.239383791561153747e-03
-2.155291891199693013e-02
-4.771161586209850952e-02
-5.484513048272248587e-02
-6.644028625806229493e-02
-7.480266892976017434e-02
-7.494124452722297769e-02
-7.680285811986120592e-02
-7.956214644697630345e-02
-7.736256441123420813e-02
-7.971546643795786313e-02
-7.923517480174276095e-02
-7.963564614382577511e-02
-8.081749796714783607e-02
-8.120781936585001748e-02
-8.299684122725210778e-02
-8.264345329838682086e-02
-8.534204493675928704e-02
-8.429992981281089759e-02
-8.360756605910962813e-02
-8.385850817377200894e-02
-7.684381307843525521e-02
-7.771442096546003764e-02
-7.179900234046451835e-02
-6.519037194395900514e-02
-6.550493270032514692e-02
-5.220903967104954801e-02
-4.886556411141856210e-02
-4.248577689723926493e-02
-2.556554451502328004e-02
-2.538709040237329892e-02
-1.410905524977853175e-02
-1.289572322963084341e-02
-1.468761016416661631e-02
-8.899280397315871907e-03
-1.782989914705988832e-02
-1.560438105525622371e-02
-1.827513529641789855e-02
-2.351273602055467885e-02
-2.024335034365409153e-02
-2.433568645430520677e-02
-1.926338760465132888e-02
-1.247366891908740540e-02
-1.637135119580623507e-02
8.586593065900389316e-03
1.557531760915122077e-02
2.796583422325516627e-02
7.652756992271840530e-02
7.717491373683955935e-02
1.002332274803618278e-01
1.104013847451600222e-01
1.019005625214452759e-01
1.014112659841627101e-01
9.366909833528162810e-02
7.988584767236689421e-02
7.662574487835049908e-02
6.324148547630394079e-02
4.203001789177074343e-02
3.546662732221453340e-02
1.637677418267526400e-02
4.192325975891263851e-03
-2.209956746505773004e-04
-1.805327973693867522e-02
-1.899812380872616113e-02
-2.816010431319811505e-02
-3.246472034625005887e-02
-3.326640492596073806e-02
-3.680521270004654538e-02
-3.389949644133838369e-02
-3.454104428039699026e-02
-3.085737266196442521e-02
-2.628346732210045875e-02
-2.428196585835017823e-02
-1.434879543017082704e-02
-1.108170293044053421e-02
-5.571184458241028314e-03
1.099991595518819620e-03
3.005306119880758221e-03
8.527010972769418634e-03
1.126201747720548783e-02
1.318254566060268751e-02
1.658421741156724735e-02
1.738632053656872720e-02
1.908357743651176164e-02
2.045373094654573051e-02
2.075502471748743791e-02
2.164514914382804911e-02
2.195549714569246247e-02
2.187064814886983607e-02
2.191917875455407991e-02
2.168281575076936793e-02
2.089620773745441001e-02
2.043733862900128789e-02
1.947203900686070993e-02
1.782276059346211278e-02
1.657547916047387090e-02
1.601700457078977791e-02
1.468869798919165449e-02
1.427840546479442439e-02
1.415622865723910329e-02
1.332051435748743233e-02
1.447155053310326955e-02
1.328020012267501319e-02
1.416225875509008643e-02
1.600892123433174039e-02
1.425327159098519619e-02
1.763771866650492084e-02
1.765579843489631026e-02
1.297843144488401539e-02
1.334939355872861652e-02
9.632184306587739803e-03
8.719598834799103387e-03
7.576130364728991297e-03
5.981970908773764223e-03
5.770141435361887498e-03
4.252211536025729544e-03
3.837870773485724859e-03
2.853791906918540320e-03
2.451237794869401410e-04
6.581024308315451717e-04
-4.399447227111043419e-03
-7.951692720770862921e-03
-8.426365707472219593e-03
-2.466438795597306055e-02
-2.633938482262374037e-02
-3.333195596341635702e-02
-4.039688661265307401e-02
-4.308018226898521763e-02
-4.801554547813504520e-02
-5.278444857837463755e-02
-5.796412182716067368e-02
-6.159076451706181621e-02
-7.130704436228893495e-02
-7.605665811727732595e-02
-8.149037242855444729e-02
-9.287580165836886725e-02
-8.453081722285715749e-02
-9.314553514316031846e-02
-9.168316931660572267e-02
-8.961880359579028898e-02
-9.172406568991919862e-02
-8.900507576859072179e-02
-8.657221351837410261e-02
-8.476777353280488814e-02
-8.097469995000686205e-02
-7.299830557595612945e-02
-7.056316045585815655e-02
-5.837150198751717145e-02
-4.398470494334032893e-02
-4.173993020728478109e-02
-1.103176164487792640e-02
-9.136324146216913064e-03
-2.640026649202592904e-03
8.791009511076213270e-03
8.563013008761072992e-03
1.252605211679138145e-02
1.620277184322954298e-02
1.571772275343332609e-02
1.422248280585032554e-02
1.396229513679944113e-02
1.393867790466618746e-02
1.336613846375686934e-02
1.353278474951524583e-02
1.343168614058870731e-02
1.357317872541939641e-02
1.398754521536537364e-02
1.385126246296220463e-02
1.514830038262554406e-02
1.544903093698425135e-02
1.589514594487766511e-02
1.886970618386030890e-02
1.895441467149655557e-02
1.927727835571647202e-02
1.883465555083271847e-02
1.864822455441483839e-02
1.845698540079028505e-02
1.818261238818413492e-02
1.808931917976379714e-02
1.794771296740353683e-02
1.785705330691740242e-02
1.781008344647441732e-02
1.775468730384995378e-02
1.772767788720586504e-02
1.770679812166175635e-02
1.768849935892745709e-02
1.767825126434627650e-02
1.767001093323422936e-02
1.766065484879381087e-02
1.765454895144571296e-02
1.765004242775955468e-02
1.763247461886842740e-02
1.763218874274246478e-02
1.761257365961641647e-02
1.757003569886556385e-02
1.759439544013456994e-02
1.747148184756590339e-02
1.745013663703137360e-02
1.745935487473973188e-02
1.697859247378663908e-02
1.743314152874219508e-02
1.656191633817794343e-02
1.594000140281053371e-02
1.645328823694247253e-02
