-9.528995603970415954e-04
-1.216254541611313470e-03
-4.314767333007810297e-03
-3.973117267205557995e-03
-5.629600911750929325e-03
-6.770987533891703429e-03
-6.439421615353746985e-03
-7.647772258609954361e-03
-7.678973212249405947e-03
-7.757774755491005959e-03
-8.162903338843440285e-03
-8.061012234076996713e-03
-8.175394551953329286e-03
-8.245708759473068666e-03
-8.217021572517531347e-03
-8.267338426278636465e-03
-8.269505417810478834e-03
-8.270306764874162109e-03
-8.283504498134341629e-03
-8.279767948579576375e-03
-8.282701228353369152e-03
-8.281520927322478035e-03
-8.276407339130863530e-03
-8.276778570275955191e-03
-8.260426955179733452e-03
-8.254522551617560905e-03
-8.243825768500249312e-03
-8.188012782963093386e-03
-8.196670483967043175e-03
-8.113886762790373242e-03
-7.985780363145400518e-03
-8.029538355447635861e-03
-7.662886690308831628e-03
-7.535280874781916279e-03
-7.489128634133769211e-03
-6.504429942596957892e-03
-6.682980963058992620e-03
-6.267728827276624996e-03
-6.399867107965380615e-03
-6.568120684933506821e-03
-6.471531549034731726e-03
-7.993693797982768037e-03
-8.008707233998031347e-03
-1.006478925063568342e-02
-1.049050605349058536e-02
-1.127868611650983260e-02
-1.214438694777866118e-02
-1.113198848256995339e-02
-9.824222326332260335e-03
-4.139639792090687824e-03
-2.521067773023665144e-03
3.510581501218440481e-03
8.939237383213735968e-03
9.595749722962799641e-03
1.924970259488308078e-02
1.942115947683458257e-02
1.988151960161628137e-02
2.457950953034814673e-02
2.000709204976517872e-02
2.077326627948983262e-02
1.975572084175587773e-02
9.494669089508760498e-03
5.743758001450424699e-03
-4.284032958119326183e-03
-1.393002582052754214e-02
-2.517954294489195902e-02
-3.522092529590570287e-02
-4.844917719920352472e-02
-6.182931148664966292e-02
-6.359254561745643353e-02
-6.957848994197902981e-02
-6.835587806063292415e-02
-6.357536540747683873e-02
-6.128950383838492610e-02
-5.504188582689421155e-02
-4.703710291127181226e-02
-4.294276827682440290e-02
-3.577980453795448490e-02
-2.973365561422249351e-02
-2.507412613348347294e-02
-1.931325750195936677e-02
-1.826669272446145714e-02
-1.046744576849229294e-02
-1.617519283479778094e-02
-1.238455036498012536e-02
-1.296581547579053403e-02
-1.727685518113392799e-02
-1.061722107316103066e-02
-1.733799657988786130e-02
-1.305785240472607037e-02
-4.682527224217530523e-03
1.163525970582410772e-03
8.977891486699368304e-03
2.091373558942042146e-02
2.821513489583347273e-02
3.542904675968457096e-02
4.063414847000510616e-02
3.856349398966447267e-02
3.282628590818977704e-02
2.991456926339976230e-02
2.136446661667644811e-02
1.736373203223712247e-02
1.453906749916909595e-02
3.709521899241683199e-03
6.333393438914858113e-03
2.004804895801379477e-03
-3.162396407276214533e-03
9.734318053397375547e-03
7.172566653402041685e-03
4.229182249456803037e-03
9.645305314572142491e-03
1.049044884161581988e-02
1.411616861251199784e-02
2.054679977964701809e-02
2.344531274381711494e-02
3.038994874790091477e-02
2.719128225733511220e-02
2.318521341280118525e-02
1.770805261463889724e-02
9.557527144422461526e-03
7.080576636213987626e-03
-2.916571555983537602e-03
-1.088887258960641660e-02
-1.451779497962027606e-02
-1.795558876711264226e-02
-2.008888337130108545e-02
-1.225295143919537776e-02
-9.772337394506872346e-03
-6.138613339774774517e-03
1.133051990576538874e-02
1.363587144646965024e-02
2.271909459309319132e-02
2.976721321568895698e-02
2.624158347009188791e-02
2.909426831070510353e-02
2.493803538475659887e-02
2.121011539081017055e-02
2.051220856323283243e-02
1.197747225789351673e-02
7.484446959553902982e-03
4.545050696863732649e-03
-1.217003733021452053e-02
-1.287517625767128221e-02
-1.951644470457214106e-02
-1.861499180686937080e-02
-1.701113099022584160e-02
-7.710552049449970018e-03
-2.254961757916039270e-04
1.479113875903159681e-02
2.367987227978584491e-02
3.186022639369893300e-02
4.014442338321472237e-02
4.343381941179821210e-02
4.945174480828512520e-02
5.373787374620400681e-02
5.896498920510664238e-02
6.216428134529330268e-02
6.628724458422333154e-02
7.123950968610860690e-02
7.035223808331916850e-02
7.271956228672285527e-02
6.633715393028184748e-02
5.657876901933445168e-02
4.673327999561905505e-02
2.968707141754588913e-02
1.531527398236926310e-02
-2.100839183460298239e-04
-1.895357978971276905e-02
-3.434066303745636484e-02
-4.602729019486804379e-02
-6.373763458184592001e-02
-7.036432265928910246e-02
-7.315335876339225385e-02
-8.173623264941237698e-02
-7.827569485672575267e-02
-8.026940841508982405e-02
-8.439161869034934871e-02
-7.884933928024158434e-02
-8.241205405505638848e-02
-7.958133968941445702e-02
-7.454247432130818585e-02
-7.358228284846446421e-02
-6.862275565671779876e-02
-6.917879041338909074e-02
-6.778026913488298388e-02
-7.197617772344429288e-02
-7.341232317574827859e-02
-7.630719634056959411e-02
-8.095689466359863584e-02
-8.065402325163294195e-02
-8.574330561345776258e-02
-7.912196409488020388e-02
-6.822342934361398659e-02
-6.747635150418725136e-02
-5.108578812558966370e-02
-3.607136852645666247e-02
-2.739516922257716203e-02
-1.447348037193432052e-02
-1.098940829388828262e-02
-5.399537049353308159e-03
4.893241418089554944e-04
-9.101479667670815763e-04
2.216790364732687361e-03
2.745167871513367729e-03
2.781034008757363369e-04
1.577996643676053560e-03
1.060540626498410882e-02
1.181376945963129267e-03
8.043589614901602153e-03
1.121595704318026875e-02
1.345398925073335679e-03
9.018982967170003848e-03
5.167669966946546005e-03
-7.064762947570779475e-04
1.017258218888526496e-03
-8.057328749095560641e-03
-1.074047121915252569e-02
-1.525039370922228604e-02
-1.943876894325051452e-02
-2.330079892897191432e-02
-2.509084712482003571e-02
-1.988198750680536878e-02
-2.129936754345222380e-02
-1.545499899230871194e-02
-1.244063334055396305e-02
-1.113613935896604588e-02
-1.691338863512050188e-04
5.027743417072271133e-03
5.464027644796031445e-03
1.878316794360937805e-02
1.445506375557271614e-02
6.519562461580127866e-03
9.618206300595366978e-03
-8.530340963938742166e-03
-1.112093513127488699e-02
-1.609234983664811422e-02
-3.349638625716993418e-02
-3.623077370721415613e-02
-5.218021033570103412e-02
-6.020452749221466560e-02
-6.610350792910132944e-02
-7.244482644632052604e-02
-7.603558505031732251e-02
-6.384311122774932734e-02
-6.757931652910634246e-02
-5.378332858179875331e-02
-4.529113231208593826e-02
-4.475215285161578821e-02
-2.864165430815766855e-02
-2.728995260753383847e-02
-2.489225383217589724e-02
-1.156864365746285150e-02
-1.690281083143356858e-02
-1.784072048031516353e-02
-1.276293553169119757e-02
-1.984841405256061730e-02
-1.332145427365196387e-02
-9.451210699099392779e-03
-1.172293727748562747e-02
5.523695053410982575e-03
8.584446997229011958e-03
8.913333644987397539e-03
1.396083131531154417e-02
9.001159078953678561e-03
-4.141281486998926666e-04
-4.098769491387826633e-03
5.087871198703198747e-03
2.311104540493736162e-03
6.616277427936073999e-03
1.119921258394962829e-02
8.968684274420353833e-03
9.497389468975948532e-03
9.545394262951386807e-03
8.372022191729498394e-03
5.721409808938222180e-03
5.327148233248395724e-03
2.186139966958959222e-03
-4.815261081750533793e-03
-8.849432313687842153e-03
-1.756633696169973557e-02
-2.366062990888365483e-02
-3.184030880087267146e-02
-3.584935972942131233e-02
-4.445923428978269115e-02
-5.112662817316561414e-02
-5.306131261966633844e-02
-5.855129281815063536e-02
-6.045043305317274185e-02
-6.217240362075228399e-02
-6.552478186305749075e-02
-6.690048000461376598e-02
-6.830664419808707422e-02
-7.164411974106107972e-02
-7.291136952001522897e-02
-7.154861010050617143e-02
-7.390982343006903543e-02
-7.115406835172513600e-02
-6.944273724411528792e-02
-7.132853902045968586e-02
-6.953034193496118731e-02
-6.850255726826361136e-02
-7.071012103896666401e-02
-6.563871385320491081e-02
-6.469509895350934736e-02
-6.172660666102807586e-02
-5.420202561856465179e-02
-5.180076073023020394e-02
-4.388892284624167084e-02
-3.675837972373657836e-02
-2.996591075538010407e-02
-2.189455343066740167e-02
-1.662639618790759041e-02
-1.693972610973249610e-02
-1.362309185017333141e-02
-1.413730782945961210e-02
-1.244719356508061647e-02
-1.102680437949802097e-02
-7.907277408168229133e-03
-2.662200015833507665e-03
-1.253371668124269591e-04
1.128776549057696268e-02
1.636841934506244600e-02
2.461873831723980846e-02
2.920374154163322966e-02
3.713881012585442537e-02
3.749247381642965837e-02
3.109327685483154885e-02
2.872089162837574566e-02
1.588654345585067962e-02
1.114413102982327909e-02
2.844484784102263575e-03
-1.659392210923190357e-03
-5.548963274795171499e-03
-9.736577584139767538e-03
-9.806364982370209191e-03
-1.139091336192541576e-02
-9.062927864211187123e-03
-7.502205781517554302e-03
-6.857227973559256243e-03
-3.397689090968996403e-03
-2.883369700063870798e-03
-3.736449364874060847e-03
-5.033022584490830578e-04
-3.180172834097313127e-03
4.045786531763804431e-04
3.182277468354160425e-03
2.135068998437444215e-03
1.280499616656867283e-02
1.185173117844531658e-02
1.916394457087314956e-02
2.732225686601306644e-02
2.630990768843955926e-02
3.306344486140837258e-02
2.589198383830225089e-02
2.003830671166091995e-02
2.978676193657455937e-02
1.992190900869332190e-02
2.083618263093511488e-02
1.681354610541616751e-02
5.173843950960586987e-04
-8.810117557057737733e-03
-1.974241547876361136e-02
-3.357648952349025218e-02
-3.605786582381689809e-02
-4.076787378062467215e-02
-4.310373424297107153e-02
-3.777902287918868257e-02
-4.695620063815222206e-02
-4.260650172268172498e-02
-4.709672103330563714e-02
-5.509198251155842524e-02
-5.354270546638750794e-02
-5.948904496628694416e-02
-5.717177638984744653e-02
-5.316844748844786611e-02
-4.912780925643614460e-02
-3.990378804269998497e-02
-3.299592942743005686e-02
-2.024449249743735801e-02
-9.129439283627886412e-03
-1.044263779689054341e-03
1.237799879161403070e-02
2.266889160767424777e-02
3.181714432684921989e-02
4.584354777483302251e-02
5.472181703951121967e-02
6.369353271762101532e-02
7.782234862483029814e-02
8.098168297979856101e-02
8.905035801969682363e-02
9.399186296124507900e-02
9.126644538921047101e-02
9.722020880782021590e-02
9.319396658276009326e-02
8.955590934883596310e-02
9.069440796172248409e-02
7.854267710602209907e-02
7.528983821486831540e-02
6.728804692453935199e-02
4.946409278869290382e-02
4.453016120870732786e-02
2.776185276009197206e-02
1.627019566979902646e-02
9.374760290822676048e-03
-6.776307908953413915e-03
-1.065547469046108919e-02
-1.930253047367413988e-02
-2.627369931059277477e-02
-2.396245078761245415e-02
-2.840913208449816207e-02
-2.661061335353535201e-02
-2.287067962501580787e-02
-2.273720329350490538e-02
-1.708125365030379456e-02
-1.200092615308902266e-02
-8.375230003246605243e-03
7.721935095296761668e-04
7.293948933715177843e-03
1.251519770359371501e-02
1.659101697818363488e-02
1.561006434634722682e-02
1.685558377853604850e-02
1.822229675664755952e-02
1.709146568222926280e-02
2.083514240405094989e-02
2.208041914707571662e-02
2.275564957316199288e-02
3.209663609379260346e-02
3.336417678854706331e-02
3.737509863644062486e-02
4.473845294068570788e-02
4.549961737957173430e-02
5.354287506711090383e-02
6.108934757378402941e-02
6.140619951179855651e-02
8.052624050482111440e-02
8.104157108429345391e-02
8.695164673544816814e-02
9.384844446819726183e-02
9.367348100577550796e-02
9.747174013264839343e-02
9.885841129824650408e-02
9.906314761083839793e-02
1.003011079788318910e-01
1.001622929967037473e-01
9.970966055500998793e-02
9.957583158280532143e-02
9.819783091839662248e-02
9.623458430582813861e-02
9.513314157229021961e-02
9.003148407898678429e-02
8.642332929154392107e-02
8.200586355074442058e-02
6.784109793802933774e-02
6.494790752869268602e-02
4.650379161889187790e-02
2.298458903971912354e-02
2.382006059439229634e-02
-2.465650792766509170e-02
-2.481768134835026993e-02
-3.203906305214167943e-02
-5.002701905247772252e-02
-4.071492034028012519e-02
-3.980035185970032252e-02
-4.240010039335937592e-02
-2.358998515020630654e-02
-2.486792271099227611e-02
-2.265736281265050625e-02
-1.544579350343229691e-02
-1.428684064641292002e-02
-1.242846115021421435e-02
-6.148754640991911657e-03
-6.558404309212489264e-03
-4.839619791166143749e-03
-2.874867951554041425e-03
-3.269740702836897335e-03
-2.140029663071799180e-03
-1.880301844645701492e-03
-2.085166233533208239e-03
-1.811958778263610039e-03
-1.652414409070802025e-03
-1.732184448981589214e-03
-1.587176247141347789e-03
-1.566380074158652122e-03
-1.573428777385015281e-03
-1.516054447864081077e-03
-1.519952931032212892e-03
-1.509542146574453314e-03
-1.494245273169377908e-03
-1.496008465368511581e-03
-1.489432768504352122e-03
-1.486889543706443068e-03
-1.487027725549586480e-03
-1.484419908590115097e-03
-1.485928785890330102e-03
-1.485839148493055175e-03
-1.485280746376436631e-03
-1.492685127258958685e-03
-1.488210068380439125e-03
-1.496839139025733659e-03
-1.514306424379512853e-03
-1.491922821759170603e-03
-1.551601078157451540e-03
-1.553080724832659040e-03
-1.518545633722219283e-03
-1.738171279215278229e-03
-1.568674268200998456e-03
-1.728512492968789895e-03
-2.120716595394632389e-03
-1.521278156202925200e-03
-2.588839022444098994e-03
-2.822500620467394833e-03
