1.652627955915782210e-01
1.766374550258595633e-01
3.220539808757262867e-01
3.357561249291667882e-01
3.398253948593236706e-01
3.638902892841013870e-01
3.475272000495741032e-01
3.553903019922397544e-01
3.566387852448445472e-01
3.531563656401245366e-01
3.566011685210971338e-01
3.553952730234868906e-01
3.554113542992006769e-01
3.561690872499168603e-01
3.556332977173067844e-01
3.559317412197344765e-01
3.559602637646289147e-01
3.558501638588353888e-01
3.559627202599051632e-01
3.558875001779370217e-01
3.558797695561424779e-01
3.558567912205787831e-01
3.557476026683669690e-01
3.557460358958596247e-01
3.555266386502624054e-01
3.553783745771272873e-01
3.552896038252906230e-01
3.545268483947118798e-01
3.545679231931425091e-01
3.536747662612013121e-01
3.518887328321608776e-01
3.527476191830042351e-01
3.478340202939083636e-01
3.463064119774018068e-01
3.463552778660187736e-01
3.274202973299973896e-01
3.233916407394381576e-01
3.137738392426862588e-01
3.044988211785085719e-01
2.962283856245934710e-01
2.956753809045217785e-01
2.744223383376627190e-01
2.707293563566923189e-01
2.674842322214975310e-01
2.385308664243552257e-01
2.560760452839347390e-01
2.600932180413073058e-01
2.884745089879353075e-01
3.286212589928370065e-01
2.928690354416475516e-01
2.630769772150763908e-01
1.524494805152400156e-01
-1.270053977754050101e-01
-2.146721949349368053e-01
-1.500586599939411903e-01
-8.004452534608149858e-03
1.029464746725668733e-01
9.738736963589983420e-02
1.400654282842474507e-01
1.420477958855588529e-01
9.340434050974023850e-02
4.986921550646197104e-02
-1.416860026234809285e-02
-1.605345994469003362e-02
-2.169442126661438874e-02
-2.439266470581971311e-02
-1.863457417018821172e-02
-1.887288527973095958e-02
-1.813879308119335440e-02
-1.287857945369802470e-02
-1.589022712268388718e-02
-2.014764764190165452e-02
-2.227536292549174221e-02
-4.022491352262135000e-02
-4.683075670760180470e-02
-5.679974915822371545e-02
-7.398756123132131657e-02
-7.847386301479797321e-02
-9.204262335959054186e-02
-1.069132545130109524e-01
-1.088608027823807223e-01
-1.427365383952885203e-01
-1.599976963477922065e-01
-1.872086223813951289e-01
-1.934519137860121196e-01
-1.617910499099619315e-01
-1.287328259673241604e-01
5.740029577202290789e-02
2.283561569223334919e-01
2.710283820674113109e-01
2.983452189360388251e-01
2.967193052183432211e-01
2.236030130570768049e-01
1.373296480474963666e-01
-1.875263975458754118e-01
-3.298668146874998430e-01
-2.607113221652279655e-01
-3.108219834631812950e-01
-2.059425539188092236e-01
-2.758404741361398238e-01
-3.993713739057461187e-01
-4.459590129281481019e-01
-4.567763116329487949e-01
-5.153904762807521855e-01
-4.958247031019327178e-01
-4.749000152799000563e-01
-4.514947657316835672e-01
-4.086318119137054006e-01
-3.930299716360678430e-01
-3.476242952498883043e-01
-3.263491470564137686e-01
-2.994434632187939482e-01
-2.787105394529996727e-01
-2.783502416331699592e-01
-2.602989349389326357e-01
-2.801827389909604116e-01
-3.103512371933328517e-01
-3.188902468264049328e-01
-3.674756201306887959e-01
-3.852409241289008746e-01
-4.252791082804067702e-01
-4.588860823914664433e-01
-4.783173500967771719e-01
-5.284604782228993214e-01
-5.174002488159135105e-01
-5.523216567075887040e-01
-5.652272810697980265e-01
-5.458703581014154871e-01
-5.739901555381654585e-01
-5.625707511086794899e-01
-5.626384853684575083e-01
-5.835455381148291210e-01
-5.616647369076530616e-01
-5.757224382088568237e-01
-5.719345159776110243e-01
-5.382278328458792727e-01
-5.517970151949765922e-01
-5.081949748138926415e-01
-4.852086847221943056e-01
-4.682753727741990613e-01
-2.780808098682993057e-01
-2.430439108040699236e-01
-1.714050946406927012e-01
-6.421159056916794783e-02
-6.889635495219401107e-02
4.224362468064526976e-02
-4.988960299586642916e-02
-6.673643419028604806e-02
-1.042117100967647758e-01
-1.194899908073377426e-01
-1.300123282713242234e-01
-1.505620019048688474e-01
-1.635907811042325855e-01
-2.391681521663409082e-01
-2.436731686748329073e-01
-3.348367888925368741e-01
-3.382224753042235577e-01
-2.538548698410371118e-01
-1.907500365338515580e-01
-1.171193532613162003e-01
-5.458027064496332598e-02
2.340648826893843015e-02
8.842560944488929431e-02
1.459260411447784733e-01
1.972816909944773434e-01
2.366063868305496032e-01
2.429150133953447976e-01
2.400028608418938447e-01
2.163377213883877770e-01
1.672255546503134127e-01
1.148239545577452725e-01
7.842576467694649389e-02
2.262931561824209348e-02
-2.269812142989761916e-02
-5.570828414855916871e-02
-8.859459642228141585e-02
-1.063849527161888353e-01
-1.226733078975436736e-01
-1.257239305404700414e-01
-1.210472921350916747e-01
-1.181771152053829321e-01
-1.019590772655965816e-01
-9.158100477290954944e-02
-8.633859062191696909e-02
-7.303731870652112323e-02
-6.829811467847478335e-02
-5.710562356960737634e-02
-4.963488785593116182e-02
-3.331704038985187910e-02
-1.461163447472978161e-02
-2.738467046052074118e-04
8.060038874575906759e-03
1.547734567801804968e-02
2.172856942012772394e-02
1.905961057541880055e-02
1.431520255196996362e-02
5.506356967431609226e-03
-6.783435653173711284e-03
-1.860128392152342672e-02
-3.208392592340024441e-02
-5.218686156194098091e-02
-6.169967155349288107e-02
-7.883076732274166276e-02
-8.441467446086796389e-02
-9.531370878378743472e-02
-1.044093730241155427e-01
-1.097832627458306398e-01
-1.217351988492546555e-01
-1.263527293702377818e-01
-1.380649284696396362e-01
-1.481647827209145452e-01
-1.568760024393940633e-01
-1.767894292466536399e-01
-1.880961423510642827e-01
-2.074622123355452652e-01
-2.260637517417560804e-01
-2.411306762527404002e-01
-2.655500856929787767e-01
-2.850067737580864180e-01
-3.156092050190278941e-01
-3.356932176831982084e-01
-3.699877309510180567e-01
-3.870490575881388451e-01
-3.379253001449907812e-01
-3.286849951219408261e-01
-2.025049984673263637e-01
-1.190838252241765982e-01
-6.918550439354914650e-02
-2.593278364384256005e-02
-1.074513222364609048e-02
-6.477235756718860427e-02
-1.747080885899139902e-01
-2.123695742910141626e-01
-1.904120311569838242e-01
-1.852881794997246201e-01
-1.737451470162794109e-01
-1.535164649287314720e-01
-1.840081153065137032e-01
-2.316821352789045219e-01
-1.661243704758976758e-01
-2.307220293510998943e-01
-2.683043349051491000e-01
-2.683536827209833664e-01
-3.608531381476488553e-01
-3.420623635835579046e-01
-2.990765273439457972e-01
-2.957942505910027831e-01
-2.337943989791329558e-01
-2.079941776129617947e-01
-2.200436795493366238e-01
-2.019718148155196513e-01
-2.309970593282734130e-01
-2.199219967032907119e-01
-1.817991051772732680e-01
-1.373917826808288556e-01
-9.218976507435364121e-02
-5.630150969500661434e-02
-4.056761690384199509e-02
-2.598189906128129181e-02
-1.518538080342838291e-02
-6.746255768126014664e-03
1.754914713896638199e-03
-9.605617444264180453e-04
1.505213563149934057e-03
-3.948354372094825537e-02
-8.126519607188169292e-02
-1.168417408353878556e-01
-8.600175452378742980e-02
-8.673042108186278243e-02
-7.905321967334950906e-02
-4.999117796747577086e-02
-4.610007141212308507e-02
-2.271525402695202811e-02
-1.303989557199240409e-02
-2.742693151119515726e-02
-2.254228526554089007e-02
-3.643545735741283292e-02
-5.247219743244366241e-02
-6.445213744139793866e-02
-7.012895299759790146e-02
-1.022625532552280531e-01
-1.385280132452991753e-01
-2.020356485929957202e-01
-2.418535032329794665e-01
-2.991109672579422285e-01
-3.619204284837361785e-01
-3.787710823228748747e-01
-3.895001404589687466e-01
-3.790994616629683178e-01
-3.368099504961117319e-01
-2.965907284042498815e-01
-2.590495517265321013e-01
-2.189790923196329453e-01
-1.772056070888595458e-01
-1.507596953941198192e-01
-1.277807723572328691e-01
-9.933353820784983357e-02
-8.851925884860849247e-02
-6.207674499534958368e-02
-4.752361611674511127e-02
-3.687228561310846447e-02
-1.060100850552466410e-02
-1.598434189025027541e-02
-2.606486128127004538e-03
-9.638083308549585601e-03
-4.626828910537414408e-02
-5.075957126713577516e-02
-1.065947230993384010e-01
-1.417549929539883014e-01
-1.583966801186036388e-01
-2.074649503211090373e-01
-1.907360058045707574e-01
-2.069653620251691029e-01
-2.082988763677912358e-01
-1.600643148522110648e-01
-1.218840609003193909e-01
-7.268932273624778562e-02
-2.653486640231454696e-02
1.255337817822814450e-01
1.618610026658533763e-01
1.499381181310429356e-01
1.896958828362957927e-01
1.886781625971016563e-01
1.565635478187140384e-01
1.710745497636992074e-01
1.191530985920224300e-01
-5.380953413874264152e-02
-2.273409506607452779e-01
-3.176687339790211229e-01
-3.778736646176150127e-01
-3.924246631457273260e-01
-3.536378449544163582e-01
-3.626573077305296211e-01
-3.451603970036785096e-01
-2.794969390859519121e-01
-2.708283350171008519e-01
-2.453667267438181254e-01
-2.097471689235720638e-01
-2.051137400365810604e-01
-1.661716084893311018e-01
-1.311394729272300219e-01
-1.230904929991493146e-01
-2.870694268381014658e-02
-1.948747380674449928e-02
5.093122458907153004e-03
4.791483267981904576e-02
5.209151924281060081e-02
8.430962447480774835e-02
1.190476638589024611e-01
1.239821846619213325e-01
1.832081210082800449e-01
1.850039942200746024e-01
1.931963390177511564e-01
2.110293123145531580e-01
2.102194884560547039e-01
2.187652017543345317e-01
2.238306334777902806e-01
2.282147995228554493e-01
2.321863888421107636e-01
2.395379224408727969e-01
2.468101587652042073e-01
2.466488747792806857e-01
2.566968100293605115e-01
2.748309175648076530e-01
2.759320276341050149e-01
3.190140001167083295e-01
3.193429860001937848e-01
3.239308864640342289e-01
3.354962288797463388e-01
3.338967126711160360e-01
3.383492679757225119e-01
3.405063223006878914e-01
3.405658516337677910e-01
3.424192310608247802e-01
3.426707147887073091e-01
3.430432227666261880e-01
3.435864987641549240e-01
3.435968133246552481e-01
3.437811308219546058e-01
3.439290378730136544e-01
3.437832580650519998e-01
3.438644516523225447e-01
3.438404214536478487e-01
3.432832572011966232e-01
3.436875574607795580e-01
3.428079013206128400e-01
3.418688134660350930e-01
3.431780010468116759e-01
3.385817860343957597e-01
3.399676275611031029e-01
3.397551150467866821e-01
3.259121317827653463e-01
3.407462538200329849e-01
3.175736640879666672e-01
2.961878906157308089e-01
3.113518810201448273e-01
