3.004927414657597440e-03
2.625202513006045287e-03
2.349724019004907974e-03
2.710960365029289020e-03
2.181991676863607142e-03
1.633225798938274130e-03
1.274184154116233050e-03
7.376945980135765938e-04
5.435608483629868551e-04
3.388209604749291759e-04
1.718094153636232514e-04
1.034115427343908255e-04
2.195404220247561470e-05
-2.433596490470830184e-05
-5.270306398648936554e-05
-8.005478884307070178e-05
-9.387138227325998578e-05
-1.052208481801176788e-04
-1.134036014014493365e-04
-1.177665022204717497e-04
-1.221418931086438520e-04
-1.229584306560156746e-04
-1.247597457559170106e-04
-1.258534768425465574e-04
-1.202171434354868675e-04
-1.261790444302304901e-04
-1.168856990656133696e-04
-1.046993978081706361e-04
-1.280667939405248992e-04
-6.586892611068660632e-05
-8.412741731976002327e-05
-1.085049354553456485e-04
1.096731463084082379e-04
-1.048764227642148475e-04
1.208377296171596262e-04
3.358758016508502672e-04
2.020838453307533770e-04
-1.724961609882800492e-05
-7.985249053227242311e-04
-1.085064173305279366e-03
-1.458760319628073709e-03
-4.245773761255819227e-03
-4.024120580525143535e-03
-5.199897627447293974e-03
-4.059861844603854415e-03
-5.023306874226160165e-03
-7.123681370808647439e-03
-7.817650725849736859e-03
-1.214504818008708617e-02
-1.304573135865344513e-02
-1.347427052668917664e-02
-1.307096947181738376e-02
-9.597554820277364590e-03
-4.190590005800590157e-03
3.363095259637034068e-03
6.128987441547277711e-03
1.470318821786477208e-02
1.715975626975990362e-02
1.914219773621226748e-03
1.766361641791847677e-03
-8.264288192115606252e-03
-3.500526449320786465e-02
-3.668976601521176800e-02
-5.442811009274335643e-02
-6.120324602443340950e-02
-6.645022484491551473e-02
-6.906492310353232189e-02
-6.829066294415421512e-02
-6.565090466122538992e-02
-6.375735364638658587e-02
-5.902725156628834541e-02
-5.507390074302758592e-02
-5.182374077536908152e-02
-4.522634185928732509e-02
-4.396106033710133615e-02
-3.965868014626264954e-02
-3.999005239718815552e-02
-3.993949122295548798e-02
-3.878979545917353444e-02
-3.771323429435342184e-02
-2.963715384817829784e-02
-2.731438305433767783e-02
-1.468005618831702205e-02
-8.674853706398383962e-03
-8.816326978193757963e-03
-4.241435258527782512e-03
-4.130669091362417639e-03
-8.957173681950402963e-03
-8.633601815928234127e-03
-5.262110645170424428e-03
-1.001300425210855695e-02
-4.996217407813682843e-03
-4.018856597399956447e-04
-1.169750622573972193e-03
1.483635123212023038e-02
1.612145205040120891e-02
1.128589434846526997e-02
1.752252775593692372e-02
1.156863306944689619e-02
1.097212545202260262e-02
1.050686898319006662e-02
7.390435656597449908e-03
1.025430193200264038e-02
5.951532061613103337e-03
-5.621603641023013506e-03
-4.932556917017328658e-03
-4.598088713286799592e-03
-2.783304286098803836e-03
2.800810626479321910e-03
5.785701704783451950e-03
7.434646243556600718e-03
6.838905572059665421e-03
4.716083029594214486e-03
2.312795378306654534e-03
1.340500047211893794e-03
-4.697235257919848798e-03
-5.286945941852570253e-03
-1.082187336216195069e-02
-1.323337254191804709e-02
-1.440593263486674921e-02
-1.853896461460103132e-02
-1.219327658124004510e-02
-1.373677316450354693e-02
-9.845862940625589935e-03
-6.435552874401667157e-03
-1.100196755801409292e-02
-2.866014455322642932e-03
-8.706524561560230815e-03
-3.993815594345729268e-03
1.385176349359427093e-02
1.959025195815326456e-02
3.407890917851563034e-02
4.964896285428338496e-02
5.219969144123871863e-02
6.988428389054460177e-02
7.313669643990471092e-02
7.249031746789265374e-02
8.234407235330050423e-02
7.450572231682904556e-02
7.554579134598263246e-02
7.465203368170067466e-02
6.055065284681708515e-02
5.821444571952680280e-02
4.381836853520426622e-02
3.282762718245459815e-02
2.516436827372804316e-02
1.060179800588592451e-02
1.027966648483909402e-02
3.460287561922298881e-03
-9.052909996842710199e-04
1.265894975999439301e-03
-2.588274182686875827e-03
-3.382450636203899845e-03
-3.682077710073995442e-03
3.683259999229843325e-04
2.847131988103529694e-03
5.042732929590030243e-03
1.010815618724842692e-02
1.384688329449557803e-02
1.486441663525113997e-02
3.010396303053013145e-02
3.137484692654687185e-02
3.738204089474310432e-02
4.323355278059294593e-02
4.445025409226300434e-02
4.824132460363253494e-02
5.252835451390418936e-02
5.168200538628293234e-02
5.584837820694336236e-02
5.339996015539306973e-02
3.839542157565423164e-02
3.418293106119192626e-02
2.524056008536944284e-02
1.757020155172452427e-02
2.323244352319711842e-04
-4.826426091860125389e-03
-1.038972118450322973e-02
-1.203063432108997070e-02
-1.062157910310857281e-02
-6.874951887847592993e-03
9.428415937179647141e-03
1.459912686499652106e-02
1.526583038926302913e-02
2.089806090210993839e-02
1.654766288661123352e-02
1.674682848993020237e-02
1.818830005339982722e-02
1.591104749072400418e-02
1.702847853538627318e-02
1.517983679770794000e-02
1.498792842460935568e-02
8.988450304155005260e-03
9.538398905575010828e-03
4.788760188422489829e-03
2.727499902325283051e-03
-1.143932833233556870e-03
-5.400293581105252046e-03
-1.050462756079001414e-02
-1.513807672133910334e-02
-1.597581898851256968e-02
-1.861106852728298261e-02
-2.103598555381954588e-02
-1.969248484684717193e-02
-2.088404190118550371e-02
-2.180552294559652549e-02
-1.614482600087683781e-02
-1.763772917761925393e-02
-1.097796749362316485e-02
-9.003282411168109147e-04
4.865124767788476211e-03
1.915837153912213278e-02
2.521941304799768524e-02
3.516459463945086766e-02
4.292102249111254958e-02
4.442713261142333669e-02
4.966492408011922294e-02
5.088073023586478505e-02
4.919026167423346668e-02
5.351355680485923860e-02
4.710058500982051977e-02
4.385670054866562528e-02
3.865727012147546909e-02
1.767619258399269477e-02
1.716250409512502795e-02
-2.981030851112557133e-03
-1.061864479786251564e-02
-3.360420591757196009e-04
-1.249126210466086628e-02
-3.037203694907992732e-03
-4.572970296458782856e-03
-5.069488207159843565e-03
1.345792481540548056e-02
1.327548165609322532e-02
1.919423668139008665e-02
2.261426263364288772e-02
1.719856610675152969e-02
1.798189486358785227e-02
1.571224668750295650e-02
1.188050340624768712e-02
7.954884488387246183e-03
2.051506528569317037e-03
-8.416981743230741303e-03
-1.821513209472702677e-02
-2.147443849024436788e-02
-4.143510956838536430e-02
-5.680063452472324664e-02
-5.929615420577113299e-02
-7.801526854857872284e-02
-9.257862577083127154e-02
-1.014000144673646436e-01
-1.142878120559706057e-01
-1.300355815627746159e-01
-1.355592109795567268e-01
-1.422093873871229652e-01
-1.440620915010380476e-01
-1.403421842022820887e-01
-1.342363313373620970e-01
-1.245064052526499154e-01
-9.486255964546254360e-02
-6.484687346981407585e-02
-3.896433968655484137e-02
-2.065438175015788316e-02
-1.552058441568128153e-02
-1.382458862715718780e-03
-5.162088102367143848e-03
2.227472409630561548e-03
7.804550281459173402e-04
-5.411684216221251779e-03
-4.376584911375186460e-03
2.917439648427666132e-03
5.216849494484483707e-03
1.519032741930437247e-02
1.565695161673407929e-02
1.957584273158571864e-02
2.433844752483801249e-02
2.092733375302704979e-02
3.495681103615763674e-02
2.853412566211206008e-02
2.700127435235493562e-02
2.990092265568483620e-02
1.417506222167670693e-02
1.367020608543208574e-02
7.758604333868545332e-03
3.514170461786192239e-04
-1.208200409561816955e-03
-6.200622750586840329e-03
-6.738178105372171108e-03
-7.120374886387372849e-03
-4.004015172399906508e-03
-6.817062392089864083e-04
-3.868590857848497951e-04
5.078903482091493525e-03
7.671221823729082977e-03
8.299374229168016148e-03
1.808103056918772267e-02
2.158366144692388383e-02
1.926828111991983616e-02
2.176507530338469415e-02
2.134439307434918623e-02
1.362679543630448270e-02
1.842328805072523945e-02
1.333823433639713327e-02
1.155113375148388542e-02
1.444242882252257283e-02
7.812987657371752923e-03
1.054838625058559382e-02
7.958971576517497384e-03
1.626574526553497841e-03
4.743911558604699784e-03
-9.294440334396029263e-03
-1.189826092614911825e-02
-2.893011707634851669e-04
-6.284344563831201214e-03
-1.144502821688373959e-03
2.379444117924320572e-03
9.768222075211157630e-04
4.860700203943037721e-03
6.551647033489125388e-03
7.236925329061377060e-03
1.207993838981514557e-02
1.519873413460552485e-02
1.573859939941612412e-02
3.107820775235239572e-02
3.194172041069177209e-02
3.790866720396153522e-02
4.371282174845029372e-02
4.482515055367293499e-02
4.873713938088456571e-02
5.294555087176320424e-02
5.230488070435149878e-02
5.666273341297502208e-02
5.417537308061414619e-02
4.006150057360691880e-02
3.565007494179148889e-02
2.740265598472295394e-02
2.173390087898227283e-02
2.533595995892524728e-03
8.107463218966105964e-04
-4.201182055501972296e-03
-1.035777250000240526e-02
-8.637333492951915909e-03
-9.795644998271424778e-03
-6.560602003091337529e-03
4.818632407963439716e-03
1.191039405554830503e-02
1.885025187713812445e-02
2.925060069920811662e-02
3.372604764391270993e-02
3.830065353339724005e-02
4.162607990968478916e-02
5.272683272213879446e-02
5.418451064943836937e-02
5.402076108846440294e-02
5.450778742634159596e-02
5.048065684185523011e-02
4.696279585241217719e-02
4.039915485927556005e-02
3.069775650606337836e-02
2.519458961729262314e-02
1.823100315057851750e-02
1.003050075801518830e-02
8.025624062173893070e-03
1.223944849770865900e-03
-9.107325451767409388e-03
-1.202226674112753975e-02
-3.177167546955209088e-02
-4.327711122419369838e-02
-5.170815838427844646e-02
-7.418645070296765731e-02
-8.254344428974877412e-02
-1.027495233504422123e-01
-1.225895022976926235e-01
-1.267158642134151580e-01
-1.369149017758661546e-01
-1.407224353136040385e-01
-1.322042618849913198e-01
-1.350730425827336156e-01
-1.142480387740393150e-01
-9.397798872366990020e-02
-7.309161832478694443e-02
-3.544749534924550305e-02
-1.177529575412165734e-02
1.838668938606513158e-03
2.071631408606033550e-02
1.984801160180827903e-02
1.963380817567475164e-02
2.176999517227440339e-02
1.926185207894413887e-02
2.216043563821064669e-02
2.296439591879012587e-02
2.182449514049635345e-02
2.532968888511271180e-02
2.631796044263615478e-02
2.398550046026560328e-02
3.350474425432232312e-02
2.990435727000275920e-02
2.376218541748820884e-02
1.703099630618896271e-02
1.156674332029741445e-02
2.489746192219233732e-03
-9.369947369529280437e-03
-1.668050313578143401e-02
-1.600449696722618803e-02
8.483922269871130295e-04
2.003638269876226695e-03
4.785325541044695152e-03
8.899553861886545791e-03
-4.382720823891871065e-03
-8.010596060473888086e-03
-1.930606222343046047e-02
-3.575291120480784263e-02
-4.522945569992517512e-02
-5.138672336902373045e-02
-6.313856129998980660e-02
-6.477222468327047122e-02
-7.555334468472127418e-02
-8.156601975428588724e-02
-8.817804490296370090e-02
-1.022262668263996671e-01
-1.077799995567785968e-01
-1.283518900204469182e-01
-1.407435900320955224e-01
-1.518991881443083891e-01
-1.643714399890224276e-01
-1.664280833941622628e-01
-1.721224707099399953e-01
-1.718346421213475805e-01
-1.707884089830825347e-01
-1.701347980054491726e-01
-1.608913016436187837e-01
-1.570959616024742989e-01
-1.492062023138977234e-01
-1.404226406928582860e-01
-1.354878434674888221e-01
-1.242058281183593821e-01
-1.152351531726634459e-01
-9.899799073888235212e-02
-7.996212852910160318e-02
-6.439004340672226101e-02
-6.035980944251674585e-02
-3.583894175788895908e-02
-3.091398055291975575e-02
-3.021252892060200326e-02
-2.023392938664149432e-02
-1.697860965664963265e-02
-1.407364238902685839e-02
-5.123695475869215719e-03
-2.538141521786259000e-03
3.548579013909281335e-03
6.041423191165531080e-03
1.879490893790384740e-02
2.410594443919253718e-02
2.510428201744710833e-02
3.507573843530434332e-02
3.472558362206615984e-02
4.157350659304338836e-02
4.609429252537798616e-02
4.712412700512008668e-02
5.513738037682294757e-02
5.617520278005301571e-02
5.616215942895930874e-02
5.631290531154011653e-02
4.896246099551962438e-02
4.631787347374473340e-02
4.312989375725934105e-02
3.534555964425282332e-02
2.743800624249868869e-02
2.548183547313479305e-02
5.530167056185639370e-03
5.213275638543926789e-03
3.749682877306665524e-03
-1.959024969163210804e-03
-9.813646000880736110e-04
-2.730428175214186497e-03
-3.651321947418829927e-03
-3.415910527954210598e-03
-4.292047367065661076e-03
-3.597653073096608329e-03
-3.767135397682441680e-03
-3.691155540046091831e-03
-1.150942320329881394e-03
-1.656166589951318414e-04
-1.101823884373625938e-04
3.039835917108655791e-03
2.924004955898772910e-03
3.793380837504244617e-03
4.619282024949933341e-03
4.626516154823030053e-03
5.057313018121053182e-03
5.209375744499528463e-03
5.277288346740801640e-03
5.415384847884448932e-03
5.445794955836924696e-03
5.488528574401308965e-03
5.524700141734565501e-03
5.534637466006569508e-03
5.551833299049136090e-03
5.560472753134087544e-03
5.561483038741404060e-03
5.569133785903745276e-03
5.566063212837941282e-03
5.558627052742928093e-03
5.571348899351922200e-03
5.536119827475827378e-03
5.538152197169259397e-03
5.552861690205784101e-03
5.412480284679035449e-03
5.535820796663833317e-03
5.384195733337582973e-03
5.130481419375780734e-03
5.523935154498596858e-03
4.480400081773106349e-03
4.329429217177153087e-03
