-7.669895072976360122e-04
-8.817298270392534207e-04
-3.235827688923535554e-03
-3.227381730875968774e-03
-3.777618551738320344e-03
-4.334572833403432281e-03
-3.992019778213097558e-03
-4.361033108661329337e-03
-4.382649078916907477e-03
-4.363435130940874172e-03
-4.499937456261635972e-03
-4.476122543372073811e-03
-4.512025214698309715e-03
-4.545345133235878174e-03
-4.540640743878528521e-03
-4.562894657156616081e-03
-4.568513367085922164e-03
-4.571589966592697410e-03
-4.579705282847747715e-03
-4.580375052134754224e-03
-4.582561953331316419e-03
-4.584190855273027887e-03
-4.583324173760431122e-03
-4.582413554094664707e-03
-4.581287798759966882e-03
-4.576930732316977779e-03
-4.572771268692847266e-03
-4.568528660079242652e-03
-4.555200953401631649e-03
-4.549647059850855588e-03
-4.533575684322330331e-03
-4.503346845470867013e-03
-4.502086462274544794e-03
-4.438938460096982994e-03
-4.400058047464989498e-03
-4.392928036899977802e-03
-4.186083673330569417e-03
-4.181370661722619633e-03
-4.215573547525166068e-03
-4.155335896517416312e-03
-4.212794688223905556e-03
-4.279940712637709567e-03
-4.241953511823154735e-03
-4.462967553218873465e-03
-4.515608727955991442e-03
-4.441477307269610895e-03
-4.537889729758381140e-03
-4.311193970714903914e-03
-4.781712470209044039e-03
-4.735945067037536198e-03
-5.420380779775951091e-03
-6.228990129267254240e-03
-6.239426718731911833e-03
-9.047085196833918805e-03
-1.081347529516104959e-02
-1.114005215480899300e-02
-1.424946178139652880e-02
-1.605813571273317225e-02
-1.731940739916500507e-02
-1.887405502352417982e-02
-1.614300806863111504e-02
-1.329089094264816924e-02
-1.007240284482833689e-02
-6.641048539144888546e-03
-4.476985149200313728e-03
9.843665466043006410e-04
7.812004535131110428e-03
1.340469309984524023e-02
1.766971601968898853e-02
1.968423705311711513e-02
2.096998422262578987e-02
2.229927615533760718e-02
2.339501576463656404e-02
2.423303776441285140e-02
2.494066532146470283e-02
2.616448408801314365e-02
2.607078614388485399e-02
2.719556830003571485e-02
2.822231314300373273e-02
2.689265898857133574e-02
3.060032919347035335e-02
3.068788456799000086e-02
2.646173079205168394e-02
2.721546422591254039e-02
2.382262693827431194e-02
1.297907193460417531e-02
9.089922827610780534e-03
-9.274801307987606607e-04
-6.609687663471480387e-03
-5.822742716449084630e-03
-8.166688380890855387e-03
-7.370651779698650027e-03
-6.674635320154618905e-03
-7.884100020749948423e-03
-6.469142884911203983e-03
-6.601599334625992375e-03
-7.443155123580460879e-03
-5.707042184745140037e-03
-8.041213069259782117e-03
-7.329291702344963369e-03
-4.389158415830228532e-03
-5.577368243080815975e-03
-1.770367394768128247e-03
1.066604523503875742e-03
1.747706361887811947e-03
3.070343010119691227e-03
2.789454788444421535e-03
-8.119617897658116005e-04
-1.356905597707648613e-03
-4.628699429573170446e-03
-6.511286560589455742e-03
-5.732034957275915221e-03
-6.544756646637455919e-03
-5.672609741733312255e-03
-3.339763902743874378e-03
-2.535352673211409627e-03
1.808606388090285098e-03
3.124420621662529762e-03
5.812428224891043847e-03
7.206534827985385666e-03
1.027803334982332201e-02
1.294255200195206998e-02
1.355224431388604191e-02
1.508005000573340790e-02
1.493551669659328764e-02
1.481530223694483769e-02
1.575448730213569598e-02
1.290516682958416095e-02
1.415173195707780662e-02
1.333735682331320567e-02
1.160803596436481636e-02
1.297360837484992299e-02
9.446920748633937104e-03
1.132245321939415530e-02
1.462373817268925943e-02
1.320035587983292222e-02
2.152959646767352991e-02
2.205223543194616276e-02
2.168242464666480726e-02
2.524088764942799060e-02
2.425405804415342592e-02
2.250632622114488723e-02
2.280814311609992082e-02
2.215944366724103415e-02
2.122893147066130803e-02
2.120084187862145489e-02
1.987358600327612107e-02
1.912140920362434549e-02
1.862129091055430077e-02
1.601268919604773369e-02
1.497326564716523409e-02
1.292653621506748007e-02
9.921737441183383147e-03
9.167911235333980544e-03
6.501550447980993484e-03
4.843269277997969136e-03
2.139772717739340906e-03
-3.730438913285894376e-03
-5.600901215003077985e-03
-7.927545195714879450e-03
-1.057333132517464767e-02
-1.134630161903937492e-02
-1.302957504132516708e-02
-1.250182469526169710e-02
-1.406342502161578301e-02
-1.333851425169731153e-02
-1.212144649222686617e-02
-1.214683126673974864e-02
-7.620412973975615456e-03
-7.039051984858729454e-03
-5.069605094294892672e-03
-2.368971940597463296e-03
-3.320391774644200576e-03
-5.509492577672656620e-03
-1.025962687999923753e-02
-1.547739797529731377e-02
-1.754602029023977910e-02
-2.328499287446848809e-02
-2.745633448341472382e-02
-3.056421282462789060e-02
-3.776720878933682857e-02
-4.102790684965942208e-02
-4.577451798507176095e-02
-5.159078868682674679e-02
-5.382527243202377132e-02
-5.811875199746525250e-02
-6.072548307786616167e-02
-5.943353098572337623e-02
-6.177394423684127306e-02
-6.150517058207473353e-02
-5.905605702642093002e-02
-6.027475545445502847e-02
-5.883498553254185026e-02
-5.854566615349037634e-02
-6.040789489393413869e-02
-6.039173745580485309e-02
-6.083694927007682329e-02
-6.255115179782752555e-02
-6.211889869330479430e-02
-6.319243890496056837e-02
-6.500546499033220404e-02
-6.336803969210534626e-02
-6.620531322904431304e-02
-6.456044921495776578e-02
-6.233242988553400893e-02
-6.281484063661296746e-02
-5.761733800776859538e-02
-5.506152099778562070e-02
-5.254817771218484729e-02
-4.397097416615490528e-02
-4.208983679567576686e-02
-3.567970041325699282e-02
-3.055830151265948036e-02
-2.817891075403319498e-02
-2.429048973187963867e-02
-2.208039335033358530e-02
-2.088346108177591143e-02
-1.834746987314223379e-02
-1.725322194103676154e-02
-1.744368396613696359e-02
-1.414637251672546704e-02
-1.641340008727724606e-02
-1.546701429603647600e-02
-1.750084275457114771e-02
-1.856351812644434912e-02
-2.782856369546646280e-02
-3.257561347594208068e-02
-4.274724635811703172e-02
-5.323039614034333344e-02
-5.630354523017914309e-02
-6.453409140585471271e-02
-6.608903595990892055e-02
-6.774030665853081334e-02
-6.853308146766209918e-02
-6.738852555207194839e-02
-6.549589567393876433e-02
-6.419869225307725524e-02
-6.139038837829603051e-02
-5.859173935544303297e-02
-5.623642179097979032e-02
-5.330745432082136664e-02
-5.059913063031296759e-02
-4.773410421847618795e-02
-4.100635808502618024e-02
-3.840417959925324781e-02
-3.183460853514382544e-02
-2.704011298429073382e-02
-2.546402880160647877e-02
-1.762320502252111634e-02
-1.640166190020960618e-02
-1.138343985525085839e-02
-3.925437400895319916e-03
-3.629176397951035422e-04
7.839832378239985911e-03
1.381690013685716971e-02
1.332388370325382661e-02
1.611575213642925386e-02
2.771965998391149807e-02
2.908495834259491875e-02
3.168595150396333326e-02
3.558608306473691474e-02
4.078773299689182619e-02
4.548058893442766953e-02
4.810985296481459783e-02
6.192558782216084357e-02
6.302357530259558582e-02
7.047825088610651378e-02
6.700790771414943947e-02
6.788417864754775488e-02
6.675815071400900691e-02
6.893889565017297105e-02
6.898854578151929207e-02
6.983041141822421416e-02
6.720999474330228984e-02
6.655401498310831165e-02
6.131882800277921319e-02
5.607891424035567340e-02
5.333868546799513943e-02
4.005046025177376456e-02
3.935659915711492429e-02
2.710719568623647102e-02
2.206406492719008641e-02
2.457086347120168018e-02
1.908749422944743326e-02
1.823887432203823850e-02
1.769137150997018154e-02
1.515796037986328129e-02
1.291842072695952720e-02
1.199857663352163484e-02
8.637070886665295169e-03
8.003853158562466985e-03
5.040811093717636159e-03
1.705231745654758185e-03
-3.081771666256823551e-04
-4.511961022783951038e-03
-7.486489710716766506e-03
-9.680266451525683033e-03
-1.447383923516153137e-02
-1.437537538427288361e-02
-1.880060188066354221e-02
-1.948018959453268195e-02
-1.770489981598740575e-02
-1.902965416557753781e-02
-1.663056283512741665e-02
-1.574564478176537080e-02
-1.565932454500910606e-02
-1.277199254308463913e-02
-1.363110969992178609e-02
-1.212507850339804988e-02
-1.115878123166216991e-02
-1.118030310790589857e-02
-7.807354634241339859e-03
-6.844542431639111073e-03
-6.048657751059946693e-03
-4.008379061546240608e-03
-5.393726736376154227e-03
-3.988833632861601454e-03
-2.712736737742884674e-04
2.860881650035671138e-04
4.224166863153844959e-03
4.469603575519158316e-03
4.562074765924724849e-03
4.663191313898296803e-03
5.220703213929738656e-03
5.354210416026431926e-03
5.410825854845332725e-03
8.168555423481877256e-03
7.992795717378348153e-03
8.589998164344754550e-03
8.967011100424712375e-03
8.290687679831244827e-03
8.769301106103966070e-03
6.991087502456662210e-03
6.720292203888277895e-03
6.043622788250231810e-03
1.115989507798739863e-03
1.535704335408706166e-03
-3.824780339553017494e-03
-7.292179880500436646e-03
-8.595605481908685785e-03
-2.156052502005891686e-02
-2.429461463948096034e-02
-2.104435008514136951e-02
-2.418144287910069246e-02
-2.975819139065936578e-02
-3.073086462802179092e-02
-3.363683931195246557e-02
-3.631260983262704634e-02
-3.551153957661292576e-02
-3.663506825781099457e-02
-3.548671179793835839e-02
-3.245425002305720591e-02
-3.081991917867418426e-02
-2.879432733462420832e-02
-2.718213623647630986e-02
-2.469931821437225394e-02
-2.359610210522453816e-02
-2.241236494003296179e-02
-2.099980737417933563e-02
-2.109515655716435664e-02
-1.913363849059622826e-02
-1.729944737544085454e-02
-1.555866765923083657e-02
-1.167439099040040382e-02
-7.027724651100661184e-03
-4.766514111049057444e-03
1.262304895291080538e-03
3.791187850258793610e-03
7.014138115897201181e-03
1.084576784436272479e-02
1.253184959749527143e-02
1.563949766078425938e-02
1.715849456844444759e-02
1.832241002027165319e-02
1.892299603209646880e-02
1.841392129365844801e-02
1.885997526941847469e-02
1.702019592592702787e-02
1.624449079681543687e-02
1.423816102706675774e-02
7.817139491684116023e-03
7.890554661542823270e-03
6.779063444669256380e-03
6.466917373993942564e-03
9.349614723182709045e-03
1.085344691314718037e-02
1.529709329394423299e-02
2.072987183843834000e-02
1.925149866777716573e-02
2.116174847323627414e-02
2.783527923007159816e-02
3.036913891972758267e-02
4.647763484190200328e-02
4.990178015943727563e-02
5.625972722625062483e-02
6.453093092518225049e-02
6.647938490710023074e-02
7.181136327382553475e-02
7.488737094859913845e-02
7.580271720988628059e-02
7.794620781429482947e-02
7.782747170372764089e-02
7.645445406202258654e-02
7.577235522789586841e-02
7.263496250022358214e-02
6.861622913048127936e-02
6.597714870742872606e-02
5.880395721891121252e-02
5.371786386925891943e-02
4.854626563791707844e-02
3.664563375584196231e-02
3.225286584926523314e-02
2.429372908987934010e-02
1.639560688241938069e-02
1.271210001342366544e-02
3.354401718189777525e-03
3.617514256333301216e-04
-3.982994621451624653e-03
-6.358813442865800074e-03
-5.500562446384956415e-03
-7.338508198549073547e-03
-6.780107870854679662e-03
-5.475085953989098850e-03
-6.048858787405964055e-03
-3.202188395223618499e-03
-3.350745274184706649e-03
-3.625302488977684250e-03
-2.610958744828940307e-03
-2.854396901653317043e-03
-2.646548088237866102e-03
-2.147745707286580815e-03
-2.262230229874438118e-03
-2.148921123263789618e-03
-2.266024363897767117e-03
-2.047854704830004251e-03
-2.111940485465518130e-03
-2.081905267519585691e-03
-1.572762864462084933e-03
-1.513807189481805289e-03
-1.341302183885292139e-03
-1.179390957030832833e-03
-1.140167257405329997e-03
-1.042851958274637614e-03
-9.944157663092153144e-04
-9.624629327962340008e-04
-9.213902132086044302e-04
-9.033462869022850991e-04
-8.841042504993636879e-04
-8.684808745522101976e-04
-8.597372771547858415e-04
-8.503273920089868005e-04
-8.442916078232624768e-04
-8.397733950630487196e-04
-8.357301297119547421e-04
-8.333424720127442569e-04
-8.311089052387382430e-04
-8.297920187109171335e-04
-8.290218621201859940e-04
-8.279611333806277196e-04
-8.287944710949229389e-04
-8.283231631022689454e-04
-8.286097926606187910e-04
-8.324552891449246489e-04
-8.295662362319290977e-04
-8.359342127562842525e-04
-8.414680281561553055e-04
-8.325093678122189901e-04
-8.620274704555229732e-04
-8.500990566479293964e-04
-8.493298975800660580e-04
-9.310827847127167494e-04
-8.292121744445094715e-04
-9.537923889517908784e-04
-1.040789368724506520e-03
-7.450824549351685224e-04
-1.482605331267374113e-03
-1.720418280789848655e-03
