1.734555500598542951e-02
1.950321683924374772e-02
5.901527290463982889e-02
5.964600605151108847e-02
5.498757206903365224e-02
6.125747775928230138e-02
5.463961032817845481e-02
5.552912883719160475e-02
5.559056994032796767e-02
5.366248560966792314e-02
5.435997212596482830e-02
5.374143086360481936e-02
5.342625531574723974e-02
5.355774358965539189e-02
5.325146010815515196e-02
5.324697293445921492e-02
5.321441503789674232e-02
5.312280092515923174e-02
5.313368917080481257e-02
5.310569194034554102e-02
5.308429759581650281e-02
5.309644197647574865e-02
5.309572674112777307e-02
5.308513814208765114e-02
5.314243264803949346e-02
5.313289502826169797e-02
5.315318961782873608e-02
5.332211437517166835e-02
5.318493932177083272e-02
5.346828787787864801e-02
5.368627152074877812e-02
5.327174465438740125e-02
5.462302380341649971e-02
5.396977811279780185e-02
5.413184146140315872e-02
5.826581011981823988e-02
5.670042916097761676e-02
6.018328162167965734e-02
5.702647612120889664e-02
5.620692814131038328e-02
5.780274526584855410e-02
4.216812586413413999e-02
4.177049942665606724e-02
3.524489118843490004e-02
3.276412676008867708e-02
3.093174926201614286e-02
3.641541110187820895e-02
3.847428824636296013e-02
4.226625022384145752e-02
4.806346476246358551e-02
5.672436196169399619e-02
6.499809370073576786e-02
6.972163766759124914e-02
5.634716916306118512e-02
6.691478949574761192e-02
4.655333022415689831e-02
7.132534775208698719e-02
7.714386070614485946e-02
5.624907484635903454e-02
8.050945849150208111e-02
6.149268204624441098e-02
1.069739253020285212e-02
1.096850464469448748e-02
-1.450912661395399421e-02
-1.893108704461951217e-02
-3.641284237171144977e-03
4.692482975567017350e-03
2.527348480070862736e-04
1.208724879909776201e-02
9.367830707790033781e-03
-5.576531194900306583e-05
8.920903901956841672e-03
-8.915035474168586313e-03
-9.569499009741659276e-03
-1.251932788684003393e-02
-4.365361827856826388e-02
-4.219527728933732819e-02
-8.658010842867915058e-02
-1.235060066893077096e-01
-1.469050999222764609e-01
-2.155154590336212095e-01
-2.410982950510431599e-01
-2.526072075766779279e-01
-2.893868672778409645e-01
-2.177302189460430248e-01
-1.939436285209411304e-01
-1.773870997989928089e-01
-4.215357116142962046e-02
-4.713938575801760594e-02
-1.531902325955778778e-02
2.116195316052742886e-02
9.226916615481375872e-03
5.894154694984445053e-02
6.184668553456105361e-02
2.158263952641636951e-02
4.018392770476713477e-02
3.127457439364296488e-02
3.919934094102521527e-02
3.856400108136669169e-02
5.923690456215405936e-02
6.265375720959458217e-02
7.851733994147871987e-02
1.086958009762559602e-01
1.074121382283033943e-01
1.979589992551272770e-01
2.789427615664489268e-01
3.900748333638844323e-01
4.934624180184046804e-01
5.459226150957873225e-01
5.601996315182590225e-01
5.709829719364991618e-01
5.696619179276158906e-01
5.377173167089803751e-01
5.166284809149177537e-01
4.785831458346653244e-01
4.540126722567999762e-01
4.335994271693933699e-01
3.993733318545897859e-01
3.826016251209848340e-01
3.512381935438368408e-01
3.214160226747211357e-01
3.093807971900589537e-01
2.761125619132466791e-01
2.696513640090889008e-01
2.682763006985756093e-01
2.560121404950377877e-01
2.714145068680728357e-01
2.790625880583776364e-01
2.931236301963540125e-01
3.249417390625742308e-01
3.471106810750636540e-01
3.738267971495295994e-01
4.122964752888033102e-01
4.243333501100041705e-01
4.513888353722907421e-01
4.666051697766136486e-01
4.811663141396968491e-01
5.027161634168063609e-01
5.159479053868182286e-01
5.347893725632640871e-01
5.542072425966276805e-01
5.725914656914309342e-01
5.937986571713158579e-01
6.057816461221303683e-01
6.183988816085707052e-01
6.288212507786503647e-01
6.307124503571811536e-01
6.022154482569337386e-01
5.989634701671060490e-01
5.619285275060054152e-01
5.188476720490980965e-01
4.784522410305800943e-01
3.140266401735270496e-01
2.979574112911694828e-01
1.816508034632196844e-01
1.795209937907598918e-01
1.888107315129362307e-01
1.539020833645672881e-01
1.860489553391964368e-01
1.741206806943846608e-01
1.872372096746944270e-01
1.909370505113977545e-01
1.765277537436243382e-01
1.815199323624967775e-01
1.754769770328491185e-01
1.678685808518331213e-01
1.653453647179732311e-01
1.580920655654170504e-01
1.436014483490254678e-01
1.385384228207333646e-01
9.628641601251750060e-02
8.862916607327538110e-02
8.553574682841630361e-02
6.907167025004359862e-02
6.443349920213173321e-02
4.882396183494032427e-02
5.958533201526981099e-02
3.862419152052717214e-02
4.183356255739992258e-02
9.128640866240314219e-03
-6.179284810915953302e-02
-6.946008636057558749e-02
-1.152182599907947413e-01
-1.009837239364805156e-01
-7.280332434762505633e-02
-7.231652447996891886e-02
3.343531166424244111e-02
6.451232645930686516e-02
1.151422120098098967e-01
1.737717040034081617e-01
2.141581957949830195e-01
2.662257800366557015e-01
3.143067233116351722e-01
3.794725978719837300e-01
3.984207782398627162e-01
4.575891514805958682e-01
4.768264838183267629e-01
4.931362776127401482e-01
5.080091266767909897e-01
5.166799956754385414e-01
5.276322453277552116e-01
5.367793125933257858e-01
5.441525630937228408e-01
5.524041644073767188e-01
5.603806196010551188e-01
5.656439730181437309e-01
5.726412922137299466e-01
5.776110510266886378e-01
5.761719255853887667e-01
5.749492119119021805e-01
5.641992908103693471e-01
5.513148660193198936e-01
5.423845581113576619e-01
5.215907018800906014e-01
4.956668839682307204e-01
4.704385020855013644e-01
4.331224911149937906e-01
4.017673812176428827e-01
3.677295465566364774e-01
3.257984695743169068e-01
2.883850782790560174e-01
2.412076221330338721e-01
1.729314202331615757e-01
1.375552659041773818e-01
5.364726226190276448e-02
8.444203088485513140e-03
1.722719529327975535e-02
-2.666510610240733006e-02
2.612793830010224586e-03
-6.940754942144463507e-03
-4.047427565241484143e-02
-8.529651205712761308e-02
-1.074692171398857199e-01
-1.484942637281095323e-01
-1.526085314817047234e-01
-1.550074120011769307e-01
-1.628228581708810463e-01
-1.445919683575934978e-01
-1.533156487256948641e-01
-9.661490235494743506e-02
-8.538735946541264887e-02
-4.653662399620657475e-02
7.395159174921990541e-02
8.579604423259176715e-02
1.514353285193291154e-01
1.784512331070837454e-01
1.582834502266540488e-01
1.831380563199955236e-01
1.479502779864406148e-01
1.116675718220288410e-01
1.023111619242945275e-02
-1.257681499788545210e-01
-1.252134467562577291e-01
-1.853818209799988348e-01
-2.003682104193310332e-01
-2.007626804149738320e-01
-2.508759912888305355e-01
-2.298562870172514427e-01
-2.266490650775792870e-01
-2.019342063019102240e-01
-1.495826132291203092e-01
-1.101506442205229530e-01
-7.523806471570157473e-02
-3.364572124943029929e-02
7.607966178491921624e-03
1.236046635475911669e-02
6.345602308349210241e-02
9.380814375910104252e-02
1.912720924817036539e-01
3.419468362838575248e-01
3.298301983383576941e-01
3.716035860073177433e-01
3.886468408351965720e-01
3.322682133475630128e-01
3.556978991292473191e-01
2.812192812698326994e-01
2.092134201149544459e-01
1.756296991511866468e-01
7.896418983951218606e-02
6.017987428809944139e-02
3.854940621520779043e-02
2.236891523165925738e-02
3.954785053234709941e-02
2.938717082245544121e-02
3.926867394887580132e-02
4.972880808990072510e-02
4.864329592162780491e-02
6.400639609987343603e-02
7.980270882801800136e-02
9.289457560968090999e-02
1.173107084580397169e-01
1.465616227686499240e-01
1.740041827480667547e-01
2.020719860431541004e-01
2.358943739794477079e-01
2.697614788332284852e-01
3.070924415386093176e-01
3.445706914559515943e-01
3.524322710360848210e-01
3.661787440147237227e-01
3.673576891758451590e-01
3.745448979941335965e-01
3.830815988913104930e-01
3.830528895010430479e-01
3.929414886286343167e-01
3.987272143278522973e-01
3.996667403644806327e-01
4.128128467611468788e-01
4.122428959625683009e-01
3.897097974115588670e-01
3.859884270972876452e-01
3.465823542125279211e-01
3.126025617432506842e-01
3.001783552741383310e-01
1.933749845068464535e-01
1.902574951054089025e-01
1.322005186276354605e-01
1.331087179766367035e-01
1.493372601856291226e-01
1.336789487446263525e-01
1.625917246151004636e-01
1.598714112905892659e-01
1.770534357651749047e-01
1.806943073610459694e-01
1.712152726565376593e-01
1.763530574730287348e-01
1.722050146961028594e-01
1.665849999963560923e-01
1.638290010827378462e-01
1.597230540123769083e-01
1.447098280173056417e-01
1.411607626567126517e-01
1.038266637753723631e-01
9.175327119911853846e-02
9.808193316365285130e-02
7.938976048883145120e-02
7.248955891566097320e-02
7.276214386225429709e-02
6.669706086844791326e-02
6.694846037382484738e-02
7.935933004369725985e-02
8.033508861845142790e-02
8.494200273771805587e-02
8.677480105279404554e-02
7.688277804183402120e-02
8.465936661950773656e-02
8.876500356500673095e-02
9.302832452535647612e-02
1.176970886595763571e-01
1.206016494868699523e-01
1.353894528263521468e-01
1.519950124799224478e-01
1.748886493269273812e-01
2.116263108805015725e-01
2.474204016943576112e-01
2.722461388601464805e-01
3.035711722284880620e-01
3.175537236032359711e-01
3.197155279255323168e-01
3.265265817514226843e-01
3.196202490681691599e-01
3.251169503590368715e-01
3.224879920983044213e-01
3.135131877758559615e-01
3.124096428624341115e-01
2.649329320360632178e-01
2.272883676197373359e-01
1.660034315779651271e-01
4.947258236991993602e-02
-6.848917550298067036e-02
-1.102607790156218265e-01
-1.466578154378979648e-01
-1.654880619961464072e-01
-1.753433123286367301e-01
-1.991952568019629832e-01
-2.071961430342724453e-01
-2.237172590182660570e-01
-2.566317580928840769e-01
-2.415928860128147837e-01
-2.296058399816021944e-01
-2.125558436833023535e-01
-1.724191132372250579e-01
-1.625734506401143031e-01
-1.288590824844500771e-01
-1.058296748660687708e-01
-1.088303957888887147e-01
-8.969014174955415586e-02
-9.421465076570516295e-02
-9.226765341826280442e-02
-8.690370852939621749e-02
-9.123015440522708186e-02
-8.149282143389297017e-02
-8.697084591884225724e-02
-8.076059657519958634e-02
-6.532906085257551843e-02
-6.751673511230524283e-02
-3.268736887730719354e-02
-2.999629048019218647e-02
-4.168066555986409127e-02
-1.905852090059869872e-02
-2.943552319858184357e-02
-9.733429571845333278e-03
6.190286011052377468e-03
-4.114578266149127722e-02
-2.331957539324913675e-02
-4.292958818908122753e-02
-2.432867576939516316e-02
4.755003407901350898e-02
1.072537954727545845e-01
2.280359026920783794e-01
3.126528792391843892e-01
4.301618174832502750e-01
4.475120252822831213e-01
4.786693080174893589e-01
4.868998417036820570e-01
4.803471365485784128e-01
4.816806164091297915e-01
4.498874028059403063e-01
4.110027600773640821e-01
3.586851404439677649e-01
2.422517607174566323e-01
1.450673919714451088e-01
1.064696143549110768e-01
4.741357416627757504e-02
2.001794217021231337e-02
-1.168601095885855260e-03
-3.837238202066733939e-02
-5.937791306817888359e-02
-7.910312850399421614e-02
-1.102852601238453883e-01
-1.092402781566573361e-01
-1.315550452856616981e-01
-1.376872498977823600e-01
-1.369563152439867981e-01
-1.572820854714557792e-01
-1.465249848025272916e-01
-1.542894956939528106e-01
-1.212101698928261390e-01
-8.159359310158161016e-02
-1.197093382451324128e-01
-1.883399400911123928e-02
-5.860786970370054048e-03
-7.522119783474635717e-03
1.058275379384624078e-02
2.187923663651648518e-02
1.843448780240502377e-02
-2.725410531565641142e-02
-3.669508588835385110e-02
-7.786964402944025754e-02
-9.460616894276555056e-02
-9.738191459340023171e-02
-9.821507558469620702e-02
-5.958143801689957941e-02
-1.397125278945450175e-02
1.146418391291167613e-02
4.714890021338667692e-02
7.274346938774221838e-02
1.023226828903629343e-01
1.423325995590319637e-01
1.568512418158717614e-01
2.146796899388817570e-01
2.283182043050816512e-01
2.402756587275645672e-01
2.636863457780528330e-01
2.699166735395785999e-01
2.742747129338178325e-01
2.864225481707475818e-01
2.866671146698511197e-01
2.716675336571379162e-01
2.699378915778345434e-01
2.550134660929548325e-01
2.488112360839541126e-01
2.405801985819241429e-01
2.311787676210365350e-01
2.247177623640887190e-01
2.110622750379992085e-01
2.054134577594633748e-01
1.885650440236037451e-01
1.706220885431753431e-01
1.649095755131904928e-01
1.196516874556112914e-01
1.092971278255808060e-01
9.639007967751811456e-02
7.773632721636161702e-02
7.688384328274720791e-02
7.100525736385164544e-02
6.634563772905625878e-02
6.559806561914277578e-02
6.263277408165771054e-02
6.154136480795600189e-02
6.075989000553176644e-02
5.966893622341719328e-02
5.933358002544460164e-02
5.886378307787430708e-02
5.850789189476755803e-02
5.833583233079601277e-02
5.812296700900908275e-02
5.796413233983877672e-02
5.786806928787985305e-02
5.775377521613823950e-02
5.757699338171004544e-02
5.757977229130496061e-02
5.732187626456392016e-02
5.709504419676707243e-02
5.722135678203751907e-02
5.626113714222779477e-02
5.645543724502273542e-02
5.610762300476422604e-02
5.360515666925691480e-02
5.595633025676172156e-02
5.136843717725050190e-02
4.842972199795625432e-02
5.171129485612791649e-02
