9.880075451910366180e-01
1.044335116717787670e+00
1.010387600231284599e+00
1.010044599182720271e+00
9.546924751052869862e-01
9.597064442508238535e-01
9.642142832528854957e-01
9.508383694000459574e-01
9.563008837900197623e-01
9.534600114031961393e-01
9.514234651765336448e-01
9.527440600340797427e-01
9.511807259617925947e-01
9.511933851115192962e-01
9.511853586397147620e-01
9.507184933345678157e-01
9.507559070017659320e-01
9.505800919792164461e-01
9.504277390176427698e-01
9.502375575722419310e-01
9.500981755403492546e-01
9.497674436938934317e-01
9.492390335086098307e-01
9.491299331891378532e-01
9.477252796747965835e-01
9.469703540738321212e-01
9.462757366009786342e-01
9.414494097362846592e-01
9.422317413410208342e-01
9.358783312239344898e-01
9.247956081649724158e-01
9.319696532879759854e-01
8.965714374690521016e-01
8.912737891757411823e-01
8.944249065005658306e-01
7.545368931310373339e-01
7.629750022079129224e-01
7.031238810653865912e-01
7.315426041184314165e-01
7.667136403773036069e-01
7.371689984096808645e-01
1.014284288786860388e+00
1.034741837752124249e+00
1.068882493875522810e+00
1.227719946376450988e+00
1.219991139809090797e+00
1.190498302697178490e+00
1.169833522189733577e+00
9.940052670473645824e-01
9.603731817954674899e-01
9.351369989381228542e-01
8.825356576370440020e-01
1.185974368899762821e+00
1.935536242934770668e+00
3.443764791820487225e+00
4.211473464786626764e+00
4.889622545604600745e+00
4.905125136329749225e+00
4.821108415900508426e+00
4.816175721701744017e+00
4.761591945807832182e+00
4.651378944770240942e+00
4.910101605878683273e+00
5.074527441990111853e+00
5.204716491691824487e+00
5.774588555496156239e+00
6.142093726907358331e+00
6.138269165601160537e+00
6.293420337020795507e+00
6.266432103634516082e+00
6.293264464378581557e+00
6.369952488987554062e+00
6.283902765917414257e+00
6.360264813248348581e+00
6.316976525780690466e+00
6.228289898352281639e+00
6.256872775799845243e+00
6.109031866671360333e+00
6.066752602161471941e+00
5.993010789229174407e+00
5.755450452147466756e+00
5.700572135746745595e+00
5.267428141167330047e+00
5.003551331787441825e+00
3.714482869927470787e+00
3.100292233909745843e+00
2.690834201849825469e+00
1.475593363964056826e+00
1.418938589567355635e+00
1.380908668372030412e+00
7.969293124993552802e-01
1.084069244774479523e+00
7.759093165132778802e-01
7.338344796511463430e-01
3.253681513428444472e+00
3.411547904333011694e+00
3.443877859163072319e+00
3.888495037842580881e+00
3.289748696386715743e+00
3.574086112497166567e+00
3.502443789930320239e+00
3.756544970691885421e+00
4.514632127548039442e+00
4.435636440125905189e+00
4.849914713558010959e+00
5.134490036731842011e+00
5.677126793803528138e+00
6.325808504326351667e+00
6.461365296298565042e+00
6.507996163471142737e+00
6.552106615643839227e+00
6.499724369436552962e+00
6.412394650740384172e+00
6.312432296442979762e+00
6.251256475558659709e+00
6.219586516560076994e+00
6.105911820281691327e+00
6.069278521570709017e+00
5.991531199387123863e+00
5.895306014176706633e+00
5.855676071694247753e+00
5.904570996112290970e+00
5.872209479900772244e+00
5.951530656084296211e+00
6.041979098075517918e+00
6.084930020411068341e+00
6.285913992034901199e+00
6.422215594728617916e+00
6.654992490694461971e+00
6.915502989434199499e+00
7.029272983806012398e+00
7.181564670009201734e+00
7.328927067300135434e+00
7.343509174138604045e+00
7.427295937682628413e+00
7.422408245273839356e+00
7.419618005199991373e+00
7.452571901185891967e+00
7.400497449085098545e+00
7.411007009865935302e+00
7.380166984819513054e+00
7.306160137083571371e+00
7.278271424139993506e+00
7.122944348880752230e+00
7.022219385797079383e+00
6.872510707796092966e+00
6.644688122714632605e+00
6.414351311883458528e+00
6.197791373764657052e+00
5.767168504690071806e+00
5.461008398491088656e+00
4.361900003243901480e+00
3.825115377585358800e+00
3.388737012215636391e+00
2.446999200001949593e+00
2.475930389879107185e+00
3.134322844111422146e+00
2.969887241986417958e+00
3.744708224993667844e+00
3.873474177646015981e+00
4.389351756051446785e+00
4.541539581172114204e+00
4.596013968090559842e+00
4.874759744545075435e+00
4.899412159854821702e+00
4.961773402049925785e+00
5.207962012755530168e+00
5.091745439754289393e+00
5.140765823336373330e+00
5.027689745324389392e+00
4.595635353637358200e+00
4.371417658828923969e+00
3.639969917324499260e+00
3.375895730334479428e+00
2.225784338294660269e+00
1.857372571229313651e+00
1.555205280933835921e+00
1.530519298232174252e+00
1.300580550489490506e+00
2.119015296390399428e+00
3.498477967737027239e+00
4.095769485209693528e+00
5.474728903790849088e+00
5.546659818201566949e+00
5.648972183567957828e+00
5.745988732224001083e+00
5.344388418892331849e+00
5.361968927918383976e+00
5.497732633088676657e+00
5.355592840106329078e+00
5.681487665082877392e+00
5.603795169091169370e+00
5.903687421133186675e+00
6.585611239953929719e+00
6.617861962861750769e+00
7.093084219628060794e+00
7.133095132238582714e+00
7.150372517984507681e+00
7.174810632016096257e+00
7.179918800479254237e+00
7.190595293536918398e+00
7.204248601465837787e+00
7.206960023688559147e+00
7.219378746034000649e+00
7.229592659322948478e+00
7.231749594687649108e+00
7.246559748205326557e+00
7.248004188351484522e+00
7.242289525452911825e+00
7.236059132049539322e+00
7.217615519067645202e+00
7.196387850171167777e+00
7.185555007295597818e+00
7.159220447696051259e+00
7.115092856441225244e+00
7.079500852888213736e+00
6.992377966533698697e+00
6.924689962512085017e+00
6.855050737494474689e+00
6.743698075432789096e+00
6.646465767422934157e+00
6.514240030574263152e+00
6.247782288255938177e+00
6.094575927476628685e+00
5.749872230637900650e+00
5.430228245428314615e+00
3.937930136006687842e+00
3.528485937460975386e+00
2.539789303088265449e+00
1.743285760316195976e+00
2.249837147449824659e+00
3.528442578117319872e+00
3.868487332415995184e+00
4.815570016831605571e+00
5.010133989885268591e+00
4.783976377805100988e+00
5.228404103164584704e+00
5.072035245620053701e+00
4.756502158161975302e+00
5.038832508977759694e+00
4.843387143408774520e+00
4.960253745754068966e+00
5.729311891890613850e+00
5.777464732620928523e+00
6.090100021728924951e+00
6.107935636264151924e+00
6.039626480596100855e+00
6.055717675102246567e+00
5.885310153822605805e+00
5.744497390817532967e+00
5.497745569847084290e+00
5.238934744429983859e+00
5.263746800698452688e+00
5.053947200813054152e+00
5.084003101756066734e+00
4.960489720072681408e+00
4.799718518916769483e+00
4.812720059183119403e+00
4.581843720337698045e+00
4.456934247624885437e+00
4.224734011011535451e+00
4.357236596749213930e+00
4.718260123624016700e+00
4.439926945581577300e+00
4.149731220171100077e+00
4.448484997515269157e+00
4.673232242703000416e+00
4.752012498083832526e+00
5.427354851515596934e+00
6.186865215720629863e+00
6.259119389155308966e+00
6.337295814305152319e+00
6.283872348927269869e+00
6.226010545322165690e+00
6.047058679485600940e+00
5.833926369160369774e+00
5.712398031347019511e+00
5.544222660153286242e+00
5.360932280846481213e+00
5.244625010103883156e+00
5.041810342650260957e+00
4.914340750481083653e+00
4.890067534298196961e+00
4.779204007323319736e+00
4.815418260653504312e+00
4.837025118810473145e+00
4.881106847478466904e+00
5.051766075834905223e+00
5.198714566496991374e+00
5.397059225218669987e+00
5.580328500985878293e+00
5.724135237139954313e+00
5.950688792383393988e+00
6.038989427281042488e+00
6.198630356197289082e+00
6.345370363947488990e+00
6.377401152941696516e+00
6.543142085902763583e+00
6.567611806213395909e+00
6.610754432688318971e+00
6.658478106103913774e+00
6.623554306470350816e+00
6.661952933362214502e+00
6.643030826416433499e+00
6.599956477323762449e+00
6.620877575788185254e+00
6.527284132873838018e+00
6.481191366784759822e+00
6.408011334420031346e+00
6.168999586682683223e+00
6.067660984756721554e+00
5.571301149343796055e+00
5.273863558280582176e+00
4.270678476884106622e+00
3.744200322529273706e+00
3.327593223835290992e+00
2.459233772594884293e+00
2.454516739599462039e+00
3.129132833301278449e+00
2.971757677235768558e+00
3.740932015902858510e+00
3.872924075124102306e+00
4.389602495008170457e+00
4.539627019067389746e+00
4.596894139139253710e+00
4.875114517036929662e+00
4.897871125019642058e+00
4.964753246513752494e+00
5.207078954074120247e+00
5.091574098794309222e+00
5.146398474315849292e+00
5.021818041529692245e+00
4.603220444687305068e+00
4.378461831926584225e+00
3.615581029254882672e+00
3.418735352182596277e+00
2.190320214678198152e+00
1.840741128353353240e+00
1.706687036143886393e+00
1.208956777590055820e+00
1.252920127388009508e+00
1.024554200738816645e+00
1.131818195832421603e+00
2.072822980226146417e+00
3.028632049153695771e+00
4.132213649580877224e+00
5.259040724049236282e+00
5.317258003796769827e+00
5.348031682507334850e+00
5.351595293549877397e+00
5.370212563892779123e+00
5.283598096610082173e+00
5.573108541150829431e+00
6.053874065702943952e+00
6.567513044995492599e+00
6.628899198847371110e+00
6.731539060527831353e+00
6.763520358946583322e+00
6.757036048747556478e+00
6.786546514417948650e+00
6.730804549259399749e+00
6.721542449657032847e+00
6.683947569508533526e+00
6.588272638083214616e+00
6.539889947291563921e+00
6.358741137940546295e+00
6.203056920654327122e+00
6.012034653262670503e+00
5.817902542601337323e+00
5.579504661918639918e+00
5.524775163467396943e+00
5.384637315503835175e+00
5.309954845866047712e+00
5.239290530138496216e+00
5.113191419238114044e+00
5.060780265080227380e+00
4.952598490238588447e+00
4.841122027976966891e+00
4.788977297544787959e+00
4.709233563368306008e+00
4.595112389726377700e+00
4.521973881068451995e+00
4.457630207819819113e+00
4.555294084374136965e+00
4.627590225854194550e+00
4.631925640502487340e+00
4.746024324365107461e+00
4.758610086201701783e+00
4.776044136757457537e+00
4.838873111707323815e+00
4.832516226107355095e+00
4.849367590318002463e+00
4.919633590792140687e+00
4.854005628408629924e+00
4.910366490975841103e+00
4.844688719583859715e+00
4.376432506006998402e+00
3.534724564643343836e+00
3.391154825574437037e+00
2.671068968140842603e+00
2.274940901039545604e+00
1.906969843312596780e+00
2.332033829883918941e+00
3.323589824199461695e+00
3.744688388855882177e+00
4.986926978922401332e+00
4.929951121594841723e+00
4.698549344547815032e+00
4.561323994145954686e+00
4.889817231742475734e+00
5.418268965107184698e+00
5.765145723834141478e+00
5.778966487216571579e+00
5.756719638696243813e+00
5.753795171460070357e+00
5.676058636183720196e+00
5.605213527199000012e+00
5.501878218469371973e+00
5.348165557832814443e+00
5.194643032868480503e+00
4.993501298995516535e+00
4.773766997967082482e+00
4.737966599548480318e+00
4.597520925391302526e+00
4.554690409802526929e+00
4.494540999489151645e+00
4.389728025970986103e+00
4.367239536328879623e+00
4.276729584536550277e+00
4.205007712581350532e+00
4.171162628724508714e+00
4.041572080503508246e+00
3.995482009853097871e+00
3.902709634683003692e+00
3.774592137622471366e+00
3.716823637328785068e+00
3.267973396399153962e+00
2.717833049347498253e+00
2.221339129930800294e+00
2.282443920265605275e+00
1.343763253610853026e+00
1.216853535490519667e+00
1.240361275263580865e+00
1.102815453647259858e+00
7.851654116388606663e-01
7.990252377733866318e-01
1.009323197020460139e+00
1.308652318082294874e+00
2.824484967335731067e+00
3.204164967739990821e+00
4.086141771841989012e+00
4.659200183912083126e+00
4.428859124603437003e+00
4.195512396868237737e+00
4.053081688552516049e+00
3.777378046134639344e+00
3.643296869790133563e+00
3.438528435985251264e+00
3.152796005003636104e+00
3.075561862532101731e+00
2.676395329396754175e+00
2.604336097282726747e+00
2.537060352924324746e+00
2.338934006664670662e+00
2.312287421981769953e+00
2.176568868920694566e+00
2.021664753770227918e+00
2.005881026614340090e+00
1.717634489918857144e+00
1.700429598361970607e+00
1.647563324263810580e+00
1.563716756979201650e+00
1.555678769818254148e+00
1.512872754424146704e+00
1.485571134214241473e+00
1.454487051856760749e+00
1.432821510183667657e+00
1.386708232287613862e+00
1.328576541751907314e+00
1.316116639742186623e+00
1.152546423819762467e+00
1.110686876884937835e+00
1.089390905561890666e+00
1.005344090637469323e+00
1.012016881291814219e+00
9.937664148350681126e-01
9.749673061501035187e-01
9.764166312176577600e-01
9.661358158342611135e-01
9.628484539798979336e-01
9.614485233597306335e-01
9.578072198824202355e-01
9.571407634169678547e-01
9.559835366660981437e-01
9.547734095235816953e-01
9.544861336360642712e-01
9.538506459197574339e-01
9.529372412701110351e-01
9.531742955743728318e-01
9.519022814360665885e-01
9.507635763747998014e-01
9.521485143122495609e-01
9.466104911209388684e-01
9.484075076053809505e-01
9.481869066792932843e-01
9.312551128204989981e-01
9.508103555075703150e-01
9.233243005182233398e-01
9.018803960797440178e-01
9.663912959614343601e-01
8.094615449891230385e-01
9.117679972305828828e-01
9.834292497928284194e-01
