-5.039718334263583281e-03
-4.999426551681025038e-03
-1.084607893184980206e-03
-1.360867339501893591e-03
-3.515269601801700606e-03
-3.070636534258267686e-03
-3.356169904099138429e-03
-3.755230625099829130e-03
-3.620707661003372182e-03
-3.812211848365653147e-03
-3.856326930607736469e-03
-3.854438610628630087e-03
-3.917101273798204684e-03
-3.917433619737203075e-03
-3.931068904381870843e-03
-3.945978891235693911e-03
-3.946757264888838684e-03
-3.954181983081452370e-03
-3.957573999949425166e-03
-3.960040205362646767e-03
-3.963544964355106455e-03
-3.966039559686071990e-03
-3.970885882796419686e-03
-3.973732350791537964e-03
-3.981773340576737034e-03
-3.992230947680437854e-03
-3.997363229539569081e-03
-4.028788675794808295e-03
-4.043684376055093829e-03
-4.070640733000345686e-03
-4.173070484862735977e-03
-4.161284835017983047e-03
-4.337582116510193403e-03
-4.559986741295157450e-03
-4.453740398438489102e-03
-5.348548288549779400e-03
-5.496601077673307287e-03
-5.754949543584275337e-03
-6.629403140012473696e-03
-6.691348264609232703e-03
-6.918686796495200804e-03
-9.649006055709388394e-03
-9.629423143887330672e-03
-1.109183694746062286e-02
-1.140729082965023788e-02
-1.161150095178505384e-02
-1.392868587713637363e-02
-1.468163971616420066e-02
-1.631861636351875436e-02
-1.745804477697561821e-02
-1.802216398172660355e-02
-1.881480617397856062e-02
-2.041970789549441001e-02
-2.037679533771569532e-02
-2.256846541268174230e-02
-2.210510452215380325e-02
-2.063896626962878969e-02
-2.328548258288812289e-02
-1.930564551922736224e-02
-2.209258313732875845e-02
-2.349431740558240514e-02
-1.174545896921906987e-02
-1.641359502735421916e-02
-1.190773984144738104e-02
-6.837877157506599794e-03
-2.532372946558902882e-02
-1.110567703097039942e-02
2.361194851926432230e-03
1.896772848162300851e-02
1.129702552544347913e-02
7.819355588592218423e-03
7.603462636349667906e-04
-7.122336572534857142e-03
-1.279600805501323983e-02
-1.956454351359290106e-02
-2.741968305365473021e-02
-2.941408075326560484e-02
-3.361803956116148073e-02
-3.556487296084002991e-02
-3.707925847333959357e-02
-5.278556002566705402e-02
-5.656241076951321750e-02
-5.682567440380124901e-02
-6.312047701348358353e-02
-5.010422781140259907e-02
-4.644368237783197406e-02
-4.842416161208015768e-02
-5.395924664896756956e-02
-6.218635126599932061e-02
-6.679042688234756997e-02
-7.187289224137821675e-02
-8.094217114097621013e-02
-6.827795801873595694e-02
-6.454280896302688753e-02
-5.534016055384298471e-02
-3.130223966562907523e-02
-3.080140028161497054e-02
-2.223343903188542900e-02
-1.552851285161240165e-02
-2.363902415513320296e-02
-2.486254585485656726e-02
-2.855168083316782929e-02
-3.407419804113243078e-02
-4.070264818354071834e-02
-3.663503184455632611e-02
-3.987530153942965561e-02
-3.791675219441702910e-02
-2.585107587152794817e-02
-2.371426395291286252e-02
-2.878428825970752447e-02
-2.263458016711682869e-02
-7.176519918910688987e-03
-4.823699006949865899e-03
1.413566886225726613e-02
2.478759120124666288e-02
3.557942577048287675e-02
2.710875172750142406e-02
1.579648778751133534e-02
3.011412428237299991e-03
-1.210670486739099695e-02
-1.516230293309285895e-02
-2.408115602345831455e-02
-1.616024828341342673e-02
-9.502179563030562631e-03
-4.782910082013203112e-03
-2.775387107845910407e-03
1.106462554080995045e-02
1.656762158027462115e-02
1.954559601624573928e-02
3.356454976074755431e-02
3.611328474903118674e-02
4.501082527557325602e-02
4.935266836944194463e-02
6.280041727375963723e-02
6.812744865525661997e-02
6.609675418270399838e-02
6.774813945340163457e-02
6.880164982257355732e-02
5.803813293246289085e-02
5.673940361189279413e-02
5.105493490813804019e-02
1.487752018159053252e-02
8.328479068183583522e-03
-2.296230886652698977e-02
-3.180804285287448796e-02
-3.611940938628055431e-02
-4.169779317443042532e-02
-4.452243985729062437e-02
-3.687334518067321432e-02
-5.429520733696823614e-02
-5.656847888151043946e-02
-6.635887226613453038e-02
-7.898929352478599453e-02
-7.444911722542929544e-02
-8.638356799019404619e-02
-7.577471249209040416e-02
-6.531786891807325746e-02
-6.512161210928144039e-02
-3.469700586131997666e-02
-3.411732247687750824e-02
-3.410184511299512583e-02
-2.708648428253029872e-02
-5.277427001508872006e-02
-5.385129889091442440e-02
-5.498438073672263365e-02
-6.802472518177019034e-02
-5.370076555214027547e-02
-5.715124962059690145e-02
-6.036941649697437351e-02
-5.253061604316319744e-02
-6.510651621966292990e-02
-5.997420704085074106e-02
-4.285362859997159796e-02
-3.939714723148826647e-02
-2.035077487048653558e-02
-1.258083564012615028e-02
-1.512813142836532190e-02
-3.579153697430302161e-03
-8.263002876974765570e-03
-9.954741484734406717e-03
-1.484306505957263753e-02
-3.046335667363916228e-02
-2.674637758932115611e-02
-2.139643223824889626e-02
-2.054369429095258964e-02
-2.524176642675158774e-02
-3.529923674587263221e-02
-3.885935286470425243e-02
-3.159199344079545446e-02
-2.619509670615988162e-02
-6.199244801395474742e-03
-1.599668737169636585e-03
3.117207072052547399e-03
3.123703073027231381e-02
2.930023634162677929e-02
1.715466382430021544e-02
1.700148496313788962e-02
-3.224678115603168017e-03
-1.220957017344799500e-02
-2.837114193770098186e-02
-3.671708338337829197e-02
-3.162893221145277739e-02
-3.323394095774489382e-02
-2.476126391228392759e-02
-2.063388423108157219e-02
-2.410897652653053863e-02
-1.806918663510562184e-02
-2.208578114383700358e-02
-2.452652802176037358e-02
5.367511313473421856e-03
1.070015426570890965e-02
3.430250125329589728e-03
1.765635333749001126e-02
1.725348971050254124e-03
-3.451183454970728655e-03
-8.585510874812142187e-03
-1.909588729553434241e-02
-1.825281458114172764e-02
-2.254143581305093416e-02
-1.111438464087964248e-02
-1.159306028603747894e-02
-5.347015256942627866e-03
-3.516258767577637705e-03
-7.191702818807019920e-03
-5.338913724212119780e-03
-8.116922424592661750e-03
-1.316423919349402928e-02
-1.781748475843000432e-02
-1.597038799599295733e-02
-9.664240891262882230e-03
-4.769238946723118600e-03
7.654176464836570659e-03
1.183829580759242911e-02
2.044161875459653277e-02
2.100570333928813982e-02
1.660628414937887626e-02
4.173639769125560804e-03
-1.447225520252473814e-03
-8.142956163755338955e-03
-1.782119494902804566e-02
-1.461120574744167837e-03
1.347355323491104297e-02
1.148971804510142553e-02
3.697180048649471168e-02
3.689434298161713144e-02
1.993415794285546133e-02
2.555151112253134169e-02
9.996246969407266564e-03
3.192878325558225032e-03
-1.484488169067051328e-03
-6.294772762367741546e-03
7.781060786179323265e-03
6.315765329235462772e-03
6.109567811290255238e-03
9.897350189904091655e-03
-1.780102166281684372e-03
1.118135687860638810e-03
-1.942863747207888413e-03
-4.340241656987458251e-03
9.104712752960574798e-04
-1.099571874962792899e-04
4.544731765452581299e-03
8.338559280890353240e-03
6.038155838925712664e-03
1.319230886038960833e-02
1.186388595974933839e-02
-4.936151280263094583e-03
-6.673104802616633760e-03
-1.601324908261021404e-02
-2.282198921824514851e-02
-2.075836518673094752e-02
-2.287580961011329017e-02
-2.278256289812498336e-02
-2.259939776014178309e-02
-2.146468578390755416e-02
-2.002902935864393080e-02
-1.991786431545373992e-02
-1.212480380008855614e-02
-1.028036174329106933e-02
-8.533114610310485806e-03
-3.255515288727821657e-03
-1.390541457446904704e-03
-1.871644497530239662e-04
9.391001406974464061e-03
1.093575822730040101e-02
2.525231853697488746e-02
3.694526476908329554e-02
4.644258555570029978e-02
4.793434040856704714e-02
5.060739435423615429e-02
5.371853610801700929e-02
4.754761579898693358e-02
4.277141056481972847e-02
3.130611250832542047e-02
1.146058114026380151e-02
4.687682485255258917e-04
-2.111191837026969026e-02
-3.225480094118771124e-02
-2.833184783482253083e-02
-3.608383700491307050e-02
-2.681304114926746224e-02
-1.596848892071370957e-02
-1.120089452721574966e-02
-4.845705278222461193e-03
-1.484686603055082035e-03
4.216055740747831800e-04
1.737917713887991754e-03
-1.569473591759392578e-02
-2.573447404948788278e-02
-3.258120593470972132e-02
-4.148677545752978146e-02
-3.921603362865148934e-02
-3.658366406756858452e-02
-3.606118153546239435e-02
-1.569088783707911147e-02
-1.472099914274532968e-02
-1.243745203843517853e-02
-8.042282943172501461e-03
-1.006693748962132588e-02
-9.188341256933631532e-03
-7.620748481825774696e-03
-1.129885257842559027e-02
-1.498722897469592641e-02
-1.881485942797483588e-02
-2.714905919184032457e-02
-2.860540016057848065e-02
-4.327553181755389861e-02
-3.366097836825556605e-02
-4.653023054249944696e-02
-4.841060882399397108e-02
-4.112371259217128747e-03
-9.053475793450503281e-03
-2.169536469681914229e-02
-1.337650097130257260e-02
-2.954396609778749128e-02
-3.335198444117926792e-02
-4.078368920876543346e-02
-4.702679947774879993e-02
-4.323942300061473648e-02
-4.381539843817126856e-02
-3.926593695736169121e-02
-4.688331766335841061e-02
-4.565422745313934411e-02
-4.425057626481624512e-02
-4.182399080300139294e-02
-1.858762655904932018e-02
-2.122897779107322733e-02
-5.722067310880771598e-03
-1.794595955780572700e-03
6.567808198291249806e-04
1.599337598986599537e-02
1.123882872984473258e-02
1.271967095476093067e-02
2.581241540286121575e-03
-1.197083939836565171e-03
2.937866384398328187e-02
2.637314051442280274e-02
3.584834091591657806e-02
3.275613653677552500e-02
1.016926889359123093e-02
2.767634689985267859e-03
-1.368121193123557865e-02
-2.327044345225330602e-02
-1.991870621333534375e-02
-7.992434523056283699e-03
7.829907121459554753e-03
3.442569885022146725e-02
1.125017430126851181e-02
2.944480859289515945e-02
1.714855497334167450e-02
-2.489900777616496988e-02
-2.000338168265803837e-02
-2.237657462286800000e-02
-1.937315109843192051e-02
-4.057611422322719361e-03
-5.859478024499322271e-03
-4.082813153071166226e-03
-4.540488271356436095e-03
-1.659542302957576695e-02
-2.214559874069714149e-02
-2.447694522828341990e-02
-3.381435039349215549e-02
-3.612722994171637531e-02
-4.124857511909831714e-02
-4.873572075399047049e-02
-5.164900969137974779e-02
-5.889991620175012710e-02
-6.616253345561033672e-02
-6.910591662592877049e-02
-7.669222204060560655e-02
-7.628519442349016022e-02
-8.322325435204105948e-02
-8.476260346511307886e-02
-8.660180744087372928e-02
-9.213608703927907151e-02
-9.013062802915206007e-02
-9.671362853298322293e-02
-9.793656790807069024e-02
-1.003696257773932787e-01
-1.126102172464879675e-01
-1.159522549885452225e-01
-1.204777433938237913e-01
-1.296392671960887866e-01
-1.263295374771399304e-01
-1.335233626773820736e-01
-1.317233626882940989e-01
-1.208552501240383187e-01
-1.171211821521894181e-01
-1.065676273384130041e-01
-9.530172565316707978e-02
-9.112638109744591874e-02
-7.778979009802651501e-02
-6.949013495293097920e-02
-6.528433956986839926e-02
-4.987480491944525085e-02
-5.116892293357537536e-02
-3.823227253913359658e-02
-1.659785936618952615e-02
-2.340513900147702211e-04
-6.825590245838887799e-05
-3.753526794051313502e-03
-6.947618738866272875e-03
-6.720690498621163106e-03
-8.949009945955772871e-03
-8.825281583087828813e-03
-1.010871205506995441e-02
-1.048947797775581260e-02
-8.651486490620866748e-03
-8.527033956118026600e-03
-9.143735460163433457e-03
-1.015209523973584389e-02
-9.969747595471502993e-03
-1.360450521095550765e-02
-1.603978416826561809e-02
-1.616142215057048484e-02
-3.077891801980022282e-02
-3.098624635167068764e-02
-3.459974786512688694e-02
-3.845468474908359663e-02
-3.861437859493289937e-02
-4.064437261574276039e-02
-4.145141047830475795e-02
-4.179579321184607316e-02
-4.252474399750269529e-02
-4.265249850074588622e-02
-4.279934104468462869e-02
-4.297593085732592105e-02
-4.278912683551842205e-02
-4.269394233596030680e-02
-4.258388578102675209e-02
-4.175912425827116303e-02
-4.167400876268474719e-02
-4.066341187371753929e-02
-3.863133899076155037e-02
-3.918215292717465437e-02
-3.409695291858600569e-02
-3.189856917502554429e-02
-3.189253377362548381e-02
-1.294503399064011497e-02
-1.233655739994234633e-02
-4.038548124504766183e-03
1.695647374020345724e-03
3.186415012719153589e-03
8.098848634608902392e-03
9.788430728409175732e-03
1.163189445521285899e-02
1.232587558153996031e-02
1.112816228038389366e-02
1.046421367368011689e-02
9.433992636090980655e-03
9.132018006050564990e-03
3.324584843371944549e-03
3.060010810499393021e-03
1.965134051589689877e-03
3.126364033099182107e-04
5.226472406715348918e-04
-5.066113457488430945e-04
-7.930640089179775845e-04
-1.648989097546733342e-04
-2.865908492682068989e-04
3.598302908269539742e-06
1.165585453622791716e-04
1.295806472032556313e-04
2.310820311688647924e-04
2.459466399501570818e-04
2.691926896495964571e-04
2.956892913735807748e-04
2.999731616929652601e-04
3.113169930931292280e-04
3.172831103337200431e-04
3.198323156530037724e-04
3.236185959827077015e-04
3.249157842805973904e-04
3.261732386292391130e-04
3.266420520138929562e-04
3.269712336734544576e-04
3.269945630980300574e-04
3.250766806532279425e-04
3.262132186837844077e-04
3.222595613926744051e-04
3.181014011934864684e-04
3.223576777748613040e-04
3.008627570342882235e-04
3.056255792795222067e-04
3.026205810471242872e-04
2.287807526229507118e-04
3.044820593625593725e-04
1.813324795551319647e-04
5.966164764200246958e-05
3.462656817103645967e-04
-5.018273563813703151e-04
-7.568280089993544013e-04
