4.427750402486359824e-04
5.700474817588661565e-04
3.261579963874520691e-03
3.357744440677785675e-03
4.078077712532444769e-03
4.516767765418831272e-03
4.057684511430459384e-03
4.375508691141471486e-03
4.329213141568966777e-03
4.284801407643958060e-03
4.373144196293546337e-03
4.336337522793150788e-03
4.359547944267480254e-03
4.379764423515040278e-03
4.376730598470805582e-03
4.421934323940558166e-03
4.425872502169457892e-03
4.471023346751749027e-03
4.574578203484485489e-03
4.535235662038546688e-03
4.784303290555325626e-03
4.752518865338705920e-03
5.029042528189024697e-03
5.041514310407950623e-03
5.198720648677690112e-03
5.426093971827264384e-03
5.309261639763720314e-03
6.026291691576076380e-03
6.015371994493404553e-03
6.178876196352309225e-03
8.772152221510296291e-03
8.384420051298123802e-03
1.046227848975289469e-02
9.849299400458562739e-03
1.021818820304385561e-02
1.099737320292116551e-02
6.116228011922172914e-03
6.060527286215741660e-03
4.765669640947462794e-03
3.402803068981228099e-03
3.411825233125588119e-03
5.206936608963930180e-03
5.268009207231311684e-03
5.161904833463686233e-03
5.339746732161568601e-03
5.360223521062581868e-03
4.453221680729333408e-03
4.273610874776341377e-03
3.970985697782147827e-03
3.463203618543861406e-04
1.117776349944695196e-05
-1.554771673591314927e-04
-4.862036463844011838e-04
-7.845722565586392243e-04
5.988690881322401415e-04
3.982719716797511011e-04
2.141478503923158454e-03
4.914757789204225909e-03
5.430950425002170102e-03
4.760199787645386961e-03
5.514079045057664052e-03
1.968325866052769366e-03
-1.296525333190516171e-03
-4.239768621300037121e-03
-9.993794268788897678e-03
-1.298013198892675364e-02
-1.905452226922739467e-02
-1.961331539563122839e-02
-1.812459161940127225e-02
-1.831556639433036190e-02
-1.117960597343580116e-02
-8.973602533369125570e-03
-8.876149995565508349e-03
-4.317433800830536295e-03
-5.631628914447840868e-03
-2.782197430632494650e-03
-2.353436595700278151e-03
-4.726141477467331840e-03
-5.159591283905469276e-03
-6.018720930361503955e-03
-7.857044079374785051e-03
-8.149839446251017777e-03
-8.601871380824029079e-03
-9.236366308412170129e-03
-9.851981530476354790e-03
-9.468409644318147994e-03
-1.124903139955344550e-02
-9.757820994442350029e-03
-8.875931464404828927e-03
-6.736869155165082536e-03
-5.774131287658333190e-04
2.822095548321253470e-04
7.308232222611162586e-03
9.425613043173228234e-03
7.393416152686141385e-03
1.041284937463106755e-02
9.602309978841060134e-03
7.325854035444592273e-03
7.118422361201579181e-03
5.982577270757571085e-03
5.144758042291214944e-03
3.512044168742659792e-03
3.023424919648209398e-03
3.714711298400921475e-03
2.997509659145045600e-03
4.594238456735563053e-03
3.170032987582597443e-03
3.065645258891773559e-03
6.202674199791200979e-03
4.888778395115270237e-03
1.081027688468685520e-03
1.202451799840332418e-03
-5.665269734653492675e-04
-7.794463366197571788e-04
3.526143506856954982e-04
8.878642774077774493e-04
4.256862247614627733e-03
7.492173698693139344e-03
1.122762256417226927e-02
1.306341718857996666e-02
1.231878130587674494e-02
1.274689289732304151e-02
1.123480846481211132e-02
6.255197207131316106e-03
3.369116009234460109e-03
1.812227287168866833e-03
-2.921634592060412192e-03
-3.283337906811980428e-03
-4.943144037395146885e-03
-6.105402260284775728e-03
-8.413524892396216301e-03
-8.683352689153173848e-03
-8.510975123697530134e-03
-8.770511908552373892e-03
-8.757782123799521395e-03
-7.921803725591062759e-03
-7.523680657417994647e-03
-7.391975417377385539e-03
-3.910396002090681805e-03
-5.304840680118982736e-03
-6.037572541796036585e-03
-8.118443904222389165e-03
-1.307359717753635991e-02
-1.529298212874087744e-02
-2.192150214634861968e-02
-2.561954208993144633e-02
-2.966529760208711994e-02
-3.368933884873600432e-02
-2.962103011947753162e-02
-2.973578516671958327e-02
-2.637107089539984101e-02
-2.862383425839037585e-02
-2.717504044339979358e-02
-2.529257196454869766e-02
-2.587264239996460435e-02
-1.953480710387096864e-02
-2.130769063465804206e-02
-1.780730070558473113e-02
-1.581117542766872705e-02
-2.130980985337285055e-02
-1.809057104316411785e-02
-2.109885684480368104e-02
-2.191336985776806343e-02
-1.662752799957012070e-02
-1.801794901549533257e-02
-1.166274048270444716e-02
-8.204500347053557754e-03
-5.083878319792289879e-03
-3.645018566309248930e-03
-4.513165726037209058e-03
-5.365881466390586170e-03
-5.742673635702432756e-03
-6.657698994877353331e-03
-6.927842265495750412e-03
-4.395264709653793483e-03
-5.038316580549795885e-03
-1.999486963133796213e-03
-1.925606517624489341e-03
-7.490198447343379999e-04
3.657786909532933454e-03
4.591235855752494842e-03
1.052932326961547767e-02
1.183471267652044454e-02
1.209653341192866785e-02
1.235573064973089982e-02
1.017151223750036200e-02
9.835474623919565618e-03
9.572534515190914833e-03
6.304855630854416283e-03
5.303696079274632103e-03
4.684619020571299114e-03
-1.729480197295394902e-03
-1.098705291868567026e-03
-2.642393018416231906e-03
-3.990443627588169569e-03
-3.989011241556030701e-04
-6.619971197370666137e-04
3.174226966821513517e-04
6.543923892702761206e-04
-2.670242718321072625e-04
-5.448336112076177136e-04
-1.622800798748312047e-03
-4.409182179028712199e-03
-1.393146801544666415e-03
-3.018772832359119425e-03
1.916654197693055804e-05
6.444839003881756411e-04
-2.096730458095009617e-03
-1.148968721934801648e-03
-5.252702397042956391e-03
-6.265265284158074571e-03
-3.947518249504991007e-03
-5.823700731583231725e-03
1.643176597360980332e-04
-5.534874638673934442e-03
-3.580656068148505055e-04
-4.767269645455738530e-03
-6.687148877579408845e-03
-7.384572453133714416e-03
-9.214438389989703868e-03
-8.872764616801189982e-03
-7.547085816835908192e-03
-7.785586559855122053e-03
-6.188222564874566560e-03
-5.712466690165290614e-03
-6.306374247215421752e-03
-5.421314818019756093e-03
-5.491380071200923328e-03
-5.452220761887875515e-03
-4.521898082804328388e-03
-4.893735937640104200e-03
-4.413606333711156404e-03
-5.065017366805299459e-03
-4.445749812614452866e-03
-4.696918308971819063e-03
-3.783236202761753285e-03
-2.183062121875562096e-03
-1.772683582433349754e-03
1.365673728787179884e-03
1.822320414407924312e-03
1.702367945889437075e-03
2.688337162051629772e-03
2.916973897314990762e-03
3.946841812289865123e-03
3.617010838012392482e-03
3.536890151059875979e-03
6.953712441031212332e-03
7.255216998865828687e-03
4.506388597392414243e-03
1.878214398195881445e-03
5.062580510849332572e-04
-9.139886806126399418e-04
-1.701251112910099434e-03
-8.030799954129545911e-04
-7.316720077075936210e-04
1.826756877749138690e-03
5.677402017372477384e-03
7.280496102634930085e-03
1.035531008222807976e-02
1.177073909464258945e-02
1.021736191397520574e-02
9.460241874444908286e-03
9.140770944691624725e-03
7.619342713281677948e-03
6.825653399510621736e-03
7.681302970316213757e-03
3.022552349006951775e-03
4.686526442037600854e-03
7.213092003871516980e-04
-7.099580214417605499e-03
-4.993530832264616096e-03
-2.980242541022731523e-03
-1.451427244832770736e-03
-5.491175843034270046e-03
-6.076919748757438934e-03
-7.531701784096881194e-03
-1.268991007433771349e-02
-1.531487369890830244e-02
-1.811379108290954096e-02
-2.148449325233392840e-02
-1.665865029040410408e-02
-1.444331565596364622e-02
-1.211535868625268110e-02
-1.041114683225247486e-02
-1.137319483413409653e-02
-8.706636508825629436e-03
-9.168072072881191734e-03
-7.015283308734126567e-03
-4.997755154045003742e-03
-4.437422215618034606e-03
1.342734873369762737e-03
2.551802768598985388e-03
6.271002898513256332e-03
9.074393142012710661e-03
1.044365193720907074e-02
1.308021444090108447e-02
1.433477393998189298e-02
1.597908893708900602e-02
1.738916400361785811e-02
1.874579391792877137e-02
2.019671763774167836e-02
2.115177779043538042e-02
2.303977274217291690e-02
1.667197874103707247e-02
1.849645928166280054e-02
1.525899434278480196e-02
7.515062396805560069e-03
5.139415671975106244e-03
2.688429966814099258e-03
-6.531160441939091923e-04
7.185904174139080879e-04
-7.765258096485896510e-05
3.956727177828796120e-03
3.917527525246549021e-03
2.736512091178806231e-03
4.062796248848598440e-03
2.387520162105161506e-03
2.135927459157582319e-03
1.772803973147884420e-03
-1.905681665303478323e-03
-1.651662662809617009e-03
-2.572336509524044638e-03
-2.409536681330656273e-03
-2.265149202470217397e-03
-2.457437160144380212e-03
2.785377158106292286e-03
2.604691709376408433e-03
5.246367931357389693e-03
8.819524122599956689e-03
7.031263738258946433e-03
1.485501274375999013e-02
1.538021920609927533e-02
4.126602226913029213e-03
5.791741845673509942e-03
6.552072466412229949e-03
4.919911133428427064e-03
8.907449856860188281e-03
8.313186048949147006e-03
9.798858639025803327e-03
1.002647674641815416e-02
7.024057010328974004e-03
9.157571182887687400e-03
5.063778816841354655e-03
8.759172596491093463e-03
6.409864581127879685e-03
-1.126955634474346339e-03
5.600228897007442563e-04
-6.183003641592566685e-03
-4.943836203707424257e-03
5.446417572602414974e-04
2.623103303005557604e-03
7.396059567096187684e-03
1.056465772338539832e-02
1.418225118224521880e-02
1.780371994697968821e-02
2.079753312010993935e-02
2.587564651139684369e-02
2.735314568763475354e-02
3.194471780309453973e-02
3.180526626986820982e-02
3.167506528660683079e-02
3.286103430962130506e-02
3.015965279305912738e-02
3.147608822189726374e-02
2.848170781179099054e-02
2.668585812206562130e-02
2.624741738149767231e-02
1.803110643836729546e-02
1.617504184785373972e-02
1.501093221454945746e-02
1.144527040357383799e-02
1.209701798255646658e-02
1.023992900396532985e-02
9.894588817434728581e-03
9.233872645520993169e-03
8.559273207468789599e-03
9.469849804838160329e-03
9.094854575131778446e-03
9.257415080577483663e-03
9.008611133461725748e-03
8.519299603478074079e-03
8.535365685363033306e-03
8.323282891425046182e-03
8.215727922006621151e-03
8.141265152086385112e-03
7.978869051911217924e-03
7.944212120393480750e-03
7.660024462266286534e-03
7.478695052648515369e-03
7.371916007636123563e-03
6.274445438155738276e-03
5.952867780374004707e-03
5.020104368275274918e-03
3.851368627754374937e-03
2.418386820026873461e-03
1.878722593851379517e-03
-2.042882324118637082e-03
-2.442537124758927414e-03
-2.562382717848169997e-03
-3.540465202961526944e-03
-3.307709289118586100e-03
-3.549879143072556982e-03
-3.229681919037182599e-03
-3.211922225881971415e-03
-2.649639275038799969e-03
-1.389614800353502610e-03
-1.827435429422875597e-03
1.799470496816760754e-03
2.941865205684132158e-03
3.676287397880133659e-03
1.656019147985099416e-02
1.454463490325871682e-02
1.639931679197818848e-02
8.136249379050580766e-03
7.640837478773187044e-03
7.637332914248732424e-03
5.341587117557120359e-03
5.680903759741100061e-03
5.153029673672637583e-03
4.596943054001980007e-03
4.876324945240825305e-03
4.509612379395845985e-03
4.191404830179429677e-03
4.012094278281919980e-03
3.969800072446472324e-03
3.782214885748687392e-03
3.721780510206237555e-03
3.606245363905398980e-03
3.307931976117926137e-03
3.344174618559329296e-03
2.858715535453015214e-03
2.915153436225105706e-03
2.799021307021775685e-03
2.700909048976238031e-03
2.708682623466635540e-03
2.654335904754751875e-03
2.639685690400475192e-03
2.632576103475615849e-03
2.616111794453625673e-03
2.613816383383058949e-03
2.608738910994590730e-03
2.605230998822647900e-03
2.604407157297082467e-03
2.602682279061332895e-03
2.603695067826053856e-03
2.602576773587913454e-03
2.605037714946219132e-03
2.609098214676580998e-03
2.605423075984213653e-03
2.622563698264069026e-03
2.622000281815688172e-03
2.621495154196200675e-03
2.685649798202416512e-03
2.631291351798386007e-03
2.718060085618978928e-03
2.848416835858847296e-03
2.604599307897412837e-03
3.250158355187223770e-03
3.358909432607128705e-03
