6.164007880211376219e-04
8.056949972091079605e-04
4.139045171133248248e-03
4.133488778767455303e-03
5.310043262977602770e-03
6.035998179833411935e-03
5.687019474304281369e-03
6.272596163094855404e-03
6.303517865337695397e-03
6.343820797877181006e-03
6.540961502920813152e-03
6.530627797983718820e-03
6.609060681954914349e-03
6.669170885529973440e-03
6.687192451265516063e-03
6.756831482980263891e-03
6.790095078387491274e-03
6.843940641868878107e-03
6.945340706098466523e-03
6.971647925756422129e-03
7.132539116020244867e-03
7.139777376306083445e-03
7.569622528996478375e-03
7.592162790858789437e-03
7.929120605512433168e-03
8.499481032207467299e-03
8.344680046370570731e-03
9.764545717204918193e-03
1.017740108809070225e-02
1.037324440888855344e-02
1.510744785493485162e-02
1.482376685541808396e-02
1.774448343020222293e-02
1.794096564373612659e-02
1.864973156323596754e-02
1.996774742286981652e-02
1.625959392664457978e-02
1.628924678642745122e-02
1.530635558989455226e-02
1.383366131963918028e-02
1.373389434409839210e-02
1.558338734444740699e-02
1.536631397615708522e-02
1.492763982944925530e-02
1.460141663636599189e-02
1.419953790972606697e-02
1.225121748036006770e-02
1.122717281768336774e-02
1.016716323650839957e-02
4.799990640043258483e-03
3.561732330923074712e-03
2.325591137258474234e-03
1.083081178508065161e-03
-4.238905194311313627e-04
8.053748023942299212e-04
-5.091407883512134597e-04
1.482603948232322612e-04
3.084150551536424083e-03
1.568345164007642172e-03
-6.956544770087895414e-04
-1.270752343848103412e-03
-9.193375395865989452e-03
-1.445009403042519201e-02
-2.046981058859749514e-02
-3.043232311758335001e-02
-3.487540120076484951e-02
-4.496799422082238540e-02
-4.708411448519852355e-02
-4.663564035235100852e-02
-4.921481200219410962e-02
-4.118083746014852831e-02
-3.988649475316354692e-02
-4.096809575211601828e-02
-3.546295993114488565e-02
-3.900655921734759446e-02
-3.666183357188684822e-02
-3.672355421922906399e-02
-4.258413394897747617e-02
-4.320648970424652985e-02
-4.594002914157051948e-02
-4.885042655099836040e-02
-4.919551603075398433e-02
-4.965153514261582551e-02
-4.983402653169294316e-02
-4.949993451643664583e-02
-4.716841988068647823e-02
-4.790473122756731122e-02
-4.302816719116152322e-02
-3.902092447044494539e-02
-3.343763103055551189e-02
-2.062468976352546321e-02
-1.732198259144852176e-02
-3.754400049284474256e-03
2.181876465865319106e-03
1.874093385370652776e-03
8.798401736833183842e-03
8.984227498323484051e-03
7.867245373460816232e-03
8.961582931985222558e-03
8.111480865934207057e-03
8.017317545784006030e-03
6.622337191461365700e-03
6.570667978389841020e-03
7.819363681860643650e-03
6.653335366164597579e-03
9.284312859539754770e-03
7.672957597412734081e-03
7.809584945639522907e-03
1.223259355388740810e-02
1.057426053796785108e-02
6.744757775751661355e-03
7.902286683067440837e-03
5.728079789092295482e-03
6.276034519422390295e-03
8.368812825596450358e-03
8.767909937226781372e-03
1.397454596754220055e-02
1.773135044807622879e-02
2.155470303521397207e-02
2.446011873855744728e-02
2.024748974161588375e-02
1.975437618659311306e-02
1.720416654626262878e-02
8.861759459836094852e-03
5.255166840653399674e-03
2.399900983557151472e-03
-4.714807877663020064e-03
-5.958426682312171346e-03
-9.801296729953170098e-03
-1.228768312391878385e-02
-1.675341916058388850e-02
-1.882077108306313626e-02
-2.025975340068174660e-02
-2.213141340656802486e-02
-2.420426603973055424e-02
-2.432696953545361584e-02
-2.650371350620470134e-02
-2.899749705407652853e-02
-2.658897706431043867e-02
-3.420162509558204167e-02
-3.670483228539885706e-02
-4.390904713782365493e-02
-5.841444300144664481e-02
-6.501952488466886115e-02
-8.043748479085913172e-02
-9.041374072365764014e-02
-9.964627794624789092e-02
-1.098038940462142260e-01
-1.120295682967171608e-01
-1.174467270765015559e-01
-1.217375979096939342e-01
-1.346853303381214950e-01
-1.356986126193278630e-01
-1.478634781371975238e-01
-1.497918659163827715e-01
-1.452092592330793686e-01
-1.511571895924397890e-01
-1.405626099378716465e-01
-1.388926473804236172e-01
-1.381787995378949974e-01
-1.299055941394137714e-01
-1.321939909179631889e-01
-1.258302406074578994e-01
-1.174587856766757810e-01
-1.142305799359061846e-01
-9.993370154284246520e-02
-9.100657643519963202e-02
-7.997055244007966746e-02
-7.169073506748804836e-02
-6.842153624427992076e-02
-6.370042976674915314e-02
-5.999884174934427133e-02
-5.676789456479747198e-02
-5.278189314590990555e-02
-4.642849264046556429e-02
-4.340809936195835078e-02
-3.512929066381551002e-02
-3.018403653017270524e-02
-2.405122815617241963e-02
-1.302282314869886853e-02
-7.883790458983507346e-03
4.630895551571326263e-03
8.746726358747005867e-03
1.155633960702156550e-02
1.326664817909563310e-02
1.139708322540810247e-02
1.160531461175915054e-02
1.163326974500852699e-02
7.887831419344112915e-03
6.613967526426474570e-03
5.953228749408122009e-03
-2.417413589602387947e-03
-1.504315112522262984e-03
-4.105573595160721435e-03
-6.629722885236182320e-03
-2.022745604967388089e-03
-3.608315862157229683e-03
-2.587697906591396920e-03
-2.335594705585536477e-03
-4.737220108529426217e-03
-4.899671984426349873e-03
-7.175756184344434831e-03
-1.140865548909571030e-02
-8.597703711986990141e-03
-1.200080739968350033e-02
-9.107737016827054805e-03
-9.308526589755335839e-03
-1.349776159181676274e-02
-1.280090983633466392e-02
-1.868829261755769119e-02
-2.057199972700466881e-02
-1.886738541446945916e-02
-2.265249002072263276e-02
-1.705879525548464198e-02
-2.483255056151685222e-02
-2.061131546474538265e-02
-2.695990304197433754e-02
-3.054236640115939178e-02
-3.245277490352554972e-02
-3.441700737131294513e-02
-3.500813887932901353e-02
-3.333420861223788251e-02
-3.367686822816551295e-02
-3.245507047581156629e-02
-3.109004988107999870e-02
-3.179983361046846702e-02
-2.970110179427864691e-02
-2.916152567772211171e-02
-2.793760266156502040e-02
-2.544578657644552128e-02
-2.494000962549338535e-02
-2.173404376557415071e-02
-2.136589806254605289e-02
-1.813631032618029729e-02
-1.652294239110881427e-02
-1.373369273187258557e-02
-9.067679704453752640e-03
-7.614832978758653316e-03
-1.416799978095592853e-03
7.670179501300315283e-05
7.071608407371759216e-04
3.393985325946344538e-03
4.009200171591384421e-03
6.082292242843304053e-03
6.806921148520103833e-03
6.720737176445600383e-03
1.155476607979175931e-02
1.199828368094348757e-02
8.982586289803549950e-03
6.468420459526281509e-03
4.898626854541008810e-03
3.724647216652048065e-03
2.907653819940979323e-03
4.282189264473115764e-03
4.837887943141624611e-03
7.803243018863532769e-03
1.283842059872002637e-02
1.467891114786692985e-02
1.758983548425021443e-02
2.012615558581565961e-02
1.567911901596701421e-02
1.463328991789388835e-02
1.463002425702790779e-02
1.115740628203459352e-02
1.007287084685841612e-02
1.035647270361998544e-02
3.070822809258882957e-03
4.514212642312255552e-03
-1.877052354580120404e-03
-1.266239536477547882e-02
-1.142308385870544063e-02
-1.210395333323095908e-02
-1.193044382356562780e-02
-1.822297616213996649e-02
-2.075868913574010349e-02
-2.316045079075585572e-02
-3.116050626271124960e-02
-3.400546869369644454e-02
-3.781492918408458498e-02
-4.187149042574517255e-02
-3.520718775086747326e-02
-3.324281398731956244e-02
-2.864108812787590982e-02
-2.524072882850085867e-02
-2.535385944859009158e-02
-1.967527436753466891e-02
-1.917057604257390788e-02
-1.465477621151887663e-02
-9.846377273842365357e-03
-7.889004284756787402e-03
9.250469840202222996e-04
3.770544173981477468e-03
9.196869345101013615e-03
1.432497000048465335e-02
1.689452734914599630e-02
2.142816896497761955e-02
2.420870279985366455e-02
2.694221646336360590e-02
2.993140488023361689e-02
3.218678838946641141e-02
3.459450916978562551e-02
3.687090533946814352e-02
3.959575653256634103e-02
3.363356881541568894e-02
3.624973222238903753e-02
3.252018491257102628e-02
2.488845076542378632e-02
2.203852494361284789e-02
1.801230595000999357e-02
1.281383850948350847e-02
1.449568645295813696e-02
1.132933443955623856e-02
1.678243927851684816e-02
1.578834806752495504e-02
1.310840493103848821e-02
1.546776159997152560e-02
1.138847390488917366e-02
1.076532697690074300e-02
1.015128859118077410e-02
3.833589111206505036e-03
4.943147217084602196e-03
2.791088958757185351e-03
3.038119059986118219e-03
4.269692252907747107e-03
3.648609582927910509e-03
1.111981691570237962e-02
1.160365933493326049e-02
1.494943330262270449e-02
2.106871138437360277e-02
1.967999943680222297e-02
2.788401929146254454e-02
3.161174441189128909e-02
2.015213590510950975e-02
2.580826787113676621e-02
3.172040855732518455e-02
3.412141563614666528e-02
4.923769916859051243e-02
4.991007714300124687e-02
6.809688518489449838e-02
7.377251202417438314e-02
7.527964756191611595e-02
8.952165647914549218e-02
8.144405064373345937e-02
9.050714219847912079e-02
9.075027992523358733e-02
7.426206477260963168e-02
8.227868922669084872e-02
7.295023816845166986e-02
7.580876454831360356e-02
8.596038096243271975e-02
8.908804740719779292e-02
9.792008498458421029e-02
1.046052291831984643e-01
1.111793191281631732e-01
1.191346662219449626e-01
1.251476144252840761e-01
1.337506671438515593e-01
1.376324854698136868e-01
1.443421508313429691e-01
1.442916509945030012e-01
1.454916309913378836e-01
1.455403934063757843e-01
1.420505260700876404e-01
1.429034656928190872e-01
1.357392491419261715e-01
1.336775646842082998e-01
1.282028333929927377e-01
1.147308072464982148e-01
1.094066089929799368e-01
9.298556041843218656e-02
8.801842128521066011e-02
7.980198567340487936e-02
7.063856248757387213e-02
6.725814919355904697e-02
5.510376211985934525e-02
4.948600649246839844e-02
4.141494819282157819e-02
3.642569280998120274e-02
2.680524442625389567e-02
2.446776808788543936e-02
2.168080622114698652e-02
1.856983503362830829e-02
1.752317293995623790e-02
1.591996045887686048e-02
1.485543665314130284e-02
1.396021223035306957e-02
1.328175932683971043e-02
1.243019500355317664e-02
1.139138694965167835e-02
1.137725075011973216e-02
8.961899606806041779e-03
8.206288058205083932e-03
7.740115595202936953e-03
5.339800614947905547e-03
3.731464069496065895e-03
2.905549741758911130e-03
-2.489195308822821084e-03
-2.934138592454153208e-03
-3.796201328729964606e-03
-5.260100994558853001e-03
-4.853870931161551223e-03
-5.465567047556686188e-03
-4.493747629304664128e-03
-4.381213158798225558e-03
-3.183432250904774750e-03
-5.275977206132079775e-04
-1.082510932166627594e-03
4.975809672478102158e-03
6.911639908974860462e-03
8.128594981369313341e-03
2.428583841190888257e-02
2.061706236491657115e-02
2.422848852901070965e-02
1.352587224371305276e-02
1.288240688346375083e-02
1.288568524276672775e-02
9.284831096849041274e-03
9.807502929033958330e-03
8.796752352500434788e-03
7.800071425381236746e-03
8.095977232245437152e-03
7.368718575914670783e-03
6.896571601014001365e-03
6.587759889971090202e-03
6.375556759793873755e-03
6.056436194488258942e-03
5.899554355492648769e-03
5.653174163073032034e-03
5.209440557299585030e-03
5.208858104383679022e-03
4.499822294565207839e-03
4.532037722724794986e-03
4.331644789810103549e-03
4.149894019365264058e-03
4.142079122597415626e-03
4.031916233277129356e-03
3.992761408052440848e-03
3.969004332408375933e-03
3.928342576587356451e-03
3.918070641137325581e-03
3.901887896664100758e-03
3.890809813177966651e-03
3.886704419061554495e-03
3.879638654444121648e-03
3.881869925471509355e-03
3.878067285560328221e-03
3.881288007955503109e-03
3.894092146505501780e-03
3.881900053012143480e-03
3.917381890905475422e-03
3.925288060507809568e-03
3.905601627378121974e-03
4.039981024876364638e-03
3.945121832361144637e-03
4.041993855055773383e-03
4.328112195211301395e-03
3.860353823207288756e-03
4.751496464483323350e-03
4.973532633827395209e-03
