-1.706777421878012809e-03
-1.497746402688909014e-03
3.767150587458462443e-03
3.347457671350420865e-03
3.897757978670808414e-03
5.693713752957350535e-03
3.709877403122510079e-03
4.790297626701972220e-03
4.568554198713749293e-03
4.053007789197626484e-03
4.418208652822568430e-03
4.106620054901028230e-03
4.070215776469291065e-03
4.105231852688706086e-03
3.994148941664991091e-03
4.010215112266501784e-03
3.992291176631705164e-03
3.969034567725708215e-03
3.974945285493388172e-03
3.967212253597882619e-03
3.966634311150421532e-03
3.971528647369333698e-03
3.979366753441692522e-03
3.984518520154301836e-03
4.007063837747901376e-03
4.032700904646797750e-03
4.046358527681324750e-03
4.134201177024081700e-03
4.160783297185201290e-03
4.238888825862737256e-03
4.468070916591403673e-03
4.381536048537659246e-03
4.786518932163032550e-03
4.910841172341908097e-03
4.587371506837890911e-03
5.608392229929354440e-03
3.476251628576521209e-03
4.047539793234085359e-03
1.013149840098647846e-03
-2.401383860320146276e-03
-1.822035066309730120e-03
-1.304575017690392559e-02
-1.379488255029509038e-02
-1.513689128425837332e-02
-2.047748395781801012e-02
-1.919912391614363167e-02
-1.780206270040412750e-02
-2.082301238458336701e-02
-9.671587313256986909e-03
-7.791808489551976108e-03
-5.450539445972989346e-03
1.764131100560461726e-02
2.391742265883193067e-02
2.742405959765863155e-02
4.450149644747046496e-02
3.885134547162467922e-02
3.515894576633538798e-02
3.231210049127138106e-02
1.395690756794806808e-02
2.153909629357676769e-02
3.927900878960362968e-02
5.914966693154959099e-02
6.593096951427196428e-02
8.795994478776611447e-02
1.052638500532208921e-01
1.003498448682529076e-01
1.213291099045672033e-01
1.212089932780999330e-01
1.050004207030788700e-01
1.256631079794636729e-01
8.966023829430518066e-02
7.900808114504632995e-02
7.368057373897310414e-02
-2.484581753799717987e-03
1.305423084260666370e-03
-1.560761350372662920e-02
-2.583600044364456338e-02
-1.228710743922840389e-02
-2.946406129851436573e-02
-1.976681511888365300e-02
-2.156361269104498796e-02
-3.725420721136635943e-02
-3.332963283527687337e-02
-5.629576400675349174e-02
-6.729095385775196725e-02
-7.871127090422427863e-02
-1.064691640618975060e-01
-1.173640290640211858e-01
-1.457518815126436496e-01
-1.698146884881406582e-01
-1.839879974303963162e-01
-2.152480926535650652e-01
-2.078677293781460711e-01
-2.200416185943894209e-01
-2.224146283847975025e-01
-1.434214061871400825e-01
-1.427422899512217347e-01
-1.148880198604144282e-01
-7.062791975183528581e-02
-7.109684308269233199e-02
-2.607146764941303471e-02
-2.286897728465663721e-02
-1.855652519090386990e-02
-3.554046661550809300e-03
-4.803954164912201119e-03
5.306791436625915050e-03
6.773165631502734915e-03
9.149611671225490322e-03
1.264847291388099780e-02
1.234934399862814593e-02
1.660833473768633106e-02
9.596565954915824842e-03
1.316028693582968825e-02
9.591114233326560740e-03
2.913339163461448836e-03
-8.821771649300681750e-03
-2.563360756325294698e-02
-5.104572543490178138e-02
-5.726123473456726232e-02
-4.757382153420206677e-02
-5.054283751094799243e-02
-9.138807855337183553e-03
-1.651928921111693593e-02
-1.169880712810953197e-02
6.757701012967452271e-03
-1.733564693009167351e-02
1.519507624648115847e-02
8.733637045856997710e-03
2.792899228576539586e-04
1.789655433627203654e-02
-5.277161175011600529e-03
3.791494560195064669e-03
2.943295563856054148e-04
-1.214234630998197503e-03
7.414388689631573257e-03
5.702986769343495327e-03
3.302867558265651371e-02
4.227085851087990231e-02
8.118228218214340597e-02
1.113590049602903448e-01
1.169311759098415615e-01
1.601018706503213596e-01
1.673613836783497677e-01
1.767827568029258500e-01
2.165288171425633068e-01
1.928159784599769999e-01
2.105976996180785044e-01
2.071427696520176942e-01
1.660417672528371746e-01
1.655613226092021439e-01
1.318152166262766822e-01
9.715294727293483090e-02
7.994565267966494138e-02
3.569079723344522476e-02
-1.608768167304428648e-02
-1.792615852261899775e-02
-4.973092515558479726e-02
-4.424071207803727257e-02
-3.846832427169984830e-02
-4.163872408679239467e-02
-1.445906022553087797e-02
-1.192435296637743905e-02
-7.478165451251449561e-03
-1.396557118150356346e-03
4.041903409201105628e-03
6.897452295405711274e-03
3.594149089472133737e-03
2.450298053619815938e-02
2.669884765784184821e-02
1.715176314543312777e-02
2.535132451083242644e-02
2.170787199459615208e-02
8.815982126520027079e-03
1.693347790343122106e-02
2.326566607672935980e-02
2.063073015850370659e-02
4.971447411856089876e-02
4.867804697983975359e-02
4.082981937521915072e-02
4.248150491719869526e-02
2.548928988831065251e-02
2.107526559048659640e-02
3.310901969271703472e-03
2.293338726302578210e-03
-9.167873499957047978e-03
-2.992366275834604239e-02
2.547677331426970431e-03
-1.919967978141811152e-02
-3.649414859569556635e-02
-2.505211172703574601e-02
-7.975121268934907970e-02
-7.746981855051784938e-02
-8.204774440846458738e-02
-7.535601173473591152e-02
-2.948674967112713957e-02
-2.737831358261717807e-02
-1.851600533620199884e-02
-6.435644745066327992e-03
-1.455758508899348148e-03
3.200170124025566738e-03
6.540625182607276954e-03
6.346808660629691366e-03
1.128643875349715463e-02
2.883486976430638810e-03
1.060090193374476318e-02
-2.014761491839761522e-03
-3.661716394651435419e-02
-4.039912084567298667e-02
-1.112802651626196154e-01
-1.465915973776963921e-01
-1.369810667583952202e-01
-1.850798032385141401e-01
-1.722923018063595990e-01
-1.402676871248406398e-01
-1.420112678664208761e-01
-9.342361637948506936e-02
-7.075204145966818015e-02
-6.225312567876353093e-02
-4.690172131221416463e-02
-5.906484231351258329e-02
-6.850523467025473878e-02
-7.537795220732435020e-02
-9.533428133591730080e-02
-1.048079861715509320e-01
-1.232677132771784895e-01
-1.400285261535118009e-01
-1.541043960388663314e-01
-1.747859263990351741e-01
-1.873198159719565437e-01
-2.084793770766953935e-01
-1.783532865231146902e-01
-1.961657833923326211e-01
-1.801898262487010294e-01
-1.742889141056763180e-01
-1.485908549506821941e-01
-1.537197143524805520e-01
-1.168041750081371677e-01
-9.245964703633798021e-02
-7.219016366393959938e-02
2.699972201908559018e-03
1.345265662266706928e-02
5.704372395924394573e-02
6.644038217920462952e-02
7.422353149815270890e-02
9.543517303837488475e-02
9.532467870399280452e-02
1.062267773617930761e-01
1.149773600048173139e-01
1.140145784721786903e-01
1.238704582822323236e-01
1.258785528214516058e-01
1.245016100405969134e-01
1.365287343530818265e-01
1.280645523614145909e-01
1.305638327559978384e-01
1.239987925021086151e-01
1.050209109283796322e-01
1.008737188354849740e-01
8.109943647586340121e-02
6.499735450267207781e-02
5.662600210792279737e-02
3.101236076893478313e-02
2.053142055344241504e-02
-1.009264850951154327e-02
-3.986758198155910399e-02
-6.078212951683185927e-02
-9.048623601692316887e-02
-1.018877255076031246e-01
-1.240381147017428215e-01
-1.530299804721090007e-01
-1.574271338545793486e-01
-1.875455831385429428e-01
-1.850196360911060822e-01
-1.540789182206740160e-01
-1.558674778896921853e-01
-6.175987190628143275e-02
-4.784987539503618437e-02
-4.596438130073206979e-02
-7.172315251005699152e-03
-1.693895708594136268e-02
-1.160015897146090755e-02
-7.820012613872530383e-03
-2.717600480646921793e-02
-4.337632523180325050e-02
-6.486392823369063754e-02
-7.937429566452293417e-02
-6.877343658330976883e-02
-6.150457013234684328e-02
-2.950720116137345653e-02
-2.376753822363763743e-02
7.838532977424126930e-04
1.612653657943909427e-02
2.062628744449051046e-02
3.687066754888678605e-02
4.064181820721888411e-02
4.343507255492381341e-02
4.713524260064676230e-02
4.553010047057933635e-02
3.593196459362337641e-02
3.254917365553558484e-02
1.633373349802733770e-02
-9.920520177506240989e-03
-2.767345703926351111e-02
-8.997990507153533213e-02
-1.233710895688785447e-01
-1.540559917439953408e-01
-1.905474515693525717e-01
-1.284152189657422061e-01
-6.095041600949137328e-02
1.697633372007689365e-02
2.180970206581717488e-02
5.542162923139436204e-02
5.158132034069850408e-02
4.879486073381742589e-02
5.877444051263553543e-02
5.008979132965181436e-02
5.513719124022403023e-02
5.836825079233081554e-02
5.618301518220770313e-02
7.300712445996902777e-02
8.014598474648861048e-02
1.283124837975435639e-01
1.321619182854407715e-01
1.531327308242257379e-01
1.706545146528943568e-01
1.706209650577384662e-01
1.708729688656905887e-01
1.801007024527293832e-01
1.578790848216264364e-01
1.440092366241247090e-01
1.519809164810317637e-01
7.484465922272370841e-02
8.614213915825644219e-02
8.111123878190884540e-02
6.170306755066905235e-02
8.775036291441468128e-02
7.147626352630202795e-02
6.767005572661140278e-02
7.250027387109167498e-02
4.908735249876980400e-02
4.547186188493260173e-02
3.594395465849489768e-02
4.948853160873971715e-04
3.847191829446322195e-03
-3.540597136583386456e-02
-4.712480053560737236e-02
-3.754181161979304460e-02
-6.148398577590188235e-02
-5.228869048737522229e-02
-6.367970244904574972e-02
-5.017644571471554377e-02
-2.755597882740819238e-02
-8.625982102082551534e-03
3.117205988402551795e-02
5.745049475466931094e-02
9.503150580814676007e-02
1.296189978094171302e-01
1.351676982041690178e-01
1.598475937256839396e-01
1.658636594291606481e-01
1.583046339490558618e-01
1.636847776906172336e-01
1.421395247832814013e-01
1.293987361232687150e-01
1.160842495390392720e-01
8.459496729671737991e-02
7.015490328408022225e-02
3.747964062397176471e-02
-2.869470863101571817e-02
-3.854913149035796294e-02
-6.151561183656496096e-02
-7.731720749401820025e-02
-7.195602029301907676e-02
-8.798132366430466700e-02
-7.997788458094373665e-02
-8.692658743963872781e-02
-9.449549785693962811e-02
-9.090905885187318403e-02
-9.901647059750325053e-02
-9.827162007495419960e-02
-9.761641580418049802e-02
-1.041719800343147567e-01
-9.797334467748221309e-02
-1.018791060992259717e-01
-1.012147950843022559e-01
-9.261031963726643057e-02
-9.582075390502718670e-02
-8.092798501992447269e-02
-6.925248426677842184e-02
-6.293174147006440344e-02
-9.387143284270309251e-03
-9.657209831290321234e-03
1.050397025805441253e-02
3.414349118283686174e-02
2.870760789996446363e-02
6.953067757938605209e-02
6.430959410052290715e-02
6.547356911352336661e-02
7.690570801291722602e-02
5.210726098923241373e-02
5.557761904897000338e-02
5.119442677683792159e-02
4.343028036886480842e-02
4.456509992891045935e-02
4.088986253007440702e-02
3.857419476643748901e-02
3.872858447204595433e-02
3.658768794623021986e-02
3.422803048691046290e-02
3.615828491274816064e-02
3.071070681681010300e-02
2.892720632906161868e-02
3.317612466373556779e-02
1.679377212236508529e-02
2.045614637698271038e-02
2.755093845413690914e-02
1.650768962416958655e-02
4.409042332403178416e-02
6.180685512233551754e-02
5.569809255108141427e-02
1.403070052804002710e-01
1.319451226843777747e-01
1.464521049071008940e-01
1.798116791010293536e-01
1.494620126198254739e-01
1.458180733415172514e-01
1.521174571007814502e-01
7.233604679817993988e-02
7.967596211774836956e-02
4.831925852675007793e-02
2.006577191891955464e-02
2.151830189220464012e-02
1.497847413677265904e-03
-2.657431116684707498e-03
-2.974460767066742974e-03
-1.073008781165634903e-02
-5.699589122268545680e-03
-8.103932171811236568e-03
-9.033471539728679667e-03
-7.273748665035654169e-03
-7.970063602446094200e-03
-7.457219831576525695e-03
-6.058555781815713921e-03
-4.925033213499358485e-03
-4.571325132202429774e-03
-7.400274272066497024e-04
-7.505030386729785773e-04
6.807660478812500382e-04
2.368171407376889678e-03
2.290199502634546972e-03
4.376442599950475069e-03
4.570095788745585051e-03
5.018889128989286602e-03
5.704158706923856230e-03
5.730689024905453316e-03
6.036925639908639375e-03
6.191886010890793220e-03
6.237648741867170277e-03
6.354824313926202110e-03
6.382066202147811985e-03
6.420179755675718865e-03
6.452494240468883979e-03
6.448770678146473374e-03
6.495300796224002388e-03
6.466319212029432092e-03
6.473494150328912289e-03
6.561388186556531103e-03
6.373670871553511336e-03
6.575360647771573072e-03
6.561355856472742172e-03
6.112745383123699590e-03
6.980712157887875545e-03
6.006205572077344401e-03
5.956956064526191912e-03
6.524730798713213910e-03
