6.299643255846266651e-03
6.242358629595539700e-03
1.121557170861684979e-02
1.094807508703285297e-02
1.304307898030707645e-02
1.348821923681020087e-02
1.463983720771102129e-02
1.424896576537344750e-02
1.448626616837698187e-02
1.463123653219724866e-02
1.444816886256702383e-02
1.458127429852693752e-02
1.455250159923005167e-02
1.453190188692517898e-02
1.456669683952422668e-02
1.454728022688725475e-02
1.455228787039421559e-02
1.455568304556046320e-02
1.454968969810537666e-02
1.455144851012773848e-02
1.454761866075482239e-02
1.454424436365311935e-02
1.453949071469627999e-02
1.452936591755456079e-02
1.452310058802847026e-02
1.450134045358922319e-02
1.447914627883052641e-02
1.445948005855570914e-02
1.438052386286334423e-02
1.435020222816348057e-02
1.425076437747286109e-02
1.401842599209606952e-02
1.402172945683786282e-02
1.350459171416552515e-02
1.303515054498339230e-02
1.304244181877666463e-02
1.092245962773783288e-02
1.082359082077714342e-02
1.036370005950423487e-02
9.695953936104213453e-03
9.382560051656272868e-03
9.361773245511881975e-03
8.413060382418022579e-03
8.293895602644946879e-03
8.208286564355725748e-03
6.340721064754531282e-03
6.741603448695085085e-03
2.610857994991699557e-03
4.408616104258846640e-04
8.224008445677266676e-04
-6.746404785596081359e-03
-7.203791639782156260e-03
-1.083438696338732965e-02
-2.816327426277437720e-02
-2.852036961045159927e-02
-4.447532231521417190e-02
-4.947780836975568947e-02
-5.105598661994240756e-02
-5.520054219194787948e-02
-4.913371976247952327e-02
-5.171022364383364572e-02
-4.828995950899430539e-02
-4.549975730764819343e-02
-4.863971663231413806e-02
-4.442081497642522137e-02
-4.406306038097685535e-02
-3.114956841259801726e-02
-2.142375663688440499e-02
-1.328600240331362543e-02
-1.716152054967477400e-02
-1.824728254909221276e-02
-2.091633178566866189e-02
-2.156192300944445930e-02
-2.292448728235061892e-02
-2.372846996367667868e-02
-2.347015222448267657e-02
-2.417575874636311919e-02
-2.356773990619972364e-02
-2.257015483551035040e-02
-2.324603019126341222e-02
-2.079787648646803586e-02
-1.974865834170753606e-02
-2.490797292304276420e-02
-2.358487490651760971e-02
-2.661067903544252905e-02
-3.591806896697291585e-02
-3.593311757464819067e-02
-4.061596072379267813e-02
-3.735766072371674712e-02
-3.516041011265006594e-02
-3.533123794284984825e-02
-3.215236395392664231e-02
-3.835618555669719626e-02
-3.692695877585944891e-02
-4.087903921191254203e-02
-4.542539289561548649e-02
-4.414302693720321275e-02
-5.241864312001513065e-02
-4.887510470127305606e-02
-5.232775878543689113e-02
-6.206213708359405862e-02
-5.909125119459408826e-02
-6.641494072911176272e-02
-7.539046629950868494e-02
-7.570775838368996868e-02
-7.491946380741541789e-02
-7.122166559911605188e-02
-6.199279351686973194e-02
-6.102370841716912159e-02
-4.367540807929836538e-02
-4.072459841536825442e-02
-4.173233113076629808e-02
-3.431049660326935397e-02
-4.347475096828313373e-02
-4.127664702881481823e-02
-4.554197607359844469e-02
-5.036025474707927357e-02
-4.864577822365637183e-02
-5.829762160418949096e-02
-5.411171711456899680e-02
-6.680200423326654313e-02
-7.194293134649359933e-02
-7.538542944466360141e-02
-8.267524439540410719e-02
-8.077286038429476456e-02
-8.499919782883326447e-02
-8.696816978435262246e-02
-7.733676263645697380e-02
-7.879597214088791823e-02
-6.598296411128046213e-02
-5.100207009901472355e-02
-4.110469357163748505e-02
-3.019774045953049768e-02
-2.467235312121835236e-02
-1.873078989614902420e-02
-1.553163696438403761e-02
-1.231058090404719800e-02
-9.470826622376292761e-03
-8.116020810919674991e-03
-5.411829745374303023e-03
-4.532672381478519523e-03
-4.930268639715874694e-03
-4.729614778341069588e-03
-5.832027127465839143e-03
-4.978160986068984849e-03
-6.109391062073943682e-03
-3.592477383454772012e-03
-2.778876351854294834e-03
-2.710064890411868245e-03
6.105831048513735496e-03
7.203683193246974634e-03
9.390784847696722823e-03
1.259846026789921900e-02
1.281034278545742540e-02
1.070284021319014428e-02
9.606804273253787690e-03
4.743574712292586426e-03
3.306326878833457019e-03
1.973750141753573967e-03
3.918614707618839343e-03
-1.551801427248916372e-03
-3.546354539279853672e-03
-8.401206810279570475e-03
-1.734999443964901564e-02
-1.923885984844511329e-02
-2.824983950575084279e-02
-4.009773386907811848e-02
-4.428840537646228093e-02
-6.155787401031574679e-02
-7.304600888229570432e-02
-1.021457913601871020e-01
-1.406240280109344321e-01
-1.828004784037625674e-01
-1.937730582174393146e-01
-2.176516657728363169e-01
-2.155714844321088564e-01
-2.166396051806614154e-01
-2.155096671574434353e-01
-2.029655577126674437e-01
-2.006333449283632664e-01
-1.826925603428131706e-01
-1.765143914044897400e-01
-1.652923072993225662e-01
-1.509499321006409212e-01
-1.456085614755259494e-01
-1.243468058686695576e-01
-1.158439304264014952e-01
-1.029298467579605608e-01
-8.775908302428822583e-02
-8.280139772403995180e-02
-6.770758716823686851e-02
-6.174002993122849198e-02
-5.046687890250296793e-02
-4.406815574354037285e-02
-4.046346873615473683e-02
-3.623416836043338168e-02
-3.750148924269559869e-02
-3.684258701144509096e-02
-3.674263973579449533e-02
-3.989520424090239187e-02
-4.115676219930612667e-02
-4.316301039973637066e-02
-4.953516720668482698e-02
-5.156052780800939733e-02
-5.725432701975960437e-02
-6.272185686262558846e-02
-6.540946388794902089e-02
-7.139901442701761247e-02
-7.567989357050411425e-02
-7.760813934219326637e-02
-8.460118976992941908e-02
-7.938717897684235969e-02
-7.861583922192526275e-02
-7.709913843826597668e-02
-6.689714162333469660e-02
-6.342698405276153695e-02
-5.720346498665405954e-02
-3.239946822400497500e-02
-2.770375774342038674e-02
-1.816810342322974434e-02
-6.130265526201548673e-03
7.797813371937767054e-05
3.564388131056129855e-03
1.386651386586201969e-02
1.090124936628555745e-02
2.612207833655988409e-02
2.758560727835625975e-02
2.464412987283508619e-02
2.195221734789576037e-02
1.357098971373101384e-02
2.966906223483187308e-03
-1.178410433446971765e-02
-1.803764415477118743e-02
-3.227941725338248635e-02
-3.940855605647172050e-02
-3.526529022716358430e-02
-4.373988475583450580e-02
-3.769241175724726695e-02
-3.543850494538871437e-02
-3.486767345945283869e-02
-3.141597396424196387e-02
-3.422372847234198684e-02
-3.372007965469211305e-02
-3.347367381137020259e-02
-3.563598037265024859e-02
-2.683659890736847520e-02
-2.429311112780168855e-02
-2.285414336833086965e-02
-1.449895047819104409e-02
-1.077017007214514828e-02
-1.222654546948365346e-02
-5.876535707702729323e-03
-2.397511357019536070e-03
-1.284288260810217269e-02
-8.911729429884034798e-03
-6.373514861068883125e-03
-8.379374694582114244e-03
-5.155671220120503981e-03
-4.792341825547348673e-03
-6.339174234731115125e-03
-6.333255492227366813e-03
-6.288603993536003717e-03
-8.863106681057201022e-03
-5.833010880492342683e-03
-3.301625537395921905e-03
3.647449036198799691e-03
5.215535955213225668e-03
2.251690400901612456e-03
1.920327195532642479e-03
-7.185087909266554135e-03
-6.208178608236954686e-03
-1.103051431810705453e-02
-7.211211998157113744e-03
-5.160065707017563556e-03
-7.745941737443361695e-03
-1.402231116851032850e-03
6.557246569291828170e-04
-3.173441234405939906e-03
1.012497950273122740e-02
1.105225744004411509e-02
-5.462832478549869801e-03
-1.399208628797424811e-03
-1.303164874247745913e-03
-5.607924915959846407e-03
-2.591723717854488730e-03
-6.410448649106005072e-03
-4.756675764198681038e-03
-9.521973404480608277e-03
-1.260708562519480443e-02
-1.339410274407495417e-02
-3.854977235799387364e-02
-4.440751425261550006e-02
-4.878009029579070260e-02
-6.114965466853906906e-02
-5.846416111418865913e-02
-4.749331571690895704e-02
-3.413282476400531645e-02
-2.777902918049017511e-02
-7.335050816929904877e-03
8.629293620374232573e-03
1.922975961747378643e-02
4.545691712148566127e-02
4.842030951182467458e-02
5.902066884013138642e-02
6.921551830736553945e-02
5.952019501097412235e-02
6.612147347212740667e-02
5.440291825860496533e-02
4.356324102651316921e-02
3.979274043363737606e-02
2.595336696466507206e-02
1.859447344169536803e-02
1.343278760249885274e-02
-1.185009628103835108e-03
-4.546750508172283343e-03
-8.533546767166578020e-03
-1.374079311767069725e-02
-7.828984178618028991e-03
-5.605087272456132225e-03
2.536804917227410919e-03
1.770401339731092222e-03
-8.589224252355467807e-04
-3.053226019227374931e-03
-3.457570907894968060e-03
-5.638733150771477708e-03
-6.386541289286335257e-03
-3.426182880426807253e-03
-3.788378448024700036e-03
-2.117997607659970888e-03
-9.229459347488277055e-04
-4.701098536861927761e-04
7.821482545856470311e-04
1.595606573250130155e-03
2.742519548690184120e-03
4.203109470114630396e-03
5.507451525181729715e-03
1.026404622460501924e-02
7.599291185569671814e-03
7.187209348672224732e-03
9.605569539967988291e-03
4.483859802579388994e-03
1.642385801754070104e-02
2.728224812348462036e-02
4.087735917160768839e-02
5.856805939570133152e-02
7.719706168222607856e-02
7.830594200620867584e-02
8.625451202248088367e-02
8.391023844601402937e-02
7.829524940080184736e-02
7.345666963900601698e-02
6.467937672446065489e-02
4.973458994437440772e-02
3.961629110914990232e-02
2.413484312486162756e-02
1.023046600188201767e-03
-7.026943794196291969e-03
-3.080038210880893176e-02
-4.013783410988185779e-02
-4.341080591425122009e-02
-5.639634966238717823e-02
-5.780242037158871832e-02
-6.204799437362484849e-02
-7.196259953106715068e-02
-6.860576225996856126e-02
-7.620159664161270385e-02
-8.048250376736107436e-02
-7.976703249006232566e-02
-8.496287707301393433e-02
-8.185620351997061062e-02
-8.143072349063038007e-02
-8.087465656774238398e-02
-7.134540817412386715e-02
-6.918878601546016305e-02
-6.147160719872356988e-02
-5.279107116897205354e-02
-4.984535623763946405e-02
-3.804698140841406701e-02
-3.189344922700391299e-02
-2.409998458013168712e-02
-1.142336128697767419e-02
-8.277605167751762513e-03
-8.656800775351285865e-03
-5.140248027768913944e-03
-1.530020266441960283e-03
2.157092488538345839e-03
2.592277475470143328e-03
6.422457727067425702e-03
1.827519097682712632e-02
2.039752780004786339e-02
2.640525890285568694e-02
3.668336606280394457e-02
3.725967295748567470e-02
4.054375879855970366e-02
4.374158859310064290e-02
4.360960594342724178e-02
4.558306894190666814e-02
4.617085656185546810e-02
4.640277453697946863e-02
4.720510788326825330e-02
4.717816407083965519e-02
4.741614371805658729e-02
4.762235290868555015e-02
4.735130381031594365e-02
4.758327830134180536e-02
4.729464990788747464e-02
4.683064053951783989e-02
4.725061297820750544e-02
4.605273689458477121e-02
4.638010894940213652e-02
4.693168887565727504e-02
4.711135435178247233e-02
4.875802963861076977e-02
4.935961600246038111e-02
4.986777041044274106e-02
5.166292758323691447e-02
5.136873503251684903e-02
5.093368179544248420e-02
5.060567574204968139e-02
4.650652380234308880e-02
4.712932013549592236e-02
4.242147697615262364e-02
3.888993613608283245e-02
3.839709652674655471e-02
2.581294309970166845e-02
2.531707414782009835e-02
2.348094746035436775e-02
1.978167885786984506e-02
1.959985186775502208e-02
1.867183022009785698e-02
1.699999714212746191e-02
1.709754943819284667e-02
1.718975406536572131e-02
1.731630371834748730e-02
1.797134307511800630e-02
1.839617273828581326e-02
1.857537089145515352e-02
1.895575121044561911e-02
1.898540831871944889e-02
1.917172060583754306e-02
1.935188120045627097e-02
1.936226237692566937e-02
1.946814733006346082e-02
1.950768974879218617e-02
1.952540398324539850e-02
1.956109582373053574e-02
1.956932497467115534e-02
1.958034429617138208e-02
1.958983866864961662e-02
1.959271078487148654e-02
1.959722552202856211e-02
1.959955633685195320e-02
1.960086060137870845e-02
1.960231718034901455e-02
1.960284993916072346e-02
1.960337661034155035e-02
1.960363063134749201e-02
1.960351802951904379e-02
1.960371983900606463e-02
1.960292971948725260e-02
1.960252041512177204e-02
1.960233298446494021e-02
1.959884688958093632e-02
1.959972995122608377e-02
1.959571014857288546e-02
1.958668671868707412e-02
1.959388214567314365e-02
1.956792076671166891e-02
1.956162387702146954e-02
1.956708456773561394e-02
1.948478310680625686e-02
1.951786181901713629e-02
1.938998751137510981e-02
1.946581784904204138e-02
1.903749700878025128e-02
1.885132048900530627e-02
1.915754592479808685e-02
