1.777127755811669374e-01
1.838393505131685757e-01
3.066394375219288482e-01
3.259815576535512460e-01
3.228396220646199688e-01
3.494534976411418636e-01
3.363940741919679289e-01
3.433246761821019399e-01
3.471628115214663857e-01
3.436402090697790457e-01
3.482334372541306400e-01
3.477087452467884643e-01
3.485186427800095466e-01
3.503527946446455266e-01
3.505274636507529906e-01
3.532349850670655766e-01
3.538266873556077940e-01
3.571187525603212176e-01
3.615108471769484799e-01
3.618119855451292222e-01
3.736941552611532380e-01
3.734760263942396574e-01
3.770730899091441768e-01
3.816111104591815018e-01
3.802134956113454867e-01
3.870428033624204733e-01
3.857452998740552030e-01
3.885637123747253119e-01
3.975956050118826246e-01
3.888348310609273661e-01
4.062584797683420068e-01
4.030102912941150861e-01
3.776441907002350828e-01
3.794816901268809328e-01
3.781694537585634230e-01
3.661295563007139209e-01
3.617390497929652282e-01
3.541331377054811047e-01
3.093268707128172812e-01
2.908317480776910768e-01
2.676696621518762642e-01
2.077638573166772640e-01
1.967356947786656762e-01
1.796181198142758340e-01
1.575660091043531719e-01
1.517862993583030673e-01
1.422568375242738437e-01
1.303184558590000375e-01
1.266209932556496554e-01
1.280002925782718626e-01
1.181390043763002190e-01
1.353621429580396107e-01
1.275350525569926563e-01
1.240214783086484446e-01
1.429829669598881858e-01
1.212823540788134230e-01
1.680401308772056512e-01
1.977177175413956656e-01
2.453901435083791216e-01
2.587716690069304937e-01
3.481894988916504619e-01
3.569193908196716114e-01
4.005586629857753600e-01
4.346151117081030746e-01
3.781081052908071283e-01
4.178479610887489426e-01
4.499753309273426538e-01
4.505725211120709672e-01
5.048937567165512341e-01
4.910574038065168012e-01
5.042837885864061009e-01
4.960695667845541057e-01
4.663845956776750401e-01
4.681271189259518795e-01
4.218546327487612269e-01
3.989539856345210023e-01
3.670473468862205935e-01
2.979941526214205938e-01
2.666640009343771989e-01
1.977950561658407824e-01
1.373025225893879098e-01
8.880728261733338014e-02
-2.773361461499605036e-04
-5.904810760958089516e-02
-1.175789897409326157e-01
-1.950986109837679061e-01
-2.400890859458150450e-01
-3.005235731792439968e-01
-3.592583325791410265e-01
-3.878798601262062329e-01
-4.375651736574292516e-01
-4.654578452764708829e-01
-4.811386082465586855e-01
-5.172467617231930603e-01
-3.931299926696696367e-01
-3.875174487190839456e-01
-3.269255477086112638e-01
-1.099104481089512309e-01
-7.762712160304428843e-02
-1.066617566497486680e-02
9.318592554852489496e-02
2.036583439622461147e-02
1.363777225103573847e-03
-1.788218746153595953e-02
-1.049687364608443002e-01
-1.162778437191894915e-01
-2.348368960250675763e-01
-3.291645239089019404e-01
-3.964084075239541205e-01
-5.110344929376616774e-01
-5.824883624926415759e-01
-5.605985141094725899e-01
-5.942606895417263946e-01
-5.736385287956113910e-01
-5.584739318732422353e-01
-5.714652385783126620e-01
-5.128040361193261232e-01
-4.838954076098584411e-01
-3.855797732656332522e-01
-1.197966873304169982e-01
-7.326339395285169642e-02
1.858715565170211692e-01
2.594567962128166982e-01
1.996786828250212698e-01
2.574654264785226632e-01
1.787660851952125318e-01
-1.681346416768665294e-02
-1.343851102393638364e-01
-2.038598618066429224e-01
-3.057070123000617534e-01
-2.997124769641447140e-01
-2.942109352893895746e-01
-2.909795508594373858e-01
-2.423179453131980021e-01
-1.941423492773692305e-01
-1.994287789477743322e-01
-1.502625788075636626e-01
-1.112471761700739026e-01
-5.717489821296403707e-02
6.746888749158535918e-03
1.748100272771371116e-02
5.451748361359146783e-02
6.057962253893896948e-02
6.089119811940370969e-02
7.675103876162311933e-02
6.313343031176885112e-02
6.776999669908627399e-02
6.103316295366800759e-02
4.257783632121823342e-02
3.454684912741323721e-02
3.225358822517536937e-03
-1.742155139402596850e-02
-5.128592747465930690e-02
-8.880454989081854045e-02
-1.157552854268694004e-01
-1.483855670680570837e-01
-1.630151252325201250e-01
-1.838474778804190801e-01
-4.264147792709729184e-02
-2.358382404932461360e-02
5.805468646375212122e-02
2.765598885603550716e-01
3.181057740991533600e-01
4.143206123142180730e-01
4.671160375053015623e-01
5.077885702786137934e-01
5.355221822678433163e-01
4.827607658056199402e-01
4.622436829867513364e-01
4.352224327366150392e-01
3.801037079766121374e-01
3.638380107470383096e-01
3.218569796322830467e-01
2.641109037658626035e-01
2.607093826260799552e-01
1.873905822738098359e-01
1.801656521635779107e-01
1.913315068926954576e-01
1.773597343786459946e-01
2.245819042097720319e-01
2.337956267651954689e-01
2.999597970780357725e-01
3.220020572972326911e-01
3.383485929395183556e-01
3.575937602326956788e-01
3.575839365188020480e-01
3.933893285964195630e-01
3.331345552922383435e-01
3.260441434642991632e-01
2.301386391436735235e-01
3.269120764552315567e-02
-3.269169658465977645e-03
-2.002663284307967806e-02
-3.083519411741631258e-02
3.389280522284200681e-02
6.417575911857280324e-02
8.350869817456629818e-02
1.159627504075231991e-01
1.385184461493979280e-01
1.564875141139605297e-01
1.848303928724776279e-01
1.882576071118054750e-01
1.962134855486640239e-01
1.968730553125448424e-01
1.902490930477872544e-01
1.902977431631026339e-01
1.819367070798628971e-01
1.765341646288401956e-01
1.688839425808973393e-01
1.582165678009894438e-01
1.528801829614935270e-01
1.407938284220755787e-01
1.335492418661012592e-01
1.240524631335445382e-01
1.112325236563355274e-01
1.044510780749692419e-01
8.757795373224200319e-02
7.589222049229922551e-02
6.035359624285197705e-02
3.372989975510880950e-02
1.360708916896122278e-02
-4.390040382657785928e-02
-7.956732374396290053e-02
-1.276812339812013475e-01
-1.856016740906741569e-01
-2.317908406996180004e-01
-2.963617018591909735e-01
-2.854041021576107506e-01
-2.466337649814633048e-01
-2.505640316349694863e-01
-6.019316983735919363e-02
-8.351556820713963367e-03
-3.809055380811062624e-02
5.823486255537801276e-02
2.006008511475497816e-02
-9.460209886837071813e-02
-9.978276053451043404e-02
-1.784765187677391229e-01
-1.923240286272564492e-01
-1.372026908481928653e-01
-1.418238270909088494e-01
-8.633833612059489682e-02
-8.227351014000147678e-02
-8.211200015121282447e-02
-2.616639656002758135e-02
-2.281753578104256386e-02
2.732783555698073408e-02
4.901039047982646418e-02
7.261329263085719576e-02
1.015226726612020319e-01
1.093676684475766298e-01
1.375944984455401143e-01
1.504839602965444834e-01
1.710385363232500566e-01
1.972065393271991707e-01
2.063399264297161861e-01
2.445589806028162505e-01
2.488224447242279314e-01
2.505960116298320828e-01
2.532568674526024521e-01
2.466433010046084340e-01
2.390425439886643133e-01
2.147593013536617523e-01
2.118608373007161150e-01
1.657543366466585621e-01
1.370968001842808315e-01
1.185960376707229647e-01
7.024924402340118786e-03
-9.932715652577803591e-05
-3.374675795868758293e-02
-6.351672500954833045e-02
-5.178186105891680741e-02
-8.499235076108899167e-02
-1.053977533265497146e-01
-1.146540038383767335e-01
-1.695725764687059101e-01
-1.906558608710836877e-01
-2.686025354781189645e-01
-3.646952970517366999e-01
-3.758824811533333365e-01
-4.229386576963124478e-01
-4.250582553957341636e-01
-4.294560231708115516e-01
-4.471929205954259245e-01
-4.266103477369631580e-01
-4.322124211470307342e-01
-3.862422541168141765e-01
-3.444422420873656798e-01
-2.486871966282288571e-01
-1.150455632379065868e-01
-1.241387837433922808e-01
-1.513395768845600120e-01
-1.975427491655762924e-01
-3.826491810699280682e-01
-3.683797648346526787e-01
-3.879326250506663909e-01
-3.950199298232231482e-01
-3.576062195722366499e-01
-3.653530824378195541e-01
-3.293891474090664961e-01
-3.245413954851146809e-01
-3.206874173645232196e-01
-2.918132372776180428e-01
-3.061931431722718089e-01
-2.925073403430956676e-01
-3.000211790607898443e-01
-3.080991086330114315e-01
-3.004612040798918526e-01
-3.200041496919338591e-01
-3.142548076027247839e-01
-3.216964086510286092e-01
-3.320846446880026948e-01
-3.144839171694815971e-01
-3.251557456570909332e-01
-3.041169496745343981e-01
-2.819656367598255553e-01
-2.531833327749992146e-01
-1.746175638671870756e-01
-1.204919537246229438e-01
8.321282960657158667e-02
2.148108784920163827e-01
2.560943995751153723e-01
3.041104228298859291e-01
2.924914465340917591e-01
2.354364689404412070e-01
1.846800046815696150e-01
-7.727427760638481968e-02
-2.065736313429676341e-01
-1.673857854711366944e-01
-2.677764196178020195e-01
-1.708988524716533453e-01
-2.373936897064556906e-01
-3.558775896272778905e-01
-3.685163635508598712e-01
-4.587910580993532217e-01
-4.867520307144261871e-01
-4.771413892304313120e-01
-4.999331310753292179e-01
-5.147638490612125306e-01
-5.039801581357489235e-01
-5.504375440855877599e-01
-5.541195882462381928e-01
-5.505419253655665646e-01
-5.595039843914010325e-01
-5.462654029510807252e-01
-5.452940223453371926e-01
-5.464397736857792287e-01
-5.330333426363494942e-01
-5.353593773642608689e-01
-5.281672518961778584e-01
-4.925763440336671239e-01
-4.742490138029006319e-01
-4.132106798897780542e-01
-4.114972414090350417e-01
-4.010119318870796201e-01
-4.372026190629387243e-01
-4.944116725749459484e-01
-5.267916314011479306e-01
-5.901487200354025298e-01
-5.931098161261022517e-01
-5.927641670180210376e-01
-5.919649021069537387e-01
-5.878886010276297425e-01
-5.833614303554311986e-01
-5.564426469701450051e-01
-5.487689880425926647e-01
-5.162166038989572936e-01
-4.537008504263436159e-01
-3.859438010458243751e-01
-3.019939907468195961e-01
-2.226839323602261833e-01
-9.056682759813673711e-02
4.218862215203551119e-02
8.889156590057668839e-02
9.965009901818658311e-02
9.464957903268580997e-02
5.154200221488730409e-03
-1.110302325187223771e-01
-2.014496803137588998e-01
-2.576915535390666978e-01
-3.439546985486636732e-01
-3.736276409587034331e-01
-3.450466163603463920e-01
-3.519296120743070633e-01
-3.255513216868053950e-01
-3.101552775178563204e-01
-3.038722962226473867e-01
-2.705805738050561238e-01
-2.629417976534946244e-01
-2.534383682721713660e-01
-2.319819886239860296e-01
-2.345490282994734388e-01
-2.212122861809796004e-01
-2.125657832063693464e-01
-2.179021868865060330e-01
-2.046708914213034025e-01
-2.100135629238376045e-01
-2.164181985400880914e-01
-2.126401508510092353e-01
-2.355395402277688788e-01
-2.396816015148691137e-01
-2.510269560767920960e-01
-2.785971513634068475e-01
-2.732162294792225277e-01
-2.943152220156373677e-01
-3.018488534645785148e-01
-2.524055626427778032e-01
-2.506404967798778749e-01
-6.311698060501662322e-02
1.305641524382811780e-01
2.018360789977792780e-01
2.939770344120601897e-01
3.296394665720592809e-01
2.952952680171683775e-01
2.936077988255220150e-01
2.799995806702900158e-01
2.628140867422034122e-01
2.606695739645573107e-01
2.454965829033969593e-01
2.401644918985591792e-01
2.324201607985666718e-01
2.186054028795068604e-01
2.186275776959737405e-01
1.982841759970478124e-01
1.924776998071834055e-01
1.961315777061845012e-01
1.909551408624953761e-01
2.120427660245895463e-01
2.085515574325925436e-01
2.083452616907061072e-01
2.147903966129591780e-01
2.083642005372239314e-01
2.292985957250418816e-01
2.371832614879632872e-01
2.634150578878095561e-01
3.088958917099723922e-01
3.156519115812119192e-01
3.725445038408221610e-01
3.871645974293430048e-01
3.943578660848678363e-01
4.009720500317771053e-01
3.427511407989994319e-01
3.500600096227971525e-01
3.069820503678403756e-01
2.971221088152524170e-01
2.792402985049688424e-01
2.330946748577735483e-01
2.541483136275886068e-01
1.672321233313851241e-01
1.621057771421762217e-01
1.261782277856209611e-01
-7.862990772066996703e-02
-1.193194639125456924e-01
-2.246156001925478374e-01
-2.636474090080097032e-01
-2.397998590224536541e-01
-2.784982866499134402e-01
-2.461357465035474146e-01
-2.414248361523211039e-01
-2.610107887388734560e-01
-2.429281309897411423e-01
-2.497881404356028789e-01
-2.492963248467876536e-01
-2.391912958143219137e-01
-2.413664701360988263e-01
-2.330622583802119396e-01
-2.198772173025700660e-01
-2.195164308826309529e-01
-1.938858903987294158e-01
-1.761197358322066642e-01
-1.676807400094837419e-01
-9.423630813641786785e-02
-8.062024904853179463e-02
-2.981855080649923467e-02
9.230778705058406003e-03
3.072364065044052434e-02
6.802915400648626432e-02
9.358734580829605743e-02
1.184777435381547672e-01
1.357635637022154840e-01
1.604428598667855255e-01
1.838369105464776609e-01
1.984787779350298820e-01
2.434493531637282604e-01
2.554664087182658694e-01
2.861186501770454083e-01
3.007757027673626515e-01
3.196863196716028810e-01
3.266548271925188152e-01
3.284116660141597199e-01
3.349956979955605596e-01
3.359881596864469078e-01
3.379667018737717021e-01
3.399436529426032583e-01
3.402979557247501341e-01
3.413645971173602800e-01
3.418532400068932664e-01
3.421203360932661974e-01
3.424926250211399736e-01
3.426417926430647132e-01
3.427403082802530365e-01
3.427854118673360206e-01
3.429062972958787925e-01
3.426642094532109106e-01
3.427233600883946019e-01
3.427051659477363676e-01
3.418341148206718305e-01
3.425456881308428514e-01
3.412490214379287901e-01
3.400737389332931793e-01
3.420964084371391767e-01
3.358453366924301076e-01
3.384832766932228121e-01
3.379780506690122088e-01
3.216637804428865710e-01
3.411916161150982951e-01
3.122657089647917217e-01
2.940721300363522417e-01
3.136831217513181835e-01
