7.201306294276782483e-01
7.930549391447347940e-01
1.347919153291952332e+00
1.372460154811079969e+00
1.405416753026525356e+00
1.434263269165226173e+00
1.417414458983493386e+00
1.434341783112107027e+00
1.434111363926157345e+00
1.432248933600935192e+00
1.438295841364027883e+00
1.436090166435498805e+00
1.437492600944853649e+00
1.438600323283744320e+00
1.437877493923280348e+00
1.438808379624492817e+00
1.438732358225504715e+00
1.438721326611857698e+00
1.439019467284862852e+00
1.438845333829557482e+00
1.438979711648263882e+00
1.438941733840783943e+00
1.438793378835893977e+00
1.438973922130668326e+00
1.438515770626025203e+00
1.438578037126510889e+00
1.438564574877881919e+00
1.437264657609968133e+00
1.438329931503140369e+00
1.436426055277737479e+00
1.434753987187587398e+00
1.437505110617440351e+00
1.428396456843931128e+00
1.431729819098771284e+00
1.428569838113106449e+00
1.399484622788915278e+00
1.396799280238070651e+00
1.359778220434299412e+00
1.374578692995544582e+00
1.355327653542045985e+00
1.352954302389096419e+00
1.416706998791348759e+00
1.385829163933332220e+00
1.450132002776156170e+00
1.446696255476576098e+00
1.429522721838684118e+00
1.535345971925685005e+00
1.460804236493404185e+00
1.541692647886710565e+00
1.485746887458434973e+00
9.787916627755116616e-01
6.752713869106686806e-01
2.483315266574601943e-01
-3.989125575764894682e-01
-5.973639621973639846e-01
-6.679760550947653197e-01
-8.860118367506635284e-01
-6.845093902347232362e-01
-5.713331043631253436e-01
-3.886614850788591147e-01
4.472698327398488827e-01
1.074197363378088577e+00
1.625611499045899411e+00
2.439117136889707549e+00
2.445563629713321419e+00
2.489421212934944450e+00
2.491310816408248030e+00
2.500556804899388474e+00
2.520527029445667200e+00
2.516920265491767505e+00
2.532011193598383336e+00
2.539081719539026949e+00
2.541552375054649815e+00
2.556154818790076888e+00
2.559210174322825271e+00
2.568660699201275488e+00
2.581712126498141746e+00
2.585067774112665084e+00
2.599984645859030330e+00
2.604714362664688920e+00
2.621544875215194192e+00
2.631945694506217404e+00
2.644666920109743025e+00
2.661228782640927104e+00
2.674533028779528809e+00
2.700343501722381134e+00
2.726202299734552970e+00
2.732609949318266285e+00
2.754330999964269111e+00
2.753206189279757243e+00
2.708542806266051262e+00
2.702841308813533239e+00
2.462237501855421229e+00
2.371938898677584451e+00
2.287781098546410874e+00
1.873853084832302729e+00
1.820554643319096222e+00
1.683351974182679234e+00
1.491220434706951092e+00
1.479885319082929751e+00
1.328594389381204444e+00
1.305997997382103204e+00
1.194755453882133223e+00
1.081449024139068404e+00
1.008204908695337965e+00
8.758758755276686570e-01
9.049086436750585216e-01
8.668699388249908599e-01
7.966024326863117011e-01
9.049075297614275204e-01
9.430459780915402268e-01
1.092757173731702336e+00
1.611506974646440105e+00
2.002182996433937046e+00
2.311560932831724813e+00
2.493276943469259876e+00
2.560501288592113234e+00
2.563106966262980624e+00
2.602708703357008435e+00
2.615163396281121599e+00
2.594642071969474717e+00
2.563761562144297290e+00
2.494733679559169026e+00
2.385029509998766617e+00
2.248054565051741172e+00
2.042590186240375694e+00
1.949017895589872262e+00
1.670851079247171134e+00
1.571913593918798036e+00
1.502117286219206038e+00
1.401592381601321158e+00
1.351920850675803365e+00
1.296239813993655066e+00
1.232185156968826245e+00
1.107119107484491050e+00
1.059805100355117657e+00
1.091970688223223407e+00
1.165700527308525691e+00
1.317219319169669944e+00
1.292281554248860154e+00
1.423963226615746924e+00
1.904086077881634864e+00
2.106256714343883729e+00
2.786367672101315751e+00
3.010913753399651061e+00
3.459378651539338989e+00
3.516168736872637535e+00
3.566371819081150196e+00
3.570572250824461502e+00
3.561395662558727082e+00
3.558904756426852778e+00
3.559194695796828345e+00
3.552549941135443756e+00
3.553102223743198174e+00
3.549851935777212475e+00
3.546893568304250621e+00
3.545549929795051014e+00
3.542452698496928232e+00
3.540034234766607835e+00
3.536724177765528943e+00
3.534832072800265568e+00
3.529274580982253884e+00
3.526425978293533436e+00
3.521643178517465333e+00
3.511171806421720998e+00
3.506281543859332661e+00
3.486244018744455886e+00
3.478784011647475527e+00
3.466724750765327823e+00
3.452309454901126617e+00
3.447671013566850018e+00
3.432454940737010407e+00
3.424539727081998830e+00
3.414583075011598190e+00
3.395100149094458342e+00
3.381725370637575612e+00
3.348398755342542721e+00
3.314529005020527386e+00
3.287541241636928291e+00
3.235649838680589863e+00
3.197176855316666177e+00
3.138387905415608525e+00
3.057392888636637718e+00
2.555208087647831139e+00
2.283790645128162211e+00
1.649400097111251906e+00
1.157757520099379933e+00
1.072578875894937722e+00
6.596742087493525641e-01
6.674388097259210673e-01
6.082972944837159446e-01
5.442563883885241927e-01
7.129995783272479182e-01
7.298999531382772687e-01
8.055134349524601944e-01
9.618828512439396849e-01
9.893794249435037269e-01
1.142668071363514892e+00
1.273070573136599437e+00
1.332869039711111592e+00
1.520466456564518509e+00
1.551545960155897630e+00
1.569647597563640140e+00
1.625275342181157878e+00
1.610959288005543444e+00
1.619311045059827592e+00
1.624335685565054144e+00
1.603438393496192882e+00
1.604093698510558275e+00
1.595578555965748269e+00
1.571400561941943996e+00
1.569968026116576487e+00
1.555460202263553304e+00
1.561757205412145133e+00
1.600988647418582822e+00
1.575508607339237255e+00
1.622456012691370297e+00
1.679631186196991699e+00
1.631453218825461793e+00
1.816866890190512063e+00
1.822757306957700107e+00
1.918292414086942621e+00
2.357657454432007249e+00
2.408028869153650664e+00
2.693390602998450234e+00
2.717465488496005666e+00
2.695784125882028093e+00
2.754331420911763750e+00
2.752573951610957081e+00
2.781922562861878223e+00
2.857657908095633914e+00
2.894471350980137636e+00
3.028061947244258256e+00
3.119023110251207154e+00
3.156143310548904957e+00
3.229398169204086066e+00
3.238696638832738728e+00
3.275582952943405513e+00
3.311263913113500212e+00
3.312612628886440813e+00
3.348924077046120829e+00
3.272175701191760044e+00
3.195898855199267974e+00
2.978940120515447987e+00
2.635972659257106887e+00
2.118132663725326825e+00
1.820831968920279209e+00
1.434615467766715780e+00
1.274305413106218587e+00
1.416220733186461134e+00
1.544631109286737525e+00
1.807965858063963482e+00
2.043945350407587291e+00
2.233784078069408263e+00
2.366870382757627400e+00
2.448669394365575513e+00
2.480693368569439006e+00
2.556641848623977697e+00
2.536473838683423576e+00
2.475421671776499633e+00
2.460214165290064869e+00
2.440670434749405704e+00
2.403932049885077138e+00
2.415398542590815545e+00
2.380715536102604890e+00
2.388447644182483121e+00
2.405939167240662702e+00
2.403713843031641595e+00
2.446676152615356870e+00
2.453928953539160407e+00
2.479430292611241704e+00
2.516237012267303896e+00
2.521090114560757822e+00
2.570519658661012397e+00
2.591147245844821256e+00
2.622097290405495773e+00
2.689819202838879431e+00
2.716820956777261653e+00
2.786037001084211262e+00
2.839389104458428736e+00
2.878372703724051629e+00
2.960890115613192819e+00
2.996870055892764118e+00
3.011080414295124630e+00
3.048748494775395113e+00
3.022273437004019847e+00
3.004774630794019075e+00
2.806161982588409209e+00
2.770234135414853860e+00
2.441204733399345628e+00
2.252722276488948072e+00
2.130311370146752203e+00
1.748322239092705344e+00
1.650382533231218751e+00
1.515048561024807672e+00
1.283861349862656986e+00
1.319958209022991547e+00
1.143977497561877055e+00
1.227193498089791168e+00
1.283035058218002344e+00
1.274893561404300657e+00
1.284711254358468668e+00
1.031421093398586786e+00
9.607529744337226507e-01
6.656239846697514784e-01
2.119288875024181729e-01
1.125858537580432389e-01
-9.441182138657902567e-02
-6.459975902185315089e-02
-9.328313561829452982e-02
-9.536675402500260912e-02
2.354101162479719511e-01
4.023487472351398586e-01
9.059722785643015142e-01
1.226145479572188890e+00
1.563446747723251207e+00
1.949189608425371700e+00
2.397585513705310589e+00
2.661111907379701602e+00
2.650446156355194649e+00
2.669826596558918297e+00
2.647148544978088047e+00
2.678158801041557791e+00
2.691108561312410608e+00
2.694469410483243177e+00
2.748610688369882205e+00
2.769341142801849287e+00
2.834543795101761354e+00
2.906961296400172756e+00
2.954183854147625521e+00
3.085593340261645778e+00
3.096709260967278610e+00
3.199450325365650549e+00
3.200342947548239447e+00
3.143812822237582960e+00
3.162459175531967315e+00
3.169887683994403460e+00
3.172413843430836877e+00
3.197002135042454452e+00
3.196567001048336021e+00
3.213526470542082514e+00
3.222901688666075515e+00
3.225616819760650067e+00
3.241059401760994607e+00
3.053850244202347408e+00
2.972917005596897866e+00
2.789403214788107377e+00
2.514841853975838593e+00
1.867408981006741797e+00
2.407577789496151421e+00
2.685627283732390680e+00
2.847326129456178911e+00
2.885238792359956950e+00
2.971018226280484953e+00
2.950704321978725009e+00
3.012342230667709675e+00
3.041722809291214080e+00
3.031474265511157284e+00
3.100687429939724904e+00
3.116029742665556324e+00
3.146140851009450845e+00
3.162942254819875121e+00
3.166237757506365824e+00
3.185734284155207430e+00
3.188839791754626063e+00
3.189240038413871048e+00
3.178574959753813545e+00
3.150842861011539764e+00
3.037039204618257049e+00
2.959147456462844161e+00
2.814605325998276619e+00
2.671057654417453353e+00
2.500933323641539197e+00
2.168877174956124865e+00
1.985146442448051163e+00
1.716914527798246048e+00
1.434805581258495000e+00
1.224142112603149757e+00
8.863648053848580677e-01
6.204040375162327425e-01
1.200033154732797896e-01
-1.228749293089290706e-01
-2.981883218834164850e-01
-5.207118183630455865e-01
-5.364098962180680052e-01
-5.907752842050421060e-01
-5.223045857869674791e-01
-3.531490640257530789e-01
-2.617591067284337769e-01
-1.452887250054652468e-01
-4.557715638497607247e-02
4.441022348036741986e-03
1.313659303824271374e-01
2.166409484512443751e-01
3.542951178288761827e-01
5.479365007155558853e-01
7.719776751686260319e-01
1.361328851338076573e+00
1.699772561837991303e+00
2.211116719890475757e+00
2.485395537795001442e+00
2.496498900411566524e+00
2.585352244465837224e+00
2.610630448140264015e+00
2.626447830624534685e+00
2.676193458819877691e+00
2.622228073197485188e+00
2.695284970282324277e+00
2.655872094067139422e+00
2.542230191571839271e+00
2.505222032818566369e+00
2.115958103295973114e+00
1.874798367665317267e+00
1.671178524570992696e+00
1.319577515845470783e+00
1.215075162089287453e+00
1.214216078481724637e+00
1.320963491867164441e+00
1.400136636528825695e+00
1.800634665751173369e+00
2.101024429624656076e+00
2.515984566302694070e+00
2.536426696122031643e+00
2.605815309590777229e+00
2.654096950694034174e+00
2.660789116183695402e+00
2.738798716770339148e+00
2.744239600704716953e+00
2.781679151701050845e+00
2.818063408569510209e+00
2.821602603854517444e+00
2.856871982762887008e+00
2.865352284054481391e+00
2.878414745176691270e+00
2.897923783496363370e+00
2.900179065962114500e+00
2.917936921066378808e+00
2.923292080016899774e+00
2.933608771107068858e+00
2.952442882542312574e+00
2.958347831195532240e+00
2.980227908068672438e+00
2.996974610832739305e+00
3.011695056999575293e+00
3.044915970601316246e+00
3.063416134846994598e+00
3.085238723892108847e+00
3.113468078272507711e+00
3.130307383851736347e+00
3.155560989343336509e+00
3.181326886352806138e+00
3.200276249866311318e+00
3.229821346865919818e+00
3.254943401514982071e+00
3.275940046495301683e+00
3.305587775770558068e+00
3.318116036857572837e+00
3.345536543576356436e+00
3.362694663966434128e+00
3.380525161116689326e+00
3.404125172868557314e+00
3.416931110303822017e+00
3.441393890637531428e+00
3.455797861276036276e+00
3.470607952660351714e+00
3.485769802525676475e+00
3.485094232105447443e+00
3.492823556515604277e+00
3.498252384905650825e+00
3.492335785295269446e+00
3.499262266227031404e+00
3.496964297634488350e+00
3.486946796607605314e+00
3.495125119157303395e+00
3.475886949099447953e+00
3.465305852669498421e+00
3.457693623242876768e+00
3.318152731709655967e+00
3.272669437101309420e+00
3.087832229324263711e+00
2.896406012884515491e+00
2.636248694036225526e+00
2.302646212049344943e+00
1.810522504976678659e+00
1.595754492498219879e+00
9.593312060885416104e-01
7.970875683330252981e-01
8.117392141254873295e-01
6.040684704353224133e-01
7.822090244359901634e-01
9.262227386299667353e-01
1.063716612425818608e+00
1.225597802013188575e+00
1.328537945997130931e+00
1.512972522731517611e+00
1.582947946454386301e+00
1.702192711953758986e+00
1.729826450673707106e+00
1.724956675753654523e+00
1.760030600371193188e+00
1.751226047398735552e+00
1.765386692976538274e+00
1.763855235694964829e+00
1.772815097509767845e+00
1.773611355586631744e+00
1.742808562677014006e+00
1.731519722538434447e+00
1.713906267032784037e+00
1.698183672837381586e+00
1.684903576611277876e+00
1.675992913220379910e+00
1.656077137880027639e+00
1.641506108315088586e+00
1.631942725294071028e+00
1.581871285363998014e+00
1.569766731466208043e+00
1.548030804074425504e+00
1.527875582440960667e+00
1.513592913519000049e+00
1.494356185984452967e+00
1.482871897365796166e+00
1.451420446592341262e+00
1.446827307812097230e+00
1.424471856037245576e+00
1.424097913419241968e+00
1.421042417744778241e+00
1.414839484767947519e+00
1.415821867454630345e+00
1.412978518769008707e+00
1.411841317905967896e+00
1.411766098451880724e+00
1.410508879746044331e+00
1.410418484142110351e+00
1.410048931436105102e+00
1.409705917002302078e+00
1.409569587543891389e+00
1.409323662377892417e+00
1.409253148334803862e+00
1.408793582812414291e+00
1.408894688467387635e+00
1.408428652510375079e+00
1.407635657947561070e+00
1.408323278061926143e+00
1.405911118607677368e+00
1.405974837660107335e+00
1.406069862543002591e+00
1.399157430857742357e+00
1.404377052368460221e+00
1.395541897669025699e+00
1.386123881488935838e+00
1.400897747038539309e+00
1.357699661976770722e+00
1.373033896462782399e+00
1.370605919530581973e+00
1.260203963829891638e+00
1.379242792392363581e+00
1.193564232105838618e+00
1.067188374636847126e+00
1.189094784977092312e+00
