5.660214899355872978e-03
6.386372985761571731e-03
1.810536400407081539e-02
1.674890110965894519e-02
2.271823934728193009e-02
2.613120821259791449e-02
2.692384750924845319e-02
2.852915279368331558e-02
2.892946384854398756e-02
2.897797860754708354e-02
2.926175904941995948e-02
2.921081057485142365e-02
2.916218359298185930e-02
2.918165957679223071e-02
2.905617463600321942e-02
2.884897260890876766e-02
2.884971899515968372e-02
2.826921931513725825e-02
2.771229570623524180e-02
2.774180059136388196e-02
2.491769976057403926e-02
2.504695734012294533e-02
2.479670577077233012e-02
2.424968938280480657e-02
2.461241485465974488e-02
2.464389584946882761e-02
2.466113242516634885e-02
2.582343503098799217e-02
2.602467724057391796e-02
2.648734665471141544e-02
3.128857706526702587e-02
2.869958825698723515e-02
3.058857923901289744e-02
2.642377455750569842e-02
2.048290679131154618e-02
2.106272799278836177e-02
8.520677916368249449e-03
6.747376332915971942e-03
5.112145675719147533e-03
-3.184633501003851768e-03
-2.131162341703389789e-03
-6.641799286890379822e-03
-7.627859115550254983e-03
-7.624489706406328317e-03
-8.950453989332647631e-03
-9.274418861079479839e-03
-8.264719449416708941e-03
-8.526200250413465409e-03
-8.553638395193336949e-03
-4.168337081457597001e-03
-4.118708631226901916e-03
-1.174208637219015120e-03
3.654487711075439516e-03
2.595809094454873314e-03
9.117598446809442939e-03
1.546365081527802630e-02
1.130678920355374269e-02
2.386251243206217662e-02
1.799416628288782322e-02
-6.411275884855632476e-03
-1.461418698807622277e-02
-2.713425285463032938e-02
-3.862467770603981998e-02
-3.994324373573032022e-02
-4.275700950417864188e-02
-4.580037256900482134e-02
-5.071704295601111440e-02
-5.449252228998016645e-02
-6.117096653105499882e-02
-6.542218605082149308e-02
-7.108095116206272768e-02
-7.477161938121602847e-02
-7.921198781255442412e-02
-8.329640180124828208e-02
-8.710014050383756146e-02
-9.224172128527656500e-02
-9.480844724058157258e-02
-1.007894965573336993e-01
-1.045111749658119010e-01
-1.020570168346948692e-01
-1.043089484777858927e-01
-1.013462657378235432e-01
-9.547898696003756513e-02
-9.225288566628807307e-02
-8.668779956457106639e-02
-7.874959871753768603e-02
-7.453282249756787436e-02
-6.618585950722455369e-02
-5.622742023360460112e-02
-4.932095373218529921e-02
-3.723226339922751371e-02
-3.110965018616487082e-02
-2.099543479637695428e-02
-1.632767321635694366e-02
-5.635627322440017219e-03
3.905965473760795743e-04
4.775832481650265499e-03
2.011051451611465396e-02
2.199957828477611468e-02
2.420854080914362425e-02
2.997873129965882705e-02
2.592392017315248154e-02
2.527489541274572510e-02
2.383206227203717165e-02
1.762934216744501542e-02
1.942332974583969862e-02
1.448560674503338551e-02
8.293783443516035414e-03
5.964126244176390194e-03
-1.857571961551600370e-02
-4.621993079537133065e-02
-4.811478522433879773e-02
-6.341290403294365385e-02
-6.115020319114879144e-02
-5.401877591479965074e-02
-5.159267444440084061e-02
-3.619986062447564518e-02
-2.746934560547589776e-02
-1.288119549931703890e-02
4.742961288076782446e-03
1.549705124290826942e-02
2.666810379428853281e-02
2.764286855335658377e-02
2.235544603223590249e-02
2.034788225757535457e-02
1.707714865519869424e-02
1.121308685781948096e-02
8.719326172230586897e-03
4.057140924812157289e-03
1.027193916228656342e-03
-2.130871588404373296e-03
-3.333524465296949877e-03
-3.937119648000714928e-03
-4.049074793074083564e-03
-4.456626895564570409e-03
-4.056296051782101210e-03
-1.970867079500736134e-03
-4.862807869899383670e-03
-1.183817777402435814e-03
-3.119755153307805784e-03
-9.409321222525333234e-03
-9.740655378673994044e-03
-1.074040578808145054e-02
-1.084072416080419064e-02
-1.314024903954666597e-02
-1.245214398360723097e-02
-1.009143660476004810e-02
-7.820635729745822190e-03
-8.954226299104394923e-03
-9.736178412601102436e-03
-1.416553883361243438e-02
-2.478554384342303643e-02
-2.948455806578476751e-02
-4.265937136675111707e-02
-5.243506274564516123e-02
-5.563642200541664418e-02
-6.433909224290031148e-02
-6.876763205961035352e-02
-6.826970448080962872e-02
-7.172768306427967921e-02
-6.689806593031645543e-02
-6.707356036533769494e-02
-6.526031890659098056e-02
-5.887548302241541603e-02
-5.843418206803163706e-02
-5.007800941155821084e-02
-4.571031111821012571e-02
-4.273369712588417219e-02
-4.028359080366544082e-02
-4.310892033239843713e-02
-4.341951620369901427e-02
-4.653554423198315304e-02
-5.385220820440418665e-02
-5.518967060995209201e-02
-5.566185120623394489e-02
-5.487791703841543578e-02
-4.654766265463537722e-02
-4.351955661391549574e-02
-3.349223597334727992e-02
-1.933939580300110192e-02
-1.061897719050217299e-02
1.674460668792332463e-02
2.144538277571429730e-02
3.068072950032459806e-02
3.472819491319242141e-02
3.077028820597185396e-02
3.589623652473165893e-02
3.325798295232090807e-02
3.186151296148174300e-02
2.974855853311486262e-02
2.675190997353435463e-02
2.632420609072454176e-02
2.535813421240434504e-02
2.702009999179150537e-02
2.544569332193323194e-02
2.475818943976964073e-02
2.384328038100903477e-02
2.076053229531766436e-02
1.567019716815296754e-02
1.579852694199100280e-02
7.523908642278682654e-03
1.043255423876840102e-02
1.125719046145758767e-02
1.164613960594552446e-02
1.615025495659210344e-02
1.287385716121878555e-02
1.296244443699469048e-02
1.905572910657329574e-02
1.264136205755838314e-02
1.869750162169018029e-02
1.152411620388583621e-02
7.639587179450299439e-04
2.378127124804792648e-03
-8.950069667747308569e-03
-5.645534022319331942e-03
-4.069917231964809493e-03
-9.640560937588551343e-03
-4.629987777156077677e-03
-1.912645185453192877e-03
4.001872115928846452e-03
6.857668155288132970e-03
2.191020591672710946e-03
5.134959646213993478e-03
-2.801985453802195800e-03
-5.454986817300543425e-03
-4.321502340555371732e-03
-8.466238677378555219e-03
-8.375872314986260517e-03
-7.458308856395181631e-03
-8.592537552216228391e-03
-7.191415469112554838e-03
-3.200371746458812762e-03
-2.255111323166680555e-04
2.931240536515281742e-03
7.614262878944589967e-03
1.050651633935570893e-02
1.691018991502805588e-02
1.911572830966296738e-02
2.583751062477239804e-02
2.874447861190352130e-02
2.846020974280465132e-02
3.086006759676182543e-02
3.255117558887259815e-02
2.821317792778313058e-02
2.930841861355729799e-02
2.481495220144584735e-02
8.130482311041331220e-03
7.145566925697643436e-03
-2.415442919383328085e-02
-4.843277997636171589e-02
-5.146408266661632591e-02
-6.923348473930485136e-02
-6.369255257292202876e-02
-5.917830749981212862e-02
-5.745214906492368545e-02
-3.926192718984656410e-02
-3.497739972726750246e-02
-1.851775280645935259e-02
1.330939058640835410e-03
2.901603380456045135e-03
2.773777217663186620e-02
2.762345608885893519e-02
2.446585306358980277e-02
2.717364742602126210e-02
1.892166688086165116e-02
2.001745893647081248e-02
8.712920273793197182e-03
5.044900632128411846e-03
-1.079332759969716185e-03
-1.883171254904012284e-02
-1.530877564951975758e-02
-3.140653399193200218e-02
-3.867228112363362003e-02
-4.156796389186129953e-02
-4.841234235397229996e-02
-4.865146810039962244e-02
-4.908941084128479182e-02
-5.044529749473256053e-02
-5.635632400039137374e-02
-5.879177002495100668e-02
-6.462302374572218011e-02
-7.036717004923369323e-02
-7.397722429593590887e-02
-7.529982492415300543e-02
-7.372746210246557130e-02
-7.572365940676641094e-02
-7.785359815477208012e-02
-7.948272440908868419e-02
-8.431186923739486527e-02
-8.687541594143517731e-02
-9.193335981566817805e-02
-9.668165588703304947e-02
-9.858817204437671233e-02
-1.033416349992518218e-01
-1.059513623424692547e-01
-1.081189185644478440e-01
-1.105170403277878494e-01
-1.126890899226766635e-01
-1.118504058083043817e-01
-1.139287677245647556e-01
-1.128972968014332612e-01
-1.078451649241182336e-01
-1.067186688858540178e-01
-9.516647882396241098e-02
-8.699345290080646997e-02
-8.210743984693549824e-02
-6.384841621083486851e-02
-5.675172782939177929e-02
-3.690044023303167692e-02
-1.747856158168514459e-02
-1.150446377879325507e-02
-8.625115563209113934e-03
-4.772188168188201338e-03
-6.144298382909654799e-03
-2.956560610027092213e-03
-3.085769175966312627e-03
-2.391885566337833679e-03
-1.758086826637036450e-03
-1.463534741148900557e-03
-5.309737875807071534e-04
-5.151404515063599462e-04
1.513308916710632201e-03
1.439837788348660892e-03
2.468490139391844255e-03
3.256023273456002884e-03
6.706570074128894235e-03
6.542550703125342079e-03
1.180327731033383246e-02
1.649799758208422493e-02
1.359090586265030397e-02
2.810557253983979667e-02
2.540617337224965189e-02
2.065058127118847564e-02
2.267200664852380906e-02
1.170592688786204101e-02
9.764184145432364473e-03
3.752220192475329633e-03
-2.075018760866162697e-03
-6.543708608205569752e-03
-1.093714325688171889e-02
-1.506472652033815848e-02
-1.802996631965371813e-02
-2.384060646547680323e-02
-2.662642033341519610e-02
-3.465911650205391603e-02
-4.359519829798769869e-02
-5.230464784862995375e-02
-6.464587120254126906e-02
-7.152107264806008280e-02
-8.457475859743737723e-02
-8.920425379385302223e-02
-9.539012970676750969e-02
-1.023727918821178834e-01
-1.046772297565775472e-01
-1.100434753348432798e-01
-1.124785536034743211e-01
-1.151805576207954457e-01
-1.163011079975320022e-01
-1.173113803948440947e-01
-1.145689162800205829e-01
-1.137334836273843908e-01
-1.110719716589979589e-01
-1.060487777474528465e-01
-1.058918336299904395e-01
-9.794301008283122500e-02
-9.502593024672381650e-02
-9.110766852996511622e-02
-7.789895576900758567e-02
-7.492120846353607366e-02
-5.862613780387884027e-02
-4.840924141882772813e-02
-4.621822310700722525e-02
-2.670801660542290387e-02
-2.380934729216259427e-02
-7.037953584586518520e-03
1.959111847229266269e-03
1.333116976143376362e-02
2.068662605747883035e-02
2.856059615354882356e-02
3.111138093589652792e-02
3.072131913125400113e-02
3.443654993641354078e-02
3.395755098201366090e-02
3.491699830770216006e-02
3.541826162677051693e-02
3.535207597307198080e-02
3.593558185961146650e-02
3.420544725437339728e-02
3.457964035797583824e-02
3.365916977588633702e-02
2.687760484309798664e-02
2.598086063832374948e-02
2.482644294984844360e-02
2.235986227291839393e-02
2.126150295485108171e-02
1.830853334831201648e-02
1.948613745028549352e-02
1.882456374465107940e-02
1.996483602673784774e-02
2.035384451633137984e-02
2.043355576672543916e-02
2.094497643852580304e-02
1.999717192593308823e-02
2.041323974426933682e-02
1.893549880858067663e-02
1.671834005137597806e-02
1.771517419539533206e-02
1.084917852297336872e-02
1.015199094288002542e-02
8.878964891182707098e-03
-5.845019300212298506e-03
3.370637759333870091e-04
-3.709503953276353100e-03
9.622560930885789079e-03
1.125304196773073070e-02
1.140191577838104917e-02
1.743477764246124245e-02
1.694144528189327203e-02
1.870993914622023913e-02
2.061675545506780685e-02
2.083360285901344339e-02
2.179184140435986086e-02
2.300670003662890623e-02
2.321381955489377688e-02
2.370504357280516644e-02
2.425399549099593530e-02
2.437775462641515040e-02
2.463066052909877734e-02
2.496148867246327299e-02
2.497750727311821503e-02
2.506026136751336036e-02
2.505352652142324443e-02
2.502222772269345474e-02
2.504566582858166329e-02
2.501710268535809953e-02
2.501442387982201129e-02
2.501252310138228629e-02
2.500106257672772905e-02
2.500059060712183853e-02
2.499641509416222068e-02
2.499262360334863001e-02
2.498931353061906516e-02
2.498695004310996434e-02
2.498073666695151129e-02
2.497303799096541738e-02
2.497154180475678886e-02
2.494610949857899163e-02
2.493901925051817889e-02
2.492161214259907415e-02
2.484014563189193212e-02
2.487044328614692115e-02
2.471120823346818415e-02
2.460061305894091152e-02
2.466601575706878213e-02
2.391055754961725344e-02
2.443813572297723336e-02
2.336262496104136305e-02
2.194134643645778704e-02
2.265015987018887539e-02
