-1.035990591313296592e-03
-1.166688183390185993e-03
-3.766537959253601821e-03
-3.807923009252827187e-03
-4.445730694883597012e-03
-4.914060172486882025e-03
-4.448431415095412123e-03
-4.755118400065363668e-03
-4.717439045527832726e-03
-4.664672702911079952e-03
-4.750418719323958212e-03
-4.712634862326422341e-03
-4.723589577109858426e-03
-4.740001244506144261e-03
-4.725424960459412294e-03
-4.737541026429536138e-03
-4.744248502315014625e-03
-4.723651609339768465e-03
-4.762124839025957609e-03
-4.741834977114155539e-03
-4.691250760644686234e-03
-4.673764783278349690e-03
-4.817228906508484385e-03
-4.786364223498015651e-03
-4.895137182116195314e-03
-5.080106854658687603e-03
-4.990140455768942232e-03
-5.529332684257595547e-03
-5.675392484572256042e-03
-5.683492068808426896e-03
-7.856831320450225267e-03
-7.815411155242514563e-03
-9.193112762113181402e-03
-8.434733678469559862e-03
-5.827819650500450088e-03
-6.145189956346831274e-03
-1.897743194514901711e-03
-1.158301726513554864e-03
-1.894273162141594993e-03
4.561465349785727734e-04
6.469835620052863661e-05
-1.720971117249379652e-04
-1.640935733079107505e-04
-3.640100850146677294e-04
-7.458252628462391136e-05
-1.078270993004706879e-04
4.994323662117890411e-04
1.161953803942679430e-03
1.307404822937397989e-03
4.012996073025120250e-03
4.458980756018272699e-03
1.701216064723029640e-03
2.465200715208296957e-03
9.130817229389932236e-04
-4.565930281438196695e-03
-5.715203573875178578e-03
-7.715075047605845539e-03
-8.176646343586183030e-03
-8.765149538296143628e-03
-1.296762506462679349e-02
-1.439379364339518803e-02
-1.479881815371214202e-02
-1.558163310581604441e-02
-1.845537169911594041e-02
-1.882613893053957516e-02
-2.149359754704829872e-02
-2.573241139592079632e-02
-2.674222174505732491e-02
-3.319231927608731064e-02
-3.425001147208156516e-02
-3.471361651624389061e-02
-3.545893590090141295e-02
-3.327406532621647595e-02
-3.319758016368826170e-02
-3.309957313721132582e-02
-3.166974654441635090e-02
-3.211379068791535979e-02
-3.328433962430546456e-02
-3.379885504708794036e-02
-3.605628171130052101e-02
-3.708120759742113137e-02
-3.802655615838002739e-02
-3.914877875897178339e-02
-3.861294907968625817e-02
-3.790181968431217269e-02
-3.657767848251566867e-02
-3.523649205670590506e-02
-3.361481521275497264e-02
-2.916704257504910275e-02
-2.667395227876770414e-02
-2.287109824630879223e-02
-2.060924300086883210e-02
-1.563693479473336409e-02
-1.364324828585417038e-02
-1.302188251394051713e-02
-1.047668785129427654e-02
-1.025420696216759048e-02
-1.021591082293245994e-02
-1.015524163109187902e-02
-1.002182616136156057e-02
-1.047655419206698461e-02
-9.653847341528199941e-03
-8.222105057685743720e-03
-7.323176487953597484e-03
-6.447633686580174148e-03
-6.048054140096570386e-03
-4.315261992295178241e-03
-2.732699980912177765e-03
-1.283341986140717171e-03
-1.872897736347207704e-03
-9.928108014919126423e-03
-1.323210017281768736e-02
-1.900235582129481196e-02
-1.970129713246025760e-02
-1.802674688591968458e-02
-1.519316086238000317e-02
-1.033162693874545464e-02
-9.671264557129660711e-03
-7.899400706490691468e-03
-8.527634238011906273e-03
-8.429594518875049153e-03
-8.644694920697144902e-03
-1.002848429486482250e-02
-1.029985835112093989e-02
-1.060200069563613061e-02
-8.616044493463908410e-03
-3.168289726991123465e-03
-2.108387747932703379e-03
-1.348675832422868617e-03
1.219573933447262005e-04
-9.604036863911950481e-04
-9.098599662918315477e-04
-1.118486373468443153e-03
-1.273683451569381127e-03
-1.297020118854695474e-03
-1.830224151868136860e-03
-1.000239940914165798e-03
-2.422525200115299357e-03
-2.919063220041087734e-03
-5.119474038024022025e-03
-1.250491852129313394e-02
-1.380026282052500969e-02
-1.845835915244117831e-02
-1.955213597158130326e-02
-1.917531721376581136e-02
-1.949783967679918559e-02
-1.980204997424475991e-02
-1.909099170553472946e-02
-1.897637100084413608e-02
-2.011568904859484253e-02
-1.992304506099393246e-02
-1.998541472808582770e-02
-2.016663416394789618e-02
-1.923316464516699326e-02
-1.951174372091121073e-02
-2.155158306260317874e-02
-2.139235846276565933e-02
-2.351984735661596590e-02
-2.420527166801980309e-02
-2.510694282431569224e-02
-2.668776638933298417e-02
-2.650889550194588176e-02
-2.830480095071041813e-02
-2.989760330776172412e-02
-3.143615483491801754e-02
-2.978449767575995499e-02
-2.760684542875715963e-02
-2.494514182457091209e-02
-2.325147274040868794e-02
-2.361478062524883723e-02
-2.314274910886882433e-02
-2.288835439342820979e-02
-2.407138826068342535e-02
-2.239620161981543955e-02
-2.245447982534996140e-02
-2.115225962273588681e-02
-1.774714062112126359e-02
-1.663480490829533781e-02
-1.359673327929697417e-02
-1.199297583690997829e-02
-1.199671557944602222e-02
-9.970385134580449227e-03
-9.950340333696230596e-03
-9.324160346436450447e-03
-9.499168955720392257e-03
-8.478825346878479663e-03
-8.388200094119701786e-03
-7.981362201890733823e-03
-5.029950822303741638e-03
-4.110555212634894179e-03
-4.085441642510785447e-03
-3.246028447326628624e-03
-3.965153707709904475e-03
-3.286654160819499609e-03
-3.183593469491446341e-03
-3.781286903739543293e-03
-2.672614192630540664e-03
-4.161019659842282552e-03
-4.257426612989686707e-03
-5.507092086511744707e-03
-1.203579821962528010e-02
-1.473373441781941455e-02
-1.572664614543987233e-02
-1.932322465874745238e-02
-1.845434448459436216e-02
-1.827196927266142371e-02
-1.982712121946899123e-02
-1.644906977534484060e-02
-1.660915746508361338e-02
-1.564145285916962100e-02
-1.350006168865965778e-02
-1.651103593991968405e-02
-1.536879704007194057e-02
-1.491622218287511938e-02
-1.539687894645137313e-02
-1.449576909626364672e-02
-1.254673661945971894e-02
-1.036046717705325221e-02
-7.438927455751067654e-03
-2.306502475037792294e-03
-1.428222301333391224e-03
-1.647914575760346678e-04
1.136998553117693099e-03
2.327609970383546969e-03
2.759770103678697937e-03
3.406828808237613321e-03
3.638554461856097211e-03
4.142364720868992913e-03
4.300605233382918773e-03
4.353035203423837561e-03
5.359538502406631551e-03
4.252166994149941120e-03
4.346657365479781286e-03
2.238453512058820750e-03
-3.993746718606558214e-03
-4.421993339049754349e-03
-5.777648144760063123e-03
-7.538013870300050434e-03
-5.680827007902298012e-03
-6.062090300347156013e-03
-5.566773104629143577e-03
-4.613766859423664227e-03
-5.207121138808201363e-03
-4.538178155732119391e-03
-2.545101314249214024e-03
-1.379635365477849306e-03
-1.661906238380290112e-05
-6.110026148326110410e-05
-3.793364171448095328e-03
-9.315188906250170681e-03
-1.416760128560941474e-02
-1.990604339546719892e-02
-2.017371164357135635e-02
-1.946220853875662779e-02
-1.649984830534865360e-02
-1.204687113802520304e-02
-1.177118834519347290e-02
-1.005952697509606385e-02
-9.227183997899474771e-03
-8.422387555974764420e-03
-7.804974143336194589e-03
-7.905525199749489570e-03
-4.722316109763220922e-03
-5.216058318716428228e-03
-3.930735310047645849e-03
-2.418241572757579439e-03
-5.667396256157703448e-03
-2.778026216012241360e-03
-7.675821860165184946e-03
-1.417315590270711717e-02
-9.593332348964044715e-03
-1.571181408653033254e-02
-1.580259020961521932e-02
-1.538256807806644665e-02
-1.743187246527030942e-02
-1.790997169115518539e-02
-1.950682936897858363e-02
-2.154658218037253797e-02
-2.406879748068712840e-02
-2.766675975952002930e-02
-3.012580223011175271e-02
-3.169790544030603313e-02
-3.175084854307905907e-02
-2.974185603488517168e-02
-2.683184387679603267e-02
-2.586641156612673118e-02
-2.538179585148831949e-02
-2.457617499755427801e-02
-2.474952447353162555e-02
-2.459140967343560399e-02
-2.519102933269924682e-02
-2.544548817373981989e-02
-2.492891753202427021e-02
-2.497015799878755243e-02
-2.492439681752915345e-02
-2.459249052067569163e-02
-2.419705890259609901e-02
-2.458912505745737206e-02
-2.327435438679526652e-02
-2.326190836953806115e-02
-2.304459435138052348e-02
-1.914786632674377390e-02
-1.864085701766076200e-02
-1.497065547201509826e-02
-1.269401922903565065e-02
-1.143352268404914870e-02
-7.228516275743404607e-03
-4.940609554093254238e-03
-3.809719686639108458e-03
3.352267273070515989e-04
7.635205072693104951e-04
5.141177708643687814e-04
1.333843838871613154e-03
7.963384944746211384e-04
1.263051398453263500e-03
1.208970506181162490e-03
1.815488541462818026e-03
2.175602231991788631e-03
2.143382918677846135e-03
4.870031160690665994e-03
3.501619562274098894e-03
2.028058423414260368e-03
2.383516935548449928e-03
-4.249293392474659016e-03
-4.799842058379299135e-03
-4.739849673117304055e-03
-6.355203014631993774e-03
-7.754194722024859016e-03
-9.844803467785529991e-03
-9.145966344513770108e-03
-1.508211509976457518e-02
-1.412331509577857691e-02
-7.784718177294164959e-03
-8.294095707326816502e-03
-2.352659863328747034e-03
-1.718070212163408080e-03
-8.011641303948352716e-04
1.619493590625650445e-03
-2.392797885725357968e-03
-2.710207145420200688e-03
-7.174890128773110838e-03
-8.375600624779086512e-03
-1.031350287457317473e-02
-1.132462310954039653e-02
-1.322044085927966996e-02
-1.562490116011436454e-02
-1.680439206364309213e-02
-1.927739525618323013e-02
-1.997478165425764854e-02
-2.197867928582837929e-02
-2.218493424620170129e-02
-2.287961501299016695e-02
-2.371925538749514520e-02
-2.414619308011680884e-02
-2.488944210001349522e-02
-2.564810094687848194e-02
-2.659682889640206313e-02
-2.710452862989942008e-02
-2.835896156404038929e-02
-2.818417979568591317e-02
-2.738747929119753066e-02
-2.743926146899358307e-02
-2.600683406027158931e-02
-2.599135496600807338e-02
-2.431103518902255969e-02
-2.313931943230338947e-02
-2.237339693410689972e-02
-1.813340108868304046e-02
-1.699494849747795744e-02
-1.643688583049700974e-02
-1.478496654228683357e-02
-1.490814330958402899e-02
-1.426094362499319423e-02
-1.353227238430689504e-02
-1.207667204575309759e-02
-1.122537736300327320e-02
-9.358578975456475352e-03
-8.825552158948332324e-03
-6.075927637893836775e-03
-5.979850931643858510e-03
-6.319964716235932506e-03
-5.610068078016344426e-03
-5.815339205991947556e-03
-5.739200768288887228e-03
-5.663652369526290566e-03
-5.803069857150179069e-03
-5.797481547419795420e-03
-6.027042360881831179e-03
-6.207664642463747023e-03
-6.405566811479467514e-03
-7.215284798282869255e-03
-6.989862664167849522e-03
-7.288447082807321745e-03
-7.187039011625587746e-03
-8.507893223368243052e-03
-8.846469154725167608e-03
-7.706944505713241543e-03
-8.092877591588850880e-03
-5.898644675986090651e-03
-5.800094533510705662e-03
-5.343420003065854629e-03
-4.704480937912624769e-03
-4.683016407708032181e-03
-4.365671682920878489e-03
-4.201087818411053387e-03
-4.058465392681300486e-03
-3.937493271157934023e-03
-3.719601434115200281e-03
-3.501364133371027629e-03
-3.464214472704656850e-03
-2.808954170093104323e-03
-3.254884344921434285e-03
-3.250014429862702146e-03
-3.987470769914121943e-03
-3.958716869589530736e-03
-3.983575306059980795e-03
-4.149576762662539331e-03
-4.006377658118532963e-03
-3.981520363610525047e-03
-3.946130602567545290e-03
-3.500668634028082388e-03
-3.535857762671971039e-03
-3.139749928431867249e-03
-3.227535396985335790e-03
-3.297118749632989721e-03
-3.171988867944109964e-03
-3.236359167923343050e-03
-3.131142599922000051e-03
-3.036817863906797910e-03
-3.057821578024538887e-03
-2.619708420279807590e-03
-2.626893925643436836e-03
-2.553790289137193581e-03
-2.452822049356399511e-03
-2.457551550517785097e-03
-2.414799937823312089e-03
-2.396545853412110436e-03
-2.391800910817267443e-03
-2.377202476484840434e-03
-2.374074598297257113e-03
-2.370143957499735651e-03
-2.366622074749797147e-03
-2.365788933396820084e-03
-2.364118220705079768e-03
-2.364842444984108401e-03
-2.363696694837063520e-03
-2.365056207266922738e-03
-2.369032293882048119e-03
-2.364223224484245361e-03
-2.377931666051089077e-03
-2.379079239461756937e-03
-2.370442080135220890e-03
-2.429694777718444370e-03
-2.380030417243842768e-03
-2.429318951044500286e-03
-2.575349518557835775e-03
-2.308619245071600636e-03
-2.832545651682794648e-03
-2.976418454670145056e-03
