3.881740208197698074e-03
4.222608753053065309e-03
1.665379870640627119e-02
1.618546276125265235e-02
1.901936148690416828e-02
2.202860597885807417e-02
1.987705422684019410e-02
2.110285172689910921e-02
2.086218747115059502e-02
2.032763584955998154e-02
2.065015096307246806e-02
2.036553452835225889e-02
2.032651852531688549e-02
2.035566078498802015e-02
2.026178142034909535e-02
2.027461111439370078e-02
2.026006266952483023e-02
2.024108205464021301e-02
2.024611016953289239e-02
2.024012240506418633e-02
2.024013121176939170e-02
2.024470063843046216e-02
2.025206408531471033e-02
2.025764010169227997e-02
2.027780612640181848e-02
2.030222068215612602e-02
2.031715606600406621e-02
2.039732386535294748e-02
2.043239192464428589e-02
2.051079256811245630e-02
2.075166027837866550e-02
2.072113216323626800e-02
2.115023207016075713e-02
2.147778582270459813e-02
2.125871008987205088e-02
2.251847164437697710e-02
2.084949413782506700e-02
2.154747097981339968e-02
1.902134829541010999e-02
1.641074304759646343e-02
1.714728837002353276e-02
7.490419858643715054e-03
7.721021718049732308e-03
7.569758332054752833e-03
6.561376801195271426e-03
7.435836450397600647e-03
1.332590581735903362e-02
1.398260897928853969e-02
1.685299572579472549e-02
1.773356054070149290e-02
2.362246309406540803e-02
2.985605324822913909e-02
2.754451040372095719e-02
4.855674275533417017e-02
5.779940442015051721e-02
6.503099652519776785e-02
1.151961333599306470e-01
1.278810585901965224e-01
1.525960918781559539e-01
1.965895909141892328e-01
1.997182997739777588e-01
2.112354698431681832e-01
2.064430612467296755e-01
1.568120775072858464e-01
1.502713627906216431e-01
1.196827514623300948e-01
9.758241912019137432e-02
9.406972670824907679e-02
7.661862191784674092e-02
8.024911483364774445e-02
6.573137594885457291e-02
6.471084698458434703e-02
5.689798642387067923e-02
4.282216463409992818e-02
4.409676864064634300e-02
1.275986696493471018e-02
1.832753431271512542e-03
-3.840296475358300626e-02
-8.995242565986982797e-02
-1.089894680826105078e-01
-1.512216745783943606e-01
-1.778381597332115427e-01
-1.485390051700442859e-01
-1.600737577248789456e-01
-1.028602844709122638e-01
-6.607078201934790673e-02
-5.359340839260030853e-02
-2.328729180606327071e-03
-1.265057686715766920e-03
2.377342464186234054e-04
1.611387014192777398e-02
1.314874004643533725e-02
2.213701662058653596e-02
2.422752369611151299e-02
2.633535715624195708e-02
3.023004355639649296e-02
3.176509714070847867e-02
3.243611248998502783e-02
2.953281536963357767e-02
2.722712442239771241e-02
2.898216660315739920e-02
2.527698221417735980e-02
2.170108888704496211e-02
7.029820196141733923e-03
-1.412302119721394779e-02
-4.354961446056185986e-02
-6.089084853584401935e-02
-5.067198229699732687e-02
-5.796721679523951509e-02
-2.568032282929958929e-02
-3.294199331607827741e-02
-4.814438023992622523e-02
-4.336674183987515585e-02
-8.123852149041760340e-02
-7.975151835493538011e-02
-9.414243040575587251e-02
-1.165112572849606593e-01
-1.174906587969051369e-01
-1.361239125223276947e-01
-1.381257360846792626e-01
-1.367930812497093751e-01
-1.234674272440387660e-01
-1.043746653407972430e-01
-9.310138234204740071e-02
-7.760122597270409373e-02
-6.396586151038059775e-02
-6.468093378999978382e-02
-5.847301787005916573e-02
-4.776218196741909700e-02
-5.084242049820015402e-02
-4.020967656047420846e-02
-5.652331832119372734e-02
-7.342371325534735593e-02
-7.179644888268098268e-02
-1.043542320096363801e-01
-1.021898277384406806e-01
-1.020243124158547038e-01
-1.187359461924887422e-01
-9.554166518947311559e-02
-1.016768344641798411e-01
-9.061328397489844255e-02
-6.274734509846315034e-02
-6.204027067628930386e-02
-4.197065955674310345e-02
-3.606940580117968392e-02
-3.956066122471611074e-02
-3.630558387458646813e-02
-6.806286488624725683e-02
-7.235656685362135132e-02
-1.081730061185077890e-01
-1.349160113159175445e-01
-9.539071866099953223e-02
-1.041003166629036053e-01
-9.036152093023729071e-02
-2.238055924535573699e-02
-1.983931538456367230e-02
-7.435080272439549380e-03
1.211336575619042025e-02
1.839892583928513792e-02
2.335791261929268808e-02
3.811974338148489683e-02
3.193953896051870273e-02
3.745938950608536377e-02
4.298125722740753912e-02
3.515761648643720566e-02
4.951092968163611774e-02
4.985322230565106261e-02
4.389484555804255839e-02
8.272200292850578895e-02
7.983337907570665914e-02
6.698110765875971151e-02
6.835188159007379860e-02
5.060017338435746082e-02
4.512378685609050311e-02
2.989039279623274120e-02
2.581521845484096786e-02
2.172784794269717532e-02
2.873549284863823050e-02
3.618311307733929755e-02
4.050795854418155068e-02
6.933350082949414628e-02
7.196638271030189604e-02
5.785874116606525008e-02
6.448869854833701176e-02
3.843970223227911875e-02
3.138541438319744636e-02
3.286486107150035640e-02
1.888326678322123364e-02
4.018201461962694204e-02
4.007644758964296061e-02
2.631610071942305784e-02
3.400326745819716445e-02
2.112672314421838379e-02
-2.152962005114367194e-02
-1.784237829873108402e-02
-3.666790370562671153e-02
-4.112179769510111021e-02
-3.289216958339891833e-02
-3.241854653370127709e-02
-3.300039655806651789e-02
-2.729245359874106838e-02
-2.781278471885667569e-02
-2.847007276976543100e-02
-2.433098352885329149e-02
-2.746090624328226953e-02
-2.890364134765821894e-02
-2.528935833380233089e-02
-3.351491138662683611e-02
-3.046796905081298329e-02
-3.252818883857321736e-02
-2.623615661453299400e-02
-1.229453314861012579e-02
-6.580884494682545313e-03
1.601437477439438331e-02
3.710444494155217682e-02
5.784809156417992232e-02
6.666308947810827001e-02
7.051836969751806850e-02
7.288852903499155877e-02
5.386512963717361019e-02
3.522474378567361925e-02
2.284293337754010264e-03
-3.872520827138169197e-02
-5.899641726043198392e-02
-1.065871583739020773e-01
-1.202703640957350634e-01
-6.217976285468558573e-02
-7.666613764408845844e-02
-2.225505378557472280e-03
2.586049596322299859e-02
1.765171108693704702e-03
4.124665947469525334e-02
2.953528833555038244e-02
-1.108984932559308086e-02
-7.450039464642391716e-03
-3.754512129483117411e-02
-5.488640000119849455e-02
-5.674258745139141441e-02
-6.693309884946609112e-02
-6.443396755792561714e-02
-5.555824957524228835e-02
-6.364772119999977107e-02
-4.450878962317782878e-02
-4.665012438811640128e-02
-4.664130826442389882e-02
-4.225746823503659377e-02
-5.154655553922569966e-02
-4.953111727158613503e-02
-7.267136533514782781e-02
-8.854410244509594574e-02
-1.210900110089227766e-01
-1.399765611053376546e-01
-1.541484107351303867e-01
-1.711768625783508802e-01
-1.730246608694513410e-01
-1.922204009467581853e-01
-1.943631534516848114e-01
-2.031323468566971491e-01
-1.858720440422271525e-01
-1.420806845531477625e-01
-8.933778315041636386e-02
-4.368598624444747919e-02
-4.844206612045184185e-02
-1.043366898414990751e-02
1.763642758650856490e-03
-1.097597608720686339e-03
1.390037167395254776e-03
5.929515088007576706e-03
-4.039469255518587931e-02
-1.570549643452738217e-02
-1.411119871835732342e-02
1.310519474003710508e-02
1.995955435843104267e-02
1.299995631694483497e-02
2.863567993550559382e-02
6.414479085923749727e-03
3.171820979044018968e-02
3.109097758139791820e-02
1.677416650346229277e-02
3.406521500341656850e-02
1.170078264914013386e-02
1.099159731578990516e-02
1.256486140317754178e-02
1.223656468184382805e-03
4.128985292644812843e-03
5.462035357437724885e-03
9.693318829787203605e-03
2.323382129700227866e-02
3.816368569973700720e-02
5.232634849476775624e-02
6.875593367519867993e-02
7.845730402160436268e-02
8.753970347055380075e-02
8.345912975271252421e-02
7.960656745291068426e-02
6.754944052004936694e-02
6.956420729275172854e-02
5.798624800424820314e-02
4.554532915291205353e-02
4.251926010596367156e-02
2.442436040046750897e-02
3.026485533303983552e-02
2.781132250482356780e-02
2.350554176747233007e-02
3.588397336202702598e-02
3.677264259333060115e-02
3.941787774274378015e-02
5.405806100540863635e-02
5.345539101564946577e-02
2.869211415019842781e-02
2.995841908041597945e-02
-7.907300278764831450e-03
-2.968507148918001978e-02
-1.741574726664663411e-03
-3.637553436970037551e-02
-2.239264944573392258e-02
-5.264261928538843151e-03
-1.903918507463939463e-03
8.152779344488658708e-03
1.429519143421874652e-02
2.560187921031288269e-02
2.631474364450745937e-02
3.948839092655909155e-02
3.498873384675699194e-02
3.821256746041980235e-02
4.421526778529336760e-02
3.621505061150619847e-02
5.014248756360684123e-02
5.060706131273724068e-02
4.452943912566831308e-02
8.374763478177356391e-02
8.015203386170446920e-02
6.861508380030412191e-02
6.954424448012121174e-02
5.117151570733494137e-02
4.971124729254963737e-02
2.969992041548862038e-02
2.847917247493402318e-02
2.749702738937063323e-02
2.049009074030317540e-02
2.788498706710433248e-02
2.629992482419523867e-02
2.741414905194235890e-02
4.409040786821066121e-02
4.754909226590924715e-02
6.784570507052706256e-02
8.750897555941274109e-02
1.115961700286559333e-01
1.457295129561524960e-01
1.608326522648523549e-01
2.202006174075981648e-01
2.256126471182388626e-01
2.007516113593590945e-01
1.587704378894349011e-01
1.193152199625887311e-01
1.035795474763248625e-01
6.526172730565825419e-02
4.758722513319522257e-02
3.550414794278826391e-02
1.882266116249068158e-02
2.125465782795289346e-02
1.786138902529810571e-02
1.853219381841648278e-02
2.244349301323083148e-02
2.261834283273879767e-02
6.850031145655950757e-04
-1.824172838646621886e-02
-4.343010857881576814e-02
-7.255469532844907588e-02
-8.943083633863586901e-02
-7.660843308708002730e-02
-8.427620266822481720e-02
-7.632964983083406763e-02
-8.277420693841773536e-02
-9.348931153090687951e-02
-9.890375438167542388e-02
-1.181922798321841245e-01
-1.402710294308484318e-01
-1.414087481635304677e-01
-1.061359922450577781e-01
-8.665894899630037507e-02
-3.254421239468380939e-02
-9.858840505142546506e-03
1.933520712763636684e-02
2.916415332599501739e-02
2.580898753028178227e-02
4.182868518436884397e-02
4.098184388048446009e-02
4.330539644844229319e-02
4.895039447485746015e-02
5.053109213619020462e-02
5.271763224474294157e-02
5.843102052047999262e-02
6.363595309018019175e-02
6.597791241028147513e-02
7.602525386917023675e-02
9.611278435261001729e-02
8.656825009729322840e-02
8.825199771915191727e-02
8.627837337251000049e-02
6.138361003321538001e-02
5.266195979117533482e-02
5.265799908599518714e-02
6.252211938657842305e-02
6.060740386702753030e-02
5.334832869821824058e-02
4.343207163776010432e-02
6.172073286162928565e-03
-2.379087553439472591e-02
-3.248705280734158485e-02
-5.602847844389904908e-02
-6.774163239998956532e-02
-6.930716707266541821e-02
-8.700731029434556618e-02
-8.901215489353969668e-02
-1.050856035836561647e-01
-1.220863818458168548e-01
-1.348385449903821698e-01
-1.600710228566722959e-01
-1.792443096659788182e-01
-2.122648036546381789e-01
-2.396497946304183280e-01
-2.460537205094633639e-01
-2.596478037926306937e-01
-2.581778986843981105e-01
-2.639176781799117966e-01
-2.667959073660520763e-01
-2.645057115286846838e-01
-2.697673912546990627e-01
-2.658435295201869164e-01
-2.655959692657910431e-01
-2.634014771573410796e-01
-2.538698055872201098e-01
-2.533228865773265448e-01
-2.414929178625165596e-01
-2.308480232634367857e-01
-2.105464006331754512e-01
-1.659527462982127999e-01
-1.276455148463525313e-01
-1.221781601554773750e-01
-5.704878370906420887e-02
-4.056479105056493700e-02
-4.734925050580411632e-02
-9.490684377454034273e-03
-9.796983200015622548e-03
1.130870845849301157e-03
4.605756416131454034e-02
4.463977660899388217e-02
6.080213184350927863e-02
7.213763672873031718e-02
6.783209169359427637e-02
6.542589152214282888e-02
4.654885583169321439e-02
1.856827758967741909e-02
1.103604488046976313e-02
1.182755873164236145e-02
-2.641168946635983304e-03
8.004408007031046934e-03
7.478902441805774202e-03
6.634925199502245304e-03
3.170569634814589949e-02
3.284469735253853218e-02
3.785448367730907121e-02
4.727985713709876442e-02
4.890830983165209839e-02
5.038860579610900808e-02
5.559310461425483185e-02
5.595690363552423274e-02
4.947919220891133785e-02
4.962898903432863551e-02
4.399688458280671260e-02
4.224902219560811023e-02
4.039048499528103547e-02
3.769690750963883979e-02
3.683904235439739577e-02
3.436878317799515331e-02
3.285773466749755678e-02
3.100551831763730115e-02
2.689004624314342284e-02
2.652221040663042123e-02
2.092584821932298722e-02
2.123825281962234135e-02
2.188667276770409065e-02
2.107482884384805771e-02
2.179986791198710444e-02
2.194564983785657689e-02
2.206816514139302646e-02
2.230662530127183393e-02
2.236412230560698086e-02
2.245350025859178117e-02
2.251559441432191000e-02
2.254162194558567006e-02
2.257506922368087907e-02
2.259205419300020640e-02
2.260286975550493058e-02
2.261368300112145263e-02
2.262041039846300963e-02
2.262089074495428689e-02
2.262918074222252524e-02
2.263021909003929896e-02
2.262101416386036110e-02
2.264896202823906551e-02
2.261747867186944538e-02
2.262322000881685294e-02
2.269503926342362685e-02
2.252245462672337536e-02
2.273062792965824599e-02
2.268973296289915342e-02
2.222624627778136200e-02
2.330878127546537684e-02
2.178602985707272371e-02
2.190522074460376709e-02
2.278752418038242078e-02
