1.106110447450022989e-03
1.341993399202676867e-03
5.699354344310704305e-03
5.212223068591904929e-03
6.845831171673370970e-03
8.361280482049876159e-03
7.847622674299363152e-03
8.860096676124491061e-03
8.908257683665987692e-03
8.812395146878806637e-03
9.119993115276005605e-03
9.001172253320234573e-03
9.037264540747486433e-03
9.083868114953713366e-03
9.041001526530149240e-03
9.066196474483995821e-03
9.063515449186624814e-03
9.056481481214332177e-03
9.063318423028670148e-03
9.058336503214759958e-03
9.057893415895497749e-03
9.056593824315615701e-03
9.051522184169345786e-03
9.050526994767705419e-03
9.040123535791727560e-03
9.032503942083609794e-03
9.025999900019742589e-03
8.988142418706462911e-03
8.984562209138152733e-03
8.937084689560366793e-03
8.832215200104371472e-03
8.855395864368641179e-03
8.601380911488536174e-03
8.428849682233388249e-03
8.435626580375077746e-03
7.539407587110979331e-03
7.679066935872201800e-03
7.353904291686634564e-03
7.785038156060958628e-03
7.741548354590156722e-03
8.188924598169972091e-03
1.062252451582226115e-02
9.883861434810604918e-03
1.586680095101148172e-02
1.832054968992235383e-02
1.793714307506572361e-02
3.195142936910267545e-02
2.930176662793537723e-02
3.152718555332766764e-02
3.637297299732138167e-02
2.761770950351033135e-02
3.087348852718307946e-02
2.788699998154989951e-02
2.754983725269603140e-02
2.675532204413527335e-02
2.418385973725700397e-02
2.130339884679461476e-02
1.675041995968019892e-02
1.212957242348603436e-02
2.637985607804534376e-03
-9.705492324845740176e-03
-2.333327985612409367e-02
-4.864565339937862443e-02
-7.880876044772679168e-02
-8.231254056739130409e-02
-1.050244366108727123e-01
-1.038874165903176661e-01
-1.107396518619881004e-01
-1.190269166360930220e-01
-1.136585451041987882e-01
-1.206543057024756782e-01
-1.181652882986052588e-01
-1.154322965643179433e-01
-1.174738648860293166e-01
-1.109839126507088380e-01
-1.096408647358297489e-01
-1.059669796211317183e-01
-9.950161611541884221e-02
-9.728890792826895562e-02
-9.209745541229891197e-02
-8.521463848597966850e-02
-8.314528863513707957e-02
-7.321280631533425010e-02
-6.701849212193343452e-02
-6.172285899259472020e-02
-4.587837890578458366e-02
-4.058895640597424970e-02
-2.716662715912411541e-02
-1.342004931658725628e-02
-8.125091306961597717e-03
4.099869945169119095e-03
7.100737980635298853e-03
1.466113357566248623e-02
2.068427998164370715e-02
2.136573073166677522e-02
2.390986509969604198e-02
2.523392381699704479e-02
2.065779830861331698e-02
2.245185155938331234e-02
2.013189078532054768e-02
1.040595705052245641e-02
1.170703908125362430e-02
4.593730835248881206e-03
2.802319603950849999e-03
8.795785365700182351e-03
4.802600588629721973e-03
6.679620174054683689e-03
-8.778212249444208751e-05
-4.860430318558940432e-05
-6.526760390664574848e-03
-1.549317336720576303e-02
-1.642638525635361016e-02
-3.213495322271532617e-02
-3.486530731463539229e-02
-4.322888153106226733e-02
-6.321639734864142879e-02
-5.624492515424978772e-02
-6.948436724920371843e-02
-6.023921867358691951e-02
-4.703386765226792721e-02
-4.336412067407365012e-02
-1.707836448696652826e-02
-6.404751190389824760e-03
5.932582971679826490e-03
1.872624732906902692e-02
2.469128089972957851e-02
2.906320959384072963e-02
2.420185466140277811e-02
2.422755968235676752e-02
2.101850071853752361e-02
2.008619505132657607e-02
1.554632157699139747e-02
1.170195831986810264e-02
9.789982175754189872e-03
-4.281646477384812299e-03
-1.304127174188759140e-02
-1.354973564460040109e-02
-2.828558137576330997e-02
-1.729975149967689918e-02
-3.511537521390716097e-03
-3.419241063699244611e-03
3.358929349361426675e-02
3.936597149756577291e-02
4.992749187801218819e-02
6.644952416288238406e-02
7.247850263447677688e-02
7.741162852590212362e-02
9.137701608600430625e-02
9.055635453760639553e-02
9.516657149564644591e-02
9.549408643219955972e-02
9.363487960206395844e-02
9.565068469311656385e-02
9.337173018843825112e-02
9.305289194085356042e-02
9.301641358331942666e-02
9.103360195695292534e-02
9.138464431904795571e-02
9.017865537419006428e-02
8.938911837335339339e-02
8.948454040816258837e-02
8.792315983245409250e-02
8.810146558832836206e-02
8.705280218039475326e-02
8.544463625606943391e-02
8.501248831133889627e-02
8.116664468685969025e-02
7.983563229031252761e-02
7.687977065977799618e-02
7.217336837226501212e-02
7.060381295589478190e-02
6.427327185188352887e-02
6.044479571965832854e-02
5.670678245147791480e-02
4.827639546472115017e-02
4.633172379305781213e-02
3.890138696051068101e-02
3.432794410115910105e-02
3.159288399398936520e-02
2.253194819139986080e-02
2.189490403933052123e-02
1.448457345647490707e-02
1.104549194222553474e-02
1.192079496259094290e-02
1.035866776910471070e-02
1.289451364715508107e-02
1.497228694468720131e-02
1.208302646184460268e-02
1.035873585854359992e-02
5.481364932495218917e-03
-2.158532296069927588e-03
1.363341923019045212e-03
-5.736800521892368963e-03
-5.947188802852365272e-03
3.926187228381668322e-04
-3.308225624131828826e-03
1.175749235226511847e-04
7.530955495581112373e-03
2.611427679477129442e-03
1.356290205622311291e-02
2.252634154439345227e-02
1.878026470775943924e-02
4.273773054192155779e-02
4.399148840976738195e-02
2.550261833799256916e-02
3.223300666584192481e-02
2.659392878530912260e-02
2.000653216300144616e-02
2.127025132336268082e-02
1.428961063693576748e-02
1.361033958573055862e-02
8.849507448943470453e-03
7.664986687104091874e-03
7.544351952546337302e-03
5.371184345594050107e-03
5.641663273588184112e-03
4.906506062468752108e-03
3.600083998822735040e-03
4.341217558290639926e-03
2.406082842083843987e-03
1.324348157580722057e-03
2.553080499335220847e-03
-2.212783094039192516e-03
-3.459606253531660562e-03
5.209344278727732602e-04
2.470159967134502241e-03
2.181793300656788975e-03
8.520248936049669430e-03
7.390686785510491331e-03
9.369509236808707883e-03
1.347755142042823817e-02
8.917902214927088400e-03
6.782879835694146818e-04
-1.066877873752831302e-02
-1.342601955965785389e-02
-2.474577763334478292e-02
-2.394757737535095632e-02
-2.351587824589579032e-02
-2.841268582345417987e-02
-1.925185492197840909e-02
-2.034236494351430308e-02
-1.705986358696479771e-02
-8.648255238978455606e-03
-6.073229574616902104e-03
-2.130200340262671400e-03
-1.504499463554136770e-03
-3.124399257807002235e-03
8.039838712980274102e-04
-2.294786306494815686e-03
-6.541265452447693994e-03
-7.356055301675142565e-03
-1.660741027110259130e-02
-2.139995250158087739e-02
-2.849915517818535360e-02
-3.844588737134982392e-02
-4.327493971971418940e-02
-5.138800514924633106e-02
-6.180269252119313661e-02
-6.496682127622058212e-02
-7.463392889106724992e-02
-7.678342966700922589e-02
-7.927306388062009546e-02
-8.381888662396050349e-02
-8.371314689775166684e-02
-8.680338740814975973e-02
-8.778987163428324247e-02
-8.881533361219359768e-02
-9.076689161634893255e-02
-9.136015647161717379e-02
-9.349196632798119355e-02
-9.354139674703666751e-02
-9.412995079394254061e-02
-9.525582955763646498e-02
-9.241477020219976413e-02
-9.339137980661922633e-02
-8.978575048588918750e-02
-8.440098387897054799e-02
-8.118977703673166402e-02
-6.862474402598156553e-02
-6.283957591215061367e-02
-5.160238925655420694e-02
-3.834627640255078296e-02
-2.847339695435097129e-02
-1.321254869503318309e-02
-5.005036282123871173e-03
1.012015323773447079e-02
1.820232454335231342e-02
2.319169791451234849e-02
2.994873038713294008e-02
2.542767530249966448e-02
2.474601300109133609e-02
2.434950253912845225e-02
1.829993155015511436e-02
1.848437326989823756e-02
1.830574088694243359e-02
1.576940119777276925e-02
1.656997638075620102e-02
1.889392606483816101e-02
1.878370774044465022e-02
2.055836491523364493e-02
2.031832692249627148e-02
2.118820533847863563e-02
2.052333144022201045e-02
2.130750501408578204e-02
1.846863637019462850e-02
1.664030058185633071e-02
1.315215797112355249e-02
5.674382400594127698e-03
9.787852548442837249e-04
-9.025698105748367062e-03
-1.252657015790427895e-02
-2.196892178236632687e-02
-2.545760004388050030e-02
-2.398077631014294137e-02
-2.820095481278635241e-02
-2.566283228757977250e-02
-2.463535551954517538e-02
-2.513439024286733686e-02
-1.831496201402668667e-02
-2.180511010806881339e-02
-1.936312968547392391e-02
-2.181349030318803853e-02
-2.465929867193850794e-02
-2.196207745385951246e-02
-2.778235126506935215e-02
-2.451344824753808743e-02
-2.308759070829400836e-02
-2.421732986514004565e-02
-1.282882622019815809e-02
-1.215645775590239175e-02
-6.357822133968151629e-03
3.355083361888229476e-03
3.866590589499600112e-04
5.268970912088264714e-03
1.450271877410194699e-02
1.292225604363651283e-02
1.504799730444006216e-02
1.426446915582611774e-02
1.145643266170347924e-02
9.570888357400652094e-03
6.372294891997780895e-03
3.928608228438464425e-03
-1.647895497931571541e-03
-2.754682367661862377e-03
-5.906754097836955722e-03
-8.584027811057205054e-03
-2.483605756947312396e-03
-6.958204842275014443e-03
-8.976863489829902190e-03
-6.713357428956364011e-03
-9.334780331907337539e-03
-1.004367882422145357e-02
-1.142843553661580282e-02
-2.136912016919898134e-03
-2.649262740204138752e-03
7.682492004784030777e-03
1.435260677535907595e-02
2.006581188474720542e-02
3.398446379941678919e-02
3.207921762607999355e-02
4.178004871927595842e-02
4.467477653186422565e-02
4.473657762563035961e-02
5.043810429873765711e-02
4.764632886898509390e-02
4.859680488885015359e-02
4.367216431354353084e-02
3.923407865616379553e-02
3.268879690320884712e-02
2.524383351787851809e-02
2.418567509361639264e-02
1.753945259011483945e-02
1.706160407680232943e-02
1.358730195551546664e-02
1.248341277623651706e-02
8.811904831989266287e-03
6.836352579240492777e-03
3.177624048572551350e-03
-1.448078734109925188e-03
-4.462068643558732804e-03
-1.297345284183810607e-02
-1.548431428356286492e-02
-1.987793247632457447e-02
-2.023741331146112696e-02
-1.725602923485267115e-02
-1.766456176598086084e-02
-9.789011718445617474e-03
-6.157467469020794226e-03
-2.855956251929051178e-03
1.191734100748954384e-03
1.215740830353012353e-03
2.337855748568142163e-03
-3.238444125037824865e-04
1.371907600904461561e-04
-2.535738527717942316e-03
-1.226139416607925636e-02
-1.150193124633366697e-02
-2.680220891901378966e-02
-2.937333860623286483e-02
-3.718447778855296648e-02
-5.521266033613739938e-02
-5.088981100107285716e-02
-5.905695298994186743e-02
-5.216430333049060925e-02
-3.888124849924981530e-02
-3.096815140244152040e-02
-1.041605975857715256e-02
-2.683043693729797105e-03
5.252045143779587519e-03
1.504468203275548428e-02
1.713009180954030639e-02
1.654763951754774712e-02
1.785010166457887473e-02
1.276234586385083768e-02
3.461813661378075353e-03
-4.551746263297207565e-03
-9.383234188576814599e-03
-1.656675784215896549e-02
-1.966628590145539160e-02
-2.020065404432772396e-02
-2.585253889862103305e-02
-2.985455075572612110e-02
-4.309610800712662670e-02
-5.364399442115657529e-02
-6.803442712644097723e-02
-7.322380374691664362e-02
-7.460010821585341678e-02
-7.743108218339246618e-02
-7.151606543266506022e-02
-7.014139937358018773e-02
-6.442214346036657935e-02
-5.831503638305114007e-02
-5.066017383027154181e-02
-4.244529659258941545e-02
-3.264021035366789641e-02
-1.947774186208145811e-02
-1.121985681500908306e-02
4.142171496095389642e-03
1.131835212600560379e-02
2.004009285159366952e-02
2.974505564478102312e-02
3.455703266687439740e-02
4.253844867120229467e-02
4.713930154528067629e-02
5.210602701100174733e-02
5.582273210995745277e-02
5.500013895067593084e-02
5.377734339033347910e-02
4.878768519260726078e-02
4.401911681963394801e-02
3.312434509411104483e-02
2.522135732249419088e-02
1.390954951264428488e-02
-1.587355949274462568e-03
-4.122961817299323345e-03
-1.641510044281995623e-02
-1.429860381969675492e-02
-1.577003303373910106e-02
-1.817590283059463199e-02
-1.012250477765326735e-02
-1.239713163234348360e-02
-3.310071245873546716e-03
3.940684364974300635e-03
6.804974780359719644e-03
2.672337688383912002e-02
3.150137402534013836e-02
4.332372036500396761e-02
5.445617083238264017e-02
5.591665599892317595e-02
6.526365735962379178e-02
6.492048525820480476e-02
6.579915800114224944e-02
6.681291645288292558e-02
6.086515611036957124e-02
6.024085927502741827e-02
5.245219392502992878e-02
4.476845660959479639e-02
4.430778107352379563e-02
3.310077387649755509e-02
2.789097692553351923e-02
2.752844178677752579e-02
9.223721354570096204e-03
1.146351556448057217e-02
8.173109530878278420e-03
2.637994812439180010e-03
8.697402048709874586e-03
5.833890789311188887e-03
-4.999889339700617878e-03
-5.091275950790586161e-03
-1.219621236583070395e-02
-1.983614546291632627e-02
-1.521516243231433793e-02
-1.539566793139266268e-02
-9.202883338607465227e-03
-1.848628396525728594e-04
1.269024627042381450e-03
2.142081130265365008e-02
2.276678883850609403e-02
2.693468384875131322e-02
3.433788828819852451e-02
3.272424533323723544e-02
3.721114341603967007e-02
3.512535153279354450e-02
3.452688410294851851e-02
3.536006962821695854e-02
2.508232677818198961e-02
2.478464107503094635e-02
2.132471798291598469e-02
1.768538486423964010e-02
1.645846221045619076e-02
1.417042680742353761e-02
1.224359939730746034e-02
9.940584692907355330e-03
9.227997573269837786e-03
5.646345393352163004e-03
5.414349739276817439e-03
5.000565645768298428e-03
3.819572198055460298e-03
4.049845064199986307e-03
3.571760329337011000e-03
3.600926782606765804e-03
3.535888916152611292e-03
3.489713050865235391e-03
4.035632929668827099e-03
4.151821101725450096e-03
4.093108254927643047e-03
4.369956543398857522e-03
4.332319912763634914e-03
4.378748462122880776e-03
4.456330424260144911e-03
4.434741378588353232e-03
4.468606585262228405e-03
4.480270438252565920e-03
4.478163504080408773e-03
4.490501406283163403e-03
4.490840203954780431e-03
4.492706489120349214e-03
4.495721359163110976e-03
4.495399485170698504e-03
4.496567614014527516e-03
4.496622924331220537e-03
4.496228030355268329e-03
4.496555822436760358e-03
4.494352665411997273e-03
4.494318443995943928e-03
4.492551091245262224e-03
4.485542727916737651e-03
4.489364838411325637e-03
4.474743848408368509e-03
4.463756887623521706e-03
4.475795391476937099e-03
4.408287980420348522e-03
4.432511368178849477e-03
4.409972640856615021e-03
4.229584253026281992e-03
4.442833281356747994e-03
4.093426665237587941e-03
3.975830869359766977e-03
4.163718282416082120e-03
