1.388171007900479079e-02
1.380543682705592627e-02
1.852553470210702158e-02
1.864330659859398873e-02
2.133388270901456080e-02
2.140373852460029924e-02
2.198419919172542661e-02
2.227302519577507856e-02
2.227410733025749628e-02
2.247587391736392132e-02
2.250483472640976701e-02
2.254405644450472798e-02
2.259838304191651506e-02
2.260511922955490971e-02
2.262716100043129369e-02
2.263982027342905864e-02
2.264483332033699267e-02
2.265355549901321153e-02
2.265727891543480380e-02
2.266177133963410625e-02
2.266584041745997244e-02
2.266960290655002305e-02
2.267682827235171367e-02
2.268043851966714680e-02
2.269285644750675471e-02
2.270781888954940056e-02
2.271480901662530777e-02
2.276298018996705808e-02
2.278160812556537934e-02
2.282312784338469056e-02
2.297681853924108536e-02
2.295129233692325132e-02
2.321918838815228980e-02
2.356452007735879497e-02
2.345388393430180088e-02
2.458093073796262934e-02
2.562743945571481843e-02
2.589366346802790195e-02
2.890762406979814625e-02
3.049365425693662673e-02
3.049634276905631436e-02
4.197784456343681136e-02
4.314874293106769898e-02
4.440860877736280826e-02
4.687128490056898661e-02
4.837375926048863989e-02
4.048383633935634385e-02
3.976045158402411600e-02
3.797106247560441683e-02
2.035616022607470918e-02
1.798337634917276939e-02
6.781370915703651900e-03
-2.448356413465589514e-03
-5.375092111668099831e-03
-9.887220420419270961e-03
-1.148928592487419298e-02
-1.018963838499923995e-02
-1.180624823141664635e-02
-1.371809293952556963e-02
-1.318470762580396805e-02
-1.666691026754935426e-02
-2.250541117323042253e-02
-2.645858443293902865e-02
-3.711172797290284570e-02
-3.000741850140485611e-02
-4.365902088579314694e-02
-2.483520800786199675e-02
1.395187999442087587e-02
3.649826814191755447e-02
2.571005291786691155e-02
3.024982085476445037e-02
1.269093921103553631e-02
8.028159877013671744e-03
-3.077160484797837083e-03
-1.518913626891043103e-02
-2.299756203147536315e-02
-3.178301636428341320e-02
-3.505914334821373657e-02
-4.000965797734558349e-02
-4.504080827796683173e-02
-5.478742958376687372e-02
-5.813907657932866624e-02
-6.842496114280634256e-02
-6.323175578097246785e-02
-5.590995149925753749e-02
-4.916084073507558105e-02
-3.709668794127164715e-02
-4.058342062824430579e-02
-4.263178548473330054e-02
-3.504940307110597508e-02
-5.560354448876417277e-02
-5.175208399674753601e-02
-6.046061287291967790e-02
-8.978868285246204006e-02
-9.220993667824892159e-02
-9.853309529019929625e-02
-1.049618981777133142e-01
-9.379728100874423768e-02
-9.280078867045409019e-02
-8.238679204261716016e-02
-7.294909719413664173e-02
-6.518416114408398521e-02
-4.914629883231831642e-02
-4.214947834836550028e-02
-3.574793622246740660e-02
-2.411992136298252154e-02
-2.535180189472640080e-02
-6.970783786264945874e-03
-8.694526319029515643e-03
-7.704669647570398273e-03
-7.689852244490841260e-03
-3.074918210023478565e-02
-3.258820482934918911e-02
-4.136662648353252314e-02
-5.738861142678147731e-02
-6.038722271679965170e-02
-7.337483384070661585e-02
-7.217415354076105183e-02
-6.603010177038573514e-02
-5.886076492334953170e-02
-4.468559955035478898e-02
-2.748996171879148492e-02
-7.708881366938336380e-03
1.701776122257622065e-02
2.993300167526324190e-02
3.234949106500496774e-02
3.352690523779289916e-02
2.970668244051852605e-02
2.611794055730743552e-02
1.054840644367099206e-02
1.032416759074972386e-02
1.120635094846978222e-02
6.983421356411252147e-03
2.132089369912391549e-02
2.560380513208548522e-02
2.119874058666336089e-02
2.809239030032636975e-02
2.811897259713107278e-02
2.105869229579416385e-02
3.002713610508416994e-02
1.925168665254270786e-02
4.200287282121311153e-03
-1.393661433651791374e-03
-4.100603927030993523e-02
-4.599217519800453263e-02
-6.975181873628748253e-02
-9.571364588582352562e-02
-8.866027946824479866e-02
-1.105098819214119232e-01
-1.000847051682379890e-01
-7.896610126413672326e-02
-9.371173007694996726e-02
-8.198535294037188892e-02
-8.317023927521811910e-02
-1.129377435875824898e-01
-1.009247092306900517e-01
-1.218838633636075142e-01
-1.304682650626616813e-01
-1.087465570646756752e-01
-1.298957933652722385e-01
-1.046040528508602879e-01
-1.028430930403764904e-01
-1.246657760812242832e-01
-1.036304297560108473e-01
-1.147320537815800651e-01
-1.066142425765329027e-01
-7.297384132663281564e-02
-6.436556814237026636e-02
-3.564920214797568515e-02
-1.509757176662918955e-02
3.265635177837437290e-03
2.065703525857356254e-02
4.326211429885085807e-02
5.123528549591798570e-02
6.166566802318257379e-02
6.731502447999478111e-02
6.969322949938612510e-02
7.565484947519836301e-02
7.519469649348138607e-02
7.353724531744103288e-02
6.491232364199102378e-02
5.065994002794681900e-02
4.506484076493295909e-02
5.506214439023354029e-02
4.027609971569413860e-02
4.364171728063249295e-02
2.664416025866632107e-02
1.936334300213986975e-02
9.951919156786290591e-03
-1.734357659243622798e-02
-1.726570145464601316e-02
-2.827322426937383879e-02
-2.930005736546086384e-02
-2.367250030726513951e-02
-2.631000177112972210e-02
-1.606114085729413304e-02
-1.397746367064238091e-02
-1.481114329561605304e-02
-7.563138844154405731e-03
-1.679870749412331818e-02
-2.630031665912303460e-02
-2.715770537022289474e-02
-2.867905015089052337e-02
-3.111639049671811527e-02
-2.298073031966518104e-02
-1.499035572276729601e-02
-1.644665901662113738e-02
-5.104792138372829177e-03
-2.308125293085961163e-02
-3.108816160367401660e-02
-4.157441503049598419e-02
-5.323181768054131846e-02
-5.550216308861750242e-02
-6.160110465939359903e-02
-5.545275090757990216e-02
-5.284289132825604335e-02
-4.698894462038963327e-02
-2.729275205608742982e-02
-2.048105397521493912e-02
1.229539787698578218e-02
1.751598774646615994e-02
3.556345801258899153e-02
3.930479391296876068e-02
3.754987665484858794e-02
4.453799846442757504e-02
4.311117280634693683e-02
4.529302119078467553e-02
4.773992995041514281e-02
4.809042325132444756e-02
5.157484009879983317e-02
5.148407445458365317e-02
4.556014090129786170e-02
4.940861071257562215e-02
4.126213290344476342e-02
4.356352651637938889e-02
3.741247063710224918e-02
1.392576355688408297e-02
1.251449109543684504e-02
-1.130163054843405512e-02
-2.649627041401272573e-02
-2.350775603769466801e-02
-4.305332118609556113e-02
-4.102848876929202776e-02
-3.394151252055109536e-02
-4.006205565589220779e-02
-2.354733928842153018e-02
-2.332165659615830638e-02
-1.528355675011728795e-02
-6.326758847126952821e-03
-2.224061841330902262e-02
-1.066659289857930723e-02
4.518890852713667271e-03
6.748168185975048430e-03
2.391803151561725654e-02
2.904433168376352806e-02
3.531683397823381226e-02
3.778129100752349728e-02
4.228216498615617464e-02
4.146636769771424452e-02
4.391910727473472692e-02
4.341589919957689059e-02
3.071443736552444126e-02
2.711380591987931632e-02
2.285521959505311396e-02
9.371102159531963238e-03
5.729137720133932118e-03
1.133419648908486066e-02
5.457928403312137071e-03
4.871901057771786149e-03
1.171648922080296973e-02
5.389418218072976330e-03
1.163982915053018465e-02
1.149126433608992602e-02
1.053935461542948419e-02
1.428700315073619734e-02
1.219645124075066298e-02
1.422322200441092539e-02
1.940144460502434345e-02
2.317622275249029903e-02
3.384897653568103709e-02
3.956285459396211707e-02
5.156192903747320450e-02
5.993880202901134130e-02
7.370948310183718377e-02
9.080309365631898666e-02
9.583919757212662482e-02
9.524216444054640907e-02
1.006430323254215581e-01
9.428354482759920829e-02
9.313789381350713603e-02
9.467214658064478094e-02
8.374327844057985470e-02
8.479585720244406377e-02
7.469124724191676667e-02
5.470398964712209350e-02
5.135821560729445651e-02
2.448006582087366295e-02
1.454944660638196434e-02
2.017001090624388066e-02
6.821632522827054436e-03
1.741186714782686981e-02
1.973721440301592217e-02
2.146863157831447461e-02
2.503432562026362482e-02
2.123586129490371080e-02
2.059664529663343679e-02
1.471833344137944179e-02
3.681846281827222921e-03
-3.957904393424506451e-03
-7.375514472593176947e-03
3.074828873435808858e-03
6.081649539333553248e-03
1.604424123744714603e-02
2.181719461994929832e-02
2.867367770904935900e-02
3.249855936231190595e-02
3.382269282402376037e-02
3.738232596007825398e-02
3.978217091602761352e-02
3.897258964326024561e-02
4.443779633737923035e-02
3.985731384393789711e-02
4.011531074349819481e-02
3.737249314189546034e-02
1.933209472942473001e-02
1.238566002295942922e-02
-1.419663336357623352e-02
-1.968449957081693999e-02
-4.370874493935857086e-02
-4.979691390976850179e-02
-5.224074860191524339e-02
-5.919176518637720569e-02
-6.649905994961961830e-02
-6.902349708997695954e-02
-6.221845314574021152e-02
-6.079808532643680291e-02
-5.611995151290553180e-02
-5.371298517163441977e-02
-5.200533312091603494e-02
-4.948047644756048413e-02
-4.512644807344702580e-02
-3.652836089505218792e-02
-3.272387050733421149e-02
-1.455331588108263637e-02
-9.180503700573270850e-03
9.747827313186230996e-03
1.251277410594671749e-02
1.626437994781824298e-02
2.301367665576862370e-02
2.329946596328353811e-02
3.418905682763789811e-02
3.702164028200898710e-02
2.313404767167680579e-02
1.232557187687333133e-02
-3.741426236503332496e-03
-2.356340778772798503e-02
-3.773719060910506878e-02
-5.165366744844284569e-02
-5.704602336502617721e-02
-5.761636307284183356e-02
-5.077347574711631867e-02
-3.317812502885804371e-02
-1.908701703382276876e-02
1.977036919937095322e-02
1.373463589299660920e-02
3.114582074853676150e-02
3.903044569175968120e-02
3.049350290955953405e-02
5.485019835585470266e-02
4.174763578860846841e-02
-5.484720039830769979e-03
-1.012684408148865726e-02
-6.251064808561565544e-02
-8.824830470778831371e-02
-8.178785894562191905e-02
-1.173453546635403050e-01
-1.381501599678328640e-01
-1.497481076003139844e-01
-1.995303691988515593e-01
-2.091046006376690303e-01
-2.234709460770975542e-01
-2.472073454791499370e-01
-2.470464134421511415e-01
-2.601596104667815434e-01
-2.680846593092294783e-01
-2.708567922560286001e-01
-2.770614163445326295e-01
-2.822772092877584016e-01
-2.804851749062708399e-01
-2.807578461824048466e-01
-2.736127030927175130e-01
-2.705760247582386091e-01
-2.628673999062461908e-01
-2.564946084022406980e-01
-2.510075725161548532e-01
-2.414484408834965401e-01
-2.370670224982356633e-01
-2.286116204492523174e-01
-2.216362543368640137e-01
-2.177714235294515854e-01
-2.120776284400144041e-01
-2.061286347310500866e-01
-2.069522957353318038e-01
-1.923043913706724839e-01
-1.861115929899665733e-01
-1.757184665977505333e-01
-1.452580761689401256e-01
-1.313782697227323659e-01
-1.126232010617513740e-01
-8.853227124867191211e-02
-8.199930469716111558e-02
-6.523802861676208931e-02
-5.325484922462055820e-02
-5.246537699676242367e-02
-3.827103549380521386e-02
-4.048050316750719663e-02
-1.655391528427716669e-02
1.460434052196839423e-02
3.896743562508378500e-02
4.022348987187366470e-02
4.878918406836843524e-02
4.559322472188460929e-02
4.351342443793557863e-02
4.486319447882747280e-02
4.253765368002321301e-02
4.235477390952794435e-02
4.207528066675717687e-02
4.062038226110375322e-02
4.039910557881144781e-02
3.857737557841790094e-02
3.539643019231469151e-02
3.557763616722491723e-02
2.848210937051951636e-02
2.355753626787567348e-02
2.314569821008003944e-02
-1.038973708313458994e-03
-1.521496015745924316e-03
-8.224258553636959110e-03
-1.554989693232674067e-02
-1.572966202415614773e-02
-1.976303185516486982e-02
-2.132506453477000727e-02
-2.208286058915302080e-02
-2.371456825700177587e-02
-2.410571010103278872e-02
-2.485796207399099469e-02
-2.551971775937230194e-02
-2.586564462062033998e-02
-2.677450603997575188e-02
-2.718058377199719655e-02
-2.815486482946814167e-02
-2.975921035133742912e-02
-3.014509578853054317e-02
-3.370497756595056821e-02
-3.585140356823163926e-02
-3.772848089706886537e-02
-4.763585359141193909e-02
-4.613817208207908471e-02
-5.494876786171965649e-02
-5.241652605516855523e-02
-4.153180079920191364e-02
-4.308777216326379472e-02
-3.156979710924522758e-02
-2.010925688217699361e-02
-1.831614423335889419e-02
8.574915841660804214e-03
9.684216631295759423e-03
1.224196821081276199e-02
1.899592092389887354e-02
2.069634885884471392e-02
2.264993464609830337e-02
2.131780377092030998e-02
2.035995925476923388e-02
1.963781244249066318e-02
1.882539742122530529e-02
1.857668391098804550e-02
1.797649291516400377e-02
1.779802028661943078e-02
1.785158016891458949e-02
1.783711662635203629e-02
1.793099941418955373e-02
1.802445005455491356e-02
1.803400355254311527e-02
1.808545696774646258e-02
1.810662791415641390e-02
1.811673313269276941e-02
1.813363149961945767e-02
1.813850060528348837e-02
1.814402733073394031e-02
1.814851619256244858e-02
1.815021600550469419e-02
1.815218453185109271e-02
1.815304972193141492e-02
1.815390391044548885e-02
1.815337743463839998e-02
1.815353339322857418e-02
1.815361581034311000e-02
1.814920715734989753e-02
1.815222910405918030e-02
1.814604032893187696e-02
1.813608342299195472e-02
1.815073979954702835e-02
1.810882336676180107e-02
1.811592011294647919e-02
1.813488273381730700e-02
1.797280588553545888e-02
1.813819602122459726e-02
1.795133364700381845e-02
1.770529323130069776e-02
1.812117140072967009e-02
1.682984595518107959e-02
1.651746433041941312e-02
