1.027479616241759423e-03
1.156676429312752377e-03
3.381315464115013537e-03
3.407738787390305300e-03
4.049412101005096278e-03
4.439552008467203756e-03
4.029724948024793370e-03
4.314450462046187824e-03
4.272792498683643074e-03
4.231804431755778299e-03
4.307423644396253699e-03
4.273374361685006520e-03
4.285267911319519570e-03
4.296154826901701571e-03
4.287627033571082130e-03
4.294878590673020281e-03
4.294685348984449320e-03
4.294125704321173631e-03
4.296239939199707029e-03
4.295844695291597785e-03
4.296534706791477198e-03
4.297045114797286465e-03
4.297660241260050154e-03
4.298492625166421346e-03
4.299055393801363457e-03
4.301781586248551621e-03
4.302235007009849038e-03
4.305635726842643729e-03
4.313070502178070406e-03
4.310618779515455225e-03
4.329945556988703398e-03
4.339589783965243017e-03
4.335200252653878712e-03
4.415730969201855580e-03
4.380455086437794535e-03
4.432891504743132274e-03
4.536522014422888528e-03
4.572466238880661636e-03
4.925984344604760964e-03
5.059403748389830653e-03
5.143312907265900139e-03
6.567145825262975939e-03
6.487206526461015109e-03
7.473828647106735452e-03
7.818408288382617047e-03
7.750077243200823376e-03
1.058830762613791054e-02
1.080357432944010175e-02
1.224637528963247804e-02
1.310617050319074113e-02
1.356410379925454199e-02
1.410692089549638560e-02
1.432666903937949814e-02
1.446924958528548848e-02
1.433335625809325879e-02
1.492866154978746834e-02
1.525725535857957310e-02
1.403433419076452991e-02
1.955785611791650835e-02
1.974536580701693328e-02
2.165498589491330825e-02
2.296790665115662836e-02
2.321601863841105118e-02
2.660485127303297004e-02
2.748291960531648592e-02
2.687106223622052342e-02
2.855772215071649203e-02
2.781835228734263338e-02
2.564505478303444330e-02
2.528585889264408845e-02
2.482492031605003022e-02
2.392604948600129955e-02
2.507965324353935224e-02
2.495634416169224129e-02
2.523676318957353976e-02
2.895284866965072007e-02
2.869703349354424046e-02
2.951467038707813670e-02
3.045606373460774119e-02
2.963770499475981007e-02
3.036148026153357576e-02
2.895478637778857792e-02
2.770825917682763484e-02
2.734944442938600992e-02
2.488124631412333074e-02
2.365229094515279573e-02
2.259326029675069736e-02
1.737036623163824497e-02
1.559140321371374829e-02
1.037944110702981870e-02
5.062492673154988382e-03
2.079997476451249210e-03
1.460262252692212572e-03
2.419477576364059300e-04
6.764657249428934847e-04
2.582550787599719681e-03
2.605363136528106392e-03
3.235261740760913673e-03
3.955131299055726114e-03
4.072962674763079896e-03
5.342670713745091560e-03
5.475230043900741750e-03
5.348262878224060643e-03
6.303376264539444461e-03
5.797199616066228689e-03
6.821144023578266415e-03
6.616624849082718834e-03
5.527573004245320276e-03
6.050907225708641347e-03
5.657596603525248853e-03
6.022796572311325466e-03
6.390171885481390514e-03
7.115454910098716231e-03
6.220459445793742430e-03
5.128791144612532618e-03
4.257952287360877892e-03
4.666415615339198145e-03
4.011975934019312504e-03
5.784293982893362433e-03
7.962175899399995607e-03
1.196813485028511842e-02
1.652422096761192727e-02
1.690450000133219763e-02
1.757779279903244618e-02
1.652271486579560619e-02
1.312496165797060084e-02
1.595916328295664266e-02
1.428579208807127625e-02
1.208195935329425645e-02
1.267174265874690571e-02
9.001775361069936157e-03
8.795153356569261963e-03
8.538053539142500051e-03
7.904925076390342115e-03
7.173984052468464039e-03
7.209745459194394357e-03
9.029286377449029580e-03
9.884825825734236057e-03
1.448169613479092024e-02
1.573481503868396497e-02
1.700651506247321393e-02
1.925357858019107610e-02
1.927212648589209099e-02
2.083443012527733118e-02
2.456453605832641454e-02
2.598203051821610168e-02
2.789242297259344680e-02
3.056710555709176921e-02
3.119477219652573227e-02
3.237253757648995284e-02
3.210755523621040830e-02
3.032862043178393904e-02
2.826795380393988533e-02
2.393064890086250146e-02
1.943430636594960237e-02
1.639633932355696877e-02
1.339057147634073290e-02
1.263705381391057314e-02
1.067715733968517718e-02
1.011402435880428760e-02
9.559403994720036546e-03
9.531039692769959285e-03
8.803698853926174989e-03
8.517582354511939874e-03
8.688927827348673014e-03
6.428930483961217690e-03
6.297497461153617020e-03
7.347620215087613538e-03
6.798443705267157543e-03
6.653682047188747006e-03
6.326844311216134331e-03
7.519647970294283251e-03
8.184733229130344498e-03
7.599883460590598633e-03
1.117425891250603195e-02
1.087472931536716605e-02
6.597983981109395088e-03
6.462012635072494210e-03
2.843301368690654297e-03
1.794013185702030260e-03
1.175523678588289442e-03
9.512768024021734910e-04
4.266816060614043397e-04
1.054356150461099959e-03
5.231458719488697381e-03
5.690114992872159945e-03
9.472854929924607106e-03
9.975765428898556580e-03
7.508242498680714819e-03
7.512893355690813263e-03
6.289393636524203898e-03
4.795331916737140092e-03
4.132783478796717667e-03
4.020162196366211353e-03
4.685193079135324852e-03
5.176807927489038112e-03
5.743466810204119963e-03
5.647940514462169645e-03
6.507896828256257843e-03
6.279497516067727818e-03
5.331593316127794871e-03
5.129731621009389099e-03
5.319102899714904173e-03
4.993755320378891714e-03
4.467919904135706291e-03
4.517476571064218786e-03
4.128143681572717452e-03
3.920343050285313852e-03
7.577761700639606794e-03
6.359302969105399064e-03
7.854437851284187810e-03
1.039426633987833651e-02
1.053813117636468941e-02
1.378474031415413692e-02
1.538021531038667386e-02
1.470396426389100446e-02
1.680626747315371733e-02
1.432520346520210590e-02
1.314957498813107764e-02
8.030179627297986261e-03
4.608022478126726391e-03
5.134702919110257190e-03
2.347996786692876242e-04
-8.979664085093563754e-04
-2.361958144488483617e-03
-5.161220412430615918e-03
-5.391422587240013442e-03
-7.175413142519769701e-03
-8.333259252031479866e-03
-6.292727709051810017e-03
-3.148969344875574873e-03
-4.553489050716704248e-03
-2.091876984511776682e-03
-1.672743274580269736e-03
-1.560284850947442391e-03
-1.184350549970454840e-03
4.546134584029174917e-04
1.881934368791774283e-03
3.534065342519872571e-03
9.185842725794167440e-03
9.994546352136927242e-03
1.557458965040444364e-02
1.592121101806308683e-02
1.572841160887294282e-02
1.816656779990665285e-02
1.759566473438009190e-02
1.883139717030865579e-02
1.970655673759422882e-02
1.981501512657545330e-02
2.144534904747259080e-02
2.154528646172319470e-02
2.287358650625404694e-02
2.448493522826013583e-02
2.426102608264306751e-02
2.789976148501449940e-02
2.788602179603626510e-02
2.782064185548262236e-02
2.952392281228118087e-02
2.735002766524710985e-02
2.726315845235159629e-02
2.663978980850572123e-02
2.150910297040607017e-02
2.031532408742622517e-02
1.605934893623617646e-02
1.160426096492418215e-02
1.078663538138244921e-02
6.294586504674059939e-03
4.479914494483430536e-03
2.959170190457561297e-03
8.251156699025474599e-04
1.315686907039314039e-03
2.437066300270085103e-04
7.576087496433021873e-04
1.856772752640616303e-03
2.277135449543046895e-03
5.522003585733604135e-03
5.784328547358188327e-03
5.972990601829118729e-03
6.314972047505787792e-03
6.555340551741058869e-03
6.063572563618403397e-03
4.543683997683254337e-03
3.648074892066163408e-03
4.050050708256413938e-03
2.318349854630039411e-03
4.389530257102233594e-03
4.974768179312986406e-03
6.638399796288606790e-03
9.892178627368197058e-03
9.376090839199342081e-03
1.236186740162239020e-02
1.278602734424029268e-02
1.300282001223070430e-02
1.450071969182720709e-02
1.424318176307546278e-02
1.466160569035603739e-02
1.533129820332659356e-02
1.488171897766726696e-02
1.518046954171578186e-02
1.550358733909898770e-02
1.430587035924884599e-02
1.464535298738708739e-02
1.288538948026191240e-02
6.213599003899744448e-03
3.692847585071615691e-03
-8.877199917954676145e-04
-3.179451061900847968e-03
-1.818430878792833645e-03
-4.895733645632232883e-05
1.583091068241938371e-03
5.968916445281762743e-04
1.664107739208636966e-03
1.454070951908520556e-03
1.115284460123135797e-03
1.514111533979045719e-03
1.222060716696583447e-03
9.632579545904539076e-04
1.487276591087814811e-03
2.791697458223877997e-04
-9.470694993680660312e-04
2.563061816471126544e-03
5.930739259304931453e-04
1.770634958551883581e-03
2.492453154238136962e-03
2.203719089102670805e-03
2.999379664710631523e-03
3.663124543916841062e-03
3.592998481560716242e-03
5.326399365881429211e-03
6.423249886075488822e-03
6.207778011117653406e-03
1.287384530111307726e-02
1.105173492501380222e-02
9.879707330285097608e-03
1.074675443541027453e-02
3.958767882377547086e-03
3.606767658121771362e-03
2.053174691776449550e-03
8.610900351984494990e-05
1.274344012530170432e-03
4.881498200983530014e-04
2.143463520485247749e-03
4.722861779229988767e-03
5.385016888737589880e-03
1.026293143132823299e-02
1.052016957253918902e-02
1.085337221838483107e-02
1.145351887629784439e-02
9.222201554080029437e-03
9.477391818800126599e-03
8.638954204340019635e-03
6.511114706148050761e-03
6.473499460585965815e-03
5.069105891461675277e-03
5.062817712472734294e-03
5.208374981246525863e-03
5.616085491400092319e-03
4.892089389193728100e-03
4.927418861158099940e-03
4.905259382702909648e-03
4.284785725350251373e-03
3.825162485078150831e-03
2.689027301122116475e-03
3.347380352095455716e-03
4.488512461346353538e-03
5.826004757390243483e-03
1.104623346918969136e-02
1.260305788094390721e-02
1.528240115663022543e-02
1.529440561247658557e-02
1.267388115597509538e-02
1.097099817539843800e-02
9.701269775992237693e-03
7.241202696048638400e-03
6.598156727154503264e-03
5.929575158859403360e-03
5.306000169410548910e-03
6.016605401708091660e-03
6.523487605703713436e-03
7.048789908029419633e-03
8.421405828639429506e-03
8.681179431822531531e-03
1.051280617138355446e-02
1.173359952487800298e-02
1.275275302742663076e-02
1.632262480534498253e-02
1.705349740880381798e-02
1.648488881003662421e-02
1.489089915298938763e-02
1.401221850214509450e-02
1.357704419665815149e-02
1.221593650631361098e-02
1.017920645752504356e-02
7.979582568785391003e-03
7.419709013706213274e-03
2.209138609770950126e-03
2.624952255688825856e-03
3.142609956419939975e-03
2.015819623695440203e-03
3.284102669640880188e-03
3.179033066931972931e-03
2.545896424997214687e-03
2.887094354219617385e-03
2.589187172660069140e-03
2.495382840668826201e-03
2.378253556797231896e-03
2.244023865000655243e-03
1.979582059449174446e-03
1.552495597428395907e-03
1.536927463066878894e-03
2.638034150106796931e-04
-1.640746842091180208e-04
-7.221383598304880955e-04
-5.256014166711522016e-03
-5.583762266206417947e-03
-4.091050286776202333e-03
-5.703247842341526222e-03
-3.976811421724821966e-03
-4.109578338996461126e-03
-3.866839995929080911e-03
2.758042414738832515e-04
6.357996048859865029e-04
-1.204698425078657066e-04
8.980040991633096064e-04
4.544638621557609568e-04
-6.154968082184565604e-04
-2.523388185927908376e-04
-1.350870079851693509e-03
-8.171573657972888314e-04
-3.704428074577285435e-05
-1.912778859930977136e-04
7.831734623151692925e-04
1.204685147088043612e-03
1.728837838002336355e-03
3.725841384580529016e-03
3.787812509080165386e-03
6.051549482176931880e-03
5.843566342840837875e-03
5.477597501832901471e-03
5.970652735875009269e-03
5.639871931945002366e-03
5.754240109551748625e-03
5.508173770788218730e-03
5.425129315855786727e-03
5.429791693199887900e-03
4.140509324146830587e-03
4.045992011597318583e-03
3.677122884667835632e-03
3.127799732859635074e-03
3.129152883253330346e-03
2.453974790633298673e-03
2.438833100038504450e-03
2.367168362121800651e-03
2.203864173436258234e-03
2.214815338825496058e-03
2.157910011463518365e-03
2.126810921416735257e-03
2.122958307099601701e-03
2.101627415570046266e-03
2.095939105987371879e-03
2.091621656867777724e-03
2.085075494756789827e-03
2.082851964968307663e-03
2.082505804486939859e-03
2.076816486753306056e-03
2.077774339624673550e-03
2.080247086196164701e-03
2.062546665219811264e-03
2.084515648893833090e-03
2.066634925426622405e-03
2.031502916358639277e-03
2.130785556364530025e-03
1.958861707371954523e-03
2.026448648232121764e-03
2.134014538417136446e-03
