-3.159305313874213872e-02
-3.016922135401057734e-02
-3.821742935761044541e-02
-4.231983912069361281e-02
-3.436914850416926404e-02
-3.654614791720148942e-02
-3.456516500139099335e-02
-3.285233581224367150e-02
-3.336687457700893145e-02
-3.216546145619369329e-02
-3.197298951614065132e-02
-3.184602777243914634e-02
-3.139770498413826938e-02
-3.136211683361499192e-02
-3.114863917039322611e-02
-3.095576076655502315e-02
-3.085723672967636763e-02
-3.056562990795163443e-02
-3.039107532642966111e-02
-3.008686374608455019e-02
-2.943722741126223938e-02
-2.875949369483479442e-02
-2.716375712074498364e-02
-2.634395207008737028e-02
-2.397152828456347237e-02
-2.219811627876096954e-02
-1.961691377203141073e-02
-1.399219339019235064e-02
-1.183453628365476427e-02
-2.059454471037290395e-03
8.970132261072216381e-03
1.945153919848018748e-02
4.869749366182716394e-02
6.547495009975662361e-02
1.056178693604670760e-01
1.167073604019245037e-01
1.634567583160819737e-01
1.755333226604934294e-01
1.856016891399784874e-01
2.045968088165648902e-01
2.073924164765825195e-01
2.121547248432971988e-01
2.177029000651206914e-01
2.151571046349433081e-01
2.172736916153049647e-01
2.183501705979340179e-01
2.129561998674568690e-01
2.150644779713009602e-01
2.111066982937088443e-01
1.976363499275900215e-01
1.955015524548530670e-01
1.690720931761676704e-01
1.534066666394892642e-01
1.422265501936781085e-01
9.043473801129385536e-02
7.380159763648044824e-02
4.281830711430011788e-02
-3.429425939070325502e-02
-7.129224859862547115e-02
-1.433721459800280373e-01
-1.855413884988213191e-01
-2.288572209098923282e-01
-2.524325155147866817e-01
-2.918202064906474380e-01
-3.361428925622928499e-01
-3.689051048021170232e-01
-3.989680688203902093e-01
-4.074035438326049641e-01
-4.123620731015193441e-01
-4.031054929343576565e-01
-3.770644200104337762e-01
-3.616442691882605920e-01
-3.488895008714713031e-01
-3.279840013243237040e-01
-3.181932624506412788e-01
-2.987792178204193849e-01
-2.864231053295928642e-01
-2.718475606948735357e-01
-2.564196786987423260e-01
-2.588802173049634114e-01
-2.464099632450445221e-01
-2.494598122251813488e-01
-2.582549546169120025e-01
-2.639579777057600718e-01
-2.794396591372359517e-01
-2.883565431631633369e-01
-3.030226954863609601e-01
-3.049818824644599524e-01
-3.179652893951519510e-01
-3.112649231492061186e-01
-2.609078385388802213e-01
-2.578186637060719266e-01
-1.833571543457354069e-01
-1.527045445991173922e-01
-1.534757031176035569e-01
-1.124686175512307068e-01
-1.133607982735544556e-01
-1.104370848900698976e-01
-9.029011382831604593e-02
-8.039512367390400094e-02
-6.999821465557998224e-02
-2.586554962492471424e-02
-1.585521999591604086e-02
1.168680916942598826e-02
2.848729437229409814e-02
2.065787292153633062e-02
6.896858072705221165e-02
4.880896536384681655e-02
4.066392513065036907e-02
-1.638904864933357977e-02
-6.698210228558905410e-02
-6.836130304377538436e-02
-1.006695277024649976e-01
-1.074353615146526331e-01
-1.021097723774197774e-01
-1.231257214396343780e-01
-1.070007579527159913e-01
-1.211969567210114396e-01
-1.194140278244963660e-01
-7.406280645191627710e-02
-8.445623501777765885e-02
-4.737256042965513197e-02
-4.494813731797488165e-02
-5.397452368566250241e-02
-4.048435845517493747e-02
-5.103379372893820237e-02
-4.536793956258633465e-02
-4.827048980791302790e-02
-4.769388893797775475e-02
-1.518509273985439202e-02
-2.071486751747749627e-02
4.646690774838564165e-03
1.135759590138790860e-02
-2.384337481325664310e-02
-5.581492120129614293e-02
-8.760967774691971743e-02
-1.662817880605464982e-01
-1.857164634907710887e-01
-1.953929428201121588e-01
-2.118995428349445265e-01
-2.124779634623339131e-01
-2.085310766055828990e-01
-2.133623105825546429e-01
-2.182097648802499845e-01
-2.195043813052357795e-01
-2.336923569150048119e-01
-2.370178072304343075e-01
-2.516643982885203856e-01
-2.735311941846362283e-01
-2.870885455388208496e-01
-3.024801047994277736e-01
-3.130610023551159138e-01
-3.235319946034924121e-01
-3.269806840547502813e-01
-3.110687273160175903e-01
-3.081819582230118093e-01
-2.708936454160603136e-01
-2.444514328539421910e-01
-2.013925407963203795e-01
-1.460175066022141865e-01
-1.274817777056110046e-01
-7.279804122752585316e-02
-5.811636690124001581e-02
-4.830338743870892654e-02
-1.893110184145513006e-02
-8.141008152137238496e-03
2.076803880562936699e-03
4.469634087886500268e-02
4.987423136612118696e-02
6.802216755988796382e-02
8.750640027132666754e-02
9.188971939620707574e-02
1.092165557452725450e-01
1.252815689938722998e-01
1.260604263909575473e-01
1.571044584403984423e-01
1.457392098410405235e-01
1.048310041099121542e-01
9.535696659581609225e-02
7.147027099416489171e-02
5.480442235334470613e-02
3.026588623779952365e-03
-1.911561049248095391e-03
-1.135712682489357743e-02
-2.385895808773446508e-02
-2.190538767071200862e-02
-3.879763039774766081e-02
-1.634687495374348778e-02
-1.303923235310709521e-02
-2.419364929618896681e-02
2.725365892162249712e-02
-7.719309538268602153e-03
-8.495358401187096120e-02
-1.083795193536519624e-01
-2.102965036848229718e-01
-2.521391105945683386e-01
-2.640858674278668272e-01
-3.075931124715897691e-01
-2.890942158190057398e-01
-2.784251992653877239e-01
-2.623503130435955732e-01
-2.382333677338035471e-01
-2.202827963676728673e-01
-1.978445627060821110e-01
-1.901795509307668830e-01
-1.762786118658819789e-01
-1.638990158337853831e-01
-1.605662757935202856e-01
-1.508938194045250925e-01
-1.514296101836553610e-01
-1.470580386256747363e-01
-1.456866178389964461e-01
-1.474445554157367555e-01
-1.455728476650436920e-01
-1.505361615164471645e-01
-1.515124794047670587e-01
-1.569383065222573204e-01
-1.644204774326449570e-01
-1.693648494002188420e-01
-1.851643914325945828e-01
-1.964014916971192071e-01
-2.172489837170390181e-01
-2.352615306485133229e-01
-2.516346754457813306e-01
-2.698893665114115992e-01
-2.886950065358735995e-01
-3.028203167572478538e-01
-2.963800114680436026e-01
-2.519362393338628325e-01
-2.478431518654479471e-01
-1.281547470479338646e-01
-1.145914653560642649e-01
-9.987945327096973969e-02
-5.106520140226285948e-02
-4.509580508168480745e-02
-2.400161387350039505e-02
2.079140041523902093e-03
2.884910556246619157e-02
7.082427887115053111e-02
1.124531325859125519e-01
1.507245917343312258e-01
2.072704158483544001e-01
2.145585459221015789e-01
2.404332317019331755e-01
2.388798330877760223e-01
2.386393094840725815e-01
2.402787804724505483e-01
2.337375385175508580e-01
2.152199268548367073e-01
2.086762549470313199e-01
1.983992261822597747e-01
1.786230479256888659e-01
1.731147849765516666e-01
1.504222790437647894e-01
1.277997935503716598e-01
1.217592213103696475e-01
7.252627304266114072e-02
6.712090235205761535e-02
4.927377423965880604e-02
2.681829868020455671e-02
2.540963013460022235e-02
4.752877496083732223e-03
-6.439361909953325580e-03
-7.730986781804523485e-03
-4.215038613902336029e-02
-3.635480896492411518e-02
-5.974499224077823439e-02
-1.253669302251783357e-01
-1.377902145720716898e-01
-2.028524747722396659e-01
-2.104147069605248888e-01
-2.147892780614000241e-01
-2.307153336621335926e-01
-2.182793737788563393e-01
-2.246649996559055562e-01
-2.156373715288023019e-01
-1.909234578966323981e-01
-1.291391693963665210e-01
-5.409502745014037328e-02
-4.622950223313940926e-02
7.652490910251731268e-03
8.573169120115789119e-03
1.445328315567120936e-02
3.874459361238228455e-02
1.283320082569795913e-02
2.488711050393871069e-02
1.875675196135217007e-02
-9.949572580484882661e-04
5.784067651026629248e-04
-6.033548889788632047e-02
-6.016433436959193332e-02
-5.609467712145543156e-02
-8.969183520708393087e-02
-8.113673411458989515e-02
-1.358813986287246423e-01
-2.044942084429315909e-01
-2.626926768133553414e-01
-2.996158974244952922e-01
-3.335339522833051795e-01
-3.527072905454516349e-01
-3.776586821973715868e-01
-3.904381916595364155e-01
-4.084291923701219851e-01
-4.196135347231269574e-01
-4.208193963195746012e-01
-4.280886814795800688e-01
-4.307107771829161713e-01
-4.308690918159154837e-01
-4.384628311904062437e-01
-4.349642147155549088e-01
-4.390110059702136969e-01
-4.404151201437087604e-01
-4.215784789136891031e-01
-4.212139845513510616e-01
-4.000921042657800686e-01
-3.744969823341411375e-01
-3.492371994340205399e-01
-2.960292858374158342e-01
-2.628421930907755555e-01
-2.133021485036969978e-01
-1.242600328240868746e-01
-9.302833793307532795e-02
-7.716759456052374455e-02
-3.864045230604659653e-02
1.234038224542425904e-03
2.417677943345275873e-02
8.633467527621344062e-02
1.165652298236224960e-01
1.215312036539175911e-01
1.031147789883585381e-01
8.571089114443049273e-02
4.649284761113939290e-02
-5.435016183998795346e-03
-2.493464252498483677e-02
-6.107400777912216222e-02
-7.050037837973176236e-02
-8.206775991521762792e-02
-7.360425187777948353e-02
-5.207933522544688776e-02
-3.886394767029256042e-02
8.358464210291172841e-03
1.850089745461442475e-02
3.316487623454414391e-02
4.138551141369427311e-02
3.970987152100191597e-02
4.681240347775700306e-02
4.430738401643693342e-02
4.384403420870215673e-02
4.250106004225807227e-02
3.515524080870312262e-02
3.405782631542605965e-02
2.136565054903117808e-02
1.534743963562066986e-02
4.384689637835742330e-03
-2.073081646618350933e-03
-5.417144524685949675e-03
-1.773557262994512190e-02
-1.127721962410122535e-02
-2.351800095079260508e-02
-5.240453870185679541e-02
-6.336308572223620095e-02
-8.918227013466091535e-02
-8.949730615506791553e-02
-9.876134565098929063e-02
-9.371243195185724462e-02
-8.014893808160246380e-02
-7.991040806973394306e-02
-6.748171505892858191e-02
-6.868730222524664641e-02
-7.626999243179270749e-02
-7.383223055884656494e-02
-8.671716274739522945e-02
-8.744882890240623929e-02
-6.550371270258725787e-02
-4.427017976116884995e-02
-2.699723469095883371e-02
-3.274166212648866627e-03
-4.876854364257924949e-03
4.807570342284146064e-03
-8.036541782389907546e-03
-6.906723689771092356e-02
-7.623061146755009954e-02
-1.421155546430733774e-01
-2.100706844056524913e-01
-2.280553847177374527e-01
-2.892237101992316539e-01
-3.005498591079776571e-01
-3.043938742334162950e-01
-3.143863611144330217e-01
-3.110035779133571987e-01
-3.148925573560382718e-01
-3.179253130250292991e-01
-3.147208030166390724e-01
-3.202704500931357612e-01
-3.192923496814787376e-01
-3.185224573434030648e-01
-3.235014915495615373e-01
-3.177183135081123599e-01
-3.174053442498456779e-01
-3.089189406961341811e-01
-2.945939689936342143e-01
-2.864741538276644461e-01
-2.625345888522814808e-01
-2.053776081193008363e-01
-1.609683824138494757e-01
-1.144081396878955936e-01
-4.036605985990140283e-02
1.000274519389307212e-02
7.725993373782277795e-02
1.471243191455859078e-01
1.657558435260603202e-01
1.985455943662471079e-01
2.191456760995944553e-01
2.299491257509719833e-01
2.388134642391720186e-01
2.411962514611997455e-01
2.464489819369048706e-01
2.502154333801234753e-01
2.522208795022178318e-01
2.555053869775114062e-01
2.592260417929470040e-01
2.596267209208886761e-01
2.653162530542339526e-01
2.689495343318547560e-01
2.678192455712821163e-01
2.829999837447677580e-01
2.726530267827135257e-01
2.754415818494879153e-01
2.602154623574473580e-01
2.471468687842156009e-01
2.427161305405492742e-01
1.833803626294597533e-01
1.756969186072172284e-01
1.378128564418609203e-01
1.074170008958966055e-01
8.792232481070787198e-02
6.151563138626437582e-02
2.854862514536619239e-02
1.753173521873481119e-02
-1.485514103054063999e-02
-1.892578400033860173e-02
-1.881589535809427560e-02
-2.923749367434342467e-02
-2.713303384099522916e-02
-2.942834268588143468e-02
-3.092958379589580073e-02
-3.009223643000075513e-02
-2.821508576961173978e-02
-2.799727654917119266e-02
-2.507237894976296205e-02
-1.756183607063197677e-02
-2.183807202215353252e-02
-1.330956324468768846e-02
8.510569107417860144e-03
1.839735244173356862e-02
4.770981213951931699e-02
5.629717784255737489e-02
8.570022463244553190e-02
9.401104330774881501e-02
9.865287833999922262e-02
1.112329467614849993e-01
1.138249072871099360e-01
1.195348323082711939e-01
1.251355678942833449e-01
1.281549447152808829e-01
1.323993457313254185e-01
1.374929663078580389e-01
1.408212170807455754e-01
1.457560149714835773e-01
1.541776297316747590e-01
1.560953376452276775e-01
1.675891727118914987e-01
1.694207962052531047e-01
1.701612668985424404e-01
1.732055070117635986e-01
1.755790124010887243e-01
1.728175345480877367e-01
1.711781666288322568e-01
1.583156076643678078e-01
1.492995280070391617e-01
1.332237832860551086e-01
1.106069523882123318e-01
1.038722252888947262e-01
5.328812455971124878e-02
4.655984434254081122e-02
2.887512775132760126e-02
1.346655929208315922e-02
-1.131104146886893888e-03
-8.041321986988057835e-03
-1.339821596922660327e-02
-1.856515174195791720e-02
-2.110560740676224734e-02
-2.365834749364213729e-02
-2.546989849940050135e-02
-2.658481240670152596e-02
-2.765253115274499823e-02
-2.830847274018052223e-02
-2.881064625825713668e-02
-2.921793184820696554e-02
-2.947303641606778199e-02
-2.968190880518870034e-02
-2.982037210684590836e-02
-2.992346789704465257e-02
-2.997658139321573642e-02
-3.000461464709900869e-02
-3.003670010094516840e-02
-2.995064792076007620e-02
-2.996177936620230201e-02
-2.987232145069485673e-02
-2.958998566901868688e-02
-2.972740791129337840e-02
-2.911236736032427400e-02
-2.878185940281539207e-02
-2.905581834972176258e-02
-2.670959384123329158e-02
-2.770973020949182158e-02
-2.617346187369300539e-02
-2.005181016642095318e-02
-2.147884139064010905e-02
