8.628400963694170950e-03
8.906147091720266473e-03
2.516562788076809939e-03
1.086008425208860595e-03
8.963998781861466994e-03
6.821704169307761002e-03
6.647506961941163084e-03
8.026502401159344921e-03
7.102888407852458313e-03
7.482843094933622902e-03
7.578303450477596841e-03
7.389992750438192232e-03
7.523887940173802462e-03
7.490551501937350865e-03
7.439378963224339662e-03
7.422540343001736429e-03
7.451170014784396813e-03
7.222774487760961343e-03
7.250937359729365053e-03
7.227337556753142198e-03
6.350017994868566336e-03
6.240929313868336797e-03
6.372493871633231645e-03
6.024697961798373448e-03
6.190730793706152209e-03
6.689350925878362851e-03
5.981738057307951252e-03
7.461039753429962555e-03
7.876710925602990396e-03
6.339238744084024074e-03
1.362750716302275900e-02
1.095406641490644269e-02
4.463436269176256467e-04
-2.465963761951195550e-03
-1.113391676862051684e-02
-1.382833351309691733e-02
-2.607354306705184782e-02
-2.672995777412960280e-02
-2.613160471397253659e-02
-2.880083642790647047e-02
-2.813814450090047423e-02
-2.813519982008384768e-02
-2.893284413382016598e-02
-2.945335655491746613e-02
-3.054488939964903477e-02
-3.031171906552770218e-02
-3.327217836750397117e-02
-3.393437646853789819e-02
-3.421348898465362276e-02
-4.450686826611106872e-02
-4.419766989618415659e-02
-4.531267707760620184e-02
-5.015792444830879937e-02
-4.421736016282467457e-02
-4.875383799899289661e-02
-3.674557714049181412e-02
-4.671193447636642210e-02
-8.637465869716066946e-02
-1.108608952998828556e-01
-2.168402738067851665e-01
-2.843215608423029783e-01
-2.825144074799320615e-01
-3.283627309563947327e-01
-3.068543612897972617e-01
-2.369697595459813177e-01
-2.361761558401632155e-01
-2.515542955122399005e-01
-2.448158209767920535e-01
-2.755755789840255154e-01
-2.788421557898006498e-01
-2.840482456325652549e-01
-2.931342302240155795e-01
-2.811453916706452838e-01
-2.843259437922641131e-01
-2.807586841141966882e-01
-2.690175815908713575e-01
-2.749007496868831613e-01
-2.695676352382465613e-01
-2.732390004840671849e-01
-2.926609011689196849e-01
-2.957400847371229324e-01
-3.122092323469131125e-01
-3.254205358318897900e-01
-3.294403281418241680e-01
-3.167891368683400932e-01
-3.151360702063646380e-01
-3.014535974497974946e-01
-2.869946729084726367e-01
-2.748049443561314531e-01
-2.505045129644900004e-01
-2.545669205849414585e-01
-2.394131974332484869e-01
-2.202822502451096121e-01
-2.219817540627670172e-01
-1.601416170338854639e-01
-1.456920257576868882e-01
-1.201615957837680188e-01
-3.541400307558316418e-02
-2.142350653130237551e-02
-8.916905995064765972e-03
2.078873966472078241e-02
1.208819230802983882e-02
-1.730908896152570306e-02
-1.881267406863746869e-02
-3.472221696168789618e-02
-4.613364990814616817e-02
-4.663129778614140408e-02
-9.993643063828920592e-02
-1.253823117948497379e-01
-2.108810535085135773e-01
-2.958290119612553282e-01
-2.976625520184515428e-01
-2.995030196686979673e-01
-2.869649610827101349e-01
-2.631898842569102004e-01
-2.393365436587593098e-01
-2.054500440316976428e-01
-1.748547747883016090e-01
-1.478902927765151087e-01
-1.016240809706839415e-01
-3.553375231220172459e-02
2.281367156821818842e-03
1.077311165799286694e-02
2.397300652459444237e-02
2.691065044505133036e-02
2.661299036939171123e-02
9.521679407570773912e-03
6.070198853030509684e-03
-9.499705974313427462e-03
-1.431362509420452261e-02
-1.284538400617909158e-02
-1.003986537156259171e-02
-5.186382600401540999e-04
4.144302422341154986e-03
1.710047042945910672e-02
1.149495104814685954e-02
3.934767090116222943e-02
3.966171393605969625e-02
2.285005310690065711e-02
4.253912556311214427e-02
-1.845341747601883303e-03
2.506232643447537170e-02
7.331585920870534179e-02
5.857498736678577733e-02
1.131908342160495712e-01
1.100732170582400388e-01
4.252522958696455108e-02
3.411415137104530093e-02
-2.320113511267539452e-02
-8.611565024954864755e-02
-1.016074092440922005e-01
-1.406693331274065373e-01
-1.510921765629623104e-01
-1.476572711496711432e-01
-1.552605468212101270e-01
-1.574607955041279483e-01
-1.593588443485064454e-01
-1.678673916220883855e-01
-1.699644161352431571e-01
-1.808941232162176449e-01
-1.863707301426710261e-01
-1.960643820762162093e-01
-2.055565423111407053e-01
-2.127264701897934041e-01
-2.269364507743898973e-01
-2.183052035226521470e-01
-2.288770385111899286e-01
-2.229392404863805577e-01
-2.135038588002344806e-01
-2.306676211349832084e-01
-2.196851782369382833e-01
-2.341213251746425139e-01
-2.443517363546675036e-01
-2.388574233805558500e-01
-2.450429522736057575e-01
-2.354971110858844197e-01
-2.204404137615367243e-01
-2.004736218397911163e-01
-1.621999627031524283e-01
-1.287113474850377914e-01
-1.019236029532754884e-01
-5.044820986093104948e-02
-3.795849947021039117e-02
1.541633078960009040e-03
6.505394559166721019e-03
1.007100432811908891e-02
2.260510802983075121e-02
2.519541616365817208e-02
4.232184017188020397e-02
5.562777238690641557e-02
5.261925701173180564e-02
5.372042530885304951e-02
4.674710439274890050e-02
3.049993461423106123e-02
3.204599251574684338e-02
1.408760177436687612e-02
1.989893337678133589e-02
1.396198795620804366e-02
-1.261899186525103009e-02
-1.888082306310622308e-02
-4.878120438876749204e-02
-4.551222138975176412e-02
-3.099894106156355841e-02
-3.317111305772518781e-02
-3.462887893636978215e-02
-4.324718375554550964e-02
-5.056380193243587007e-02
-6.359047189320950200e-02
-7.520009606083936926e-02
-9.360258432248125260e-02
-9.632794523367961548e-02
-1.039466476687389423e-01
-1.105505795132281227e-01
-1.226467132848062247e-01
-1.141338781925892720e-01
-1.401122640176291900e-01
-1.285988820631216445e-01
-1.328473745405049644e-01
-1.189132071313110939e-01
-8.375254694071394834e-02
-7.454410428516743126e-02
-6.120124728066399927e-02
-5.194321544808840757e-02
-3.702753546824191083e-02
-3.671712243010374216e-02
-3.547217263973908435e-02
-3.093764818087364407e-02
-3.114166912504535631e-02
-3.167226079264218869e-02
-2.715164053647884171e-02
-3.099994506995220819e-02
-3.368893218783591825e-02
-3.866509816159432317e-02
-4.086619830234172052e-02
-2.356485012059144138e-02
-2.635667207381984026e-02
-2.123014444029536207e-02
-1.555445544946075856e-02
-3.128335771987707931e-02
-2.599292940575128122e-02
-2.931653850479660345e-02
-3.648478271670479306e-02
-2.082573736151387134e-02
-4.014512134767645596e-02
-3.518648285094782419e-02
-4.032291327009546872e-02
-1.433554323888768522e-01
-1.413700765270541337e-01
-2.191456270526510597e-01
-3.015940740571149692e-01
-2.881308284930791386e-01
-2.860187197196444320e-01
-2.693899253093466895e-01
-2.308504517564334002e-01
-2.019047949991370217e-01
-1.562894060620994841e-01
-1.026299900851393165e-01
-7.451124845682709219e-02
-4.026130426328287243e-02
-1.616991281001290900e-02
4.388315861180838717e-03
9.961688058515766678e-03
3.557473562637682163e-02
2.637164281533121296e-02
3.754316752798306928e-02
4.529386223447184889e-02
-2.682848280649821789e-03
7.450442845850247311e-03
-6.069585968667173120e-02
-1.388022900888910560e-01
-1.505574229260207841e-01
-2.437515014075338216e-01
-2.831604344310820198e-01
-2.860605191728782803e-01
-3.063739033733159367e-01
-2.847568388937235517e-01
-2.248177700741860463e-01
-2.131208789488575339e-01
-2.365677251991129826e-01
-2.327252370870036557e-01
-2.606858163539914064e-01
-2.828761601960071426e-01
-3.103061243577981965e-01
-3.223828399569626524e-01
-3.390184711964986386e-01
-3.458752496867998349e-01
-3.525517249595941927e-01
-3.589103727488727191e-01
-3.613668063375827244e-01
-3.646445021877962600e-01
-3.611740104907872895e-01
-3.587571215823829318e-01
-3.524685864810622182e-01
-3.451727853399883528e-01
-3.408094170979728554e-01
-3.325867516221195364e-01
-3.242588480081762259e-01
-3.205270477363025838e-01
-3.070749669051480724e-01
-3.002277632150900932e-01
-2.914030174717067156e-01
-2.696611851599405862e-01
-2.610889441169734759e-01
-2.371345963295005133e-01
-2.176853083623940255e-01
-2.071178231113696422e-01
-1.742057036069617759e-01
-1.592949720460740126e-01
-1.422934999334060924e-01
-9.925554432778789515e-02
-8.221642893846084488e-02
-7.627878066216489672e-02
-6.007069198530996801e-02
-6.325532920945829696e-02
-6.142438603540357339e-02
-5.667777070499076253e-02
-5.917365252170368739e-02
-5.233189815369040238e-02
-5.231981589677368871e-02
-5.210340212437469115e-02
-4.577708110700409727e-02
-4.790239732782024251e-02
-4.277929711665778845e-02
-2.413533148322918528e-02
-2.060886689637915492e-02
-4.214367260450878859e-03
5.188755169139309086e-03
1.504647021163980393e-02
2.683382126102762735e-02
3.696199561772207237e-02
4.102385870399506695e-02
3.564065732616046589e-02
6.019543939746199723e-02
5.392535636682144889e-02
2.317858731146625953e-02
8.184357123953031610e-03
-2.520858573251715321e-02
-3.753945793433225570e-02
-9.222090310542503666e-02
-1.063534128277130730e-01
-1.223132037508322251e-01
-1.363888440148289249e-01
-1.502808751625558659e-01
-1.531790121791177239e-01
-1.603346957949854656e-01
-1.953737848441059188e-01
-1.909674489041026935e-01
-1.890546909086714134e-01
-1.877600442391335056e-01
-1.616946513837849708e-01
-1.547137698205458267e-01
-1.476021050075468077e-01
-1.310955472070306216e-01
-1.290279387156942903e-01
-1.201296523389792509e-01
-1.096324724228527198e-01
-1.063166144598778617e-01
-9.656294967798026430e-02
-8.507817446101177683e-02
-8.083023327845799411e-02
-6.992240989324875755e-02
-6.366282926125359232e-02
-5.974078140012534927e-02
-5.016920770930279050e-02
-4.940699501089711176e-02
-4.452241664398141896e-02
-3.990348336490704556e-02
-4.426017098687676232e-02
-4.076627505117114830e-02
-5.092565221459063873e-02
-5.699655330874878884e-02
-5.729573150411232385e-02
-7.171214980747134260e-02
-7.037690723745394783e-02
-4.850035682788015473e-02
-4.715672932152476654e-02
-2.006475504267564436e-02
-1.262419900886483856e-02
1.249553522252283035e-02
1.551938041616367225e-02
9.658913581060588407e-03
1.722978408693530070e-02
1.523125969406065143e-02
1.558085260364083791e-02
1.766655579235112614e-02
1.684259032054172961e-02
1.795178417315448222e-02
1.990927482415885338e-02
1.846339535657233119e-02
2.332736946070950584e-02
2.611490291803065730e-02
2.891305570313656981e-02
5.253532802154065734e-02
5.226614336693338747e-02
4.144649022130042493e-02
4.516344142282585628e-02
3.228158875790407278e-02
2.590604313963837738e-02
4.346706053408466719e-02
3.611613475821641439e-02
4.085941433738245199e-02
4.422252329450255398e-02
4.201833407985604979e-02
4.413711777545049897e-02
4.477341638018150077e-02
4.326662502903999563e-02
4.295657381767948452e-02
4.485911355665184175e-02
3.824929146555075543e-02
4.197534684137491784e-02
4.249521259936826084e-02
3.858978457483984437e-02
3.649178898043207997e-02
5.061353517612316062e-03
3.907643454763101015e-03
-1.332126567674429916e-03
-9.525150238435250299e-03
-7.829354273913739087e-03
-1.164040747885185766e-02
-1.027224557866458082e-02
-8.237031655000183125e-03
-9.372232915543956058e-03
1.875742971145251577e-03
1.727251200459491414e-03
2.884760668028259548e-03
5.709732874845597356e-03
5.367586123398679007e-03
5.814820651367185074e-03
6.152159565054769394e-03
6.040883012767017841e-03
3.625990121407406206e-03
3.568221267560402546e-03
3.389900233529004239e-03
2.843022313256907564e-03
2.895540685126151391e-03
2.723788102056056305e-03
2.620098912642710495e-03
2.616198613180679977e-03
2.548699474702894371e-03
2.532217733874581999e-03
2.521481680001658177e-03
2.503644143107287053e-03
2.499502809826654754e-03
2.503187955612599935e-03
2.496062638886846919e-03
2.502004206182121236e-03
2.531834095750191364e-03
2.500868073704308123e-03
2.574812721807655854e-03
2.612783177000697118e-03
2.522393322593362557e-03
2.897601959930419958e-03
2.675444704129906637e-03
2.780562207336128178e-03
3.919472886875437039e-03
2.358916856487045747e-03
4.624030530530872166e-03
6.104829421111645539e-03
4.868533728503927731e-03
