-9.512398399954641271e-04
-1.089996850939056175e-03
-2.621900303339599458e-03
-2.695245442737866093e-03
-3.504794261921805303e-03
-3.714445007425360486e-03
-3.574415875429256487e-03
-3.833914032647611075e-03
-3.808827580482252416e-03
-3.830308359798496702e-03
-3.889062880038688177e-03
-3.875017483952131105e-03
-3.886658876739563194e-03
-3.895342086875089576e-03
-3.882688415000592943e-03
-3.860448822764575919e-03
-3.874081345377919112e-03
-3.799154745673820766e-03
-3.760119824260032325e-03
-3.787803825332103618e-03
-3.445447958256615036e-03
-3.474297012272660641e-03
-3.367345098583734812e-03
-3.314472859634173037e-03
-3.362450300280188202e-03
-3.335229405176220151e-03
-3.430914424878590396e-03
-3.553882429303970372e-03
-3.589214402276177940e-03
-4.018046956766043072e-03
-4.048076253626955653e-03
-3.492447604281775312e-03
-4.848944163836622218e-03
-4.031061193429020043e-03
-3.235166922292541641e-03
-3.547266664401713208e-03
-6.590106388878994199e-04
-1.223298549936637511e-03
-6.417142726700554144e-04
-6.908770728955950565e-05
-1.401185632047068053e-04
2.097119632186759258e-03
2.308773176785459610e-03
2.333504963911280788e-03
2.875138012818724987e-03
2.740385884722203614e-03
2.732718194516617523e-03
2.555042970579061122e-03
2.401667619812274980e-03
1.814986963503377113e-03
1.844004835793030053e-03
3.359646575763411327e-03
4.101128250958592340e-03
4.671247090922508137e-03
7.866803903260770336e-03
8.752850100219262963e-03
5.645949517382162219e-03
8.636770281965498036e-03
8.148140307430761300e-03
4.123168529281418145e-03
5.500321539131494512e-03
5.666229714046728920e-03
5.227801670572044743e-03
5.598409290365652900e-03
2.224408934899447556e-03
2.807138530377985709e-03
3.745404686077976469e-03
3.551218280852794229e-03
4.402225470901182693e-03
4.334022306702716050e-03
4.378094928662985830e-03
4.247109985203043059e-03
3.822747836904785094e-03
3.782634501176008242e-03
3.371489092610886491e-03
3.001015775529351347e-03
2.849750401324721572e-03
2.028812888496678204e-03
1.672932738449824748e-03
2.181635934715950818e-03
1.470287502875076242e-03
1.947836310989135367e-03
2.587315540066205052e-03
3.277575064116352004e-03
3.947258543204561557e-03
4.702189470631199658e-03
5.876815935393692701e-03
5.861644361624048470e-03
7.562756083940690675e-03
6.771837823340741240e-03
5.140689177617097615e-03
5.307174201350474060e-03
1.570410677903252361e-03
1.200748681331591803e-03
3.427918628774290189e-04
-8.987032653773038360e-04
-9.926254538404422414e-04
-3.574222727029578196e-03
-2.903791884783707856e-03
-2.632891312986731201e-03
-2.281366439948783950e-03
1.894205611855212480e-03
2.626099251952041923e-03
1.592108595467028832e-03
3.518805288741324970e-03
3.134011995611785638e-03
3.801560468262847603e-03
4.052870585361328069e-03
2.037388884172562208e-03
2.680439298787865715e-03
4.994203064494317015e-03
3.635144321822270964e-03
2.476238552964938125e-03
2.058935534105067050e-03
9.504607885013878574e-04
4.424375269797356795e-04
-1.974053515674520419e-04
-1.152569906200241029e-04
2.350996780603778989e-04
-2.823117955443452641e-03
-4.888822443862668975e-03
-6.892467497571307285e-03
-6.613664174609628840e-03
-4.970366918476906010e-03
-3.696032720870739106e-03
-2.062374336584636095e-03
1.987346453015112046e-03
2.986966967570328733e-03
5.086821624673676552e-03
6.371792265566073726e-03
8.530230284477319930e-03
8.950753739129808234e-03
8.188064144370650957e-03
8.551578050635222361e-03
8.264682021801150053e-03
7.890795747868759036e-03
7.130608041850164044e-03
7.167509876629275974e-03
5.150669895540989536e-03
3.580354163156188214e-03
7.093294316443924871e-03
5.471784989248130830e-03
-2.627149004040818457e-05
5.987595977271339878e-04
-2.936133761262190063e-03
-3.363270517937853865e-03
-7.739439905678662576e-04
-7.919796729891928578e-04
1.659000654855322847e-03
4.047338804313765914e-03
5.202096857517565440e-03
8.420695467050445804e-03
9.813954687939673710e-03
1.387310288852969600e-02
1.713963555509042530e-02
1.671802562435676515e-02
2.055202633035117105e-02
2.257191878002959284e-02
2.207431014913104755e-02
2.823388084526820552e-02
2.543468864184094888e-02
2.577999683122409250e-02
2.672867800429012258e-02
1.922193685102714655e-02
1.937477779332453381e-02
1.466739784264560302e-02
1.045150271199470939e-02
9.177829676348373336e-03
7.041809383285071652e-03
8.147406380011313481e-03
7.900653261105530095e-03
7.663512718358956449e-03
8.508905239927111799e-03
7.261546285221631702e-03
7.045883165926575611e-03
5.332781308849977690e-03
3.238736868471337252e-03
1.569054083732025501e-03
-1.227265550351355587e-04
-2.127375759331952927e-04
-2.674306447808257156e-04
-1.525712564082057571e-03
-1.522007849874296940e-03
-4.465856746852424342e-03
-5.076381056519445843e-03
-3.938906775834366200e-03
-5.287741429641047014e-03
-4.715177288785084471e-03
-1.709287386953616374e-03
-1.575158663346847346e-04
9.719381198841371130e-04
3.033023579669003045e-03
3.302111570565275083e-03
3.774239297279481826e-03
4.557018017029916893e-03
6.196040036299578675e-03
6.245472242396088620e-03
6.755361170588287077e-03
5.540928297753757066e-03
4.759960338591647487e-03
8.548748402602527816e-03
7.022513338570119182e-03
3.986109019284308358e-03
4.293884659816349543e-03
3.688733070939153019e-03
3.165325840274002371e-03
3.631951034883756924e-03
4.739926740156353083e-03
6.028378816034091030e-03
8.517741392557717783e-03
7.257685883889569874e-03
8.357347373532858503e-03
1.006324207896309650e-02
8.875822689718126587e-03
6.620876065886585615e-03
8.298013610027349732e-03
2.978531968627002365e-03
1.524750153624305615e-03
2.679581221294838680e-03
5.445942064675376440e-04
1.982639609783553528e-03
2.197035720349956294e-03
1.869317976393960372e-03
3.302780402083332293e-03
2.630669683515791685e-03
2.399330933157099201e-03
2.579289079358623206e-03
2.104095525838654140e-03
2.141518712323625239e-03
1.794346031701058927e-03
1.499086798065668623e-03
1.714073487904482860e-03
2.531429209154754684e-03
3.776134043171888808e-03
6.253901669338592442e-03
6.131471900740359353e-03
4.560424739048617865e-03
5.098231591234880442e-03
2.621076276810254801e-03
2.616027434982207307e-03
3.284648086915156317e-03
2.616124467424029657e-03
3.346470427851580814e-03
2.976415065325250901e-03
3.393751279417329091e-03
3.340373874943316796e-03
1.068732424210033609e-03
7.286238659286488470e-04
2.474517681583908533e-03
3.635814460735878502e-03
3.141260915560276784e-03
1.445866445040686890e-03
8.936299918911703869e-04
-3.688162284379466736e-04
-1.492868003555216944e-03
-2.354968208422174736e-03
-3.550670121041257007e-03
-3.241179011080224694e-03
-5.117668592279098726e-03
-4.454724912951434253e-03
-5.669722313472421067e-03
-5.338812787804832725e-03
-1.731935076878902968e-03
-1.412964874257264950e-03
1.040629639613138441e-03
2.004332835060958044e-03
3.190187007694745159e-03
4.087426572845704806e-03
3.065690853729395159e-03
4.285957566283684836e-03
3.991371082795016137e-03
4.594300830172754271e-03
6.308391530720407724e-03
6.055015541884846419e-03
5.869162424943606161e-03
5.351983133518979988e-03
3.163312189232552526e-03
3.448394568558912215e-03
4.169525650441655712e-03
5.814738393080548864e-03
4.619860358986924327e-03
5.662853461502631927e-03
4.065825456423239823e-03
3.850832558440067405e-03
6.544350750795496947e-03
5.084130266953952072e-03
6.362263938196710371e-03
5.487792977801830840e-03
3.719709012018145456e-03
4.169327425088830905e-03
-6.317147459907689576e-04
-1.004528733320861258e-03
-2.088841839140101291e-03
-3.770265118031708614e-03
-3.611774824172926841e-03
-4.508885173389032969e-03
-4.451835901036518307e-03
-4.585517069307952498e-03
-4.338139562368568784e-03
-3.682256455700534236e-03
-3.756042607543447643e-03
-1.563132956850869868e-03
-1.116731852599783022e-03
-1.168428213585135690e-03
-1.815596057479165358e-04
-6.428950436757269789e-04
-1.776847871268485545e-03
-1.999156251116736109e-03
-2.065551584248248845e-03
-3.466124096714145162e-04
8.899388238396678747e-04
6.601360735911512628e-04
2.550982613630065413e-03
2.304536184891044139e-03
2.295381677886912820e-03
2.743067181935406919e-03
2.458760554887156561e-03
2.162234960912696926e-03
2.483077930408777133e-03
1.672144325468708599e-03
2.298864361054009462e-03
4.160581621152056007e-03
3.774498720072868348e-03
6.864160543174680808e-03
7.132143626048482662e-03
3.689798162272010709e-03
5.261554202590267362e-03
2.433381412488664405e-03
7.100373176697576377e-04
2.534378973764296952e-03
-5.941128022557279342e-03
-6.215767079553377421e-03
3.093569257328690481e-03
2.069864055956361325e-03
2.847102874510403989e-03
3.484320265864214710e-03
8.966011900513188833e-04
1.537345117141020699e-03
-3.216236882234604737e-04
-6.508514894720811728e-04
3.175631607878793574e-04
-8.401596830824917652e-04
4.552343964293411216e-04
-4.633713209533045344e-04
-4.615417463547770178e-04
3.118614187848688882e-03
2.746365219139322317e-03
3.687487878607562716e-03
4.262336099526193960e-03
2.308217508303561562e-03
2.623915799568831385e-03
2.614738654375103281e-03
1.935138888967362705e-03
2.694294807267527854e-03
2.449174960892801234e-03
2.732930724411100718e-03
3.480822434283595800e-03
3.349100136016147818e-03
4.170770832991841162e-03
3.901093057267851927e-03
4.046940733238803614e-03
4.059846313712268603e-03
3.676333437998092601e-03
3.885303827718199210e-03
3.076699292645824688e-03
3.091833272408346742e-03
2.481438910669763864e-03
1.107197100028753812e-03
1.032245568061173182e-03
-8.045256443835981834e-04
4.868671749469558876e-04
-6.649358570949234250e-04
4.570147215052505226e-05
-8.366826715652586066e-06
-1.897132564902014647e-03
-1.939266565025575843e-03
-3.516874009284080577e-03
-3.977667634997279419e-03
-5.916668340832026592e-03
-6.071159283689194983e-03
-5.839018492752198926e-03
-6.341824242372189405e-03
-6.250668674793304590e-03
-6.402642929954075607e-03
-6.336765082825752612e-03
-6.536901097630704212e-03
-6.617934848968165529e-03
-6.073448895478854651e-03
-7.435299790478432959e-03
-6.074430785788060942e-03
-5.506131980381851268e-03
-4.812884687084242712e-03
1.906190881960163203e-03
2.508068723968271633e-03
4.404506359239940619e-03
6.554965723489227132e-03
5.763130871404171900e-03
6.010450072921054258e-03
5.055762324704275723e-03
4.827830240223516395e-03
4.653780476891709872e-03
4.307826375083988885e-03
4.178917236915247711e-03
4.026467849085883788e-03
3.843388793803541228e-03
3.557768484443827716e-03
3.545751266809000438e-03
3.002998271970911716e-03
2.597625710133025841e-03
2.634354178185231970e-03
6.291309701346018725e-04
5.616057681708890546e-04
-4.439653182957064106e-04
-1.577238218303254067e-03
-1.781467361192146407e-03
-1.764943442299904321e-03
-2.026287934382575966e-03
-2.080189730092087998e-03
-2.280307622581037152e-03
-2.161971443488649829e-03
-2.723390852909134390e-03
-2.655980674536155290e-03
-2.147906714779689637e-03
-1.929635153694207825e-03
-1.805287345051420850e-03
-1.631958152403162332e-03
-1.515463995053618158e-03
-1.574917202402600219e-03
-1.342660885345500982e-03
-1.351370431654995126e-03
-1.761430003061548438e-03
-1.829896916013756727e-03
-1.950703866249446335e-03
-2.058197784882077625e-03
-2.084039652578360911e-03
-2.135350364363894794e-03
-2.160482879026798860e-03
-2.174066262395992193e-03
-2.190713445999740560e-03
-2.197295154145342908e-03
-2.203195484988353103e-03
-2.207508188157158643e-03
-2.209637003674602262e-03
-2.210791729161966628e-03
-2.210955225214193774e-03
-2.211550655558142120e-03
-2.207420598476136572e-03
-2.207121247380126189e-03
-2.203731503611153653e-03
-2.188265135189474634e-03
-2.196066020390127944e-03
-2.165434205156455561e-03
-2.137291388979115775e-03
-2.168198435981998854e-03
-2.009127256769352183e-03
-2.054307115653422177e-03
-2.017748887861174102e-03
-1.420521471151315772e-03
-1.462754112101588132e-03
