-3.126418554458492929e-05
-5.330152957152690631e-05
-1.104285754993561798e-03
-1.268569324698870212e-03
-7.734798198297353341e-04
-8.030541194549802898e-04
-1.124484328187716589e-04
-1.887994806649553539e-05
1.487932428868140786e-04
3.723163937651508340e-04
4.073918264648033354e-04
5.169817695203751716e-04
5.799550565300684406e-04
6.094121782834288582e-04
6.570096135008390631e-04
6.765368385404362406e-04
6.950359551519805007e-04
7.119015938922892148e-04
7.190865369062106457e-04
7.272974481598187303e-04
7.313062425488855251e-04
7.326066560175293740e-04
7.336472545566636487e-04
7.297195663127836523e-04
7.264404760365483597e-04
7.195393213632394558e-04
7.051914892097797599e-04
6.978598644646011404e-04
6.707740140749686875e-04
6.427905614695544065e-04
6.260459926132585021e-04
5.405553582602943326e-04
5.155762920308239053e-04
4.366218088837740276e-04
2.288096480691614160e-04
2.833685757235693920e-04
-7.904103064217628716e-05
-3.094847507866521885e-05
-1.537891417136814671e-04
-2.456199738931555540e-04
-2.053273608811097934e-04
-2.297790800885019349e-04
-2.717491040806598924e-04
-8.594837853995068483e-05
-1.614195168545248305e-04
-1.543264547557420007e-04
-1.501600381362620373e-04
-9.784044025817689120e-04
-1.428630559841837780e-03
-1.370219789912125287e-03
-3.432237952438500772e-03
-3.270408707593293676e-03
-4.252186962042904354e-03
-9.249998443813451862e-03
-8.798014515254264437e-03
-1.204452161647165918e-02
-1.248438894002902415e-02
-1.145451611144283031e-02
-1.251450667550077327e-02
-1.293541212797794625e-02
-1.225421335839246839e-02
-1.194175245430341252e-02
-1.113661722135110034e-02
-9.041080579065970471e-03
-8.351582037137516776e-03
-4.835925740597595002e-03
8.395856113147835221e-04
3.271150771092123325e-03
6.240401148691448498e-03
6.847181944061048881e-03
6.799335696728981034e-03
7.547297629473754058e-03
6.777354172060920390e-03
7.086046228560738403e-03
6.803762189755983153e-03
6.640837944591552675e-03
6.642054169933972810e-03
5.928696246253352571e-03
6.408254732697115166e-03
5.266808415080231898e-03
4.635248049977785598e-03
3.640879319602709826e-03
-6.402439081604948063e-04
-3.049011673181070258e-03
-5.405563810755949737e-03
-1.309361071900983289e-02
-1.573352820713292549e-02
-2.102871079625935613e-02
-2.935384390844077498e-02
-3.052708273822371185e-02
-3.928801703919271304e-02
-3.828971135521681141e-02
-3.903618381095953771e-02
-4.095618748682095661e-02
-3.719912031063558194e-02
-3.902471364469702747e-02
-3.426456856855261690e-02
-3.205712572582058301e-02
-3.502785046718332601e-02
-3.065787092503413983e-02
-2.883714728317414433e-02
-2.855969553103943764e-02
-2.487717362694760043e-02
-2.821709138148252582e-02
-2.885256097515888352e-02
-2.501211066600381519e-02
-3.013317373680101524e-02
-2.669104622584064085e-02
-3.019343598900501094e-02
-3.841751111926725026e-02
-4.002404868561002665e-02
-4.833614216285723325e-02
-5.130501853633963327e-02
-5.425081225988646200e-02
-5.954090046922669993e-02
-6.312995420117412104e-02
-7.060588030662436065e-02
-8.071102373040142663e-02
-9.457446414939560397e-02
-1.112464243763793825e-01
-1.192943680344665386e-01
-1.294105929711364678e-01
-1.322054283944318898e-01
-1.352552094111463543e-01
-1.351504249452648854e-01
-1.349959178392411419e-01
-1.335734754590965356e-01
-1.234891549724159293e-01
-1.186311484450590648e-01
-9.836959986382512455e-02
-7.638895344016027877e-02
-5.943707057571140373e-02
-3.885134343163006154e-02
-2.698872879711158509e-02
-1.406156034525003241e-02
-4.812319902000068185e-03
1.180108669807131442e-03
6.624993841156268798e-03
9.119435135203128595e-03
1.275211001221098622e-02
1.496260741369499249e-02
1.636485739154362740e-02
1.782841064068369646e-02
1.822382525592057545e-02
1.892245995542664316e-02
1.890623661702809516e-02
1.934255332626183196e-02
1.865819278291399111e-02
1.829290192551493235e-02
1.892849156509903569e-02
1.863343295414832471e-02
1.881493503711431300e-02
1.675396820102274462e-02
1.664703996817730805e-02
1.096546140215960696e-02
6.889384090983559361e-03
6.480057768600815810e-04
-1.613615829610904814e-02
-2.318843635290288377e-02
-3.160311968107792219e-02
-4.383757885021000167e-02
-4.804595841586969951e-02
-5.562457786053934955e-02
-5.826270463986772674e-02
-6.110159379825522846e-02
-6.235464164051109093e-02
-6.162378158409907020e-02
-5.982745108191873940e-02
-4.961271966365893293e-02
-4.272761044198188085e-02
-4.352195007626245837e-02
-4.119686740987520135e-02
-4.810151745733577677e-02
-4.644646925104109481e-02
-4.778030227942114266e-02
-4.912275787593919918e-02
-4.825758587538940547e-02
-5.147501475775120849e-02
-5.128026373054527659e-02
-5.309859898562078323e-02
-5.849183593179476531e-02
-6.141242443271471840e-02
-6.644636621305591295e-02
-7.213912262301966360e-02
-7.481629740977988052e-02
-7.862684063940153512e-02
-8.148074215309579482e-02
-7.989159922807426151e-02
-8.285011070820261225e-02
-8.351440044365639193e-02
-8.153095422522657620e-02
-8.395294000568161163e-02
-8.448332219301439572e-02
-8.421194830694314626e-02
-8.912918363223182316e-02
-8.788847815766813454e-02
-9.021062003918410566e-02
-9.166856407430530596e-02
-9.007109267591303925e-02
-9.200080235674021334e-02
-9.041906255932879999e-02
-8.928688561499442677e-02
-9.058319170672640697e-02
-8.892133953831646287e-02
-8.778992438150451383e-02
-8.823321845831141874e-02
-8.388439022220980923e-02
-8.275398673218729850e-02
-8.043739226931904962e-02
-7.116772653197937781e-02
-6.751172272913119610e-02
-5.572939898430061267e-02
-4.499136744096429719e-02
-3.843586944265468125e-02
-3.096763827101929947e-02
-2.398809171441790636e-02
-2.004959194647484844e-02
-1.461748217171902550e-02
-1.156141936821141955e-02
-1.050766456494364211e-02
-6.057667068921740797e-03
-4.319301069320542578e-03
-1.870731185836208661e-03
4.234362698446325277e-03
5.236196086116516948e-03
5.124371616425574608e-03
7.461984640475611413e-03
4.704718458782160793e-03
1.006983575052044014e-02
9.780234612192458682e-03
1.071776931519900430e-02
1.055945053037993762e-02
1.111742368624275661e-02
1.419476567673616518e-02
1.621041735646373133e-02
1.598101725537625847e-02
1.761057524208220829e-02
1.762240459381641394e-02
1.405608123433243865e-02
1.404452542123160383e-02
1.283735231807956768e-02
1.123893986775061429e-02
1.164732393249884833e-02
1.107482405308047972e-02
1.031952008292969306e-02
9.511290323818985884e-03
5.946674021437661425e-03
4.295552534428725457e-03
2.354014019464113538e-05
-1.781899111873897119e-04
1.009356881699899171e-03
7.320808912624359593e-03
9.398808325331063987e-03
1.066638017925876543e-02
1.340540721391795566e-02
1.215694277515711082e-02
1.365100520188992569e-02
1.896176217632267874e-02
1.939856497678965966e-02
2.040307922762052764e-02
2.215673564406403159e-02
2.192766855768623485e-02
2.238023768749360098e-02
2.328986280499130077e-02
2.340087254291452548e-02
2.473264380904529117e-02
2.600035189926434495e-02
2.303587251164110686e-02
2.355148258209273718e-02
2.064038875393206171e-02
1.809284255047644355e-02
1.610753097263480788e-02
1.488732317902239331e-02
1.288299079238213948e-02
1.118208750709212725e-02
1.143259421706131415e-02
7.913798430526180344e-03
8.809821977877906052e-03
9.484516892690284667e-03
8.668715201789217728e-03
1.343258578402978937e-02
1.327555885428663082e-02
1.153748324245186876e-02
1.232932441440297636e-02
1.246470308685417028e-02
1.235389219046029337e-02
1.232927046846533752e-02
1.504329454681201800e-02
1.519843220493492797e-02
1.378828523868478977e-02
1.457203851271334297e-02
1.204861812002719183e-02
8.077796060697270061e-03
5.500717319990538860e-03
1.000850103437844242e-04
-6.805399901089853078e-03
-1.121655431927151385e-02
-1.733777882776554521e-02
-1.820437031670992661e-02
-2.661233890358737780e-02
-2.668493075855711896e-02
-2.327498903496072122e-02
-2.469374751238759963e-02
-1.998818894885251440e-02
-1.956432763042854212e-02
-1.790409328969231120e-02
-1.494027570630724472e-02
-1.672250675055363470e-02
-1.241007733451543471e-02
-1.238366180877875297e-02
-9.914148841318474320e-03
-4.399259752535802752e-03
-3.351181900122231043e-03
-1.542488309342799919e-03
1.011265911873899295e-04
-5.995659554123620007e-04
9.746013918124254560e-04
4.503084181177517513e-03
8.205562256825869177e-03
1.237459063231658579e-02
1.341038735481135495e-02
1.536142212919326157e-02
1.608770612868355362e-02
1.534013223789885971e-02
1.625230276268819010e-02
1.607330584361930936e-02
1.333289618892016630e-02
1.329598433688134775e-02
1.270915377616588411e-02
1.185291450359667910e-02
1.204303905599338198e-02
1.157836093631070019e-02
1.157007763559243438e-02
1.197107862746406640e-02
1.158517516457470593e-02
1.282362770088427313e-02
1.507889150307466231e-02
1.086022331820956852e-02
1.011627242172745585e-02
9.376463506504820536e-03
-3.370015422433270732e-03
-6.658654794207919878e-04
-4.682435336758696866e-03
-5.075882237603151874e-03
3.860097987245363852e-03
3.717124339466231636e-03
7.004393010335399454e-03
1.056753345119981931e-02
1.137166897290684334e-02
1.408574796378695045e-02
1.569557081516261346e-02
1.888649224449372166e-02
2.082333195310528615e-02
2.192754812093140188e-02
2.210488059892544085e-02
2.260474673085905231e-02
2.073839520854254062e-02
1.813664597794109601e-02
1.572088476037094076e-02
1.119391835995223704e-02
6.692110669555090437e-03
9.179094998937165463e-04
-6.827434437286109513e-03
-1.364591864085862478e-02
-2.463571268957477287e-02
-3.175371268928052493e-02
-4.029730237861668674e-02
-4.579665658638701342e-02
-4.858319150197468878e-02
-5.257719595716096178e-02
-5.400371622989390968e-02
-5.483169438330229295e-02
-5.509449466070300699e-02
-5.385085709367259943e-02
-5.295486110917450862e-02
-5.087224704664941588e-02
-4.826732835021186468e-02
-4.473967792276689615e-02
-4.125118980699633148e-02
-3.211162984530090830e-02
-2.707645934501576659e-02
-1.664061188064363400e-02
-8.033811713822607004e-03
-1.849599533359556338e-03
5.942166321065984157e-03
5.880772880877971516e-03
1.128262348322170427e-02
1.907297837827586287e-02
1.585559494296867947e-02
2.549066270445346505e-02
3.206452088503596032e-02
3.383510761677469003e-02
3.691518953911784168e-02
3.874954995271832209e-02
4.146503197021272902e-02
4.332380760645945100e-02
4.495702245311757744e-02
4.673407736219023501e-02
4.778726213938702672e-02
4.907120755727598788e-02
4.996093118570020530e-02
5.050183348525403432e-02
5.143190745887089160e-02
5.135137937886923021e-02
5.178200298707471422e-02
5.211954159183289359e-02
5.096873390856054842e-02
5.205456772604042520e-02
5.063494286531262240e-02
4.943206551544823690e-02
5.208261805860735921e-02
5.047885659936568459e-02
5.035305638350003055e-02
5.083778988317214781e-02
4.699546062461195522e-02
4.615477521089984825e-02
4.455310852080107686e-02
3.610987645111835009e-02
3.502168791546206306e-02
2.898991014013868606e-02
2.547674238849162789e-02
2.266104044382524427e-02
1.717058500696978449e-02
1.595989129746535132e-02
1.011812882676292255e-02
9.108835795444107306e-03
8.233909810033428547e-03
6.152500327770125260e-03
6.006016837619739500e-03
5.033462169938390449e-03
4.377233667916309405e-03
4.227996388013370924e-03
3.292710459976341646e-03
3.105045540197052742e-03
3.013030540117095889e-03
2.740659291396340975e-03
2.698513512706548264e-03
3.078255900303631352e-03
3.014253762062635376e-03
3.102723925694791593e-03
3.191749867498449612e-03
3.177366715752180226e-03
3.232776771279689994e-03
3.247535546831094473e-03
3.254825473845460952e-03
3.275514771054787496e-03
3.278383287647326696e-03
3.285771996369638102e-03
3.291936890120203320e-03
3.293746306346453153e-03
3.297517054819854194e-03
3.299410546813176352e-03
3.300806699235586412e-03
3.302377961692391523e-03
3.303422161883222408e-03
3.304353562674187950e-03
3.305265739271492052e-03
3.306661065174145830e-03
3.307094404103034894e-03
3.309035532596002992e-03
3.311214682190221237e-03
3.311094196400786362e-03
3.317916477221346822e-03
3.318575189649192441e-03
3.321315357798310976e-03
3.340128469574517225e-03
3.328218031186095348e-03
3.357119030828701559e-03
3.384060388914672968e-03
3.342381428946677394e-03
3.480354206414048353e-03
3.425915820441384398e-03
3.422982658375024832e-03
3.815324290392301931e-03
3.324673439970876349e-03
3.922975075727377914e-03
4.166831005439604677e-03
