7.095374257984664659e-03
7.584951162777408239e-03
1.769854573885523003e-02
1.638547932829892764e-02
2.226278323775430362e-02
2.464505711876094005e-02
2.674058339985868268e-02
2.719032535217158833e-02
2.772738127529515706e-02
2.803966362492517350e-02
2.789683937188929680e-02
2.809548071866203173e-02
2.806561793416786563e-02
2.804323167595754174e-02
2.809431155029773475e-02
2.806609722393773459e-02
2.807341992943275868e-02
2.807844861269506720e-02
2.806915008312534099e-02
2.806963297217510492e-02
2.806543819573308757e-02
2.805663877846372584e-02
2.804526906133564604e-02
2.803690680881396752e-02
2.800531500502563553e-02
2.797928824026495870e-02
2.795096995945718643e-02
2.783894406742302291e-02
2.781171630197519160e-02
2.765540966097832648e-02
2.734115471428761809e-02
2.736884631930193781e-02
2.656961910578169161e-02
2.601914211477680122e-02
2.599016870475387778e-02
2.291477270875696970e-02
2.349548047520996774e-02
2.233286846893676320e-02
2.270413451936303950e-02
2.346405041424991927e-02
2.223329702587524548e-02
2.717353426406804440e-02
2.703181576780157302e-02
2.394051952923222787e-02
2.222731530869516414e-02
2.175409511530317433e-02
1.070707198667270044e-02
1.119157628288102585e-02
9.445474420472549718e-03
5.843709111383043296e-03
7.190385491136062034e-03
8.120067396848581684e-03
8.447827270952159781e-03
1.729972926437553515e-02
2.106745918022268765e-02
2.318131708800973134e-02
3.179844487605961584e-02
3.055900977096103963e-02
3.532107430040039991e-02
3.730497588159748662e-02
3.538462965175558084e-02
4.300421641449526239e-02
3.862828323826042465e-02
3.818387602692223382e-02
3.668577604323331603e-02
2.810641173375292776e-02
2.491808334349088216e-02
1.752948487556450774e-02
1.003939061330734982e-02
4.479146075604579710e-03
-5.113660453818464485e-03
-1.108086606421265774e-02
-2.070829084154670457e-02
-2.844393982872131174e-02
-3.718209416943327184e-02
-4.833198385562129107e-02
-5.823499395795940503e-02
-6.451560139506341829e-02
-6.796469949340820660e-02
-6.844948533721216533e-02
-6.181534460648634849e-02
-5.930130464604236457e-02
-4.693036819941277804e-02
-4.085869773869871963e-02
-3.455525236916152237e-02
-2.100135987941309512e-02
-1.975795005021254228e-02
-2.317076488689367997e-03
9.136746880825413373e-05
5.570551219939171234e-04
7.564421130687350690e-03
7.528664625194314737e-03
5.948725674753284690e-03
5.841667260363762708e-03
8.724385640525671864e-03
7.491271030579147588e-03
4.913573527273692662e-03
3.594070615895467429e-03
-9.950586500029711518e-05
-5.540629420445218395e-04
-4.349080706361065736e-04
-2.734872386795193268e-03
-1.224799033718258160e-03
-2.484334073505575693e-03
-1.443339880560189081e-02
-1.981098317495210565e-02
-3.841776725226453415e-02
-4.120349385738817510e-02
-4.849540922986072394e-02
-5.187227877546637944e-02
-4.959682529938017753e-02
-5.703976446929616417e-02
-5.572484808627360675e-02
-5.445404358829290109e-02
-6.163798655048510766e-02
-5.937649178369638903e-02
-6.019273480949492022e-02
-6.268606859572078971e-02
-5.816362966607892260e-02
-5.754126446015825347e-02
-5.492764438286215634e-02
-5.287083505322875965e-02
-5.667947553620902162e-02
-5.812393588141016171e-02
-6.071132474995614287e-02
-6.695626295943087058e-02
-6.645622656917103688e-02
-7.023121145987036573e-02
-6.834122597636621554e-02
-5.887153409360004058e-02
-5.666925362753119644e-02
-5.456441475440138023e-02
-4.570323356209508164e-02
-5.138704069765090421e-02
-4.809121339674912038e-02
-4.960598617213756584e-02
-5.928287006255917452e-02
-5.667143462899784656e-02
-6.777053000768705482e-02
-7.484175454901538516e-02
-7.577559448015563914e-02
-9.249463492358163397e-02
-9.363788245687929002e-02
-9.568183911173791523e-02
-1.057384233822085268e-01
-9.751976764320578750e-02
-1.005145498294586076e-01
-9.900482912781698175e-02
-8.953319924141113495e-02
-8.657772151419892981e-02
-7.817394944766327403e-02
-6.007190445460756922e-02
-4.655100343757021669e-02
-3.785011164750179402e-02
-1.381707625238439222e-02
-1.150041040565670872e-02
-9.222832495208577522e-03
-2.027564169088604158e-03
-4.243242001839283434e-03
-2.479622839653356295e-03
-3.120679295304869000e-03
-7.317170683819748667e-03
-5.451644990529320306e-03
-8.732347700628140252e-03
-1.076827167226103617e-02
-5.857566684649945059e-03
-1.128464444947663292e-02
-6.191137977938252282e-03
2.269676056554699277e-03
-2.263543464508200670e-05
1.552577645178103601e-02
1.235793366477216590e-02
9.427089641233855552e-03
1.349902129375271133e-02
8.152783046772273589e-04
2.673587080207826330e-03
1.236987353300048661e-03
-1.975348050210948281e-03
1.066996967900343167e-03
-1.626074079522148662e-04
9.026274658510162127e-03
9.682895453038655592e-03
3.967057902990922015e-03
3.513741745860505215e-03
-9.602139990374439563e-03
-1.391587741333072219e-02
-2.694713627300367523e-02
-3.539785376950131679e-02
-3.663729293111431251e-02
-4.744136705419183669e-02
-4.854505996810074692e-02
-6.024049686391062808e-02
-6.269033488019365441e-02
-6.464402502369638592e-02
-6.621624713528827255e-02
-6.675096397427952855e-02
-6.801895669542246115e-02
-6.969740974460193750e-02
-6.912290862142450587e-02
-7.075211413039364516e-02
-7.008113873349647305e-02
-6.981311783085315803e-02
-7.053081276560001223e-02
-6.886473172321518066e-02
-6.934154798527042418e-02
-6.946448566433770233e-02
-6.802456458332516165e-02
-7.041024320090856492e-02
-7.048574717493087671e-02
-7.265936641432921284e-02
-7.723317742809286679e-02
-7.715241042888314194e-02
-8.229696871717558093e-02
-8.198771032262931746e-02
-8.263226014437738409e-02
-8.207313203274248237e-02
-7.868337849947658336e-02
-7.842709441786017976e-02
-7.305124766336737463e-02
-7.339020213674012083e-02
-6.856034892033746608e-02
-6.688179771299163079e-02
-6.556066717900109475e-02
-5.856827155072604624e-02
-5.942468147653429816e-02
-5.126958162623499599e-02
-3.913431505409526584e-02
-3.949132722836345977e-02
-1.889000791289636647e-02
-1.412792769971370904e-02
-1.630961062396650910e-02
-4.684529584482120465e-03
-6.898013876713665789e-03
-1.709291354818463435e-02
-1.390182947215058348e-02
-2.538541844959503122e-02
-2.943672302757270945e-02
-3.209575096425052593e-02
-4.229553733114203851e-02
-4.661184975084371740e-02
-5.278845588350336571e-02
-6.764560793081056400e-02
-6.932198749943199734e-02
-7.211727175327486972e-02
-9.350162843787612754e-02
-9.363135474685210791e-02
-9.959242458272740683e-02
-1.086058933309282520e-01
-1.033382618709854234e-01
-1.111131965328110843e-01
-1.052182366165708288e-01
-1.051859423442117331e-01
-1.168978895884218022e-01
-1.090699736291245864e-01
-1.168813618150311984e-01
-1.099851071745696768e-01
-9.495433997410875071e-02
-9.507973141981546084e-02
-6.621879418892061275e-02
-4.607178177976341965e-02
-4.003308025218083738e-02
-1.852773253670482456e-02
-2.066924471707139166e-02
-1.237564868466248073e-02
-7.835279901462152002e-03
-1.329662543862420235e-02
-7.448409513714846289e-03
-1.260060781763683475e-02
-2.522488738186967616e-02
-2.749956073657609454e-02
-3.099848247862427297e-02
-2.760301824721477296e-02
-2.498548748163237701e-02
-2.121544098429979999e-02
-1.135750475847988571e-02
-3.267292083570769428e-03
1.037834155298614745e-02
1.853911552955618200e-02
2.689504885937520767e-02
3.532212435678121903e-02
3.926589378216241433e-02
4.537310713912222349e-02
4.878074619924031852e-02
5.141821461782736247e-02
5.648897934698179218e-02
5.664738169960480130e-02
6.041409145324196095e-02
6.553590729406894022e-02
5.636887283641323770e-02
5.958434013768580673e-02
4.917649412865826575e-02
3.167149378727243669e-02
2.063907553496687267e-02
1.888103646562238344e-03
-1.272657520661994029e-02
-2.406274660771572788e-02
-3.463514395498510506e-02
-4.481010660177868477e-02
-4.710645635491600425e-02
-5.325464279223871000e-02
-5.901515049375956334e-02
-5.432452048732570177e-02
-5.693272945564421816e-02
-5.551301895423660371e-02
-4.716751549670047949e-02
-4.777737122234827077e-02
-3.958328645158045583e-02
-2.913985403587039322e-02
-2.489990731293987430e-02
-1.969512526606921957e-02
-1.569418834142222857e-02
-1.434039732689294279e-02
-1.299830645203783018e-02
-5.358660047766357175e-03
-3.734133002498100842e-03
3.625217019372066907e-04
2.527618807566631327e-03
3.047302274402370614e-03
2.251282347267862319e-03
2.218413168959574005e-03
1.662348903780418684e-03
6.035917705482466301e-04
-1.175669752189529692e-03
-4.727139754773613395e-03
-4.444516997336751297e-03
-7.550140722803948094e-03
-9.757668531353609273e-03
-5.221323654024840298e-03
-1.047873079649159524e-02
-5.527640075278545014e-03
3.159622364610367891e-03
8.381924731379051304e-04
1.674015386101585998e-02
1.399015354376406152e-02
1.100378853498073031e-02
1.666303126731917203e-02
3.760460477865906325e-03
6.169759332188800259e-03
7.675312327400777603e-03
4.097643203168099303e-03
8.898422999451923582e-03
1.094849540435345256e-02
1.315057514857515854e-02
2.782269147230158682e-02
3.358691628496758563e-02
3.758675112971866794e-02
4.195171272771527904e-02
4.214682296243715820e-02
3.334630832521878752e-02
3.505437997892842106e-02
2.783030838423147107e-02
2.154473379255670770e-02
1.396498361493919878e-02
-2.925996524686101143e-03
-8.219665977246133973e-03
-1.692446054141942546e-02
-2.919867971840026458e-02
-3.933824801170095198e-02
-4.703185447511692985e-02
-5.515446853013733497e-02
-5.508668016431581688e-02
-5.817342650130382514e-02
-5.622619479716657598e-02
-5.418009032356799204e-02
-5.227506119174887833e-02
-5.557703014454220408e-02
-6.396370535786799483e-02
-6.786835954339569266e-02
-7.788233121397236669e-02
-9.083572035316742066e-02
-9.998843417543887280e-02
-1.221123721007389418e-01
-1.242415048841391118e-01
-1.279395742626213694e-01
-1.357404984354663446e-01
-1.185417981149159694e-01
-1.200282765000504487e-01
-9.484372926022417716e-02
-7.104575347623104387e-02
-5.782190436439726272e-02
-3.234149481689788108e-02
-2.505831630368660426e-02
-1.770919015574309516e-02
-7.872572274562958730e-03
-5.684303376312632022e-03
-2.827587016088131807e-04
8.452946436549860958e-04
1.214477999054423872e-03
2.030997134615323760e-03
3.198452789286770990e-03
1.474324362574257240e-03
6.353185450480462737e-03
5.535315661337358861e-03
5.345295772719971250e-03
1.547141059131731597e-02
8.546760342299767124e-03
9.295047760229196293e-03
1.260952463199339641e-03
-2.918055980278454892e-03
-7.498178354566023551e-03
-1.660334021064474933e-02
-1.449093905255243245e-02
-1.403245039805368043e-02
-1.198863434122111622e-03
-2.185364610713528329e-03
-6.979033236905156021e-03
-4.830377085642489909e-03
-2.631093344482074783e-02
-3.770069448808160972e-02
-4.854123073913684666e-02
-6.406671690918697148e-02
-7.829282892010629158e-02
-8.630323458082049537e-02
-9.758782497581280913e-02
-1.012020110940946155e-01
-1.069750281020835914e-01
-1.105680445224256625e-01
-1.123220248690386253e-01
-1.164464928061469673e-01
-1.167137398643602747e-01
-1.213616662410416658e-01
-1.239574512428578690e-01
-1.283128561448601546e-01
-1.370185949102749601e-01
-1.337781534897750924e-01
-1.381125144328603782e-01
-1.340942680980140023e-01
-1.278211011302859690e-01
-1.261580467066721056e-01
-1.094173799967099736e-01
-1.022567856167213296e-01
-8.937304801664736065e-02
-7.258220299349613103e-02
-6.480278309830764250e-02
-4.650169149804108532e-02
-3.233059624842237606e-02
-1.798008241354163636e-02
-1.372725108668087590e-04
1.394540224174672591e-02
1.182209108967124944e-02
2.089621322825326727e-02
2.047851229121732189e-02
1.961805206996242515e-02
2.182470742607156913e-02
1.875605272212008123e-02
1.966605774422223313e-02
1.297385422944841507e-02
1.371004164987941164e-02
1.299427432577342223e-02
1.009073584545263844e-02
1.514363272555887749e-02
1.151469973760845152e-02
8.846374673288991131e-03
9.297585013846226820e-03
8.110813856221745985e-03
1.392825131576566275e-02
1.253148910138105268e-02
1.974815534131958358e-02
2.502161124510657308e-02
2.591917050491275229e-02
3.937517046136095045e-02
4.074716909924516045e-02
4.614822957262697950e-02
5.272544616733972067e-02
5.466618524259874573e-02
5.746415689233427132e-02
6.079423938045828285e-02
6.174778806089920719e-02
5.659319070267965907e-02
5.728414822878011292e-02
5.528605275016937326e-02
5.495940606617590041e-02
5.407014102264071087e-02
5.335981863748087001e-02
5.289897649092856202e-02
5.127950228576681757e-02
5.112321847386969847e-02
4.896201915976754193e-02
4.679141569499306597e-02
4.686150877440536933e-02
4.106580728158110150e-02
4.122316523301794433e-02
3.940943165086439881e-02
3.680004504861119491e-02
3.684283595894520535e-02
3.571666081194041498e-02
3.530563025413659822e-02
3.515085425274805386e-02
3.480851974183333392e-02
3.474391485260953233e-02
3.463947031616268490e-02
3.455763555304022100e-02
3.453346647848310608e-02
3.449145646981634922e-02
3.447240097146292426e-02
3.445897925308485932e-02
3.444508386830282681e-02
3.443936252288772731e-02
3.442894954705746913e-02
3.442613544814002169e-02
3.441838751678957808e-02
3.440385795580674921e-02
3.440886004160802203e-02
3.437696733298870044e-02
3.436671216867807216e-02
3.433789674748812665e-02
3.430924529189157551e-02
3.425244128907719426e-02
3.397913208107941618e-02
3.461332989026442986e-02
3.302980660199842516e-02
3.350387434371233236e-02
3.449473416199701908e-02
