1.508299545727366129e-03
1.733950469707879740e-03
7.351510134938965720e-03
6.299303290752445578e-03
6.008933318267188801e-03
7.206878107300583244e-03
7.474632844514108101e-03
7.766651976727234966e-03
8.167925679049666682e-03
8.294132923481228187e-03
8.516416497941589614e-03
8.662568418076924473e-03
8.909244341678529411e-03
9.042352667880566852e-03
9.303857958390967728e-03
9.868626632683608763e-03
9.835523116879229047e-03
1.102117276072147288e-02
1.184207736955273163e-02
1.182380655835859121e-02
1.642947061354733951e-02
1.675766313119071704e-02
1.685955379683725178e-02
1.870115752239240314e-02
1.804831501549689424e-02
1.714510151760888917e-02
1.958030945853476631e-02
1.509754903640123103e-02
1.563112181208568818e-02
1.799499914242681103e-02
7.605677136351957210e-05
-2.062147192694771774e-04
-1.096991033116438523e-02
-9.254493031410867751e-03
7.689948568655938579e-03
4.779847654788053034e-03
3.423509412914501476e-02
4.399744447487411586e-02
5.623694588593475957e-02
7.998011504810290107e-02
8.431377672650991473e-02
1.041293642041764139e-01
1.092339519753814658e-01
1.029679354834660693e-01
1.094806281209949050e-01
1.098592616946144213e-01
1.024311269876163055e-01
1.080915544847091403e-01
1.041719237938832920e-01
8.164998581833235458e-02
7.808739202935029156e-02
5.475479124665778852e-02
5.002506625304030397e-02
3.841447460264278690e-02
2.829533136693570400e-02
2.643903623377195228e-02
3.664506305030466177e-02
4.440993405039071057e-02
2.152426630082983003e-02
1.518228467041092197e-02
-1.616738460023701973e-02
-6.584770311608513504e-02
-8.105626275779954926e-02
-1.176786290367857618e-01
-1.464595083910379125e-01
-1.737583854281850582e-01
-2.374857629904512935e-01
-2.591267743149133218e-01
-3.072702596896823013e-01
-3.324812859896417727e-01
-3.479831980677300374e-01
-3.635442069496772621e-01
-3.833806859863731487e-01
-3.948405508578627376e-01
-4.138069488236377214e-01
-4.334296611910245511e-01
-4.466576871320326880e-01
-4.747636794327383947e-01
-4.946208137665092930e-01
-4.990684633931326553e-01
-5.243238194010040321e-01
-5.232673664802361957e-01
-5.213668726027226308e-01
-5.209558502049504991e-01
-4.828767103772313996e-01
-4.683823393674219626e-01
-4.406642493666946270e-01
-4.012540857279786599e-01
-3.715024498874889836e-01
-3.257848129980633334e-01
-2.956868740807903073e-01
-2.666354125962269728e-01
-2.300757245352954561e-01
-2.181539178648272959e-01
-2.102423314212030769e-01
-1.951017462114839340e-01
-1.915806011223229743e-01
-1.641306356546170242e-01
-1.418746933716531489e-01
-1.182237304447819604e-01
-9.077723905220891343e-02
-4.777278489595996464e-02
-3.937588334229449871e-02
-3.155953427281087825e-02
-2.304305261956298215e-02
-3.799727392093592282e-02
-1.976527595436259818e-02
-6.502610952761962715e-02
-7.486958347257609281e-02
-9.893816335385283156e-02
-1.610450171944922404e-01
-1.634966088559542396e-01
-1.781085392456586147e-01
-1.718864394359292669e-01
-1.458473401744718179e-01
-1.300238211819196854e-01
-9.243099763053592988e-02
-8.057258920662883905e-02
-6.031516433342366118e-02
-3.936991784415255768e-02
-1.650761754022224415e-02
-7.030593556382897999e-03
-7.723710974732240402e-04
2.017672065665331374e-02
3.308321768362560561e-02
3.228676161821052853e-02
2.459996758167246403e-02
2.305969782634487153e-02
2.152012453621812010e-02
1.987696582275897891e-02
2.712818984999323599e-02
3.180235637363459933e-02
2.603837955914564684e-02
2.887179223804116693e-02
3.434363311711050026e-02
1.933457597901842503e-02
3.319908800237993118e-02
2.798717065596812228e-02
-1.676109119389180072e-02
-4.386429596145596105e-02
-4.219547923863734007e-02
-7.861551269544399256e-02
-1.413612631490117622e-01
-1.782898950607125776e-01
-2.082163466592032164e-01
-2.382051558094340771e-01
-2.881447114149136568e-01
-3.141222218205458327e-01
-3.577799183983310649e-01
-4.001164004803100527e-01
-4.147688540648844513e-01
-4.287586701099823649e-01
-4.212774258392084636e-01
-3.970381473307219578e-01
-3.649011610808039485e-01
-3.341175837053254605e-01
-3.001938198257417256e-01
-2.579610590159296390e-01
-2.337650230392122053e-01
-1.957823398106916524e-01
-1.761455754356787418e-01
-1.690502517133150029e-01
-1.464027527294154141e-01
-1.482031892870821488e-01
-1.423048116855048506e-01
-1.322014597720680140e-01
-1.402250455947590402e-01
-1.274258132118079589e-01
-1.153081635500595586e-01
-1.306485711150752460e-01
-1.240984109709773187e-01
-1.363902869196631507e-01
-1.541798631518904727e-01
-1.517908283523265456e-01
-1.463114908837867545e-01
-1.378643505562083815e-01
-1.064720457556885963e-01
-8.504182785771484399e-02
-6.108165155984893874e-02
-1.819689684527702606e-02
-5.851363677274275992e-04
3.933885054116747354e-02
5.501182828204229797e-02
5.302600854606116798e-02
5.738649192153227885e-02
4.817903656345352142e-02
4.829910015170197496e-02
4.187427624096081574e-02
3.890038205010473010e-02
3.106792733332959869e-02
3.219243505710751158e-02
5.895669107857717112e-02
6.959460398624182920e-02
1.038167341160761703e-01
1.326135373669218853e-01
1.390332575033354778e-01
1.523330591140861501e-01
1.267944422774615609e-01
4.122419754235821798e-02
1.608059568403558126e-02
3.011934808841400246e-02
-2.258632768809445274e-02
-4.479498408847435581e-02
-5.449444391569273349e-02
-5.698702431643454941e-02
-4.495683861163804473e-02
-3.618057786699977602e-02
-3.029299378985457133e-02
-2.328298555907562170e-02
-2.412018927693298023e-02
-2.793441394792341506e-02
-2.859674421118771001e-02
-2.949882598304957165e-02
-2.612572166135367774e-02
-1.502315622471674106e-02
1.581253866447605502e-02
2.753879934962367299e-02
4.005677983587827701e-02
2.335758255971586914e-02
-7.062270221921037802e-03
-9.568038894917023363e-03
2.754507567478828647e-02
2.212728606388962571e-02
7.212092112627839502e-02
8.488181408578214515e-02
6.877116407046418578e-02
9.013759061957372920e-02
8.581356729569639130e-02
8.027065512266870484e-02
9.209214801346220225e-02
8.233260512213128046e-02
6.383189992382730382e-02
4.384601240262023247e-02
2.487032724234635589e-02
1.369104280758181094e-02
1.171136999433821171e-02
3.655824621416404324e-02
3.321798994135159722e-02
5.381468748554443099e-02
5.387885123291800277e-02
4.390852507112090464e-02
3.904642336828795940e-02
3.820435594009290864e-02
2.201043521857775492e-02
-4.793302181956649553e-03
2.430673087854740358e-03
-8.303919417045191320e-02
-7.852876428139676790e-02
-1.008516439905740580e-01
-1.682577094315366728e-01
-1.608972235889415403e-01
-1.797271572062989486e-01
-1.722164343271238851e-01
-1.402266297839469822e-01
-1.297151800752994188e-01
-8.503072991735606545e-02
-7.106708151955087871e-02
-5.108488508520676874e-02
-2.778892787768093980e-02
-2.408557946510410733e-02
1.984159480721297501e-03
3.380628856208624071e-03
1.274837206505955237e-02
1.498213733302213198e-02
6.642692629322274368e-03
1.860467829337114631e-02
5.426875079802949246e-03
2.180749027523623540e-02
9.811851455933474908e-03
-2.178028195852402260e-02
1.126490484162265444e-02
-3.758635527850599095e-02
-8.459085108903317829e-02
-1.104776280482818451e-01
-1.495762844790915203e-01
-1.855805208111618865e-01
-2.250075989866995030e-01
-2.765901344088007585e-01
-3.416800321943622709e-01
-4.011362442588526922e-01
-4.559001613581248891e-01
-5.073649190995842551e-01
-5.637006439910855482e-01
-5.740516249113091218e-01
-5.923532809910085906e-01
-5.960501185991315953e-01
-6.004454696947975068e-01
-6.080422917211227851e-01
-6.065572867078179442e-01
-6.116433295416231486e-01
-6.110712983613306726e-01
-6.078223444059314140e-01
-6.063566491359444477e-01
-5.977265795090411782e-01
-5.950243892993498651e-01
-5.868630074757821280e-01
-5.759197425557311956e-01
-5.725261981340158401e-01
-5.533936217511336020e-01
-5.438200744140522236e-01
-5.276504464105965519e-01
-4.938023328539294377e-01
-4.736965092798133825e-01
-3.702987159457236666e-01
-3.277963331228248012e-01
-2.602216248825711120e-01
-1.633745257863868094e-01
-1.106133856833223794e-01
-9.851172939313464216e-02
-4.181473875547809388e-02
-2.779548815693958994e-02
2.385205029491051232e-02
9.745719474500667834e-02
1.068552022975030741e-01
1.119742383280226128e-01
1.383571020010541663e-01
1.227080847442192646e-01
1.350811354487573834e-01
1.375279819293012407e-01
9.198492000663981150e-02
9.792714965416973727e-02
6.190545107456501411e-02
5.069324816251041810e-02
6.103822546958521944e-02
4.980889881322472096e-02
8.147589497392465629e-02
7.600629547791863672e-02
6.865175689131171322e-02
6.804270516617633158e-02
6.870929209799744863e-02
4.826000969329359569e-02
5.290448398911122563e-02
6.783196372720490253e-02
5.874812222205465229e-02
7.138515426508125483e-02
4.716597269665479680e-02
3.301925218322808442e-02
2.903389712906183709e-02
-6.293122435651984925e-02
-7.599522700090736993e-02
-1.085428649776261911e-01
-1.417908567141843712e-01
-1.444837135866658129e-01
-1.702742647913685070e-01
-1.729788992953720794e-01
-1.764885099845221461e-01
-1.735058874310625165e-01
-1.857281570411872806e-01
-1.817504583260027007e-01
-1.798683320258361862e-01
-1.802551837216597175e-01
-1.724039808522887518e-01
-1.732678106607072610e-01
-1.679773679671679176e-01
-1.630690646631203777e-01
-1.639222417236451124e-01
-1.554219299957089462e-01
-1.565580562969336731e-01
-1.542927778082934520e-01
-1.500216400886811852e-01
-1.487317040669874080e-01
-1.419497215407950208e-01
-1.387684903524682711e-01
-1.354611587253745641e-01
-1.261370653511132145e-01
-1.252987981245776705e-01
-1.147351752447330064e-01
-1.043732536510381809e-01
-9.713637355813690977e-02
-5.537417759694621827e-02
-3.938239927920503258e-02
-1.698480998219940863e-02
2.931940580925297343e-02
4.172895315297338314e-02
1.100556741846865777e-01
1.040831714023801452e-01
1.101697815408054226e-01
1.182307862060258535e-01
6.068373106045975990e-02
6.438639560088539604e-02
5.922706604624142224e-02
4.376927397049044932e-02
4.740054894392379398e-02
4.062149847232086192e-02
3.728559954519765351e-02
3.778576127894646419e-02
3.210651652803891282e-02
3.192917137793670201e-02
3.006687725625336455e-02
2.081292118499541988e-02
2.750757957155153949e-02
1.926193857106313703e-02
-3.103557743295377869e-02
-4.230544554910885269e-02
-5.258699386235700379e-02
-6.751802227843814452e-02
-8.750814847606752656e-02
-8.917750181835577827e-02
-1.104142674863515250e-01
-1.155128001367407703e-01
-1.210899012730713986e-01
-1.294835528841968009e-01
-1.318323790043236521e-01
-1.349487012402030006e-01
-1.401275724686835145e-01
-1.410080148682114620e-01
-1.425512075723662786e-01
-1.511088570612484638e-01
-1.454206718340407822e-01
-1.564637806496510242e-01
-1.722694180952110410e-01
-1.854558911229653440e-01
-1.853440881370287119e-01
-1.553639758226770251e-01
-1.449996305872972568e-01
-1.306911169098212977e-01
-1.152542832776403542e-01
-1.024789316805967548e-01
-9.209704947555433230e-02
-7.577552553111631395e-02
-5.770576231880724521e-02
-5.185903367518876483e-02
-1.489275821915454247e-02
-1.146669108631090395e-02
-4.011814067838444763e-03
7.678503341565831759e-03
8.520432184704941972e-03
1.302880122998110839e-02
1.726537404315733187e-02
1.772070631095359547e-02
1.649711916283484042e-02
1.641504192351870769e-02
1.598079354681028463e-02
1.563483250836161798e-02
1.557067277204911976e-02
1.536555330628328747e-02
1.528628806650767120e-02
1.523304894654187516e-02
1.516112758419798680e-02
1.513907409169824338e-02
1.510843633777339892e-02
1.508621077473796222e-02
1.507733976706185364e-02
1.505843796122112964e-02
1.505479497958975288e-02
1.504541331349272884e-02
1.502452709716172938e-02
1.504088557948872300e-02
1.499718438675219298e-02
1.498730875150175446e-02
1.502503096524957990e-02
1.485225645540490941e-02
1.498642817303029798e-02
1.488833712221892744e-02
1.449672478529826641e-02
1.517604974096497215e-02
1.404218325266858546e-02
1.403381955365606143e-02
1.481373446116551924e-02
