4.695877240116359298e-03
5.472484345950944656e-03
1.633717611039948656e-02
1.487173673047323397e-02
2.076599135963240125e-02
2.422201723722575487e-02
2.528471479481668102e-02
2.717617832849764450e-02
2.770903374545729408e-02
2.788292273547605948e-02
2.827581995374907689e-02
2.826290648693640176e-02
2.830502434846690965e-02
2.836414542184123241e-02
2.833785161687728260e-02
2.835493128331207160e-02
2.835726723671846278e-02
2.835045426958666959e-02
2.835475867805593159e-02
2.835043973505147613e-02
2.834868215448715575e-02
2.834482393218820673e-02
2.833788585152215850e-02
2.833449529242538373e-02
2.831506801417903174e-02
2.830489165112059710e-02
2.828647900562150999e-02
2.821891990427514638e-02
2.821804349140408230e-02
2.810168993478576877e-02
2.790824303945483448e-02
2.795778884548656001e-02
2.732213785601838099e-02
2.697454687701979215e-02
2.700977449005474360e-02
2.432303012018024665e-02
2.530406154186733494e-02
2.461748283851990932e-02
2.590205489806677447e-02
2.751267853413239678e-02
2.689867609292328349e-02
3.486569882274911936e-02
3.581459108254608087e-02
3.603590020516959230e-02
3.858949698689927155e-02
3.801492390271641458e-02
3.248504530581571015e-02
2.867757098092308526e-02
2.307546454113376319e-02
1.156428187792652579e-02
7.211614958394235372e-03
2.446484890386212314e-03
-6.526181353651701496e-03
-8.184685129957383967e-03
-1.375023961509639139e-02
-1.648216947003768029e-02
-2.007777894940993707e-02
-2.073607614337490829e-02
-2.757712651520735636e-02
-3.011245046917765747e-02
-2.947832350303826454e-02
-4.775061060151502418e-02
-4.144356569948203645e-02
-4.358611299808530515e-02
-5.142852550515166626e-02
-3.261049352813341629e-02
-3.988964896889361789e-02
-5.068519121052646875e-02
-6.550500055544543343e-02
-7.330760775092347303e-02
-8.551005252964037628e-02
-9.372082792206425095e-02
-9.333440764124806277e-02
-1.023542291781427693e-01
-1.016994907343462123e-01
-9.806114353847385223e-02
-1.010067050859655979e-01
-9.075685372982171539e-02
-8.641935163196132197e-02
-8.142722698779945867e-02
-6.803788675906635719e-02
-6.224101097702228191e-02
-5.630662834845483189e-02
-4.447958596567937184e-02
-4.491936263742868363e-02
-4.202993569506056903e-02
-3.580842444668227292e-02
-3.482290870899974050e-02
-3.371522498641744969e-02
-2.975229429412990997e-02
-3.967924947914163586e-02
-3.951414231980279745e-02
-4.965816672540482313e-02
-6.638566609799922968e-02
-7.043929026307713115e-02
-8.423647198103403899e-02
-8.615451825799047558e-02
-8.754065424758822322e-02
-8.792232981784181556e-02
-8.280542064258632207e-02
-7.801197474126451981e-02
-7.391622654204102472e-02
-6.620350287045605187e-02
-6.174601236374661212e-02
-5.445624394294840132e-02
-3.967102817541125898e-02
-3.836908004629319829e-02
-2.805280336157582599e-02
-2.971899396612511304e-02
-3.857301302904574819e-02
-4.044065468219457116e-02
-5.784550231710335055e-02
-5.767661571553325123e-02
-6.968028755194456692e-02
-7.762634345887524379e-02
-8.149734096797223160e-02
-7.948984764792667301e-02
-7.321356235968116966e-02
-6.377228542668138267e-02
-5.085050778346931338e-02
-3.900275636657050959e-02
-2.079082416270620903e-02
-2.523009984664421716e-03
1.075352449135140442e-02
2.276178555414933372e-02
2.420288591824412347e-02
1.953772156309053348e-02
1.764732097503796462e-02
1.439187620535094421e-02
8.254508059568468892e-03
5.545835613453273250e-03
4.460084152531762079e-04
-2.841743673122554530e-03
-6.517641959298616471e-03
-7.994868567964826672e-03
-8.939520399629615269e-03
-9.077109929162175891e-03
-9.610239929651457833e-03
-9.580255210532228130e-03
-7.024424458051951869e-03
-1.101349651659431876e-02
-8.472206061570933602e-03
-1.072772849080418263e-02
-2.374123416287186525e-02
-2.944755755395425320e-02
-4.147509860965160194e-02
-6.125359685780055324e-02
-7.227813082247216969e-02
-8.696295418909982811e-02
-9.765420738972889481e-02
-1.069055887775007957e-01
-1.138035781926570039e-01
-1.196057758727678139e-01
-1.254289087475183861e-01
-1.255538457702453647e-01
-1.315159111538571624e-01
-1.332331701811227953e-01
-1.348622651973460651e-01
-1.418818394184818144e-01
-1.408593591894484742e-01
-1.390418302208802914e-01
-1.380194623985734614e-01
-1.270457028200523419e-01
-1.190389974486509295e-01
-1.115857588018207835e-01
-9.697239839080715185e-02
-8.709054725201248459e-02
-7.245197856575275042e-02
-5.711363036869521875e-02
-4.913490128222950531e-02
-3.064048332423131502e-02
-2.653891747243120741e-02
-1.255080581755052029e-02
-5.981568754645133316e-03
-6.918744465765212098e-03
2.446776839937676168e-03
-5.754203605245690641e-04
3.593597745782152204e-03
9.163422283105968416e-03
8.637159338520898968e-03
1.413479671238518191e-02
1.401330470744866288e-02
1.504995071868239255e-02
1.864960383914533726e-02
1.894342334009972359e-02
2.484592586175462040e-02
2.376090062144689888e-02
2.286322782822393027e-02
2.050327228801014645e-02
1.149047006107921202e-02
6.228806903603065562e-03
-8.770391564125366193e-06
-5.703101593002307332e-03
-1.444323587441951814e-02
-2.085075044431586658e-02
-2.727509371138473263e-02
-3.644801301811743249e-02
-3.693321862918389625e-02
-4.400791318447714456e-02
-4.964546170505987344e-02
-5.223057555037559363e-02
-6.486036412373580307e-02
-5.837885062960163768e-02
-5.415309536199122697e-02
-4.672847039707288957e-02
-2.745949331084438644e-02
-3.542636456419381158e-02
-2.276848560967234883e-02
-3.991527706320534274e-02
-4.834724306031500107e-02
-5.033886739844142116e-02
-5.537325852653452590e-02
-5.225245608735740871e-02
-5.431496683915647272e-02
-4.506565627657279499e-02
-4.146262396071718342e-02
-4.185243064240164179e-02
-2.691101626990267601e-02
-1.932237471229238113e-02
1.103768076616338037e-02
1.657389415277778222e-02
2.714892153131851296e-02
3.212041898458792982e-02
2.844284309502860542e-02
3.425016639147709929e-02
3.167759064323186213e-02
3.085622828637390666e-02
2.910809559147392242e-02
2.610822240120958676e-02
2.645067751754773266e-02
2.554083940141796405e-02
2.741381265347169957e-02
2.700226265835647954e-02
2.627266908362319714e-02
2.655142021310280542e-02
2.568819376368404808e-02
1.988057253099955943e-02
2.402202647842073546e-02
1.451097385279486070e-02
1.264855124802617518e-02
1.382276483255052285e-02
-4.026933158758772008e-05
1.724335259615909083e-03
-4.963843841575770778e-03
-1.325964066647530859e-02
-1.044649917972955908e-02
-1.979551821303043163e-02
-2.279147141716880015e-02
-2.439512170993622317e-02
-3.638956206502827473e-02
-3.150233456729458620e-02
-3.070774637363463469e-02
-2.643494589895336797e-02
2.185661364238992467e-03
1.900874765802309250e-03
2.815824141353877319e-02
2.814308319682304674e-02
3.043239437062167721e-02
3.919592320031964339e-02
2.905215894603201121e-02
3.044708162562398401e-02
2.771731527405504186e-02
1.935015729372812840e-02
2.197158061076148056e-02
1.435047100174647455e-02
1.058117725991957608e-02
1.016662296559062324e-02
5.407413682255868791e-03
3.753336783385773263e-03
6.424533530497810244e-03
4.410630653970321058e-03
6.662866365156784078e-03
6.547887233380104803e-03
6.700921639662219334e-03
6.529007816020300677e-03
5.260931006459614034e-03
6.159183653647837611e-03
2.328157095796443664e-03
5.036462571697315586e-03
3.115980197913252158e-03
4.140610085220357978e-03
8.148706244575549401e-03
5.173442608334611302e-03
1.238823354978743803e-02
5.330986765660359998e-03
3.430152767357488430e-03
-7.768561553835743108e-04
-2.287024556355026200e-03
-1.459722526159759311e-03
-2.078777852789043343e-03
1.856020909613416382e-04
1.375078335936204916e-03
5.789834485840738947e-03
9.181259236727282516e-03
1.134772138924216439e-02
1.508284615134055165e-02
1.453192770396316037e-02
1.574926057073096353e-02
1.561868169936957325e-02
1.958921331404703259e-02
1.784887338818502700e-02
1.906633901174681345e-02
1.934122755563638663e-02
1.192803795723485806e-02
1.458489390726329209e-02
7.933511091293622697e-03
2.243113639673098483e-03
1.307529762619133624e-02
6.164380676839695088e-03
4.961082630980519041e-03
2.475428586678968257e-02
1.744097046857251768e-02
3.374834186202478603e-02
3.874368288967262874e-02
3.265940197880371626e-02
3.538395933935596649e-02
3.300719788819068967e-02
3.243737179820848499e-02
2.529544017602851011e-02
2.394334320763827351e-02
2.220708605359789437e-02
1.831883122390856253e-02
1.713721479428356384e-02
9.827539220857127444e-03
1.047515936906552245e-02
8.131756947690910739e-04
-1.008798573340915529e-02
-1.012629292189645876e-02
-3.668097234341611418e-02
-3.635104462126642622e-02
-4.035698803563280562e-02
-4.841804734353271494e-02
-4.249511547209926243e-02
-4.722451853122045656e-02
-4.693635232542693603e-02
-4.245625031682790512e-02
-4.896172136888275045e-02
-4.840708256714237184e-02
-4.598243908817960940e-02
-5.301788457899771212e-02
-4.696284058469422235e-02
-3.458925028681832797e-02
-3.289335050180040160e-02
-1.652921230231977831e-02
-1.195062127374814029e-02
1.809646016672315479e-03
6.004071666566291460e-03
7.192663264137433461e-03
1.401106655480703102e-02
1.104282557350296824e-02
1.036091934492605095e-02
1.327605641937042689e-02
-5.814105661430707048e-03
-1.646039138178914674e-02
-3.472269122781337924e-02
-6.001241684091808415e-02
-6.314308207153607189e-02
-7.168423405057013087e-02
-6.978200884177075680e-02
-5.924224476469892170e-02
-5.186656270553340053e-02
-3.611550167132870220e-02
-2.145078400983647243e-02
-9.632381879486250076e-03
1.298111361920170929e-03
4.886629507846665735e-03
6.252895584607960633e-03
1.033777286825267663e-02
3.940901736133635078e-03
5.420466530936079476e-03
9.887577566209769867e-03
2.780113730260201556e-03
7.036803123765460015e-03
-7.598222205584866801e-04
-1.595272283233581390e-02
-2.240613090910114832e-02
-4.515323085679989051e-02
-5.501557688544725377e-02
-7.122261798460158277e-02
-8.361183754757668674e-02
-8.441752037759467364e-02
-9.539459748284045970e-02
-9.870812150844744670e-02
-1.006481220428093321e-01
-1.057912483386520969e-01
-1.066297808644147693e-01
-1.051262556590279867e-01
-1.074480377951267385e-01
-1.038016699042847296e-01
-9.663825419176846898e-02
-9.488119109397404050e-02
-8.529977169276098392e-02
-8.093305452698182356e-02
-7.538144405159405426e-02
-6.551386462915015363e-02
-6.273333328091637573e-02
-5.214100203455834803e-02
-4.475351776987879227e-02
-3.935084820949991125e-02
-2.478596569987513015e-02
-2.030148017427766197e-02
-1.242091160232674726e-02
-3.962824253224236926e-03
-1.768213705030364201e-03
6.715424370185802370e-03
8.892318562014200553e-03
1.156546334003368155e-02
1.467434945173816743e-02
1.067155080741127339e-02
9.716921661859270407e-03
7.269777212043499783e-03
3.939843388460064302e-04
-2.123601841962518069e-03
-7.379857011964848466e-03
-1.527042712455782547e-02
-1.714152975955380090e-02
-8.847542978576133227e-03
1.373702238640795575e-03
1.608390883384073697e-02
1.678146754880372599e-02
2.082841598001580405e-02
2.010777948296448708e-02
1.794863635247510164e-02
1.847726895922393101e-02
1.641504402379543801e-02
1.497352391973382803e-02
1.479079354792784719e-02
1.286902675716933633e-02
1.285030976985614137e-02
1.302570824796367606e-02
1.353616393480698218e-02
1.352313785375693946e-02
1.586926962216270859e-02
1.771209276964670967e-02
1.772739245412825390e-02
2.517103041518588963e-02
2.513729956879099184e-02
2.853141594150760199e-02
3.107648866126907355e-02
3.150293883689077312e-02
3.334873354244941024e-02
3.393151558035777809e-02
3.437861721237196050e-02
3.497064130753362726e-02
3.509668728275096294e-02
3.524687374744473606e-02
3.531989311180821350e-02
3.526256574672716193e-02
3.502098842946697876e-02
3.489836999489064756e-02
3.440255181857240774e-02
3.362787976474444079e-02
3.337368893184053387e-02
3.150429775815174332e-02
3.050554774809082978e-02
2.951718377497654366e-02
2.529100157329899207e-02
2.613328152165215676e-02
2.279353740380226506e-02
2.326210531936837370e-02
2.494437072680546000e-02
2.463460991456856153e-02
2.585775138989116623e-02
2.892049323181071149e-02
2.865594296096706656e-02
2.819080047119322183e-02
2.801440213124125125e-02
2.681720204949798042e-02
2.709679932945878444e-02
2.593888444015437708e-02
2.598175765252700581e-02
2.452844112036264498e-02
2.436151329668807819e-02
2.420419941110015655e-02
2.392419398459633140e-02
2.387524736184368224e-02
2.397617473458657153e-02
2.387417623263151864e-02
2.383862408230851687e-02
2.377252627591408540e-02
2.369482976099246407e-02
2.368105371810464224e-02
2.363206147098478524e-02
2.361161957917692206e-02
2.359778778350125894e-02
2.357813009548550068e-02
2.357210921604003043e-02
2.356413278154498650e-02
2.355804574139295712e-02
2.355526685218257976e-02
2.355183004362580018e-02
2.354909200305612543e-02
2.354721277420353254e-02
2.354482249286414183e-02
2.354057698146547195e-02
2.353916368165961254e-02
2.353194262048300539e-02
2.352286945383193911e-02
2.352131455912778377e-02
2.349082913924486690e-02
2.348247374850185795e-02
2.346055088112798323e-02
2.336519306846382427e-02
2.339936443651126005e-02
2.320986144681359831e-02
2.308973231657676650e-02
2.315424271207190340e-02
2.231605287007501839e-02
2.290077082110611797e-02
2.176353737056496013e-02
2.031561822037369555e-02
2.106841972769043017e-02
