1.954987885086440780e-01
2.058393577905065774e-01
3.531596362988130844e-01
3.673619465659596628e-01
3.736763620268119812e-01
4.005323058001864500e-01
3.837582963397370706e-01
3.921018191605727954e-01
3.934748655425469033e-01
3.895827352964907897e-01
3.930814300672371697e-01
3.917236849102769258e-01
3.909522238766647284e-01
3.918473705400336016e-01
3.903484501238715376e-01
3.888655067262523080e-01
3.898826600626033589e-01
3.847307496401921600e-01
3.835680622464507916e-01
3.835103402351034418e-01
3.681263064323919143e-01
3.653267736538644006e-01
3.550469542554980928e-01
3.473929677275579553e-01
3.411199119348526931e-01
3.388383102004698944e-01
3.254313709678978150e-01
3.209238936299707023e-01
3.188852169522169988e-01
2.823863095474635765e-01
3.040684738722785330e-01
2.873142885414177172e-01
1.658093188062335077e-01
7.958362575096197822e-02
-1.627997522998936297e-02
-9.994492432964335871e-02
-1.031299518001219384e-01
-1.325519755214092654e-01
-1.318623982417336249e-01
-1.365727883401929577e-01
-1.429455046322322676e-01
-1.508969254824783779e-01
-1.662657232468021939e-01
-1.667134199230202452e-01
-1.857352658450022731e-01
-1.889175975296795151e-01
-1.961908743001830879e-01
-2.353572776308764380e-01
-2.308321605092513162e-01
-2.522320795656317616e-01
-2.449151330555644490e-01
-2.317445198196312062e-01
-2.334998167993959095e-01
-7.210173976366333892e-02
-4.461964517118992279e-02
-2.334618781032253218e-02
7.735251841451808164e-02
9.750304254288515160e-02
1.591756568504755776e-01
1.090436470571226751e-01
-1.282828707356730991e-01
-1.582099277984782559e-01
-1.890184396659824184e-01
-1.983783811472720204e-01
-1.898479805478601179e-01
-2.293136263327748281e-01
-2.439535558628578849e-01
-3.140063136505217845e-01
-3.127630010974416508e-01
-3.881038808726260392e-01
-3.504750209814412876e-01
-3.332482865386970916e-01
-3.148549481735538613e-01
-2.678703954352619765e-01
-2.597718611444804759e-01
-2.212281467708886729e-01
-1.953761969054189085e-01
-1.992803564711059794e-01
-1.655735267687387657e-01
-1.779620072164887490e-01
-1.812840175905386098e-01
-1.767135159336370165e-01
-2.035801554655801981e-01
-1.969897017373640480e-01
-2.073555195552106711e-01
-2.163408429239399022e-01
-1.886575076627076686e-01
-1.995757746848711711e-01
-7.004017145436802760e-02
-1.816301262118646606e-02
1.443148482024225222e-02
2.471373950098643968e-01
2.738939560967656450e-01
2.648308732055693615e-01
3.812755138870462801e-01
3.007318673625876126e-01
2.455188981477733345e-01
2.143837448967484682e-01
-2.293917501461646691e-01
-2.648429499436484869e-01
-1.732886567607199169e-01
-2.482708921090052145e-01
-1.883887647792404085e-01
-1.698379189085166829e-01
-2.355090121575178497e-01
-1.776554356199459839e-01
-2.189069461400978134e-01
-2.350017023075418598e-01
-2.356693969777206299e-01
-2.562300606185987650e-01
-2.385552888990244702e-01
-2.604353225509132841e-01
-2.616078389053481668e-01
-2.957338912214569349e-01
-3.691138761041935501e-01
-4.150079627509473124e-01
-5.207554717601278194e-01
-5.616180942068923487e-01
-6.487163617701777740e-01
-6.291817693084592600e-01
-6.037180803290416176e-01
-5.982133767139986569e-01
-5.432419566429455005e-01
-5.315238522668360721e-01
-5.567902789344817416e-01
-5.288316654986048304e-01
-5.673165421018585564e-01
-5.403662020283961365e-01
-5.153979758975598680e-01
-3.859187354761187128e-01
-2.078317762855138306e-01
-2.185981167208113710e-02
-1.036744587889164813e-02
5.817713803611705009e-02
5.057640232546962294e-02
1.148126763705684811e-02
3.049790386214724577e-02
3.173786167924541948e-03
-1.476836864240661969e-02
-1.026185845263782696e-02
-5.184844695762057948e-02
-6.795769875652728220e-02
-7.631885384020922758e-02
-1.787157309871479083e-01
-1.835240907809028987e-01
-2.159634675690220995e-01
-2.518299932659460727e-01
-2.455987149329019736e-01
-2.841642776237677248e-01
-2.903501605457621815e-01
-3.493225262350627691e-01
-4.587001269860702113e-01
-4.961723446770975321e-01
-5.728243018058584157e-01
-6.032194235618816291e-01
-6.374398696686072174e-01
-6.422146621482971440e-01
-6.708178994744904422e-01
-6.735222751115299555e-01
-6.576521069948080278e-01
-6.768838602659026371e-01
-6.360825699632259855e-01
-5.642778441785356591e-01
-5.287847902274827039e-01
-4.438384750182159388e-01
-3.805166891741714186e-01
-3.182383323323293434e-01
-2.506554851336613154e-01
-2.158118660648952192e-01
-1.461957218993106822e-01
-1.118956670258659247e-01
-7.003555953200002460e-02
-2.253734057756271413e-03
2.033924211766172802e-02
5.278492719274806982e-02
5.721638277434663855e-02
2.445522546810103767e-02
2.718553963485351513e-02
1.203572751443322125e-02
5.631362430446371775e-02
7.323707970298373726e-02
1.019731623002722021e-01
1.096120339071152278e-01
1.161012743010131354e-01
1.333109283716408244e-01
1.210857175053309115e-01
1.263093051656204169e-01
1.170645640112257940e-01
4.450505955462234070e-02
2.473658054991245345e-02
-1.512098399644423719e-02
-4.365960488888868951e-02
-1.004997617307589325e-01
-1.455066456938206021e-01
-1.423770055402368007e-01
-1.931870314060595561e-01
-2.050210335896823499e-01
-2.096403604989304226e-01
-2.531810584338156089e-01
-2.381458416130329547e-01
-2.019225338425753580e-01
-1.511404550422431881e-01
-1.215242405360524858e-01
-8.568809265761061222e-02
-7.029404578091352773e-02
-5.336396735434629363e-02
-3.818787441681949918e-02
-3.414199518961918978e-02
-2.682320667379525098e-02
-6.478915664951780118e-02
-9.206591470258725096e-02
-1.590636419075568964e-01
-1.468774618203039228e-01
-2.078834062568985230e-01
-2.188807511541212281e-01
-1.842759040402131288e-01
-1.989982422246092675e-01
-2.101277638144020132e-01
-2.276824029860745613e-01
-2.085488079791736338e-01
-2.086590430684376607e-01
-2.705112255179862868e-01
-2.826972347303548516e-01
-2.752032934547118392e-01
-3.129438213141160219e-01
-2.759465644918400740e-01
-2.494724240431707707e-01
-2.166559138546280683e-01
-1.779276143621657535e-01
-1.575276023652284474e-01
-1.229233314930585352e-01
-1.234128137372359491e-01
-1.107042244591534969e-01
-1.109004350581193482e-01
-1.198627834489888744e-01
-1.177388098207725053e-01
-1.484570366195961943e-01
-1.662465031580376285e-01
-1.797217122404310696e-01
-2.128221276763864189e-01
-2.113980136293892864e-01
-2.027821254864151657e-01
-2.016653758055500512e-01
-1.763312364238012186e-01
-1.878684418347248697e-01
-1.792187045658816535e-01
-1.726785003579144051e-01
-1.909893013396284644e-01
-1.805811229997412448e-01
-1.962621150595141306e-01
-2.141563854341006212e-01
-2.144390114973083739e-01
-2.379977337943662008e-01
-2.418524416820682921e-01
-2.402134550304316496e-01
-2.512046228157652772e-01
-1.802827430733044134e-01
-1.634285286202416532e-01
-1.354678732138663577e-01
-6.783990351797983265e-02
-6.589010694204773533e-02
-1.005752384511665876e-01
-7.831113998089758721e-02
-1.104243879947864881e-01
-1.131310471787320138e-01
-9.941851965809392344e-02
-1.021018688731685775e-01
-9.189707590461328179e-02
-8.294034432769777088e-02
-8.504814681572314683e-02
-7.516559205889038198e-02
-6.309938387218848310e-02
-7.603377471481008454e-02
-4.306706393595402527e-02
-4.420451607592019300e-02
-1.315986944780379864e-01
-1.186700691728058282e-01
-9.617591269045351610e-02
-1.066686435526258275e-01
-5.973171600158633937e-02
-5.457205254190694577e-02
-9.978625290327348962e-02
-1.620987026451442270e-01
-1.881859196207866236e-01
-2.763169228403891675e-01
-3.836382307304236905e-01
-4.233376200717589022e-01
-4.682801414685219266e-01
-4.854795468138382031e-01
-4.477635527111453184e-01
-4.775833467750486561e-01
-4.494852877652205092e-01
-4.287347868469156276e-01
-4.207971452354666853e-01
-3.147062093533374294e-01
-2.890664183987764480e-01
-2.326019672148148809e-01
-1.489457290000957834e-01
-1.608485279950428726e-01
-3.615721600350037951e-02
-2.035852738275598095e-02
-2.310576638640826352e-01
-2.591062184662147883e-01
-2.825179638948714378e-01
-2.327035464440630474e-01
-2.174064419566045236e-01
-2.172207659110954314e-01
-2.103036035547331539e-01
-1.923014248334777854e-01
-1.936341705321562856e-01
-1.873677149373833839e-01
-1.845726824003496858e-01
-2.015012235731466206e-01
-2.007784442633976929e-01
-2.163230912781873572e-01
-2.322889845835730271e-01
-2.395424713163158692e-01
-2.633390846835321208e-01
-2.777482838528843034e-01
-2.958275613549460892e-01
-3.224131166468918730e-01
-3.408975091197208318e-01
-3.681045733594963121e-01
-3.960847983817959994e-01
-4.207084875212173114e-01
-4.041882343424097468e-01
-4.110557565302574989e-01
-3.968611290448585405e-01
-3.632615486158419782e-01
-3.636240646961164114e-01
-3.307182191258101756e-01
-3.134434824010635112e-01
-3.540589861529150340e-01
-3.404624867016017298e-01
-3.847254660098347046e-01
-4.573719375803910192e-01
-4.785702928283280810e-01
-5.485737687868293966e-01
-5.933498921671215287e-01
-6.200316196282934511e-01
-6.824968192131657396e-01
-5.421998078629066686e-01
-4.274897254817756620e-01
-3.056791600616312055e-01
-1.743920204674561658e-01
-1.222997857573035474e-01
-6.226090981597950935e-02
-5.951861006094384676e-02
-4.378976758587067863e-02
-8.203257434426090844e-02
-5.251505378893970427e-02
6.638433254893620628e-02
1.778236508791827125e-02
4.638455135055289530e-02
2.590069463891321241e-02
-2.009311520354864489e-01
-1.876163097406236269e-01
-2.234516297493733816e-01
-2.317799761590161045e-01
-1.858983709822076558e-01
-1.931772574490832339e-01
-1.540123629619569723e-01
-1.447156009282501432e-01
-1.338972404869320787e-01
-1.266478637404453989e-01
-1.270694184471876098e-01
-1.145394645312809018e-01
-1.152974895420251639e-01
-9.455199444758857763e-02
-8.958238024833133084e-02
-8.652866297215502933e-02
-7.810883045836848615e-02
-8.426461328529474826e-02
-8.068271655901350370e-02
-7.988996575960197188e-02
-8.399189098882327287e-02
-7.929464190281898528e-02
-7.932452420669092175e-02
-7.681971743180390777e-02
-7.177719438473356695e-02
-7.091759060655349056e-02
-6.620421276852027359e-02
-6.359718349020687667e-02
-6.107789106610924529e-02
-5.737048554164338870e-02
-5.540234362623978198e-02
-5.196886733845243467e-02
-4.987369639286125950e-02
-4.666944156348736689e-02
-4.410712003317106972e-02
-4.190461242827767802e-02
-3.771579075908052664e-02
-3.685407818252323109e-02
-3.253794407894462781e-02
-3.004163969071183687e-02
-2.972347064314719706e-02
-2.447687650783124044e-02
-2.790826251816828571e-02
-2.852608632319081697e-02
-3.355454339917451206e-02
-6.661425112391855530e-02
-7.611518047561359468e-02
-1.077785658533540886e-01
-1.311181680536142591e-01
-1.520570163802445196e-01
-1.818892853018168609e-01
-1.523272917942467275e-01
-1.580060211203345444e-01
-1.474721007579777865e-01
-1.252175601204104372e-01
-1.050191911329595579e-01
-8.862008657340460227e-02
-4.623441802883765384e-02
-4.084362459711835674e-02
-7.510878873945937839e-02
-6.153481988140536291e-02
-7.720201999516768110e-02
-8.425419311951397316e-02
-8.152390066354275877e-02
-8.990446690915059047e-02
-9.204313451856070694e-02
-9.239563990459601084e-02
-9.815066004021867629e-02
-1.038551069751103562e-01
-1.014188456860894427e-01
-1.171854333961718508e-01
-1.167419398845264966e-01
-1.060986730734586186e-01
-1.045461964601041571e-01
-9.399171479485285419e-02
-8.915473915153943052e-02
-8.651669257168308202e-02
-7.856742405009528585e-02
-7.571638516444453848e-02
-7.221068842785625941e-02
-5.912856155590483220e-02
-5.958466935371845713e-02
-4.453421323246922747e-02
-2.305685961883109994e-02
-2.495684859903566852e-02
-4.736665594990855516e-02
-8.625304611503096727e-03
-2.097022760795487842e-02
-1.263283181261985917e-02
-4.560037583645737392e-04
-5.348765887494577077e-03
9.161366900555200504e-03
1.177555125541978470e-02
1.849446685491586487e-02
4.075227106013836614e-02
3.867509188359657263e-02
7.603216616805744121e-02
1.050370628100266018e-01
1.111178916753479406e-01
2.287425887397706303e-01
2.358654403653672182e-01
2.719748868929332541e-01
3.089627646943776118e-01
3.119979146365968736e-01
3.299052424763655456e-01
3.356487735894244095e-01
3.403291015519995799e-01
3.265043343928071828e-01
3.268714081094940549e-01
3.191267357536546334e-01
3.153917984164256172e-01
3.140178817468055605e-01
3.123964180703227567e-01
3.108008643173274521e-01
3.116246353776957467e-01
3.143821208692088587e-01
3.104624832042423566e-01
3.205520995513315152e-01
3.192888712022293740e-01
3.154309486027636056e-01
3.281298522143227259e-01
3.276603342761460480e-01
3.591072757015955075e-01
3.594814788045113674e-01
3.630624972901072001e-01
3.733049409936930463e-01
3.717787590883770421e-01
3.756793864184185816e-01
3.776293372942357007e-01
3.776169276268539488e-01
3.792725312668162596e-01
3.794675695987345665e-01
3.798085878296033058e-01
3.802517888897337661e-01
3.802331336509193749e-01
3.804678661287343999e-01
3.803787328721423555e-01
3.804029394889975602e-01
3.804308219208531461e-01
3.798365400292110228e-01
3.802581194788696717e-01
3.793461495872258449e-01
3.783494018415040072e-01
3.797331172673442112e-01
3.748875452612490111e-01
3.763598368877049682e-01
3.761041044728096749e-01
3.615679079049519129e-01
3.774106893223452830e-01
3.523312098538732284e-01
3.322823250245036664e-01
3.486648431562507366e-01
