3.221381275172180425e-02
3.222505152699889353e-02
6.017781120934695416e-02
6.041881393819201890e-02
6.511309310959974284e-02
6.928741851453847078e-02
6.659255152964940749e-02
6.778618407774598953e-02
6.766447602250434679e-02
6.703059463352062375e-02
6.738666265731567406e-02
6.713293061158108477e-02
6.707984662525649788e-02
6.712913962756514308e-02
6.703917228086987701e-02
6.705247409758884058e-02
6.704446775705451278e-02
6.702581397127022056e-02
6.703286901278672494e-02
6.702883396988341957e-02
6.702992743496088979e-02
6.703672988893119578e-02
6.704552108110621578e-02
6.705496429749860376e-02
6.707853029922367094e-02
6.710699303114736614e-02
6.713429888372708654e-02
6.721885709913366647e-02
6.727369880951693248e-02
6.738405558286179875e-02
6.763832731367740159e-02
6.770217180400940615e-02
6.820744727041409827e-02
6.872967930257065095e-02
6.882574623048672013e-02
7.055578464862098664e-02
7.045679952603577101e-02
7.081215542626108361e-02
7.058138284048935673e-02
7.087272069647422568e-02
7.046534729540235298e-02
6.931005290997062362e-02
6.885014573838210694e-02
6.277718219525871279e-02
5.917502901420857581e-02
5.664651919382125700e-02
4.242952661479647281e-02
3.432608723329918371e-02
3.374528875759780916e-02
2.113072186902372959e-02
2.439688371132481270e-02
2.126203755551988803e-02
2.186442571804178905e-02
2.247894672722190734e-02
2.291423202918743685e-02
2.284315956475384268e-02
2.176631548297989008e-02
2.125758972188745988e-02
2.294337751066335626e-02
1.928661930297055974e-02
2.102584262209756041e-02
2.359743852245371754e-02
1.192854539333416605e-02
1.754766592508163678e-02
-1.022235388019558514e-05
-3.859401305915919483e-02
-8.238135413387258355e-02
-1.662610499669702202e-01
-2.224633232693039031e-01
-2.126794891938206256e-01
-2.292974327940934531e-01
-2.101977776090877548e-01
-2.119126065902286749e-01
-2.112837363121921053e-01
-1.990039569667689523e-01
-2.070627341750087558e-01
-2.066396226407621606e-01
-2.014712912429129643e-01
-2.125705921192108661e-01
-2.049598418632886943e-01
-1.804467889730795027e-01
-1.778092083945933821e-01
-1.441714194798214832e-01
-1.385332135233307005e-01
-1.349193526211435734e-01
-1.179112794028179395e-01
-1.204462863796555011e-01
-1.177330510160162769e-01
-1.136085016529113506e-01
-1.146404007041001150e-01
-1.019010649821150555e-01
-7.980201654376804787e-02
-9.096147557664170658e-02
-7.276344058514304380e-02
-7.775349271526615924e-02
-1.090491120442415585e-01
-1.018067328528792503e-01
-1.183575541436256845e-01
-1.280256406741986930e-01
-1.151961913972483764e-01
-1.030170742276966256e-01
-9.952384359081507814e-02
-8.365401514429439411e-02
-8.119526857634681849e-02
-8.273713499694729245e-02
-8.863364925615126177e-02
-9.790170989776929289e-02
-9.920481868845006101e-02
-1.070575017560609077e-01
-9.680007758331535261e-02
-9.635969607794969694e-02
-1.186569755060692261e-01
-1.052966446990959565e-01
-1.400043458736346946e-01
-1.556916110534121434e-01
-1.701992260951285529e-01
-1.616134243852923313e-01
-1.572905581933024544e-01
-1.461256672646517041e-01
-1.253886368459047607e-01
-1.282285247047360299e-01
-1.117123132090542259e-01
-5.810989419511260190e-02
-2.656080277919014784e-02
4.541421704511758306e-03
-1.693103224969818871e-03
-1.462017654267375004e-02
-3.241291257544968302e-02
-4.424320263007271159e-02
-8.555875890992471755e-02
-9.617135891905832790e-02
-1.232130075179450474e-01
-1.362586087790817468e-01
-1.626506804643745030e-01
-1.689855902341929617e-01
-1.653202858393049424e-01
-1.638863379679847965e-01
-1.619541026274458062e-01
-1.485809235836384468e-01
-1.264714010394240862e-01
-1.327397372012788235e-01
-7.881679574289007784e-02
-7.998470178061264924e-02
-1.142752956370537143e-01
-1.053420444672718143e-01
-9.053253983444187192e-02
-8.013174093977093460e-02
-9.019863212041034917e-02
-7.885732075235894756e-02
-9.272865645375627519e-02
-1.104172646541542874e-01
-1.010868492341981256e-01
-1.090615847020560691e-01
-1.034277987878310379e-01
-7.853572802892551386e-02
-7.871678659366129760e-02
-6.328737668560811824e-02
-5.589400216100343100e-02
-6.937342980760526079e-02
-6.613893567608496171e-02
-1.003901160423357891e-01
-1.080415548947279564e-01
-1.223751957813178082e-01
-1.376340960705681737e-01
-1.197464769816002916e-01
-1.257347377294778523e-01
-1.077689812877493936e-01
-8.356268937795316432e-02
-8.431736963426798848e-02
-5.901988141719733544e-02
-4.342666366168584230e-02
-4.425702774305532300e-02
-2.869088479135959574e-02
-3.891136655704739711e-02
-5.222346742873461983e-02
-5.861223568121663036e-02
-6.730896658464083360e-02
-7.464019809071593958e-02
-7.764542044657105069e-02
-8.198546620882649072e-02
-8.760104116828879017e-02
-8.750219872939458965e-02
-9.733198134450060657e-02
-9.389342292071507778e-02
-1.018428172032937729e-01
-1.035410821263772208e-01
-9.408944164177981961e-02
-1.165738288950486090e-01
-1.175495302016185267e-01
-1.352725870800602914e-01
-1.705659322137505762e-01
-1.729306687319157598e-01
-1.973285514619531056e-01
-2.282169822185504127e-01
-2.404647871900396361e-01
-2.530381138089453086e-01
-2.675314661950163320e-01
-2.483199841622306669e-01
-2.391970257778724962e-01
-2.262559051599479232e-01
-2.077036416763649862e-01
-2.109979400881839273e-01
-1.937830752577142657e-01
-1.779510632151206362e-01
-1.681154985214616260e-01
-1.347939445267318237e-01
-1.369488000006802986e-01
-1.345499089817393801e-01
-1.432671092828874670e-01
-1.737749555577113303e-01
-1.850127707910642905e-01
-1.808073322861617205e-01
-1.972660156741176396e-01
-1.852087628439184619e-01
-1.735301425441999057e-01
-1.708338788940788888e-01
-1.441072173019736502e-01
-1.277455268688008905e-01
-1.185533731049615569e-01
-9.900004353869611140e-03
-7.215928501942576838e-03
6.088212069203752935e-02
7.403121058705000590e-02
5.247824892831857990e-02
7.564726452952699742e-02
6.705855978870499390e-02
4.290128761013971975e-02
4.460178170021441429e-02
2.838795130401877698e-02
1.152112048920680802e-02
2.610046126823227682e-03
-2.590665473944533601e-02
-3.169451918855020756e-02
-5.657194524435938537e-02
-4.579796328154532581e-02
-5.812025165504342700e-02
-6.001281947655652538e-02
-5.143010743843514504e-02
-1.364211849618336969e-01
-1.279237668880510437e-01
-1.354248722768489066e-01
-1.894288025156417865e-01
-1.693822167094998499e-01
-2.220633478291734464e-01
-2.203978970673718396e-01
-2.092942051825344152e-01
-2.318647206663168869e-01
-1.887361434731380794e-01
-1.910235862035894461e-01
-1.832070740241531770e-01
-1.578117840364796909e-01
-1.637049888715915447e-01
-1.323070817627410301e-01
-8.289491578684327067e-02
-7.474509869901051207e-02
1.063381742515946519e-02
5.398178988795446567e-03
1.834729812963467252e-02
3.235004356135326442e-02
-1.105557751638797798e-02
-1.204867567644913283e-02
-3.506367488271503602e-02
-5.314252199565296098e-02
-4.198572040737377775e-02
-6.041069405856943492e-02
-5.246693276027268593e-02
-6.649104077769733834e-02
-6.903270931063824889e-02
-2.227207861577909162e-02
-2.841645095514792191e-02
-2.061123776814146810e-02
-7.951773408614302638e-03
-1.024101444252275943e-02
-3.244562399172948482e-03
1.246592769260902137e-04
3.513662339378347769e-03
6.804669229737486148e-03
1.204982385189903860e-02
1.222773090960275859e-02
1.688043394631643865e-02
1.532066355468988429e-02
1.848259338761754772e-02
1.780339244880332211e-02
9.104772954715862482e-03
7.100623798057464214e-03
-3.638524828099830646e-03
-1.008233159625717551e-02
-2.352806349547946832e-02
-2.840208168912083941e-02
-3.779268136461676891e-02
-4.926690172431336112e-02
-5.100299239691876568e-02
-6.358174764091099884e-02
-6.538257688649440347e-02
-6.695802469190782757e-02
-7.211070418023525497e-02
-6.687942629760205981e-02
-7.236140018781157812e-02
-7.620804096515089443e-02
-7.953938854270729830e-02
-9.139941217169850196e-02
-9.516941913654379526e-02
-1.043606315101568704e-01
-1.088560210813278861e-01
-1.106762786978507385e-01
-1.176727509277824685e-01
-1.154000115806481097e-01
-1.040522472624354072e-01
-9.203124260771980425e-02
-7.696550788924098885e-02
-5.074230462114050211e-02
-3.434650532011890994e-02
-6.551569913462920898e-03
6.733440221530278755e-03
4.400323738407596608e-02
4.751401835692359299e-02
5.978571621379016876e-02
6.507365382742526239e-02
5.501435632093654160e-02
5.417501930625584494e-02
3.511175395699870500e-02
3.529595993055708453e-02
3.712701290180402819e-02
2.709270675461921893e-02
4.331336123468654958e-02
1.691256207811266815e-02
-6.740825984397227997e-04
-2.205753985210729198e-02
-1.138700204729122395e-01
-1.166467981377985602e-01
-1.525571777166939702e-01
-1.633120996392494750e-01
-1.453354932130863919e-01
-1.587050973925072106e-01
-1.391858812755514818e-01
-1.298024775738904624e-01
-1.361263841335903224e-01
-1.298717366448356170e-01
-1.291484842181579995e-01
-1.300105426640517647e-01
-1.208336373520022544e-01
-1.226562900131127759e-01
-1.189708086566847317e-01
-1.061642846051715910e-01
-1.069112076683701451e-01
-4.944517172321952897e-02
-4.882989453070984975e-02
-5.546793971241505833e-02
-3.922387648132436011e-02
-6.017025361745046569e-02
-7.372275118554920403e-02
-6.791852892426723798e-02
-1.013305412856898985e-01
-9.095087664246877257e-02
-1.086233982021897609e-01
-1.611996316005719354e-01
-1.563938534865085550e-01
-1.731065225762219162e-01
-1.672010819939085124e-01
-1.420748783195114606e-01
-1.369398223256905189e-01
-1.023139526332022264e-01
-8.208361185595298981e-02
-4.291414463210246194e-02
-3.565186453228644942e-02
-2.135577594620261671e-02
-3.252853830786571476e-02
-1.342017422213655220e-02
-1.225963340363960810e-03
-2.568802372271068810e-03
2.873805451672750699e-02
1.085036458268873703e-02
-2.293770325667966389e-02
-3.487804859820307912e-02
-6.697806582329651759e-02
-6.541859078183215326e-02
-6.630278103452663663e-02
-6.403944121663102118e-02
-3.466925666635251729e-02
-2.206778292653202925e-02
-1.370903095200009039e-02
7.035486446289510205e-03
1.279191257228918729e-02
2.222585848359469318e-02
3.447306791791730773e-02
4.008558923852201944e-02
4.459792724042522388e-02
5.590364532689687249e-02
5.343401665979127801e-02
5.156154357512128528e-02
5.299260845625414912e-02
3.710072562326422602e-02
3.542976531266799761e-02
2.452442847361911704e-02
6.047271743391106381e-03
3.480924254641040716e-03
-2.103020024940279939e-02
-3.668486021462566415e-02
-4.782144694272476293e-02
-8.241026401202720952e-02
-9.172784454041263413e-02
-1.017171615608481045e-01
-1.228348007273235981e-01
-1.161181207642270063e-01
-1.284951915192300564e-01
-1.286211630706410591e-01
-1.159617152756086539e-01
-1.183671332129658943e-01
-1.064513142667265488e-01
-9.879043234945361629e-02
-9.841898615856121968e-02
-8.807059731398617086e-02
-8.711217463006190598e-02
-8.500824024251152355e-02
-7.674245078877503512e-02
-7.857860415401869691e-02
-2.505966065136198268e-02
1.619801307064070578e-02
6.235152892097722138e-02
5.239140397338593741e-02
5.386809258834844572e-02
4.577229917124586711e-02
3.974977396117829881e-02
3.692248957850976371e-02
3.408954761529777583e-02
2.970633024368801375e-02
2.833691159844515389e-02
3.128143857539404660e-02
3.188645375285611289e-02
3.813441579035977552e-02
4.251554081865974166e-02
4.416000670752817658e-02
5.301784053783854811e-02
6.086584724996955964e-02
6.158767831170444684e-02
8.884546800097636865e-02
8.888523924104972662e-02
9.546118935620862000e-02
1.031754419823998903e-01
1.031147291646991732e-01
1.070454020905674125e-01
1.086103464844455219e-01
1.091570709811502254e-01
1.106170116962759270e-01
1.108401774117131339e-01
1.111417533694193799e-01
1.115425337847564952e-01
1.112108506173712652e-01
1.111657979797937568e-01
1.110477942576180294e-01
1.096314999862400136e-01
1.098325626500400165e-01
1.080132642195722470e-01
1.048085948566212650e-01
1.064564215049865620e-01
9.712533938766082509e-02
9.463972686886269747e-02
9.434081098654012454e-02
6.334729160996169228e-02
6.233943867218689344e-02
4.651608261715801246e-02
3.592534654747349399e-02
3.274864255792279966e-02
2.161494903824298652e-02
1.869646790557118188e-02
1.390819784451131393e-02
1.343203276590435209e-02
1.718698747513102559e-02
1.966078970896804196e-02
2.308450619947862575e-02
2.473288333254479096e-02
3.912988265419821421e-02
4.044147249416209927e-02
4.433400028147139321e-02
4.920440300906669256e-02
5.035653829679286736e-02
5.548010596548585971e-02
5.608933754123506671e-02
6.054035101436676392e-02
6.065150904285841055e-02
6.130869591118295187e-02
6.265921347444704248e-02
6.252043231079777719e-02
6.302267049112969532e-02
6.327388045451635967e-02
6.329613156455587974e-02
6.348409935433778351e-02
6.352225929990139297e-02
6.356236863266651049e-02
6.361420701164059721e-02
6.362354383885299169e-02
6.364348719961059053e-02
6.365558075670607607e-02
6.365930143336127889e-02
6.366483275941074715e-02
6.366754056451989774e-02
6.366474283290754488e-02
6.366393218787520791e-02
6.366252996986819512e-02
6.364420216509032724e-02
6.364766598008321508e-02
6.362377317382998665e-02
6.357495129779038023e-02
6.360894937240854641e-02
6.345639988060054748e-02
6.343242678099396403e-02
6.346116195828732653e-02
6.282639165044422158e-02
6.348944770319088493e-02
6.207460767558784648e-02
6.096184626574039506e-02
6.177036952789256158e-02
