2.464622816554310793e-03
2.739447986654666278e-03
5.138817959187703607e-03
5.112036203462635986e-03
7.177430016203929092e-03
7.537722341351829787e-03
7.624372938473232206e-03
8.217777858022681445e-03
8.187138654754726186e-03
8.346887495980564661e-03
8.488655715829445531e-03
8.502048009540028387e-03
8.653666202883538924e-03
8.673811482486437976e-03
8.804256547713289541e-03
9.042728945482889774e-03
8.947326397317644300e-03
9.616871986494624630e-03
9.852632777561133592e-03
9.832457743267374040e-03
1.224987911021594572e-02
1.231380906065060801e-02
1.351738701250234861e-02
1.406785758262757077e-02
1.474179393635812949e-02
1.542944515135743176e-02
1.551816519636804899e-02
1.791028296817562954e-02
1.735496161992035324e-02
2.002605930395655667e-02
2.756459954729572129e-02
2.894883004764066403e-02
5.492652134558775878e-02
5.878940569481624911e-02
5.848531048597117171e-02
7.269250379690474217e-02
7.073029396235065713e-02
7.300500553645887514e-02
7.793321941475775394e-02
7.711423188063726286e-02
7.944443920581220620e-02
7.991230158534710915e-02
7.949171527351088506e-02
7.972760816208876444e-02
8.150234932643971031e-02
8.001404649454353646e-02
8.145930596858801109e-02
8.686914786599858607e-02
8.644926561402119236e-02
9.307184774152658935e-02
9.094635306214855774e-02
9.102031054239272112e-02
8.970317787237395979e-02
7.349916835115102853e-02
7.207425174928178135e-02
6.520053059808092466e-02
5.874617739931228821e-02
5.687379937552598796e-02
5.395395181827043057e-02
5.697126397963008654e-02
6.410430253705393100e-02
6.783431442949897083e-02
6.866928620834629460e-02
7.282553617253381684e-02
5.726128993570850367e-02
4.811263674771884546e-02
3.172677014463267525e-02
2.283285634368623432e-02
2.974685529675445694e-02
2.155819868137918635e-02
3.378203574450230895e-02
5.199372967062650119e-02
5.261703328061067414e-02
7.312452910215881674e-02
7.403191198242808913e-02
7.035415131127739641e-02
7.244023802087605490e-02
6.091754860632529051e-02
5.618883215198430120e-02
5.121617616759552988e-02
3.550039756421415060e-02
3.329818718958289098e-02
1.226128475542744185e-02
-2.050724776231370710e-03
-1.834987865542438146e-02
-2.275573673404895220e-02
-2.571195865923216542e-02
-2.540183204118276125e-02
-7.541770152327986754e-03
-4.993704204204650436e-03
2.870828612945980612e-03
1.374771681306547096e-02
1.386290700810815027e-02
1.683327690717899977e-02
1.800142277601150115e-02
2.058121028736678224e-02
3.087035928792423653e-02
3.270169070456322574e-02
4.644100292649389061e-02
4.919835046899020958e-02
5.639799559963613873e-02
5.984919013504363255e-02
5.234005840671448334e-02
5.525855407076794845e-02
4.587589347109101434e-02
4.364281388356728436e-02
3.831277524198173356e-02
2.004547961834211856e-02
1.816614237349704203e-02
4.014492987757560354e-03
3.837471539410447366e-04
-4.446381949306420049e-03
-7.359676972373426461e-03
-5.363021162861206226e-03
-1.094022871023022161e-02
-1.072354369190820639e-02
-9.966521996057580920e-03
-8.897304752502414524e-03
-7.995062668219745858e-03
-1.440462128826694443e-02
-2.809086609029682810e-02
-3.521789760537712838e-02
-3.645590924927327725e-02
-4.792223411761746543e-02
-4.094413145986946362e-02
-4.740761351528754997e-02
-5.328988797931779459e-02
-4.035470966898468265e-02
-2.273918765613830092e-02
6.962103526320561654e-03
3.324964174432733233e-02
5.119361012506300213e-02
4.684395535182392378e-02
5.858857357264558169e-02
5.569357749110279837e-02
5.787521057399207247e-02
6.079444205487256891e-02
5.967880764615692002e-02
6.255075620135720771e-02
6.244352978616081462e-02
6.398430440725756674e-02
6.679886244699373421e-02
6.542956932298196748e-02
7.253631748959572800e-02
7.547926385769838931e-02
6.717781703602239418e-02
6.678948046801255756e-02
6.544153731168381172e-02
3.276786722181376788e-02
3.237790985511898589e-02
1.760957160402883831e-02
-9.718338932869415372e-03
-1.709624608740228230e-02
-4.400665130496658750e-02
-5.519351745717088892e-02
-6.984674714271874030e-02
-7.927211273390352697e-02
-8.070073908533731410e-02
-8.479732173050358313e-02
-8.483370128146250355e-02
-7.640605686126115959e-02
-6.660287693439916057e-02
-5.170088916853016886e-02
-4.447615754078439176e-02
-4.039848982729948856e-02
-3.770453109468287212e-02
-3.416098449051008235e-02
-3.778248368722442185e-02
-4.020513923383062932e-02
-3.403728252326557180e-02
-4.110733716951405631e-02
-4.047141719897717066e-02
-3.999810172807742592e-02
-4.446333353036355934e-02
-4.485935577162041693e-02
-5.796424182283581306e-02
-7.145432947161078907e-02
-8.312107844921917676e-02
-1.026802421158594519e-01
-1.034298900450445896e-01
-1.123160213987282746e-01
-1.160512229198923384e-01
-1.141120331994767423e-01
-1.222020626921858089e-01
-1.218855082093894399e-01
-1.225045977813201126e-01
-1.321547682603530505e-01
-1.292910228453658383e-01
-1.205816445297204775e-01
-1.159397415326785807e-01
-9.398247224070199746e-02
-8.930919547199983599e-02
-8.317386146048988405e-02
-7.717956770140922684e-02
-7.454145900540060099e-02
-7.480112011919128057e-02
-8.205540043463245559e-02
-8.266608579969322856e-02
-1.017143665782901663e-01
-1.148206589290676205e-01
-1.303643538758365861e-01
-1.423414473931451096e-01
-1.441970404431416053e-01
-1.478011254257020346e-01
-1.506446285854762257e-01
-1.473483271170203390e-01
-1.527338179630281789e-01
-1.533490031146105270e-01
-1.497409331076317296e-01
-1.567797565143833061e-01
-1.395276418218917014e-01
-1.098402625723305659e-01
-8.370539684439841366e-02
-3.800032030043616615e-02
-2.469892386246880581e-02
-7.478379606247939062e-04
1.250198313969552374e-02
1.560149102007016807e-02
2.421663620381211968e-02
3.046713984288905441e-02
3.187288367771452802e-02
3.514456783127352379e-02
3.715294437015961848e-02
2.864552164692292513e-02
2.895733660531235598e-02
2.257921494455120484e-02
4.425176718603647356e-03
3.008241803315912961e-03
-3.679869379242302601e-03
-8.685199361835179224e-03
-5.503522102426085250e-03
-7.103446378259702446e-03
-7.462070801670592224e-03
-4.669547955710953539e-03
-1.227866417941534186e-02
1.555018358261209136e-03
2.650075168880260904e-03
1.070102406645835960e-02
1.622222118484980061e-02
1.292439848439273613e-02
2.172240630174764389e-02
3.280647429327310238e-02
3.406529031436339450e-02
5.202739572275059260e-02
4.675653864337354221e-02
5.338121267202151216e-02
5.959339418110643632e-02
4.988925325396730698e-02
5.993034078133165771e-02
5.066732098118032629e-02
4.036706949231291808e-02
4.083968282629933666e-02
4.688585598521705609e-03
-2.035243005389106644e-03
-5.884225565396511816e-04
-1.542934913996256083e-02
1.209184200605325533e-02
1.356420745836596671e-02
1.958127472470937158e-02
4.832157950821341919e-02
5.059516404166684161e-02
5.642757718943348239e-02
6.647434239915957221e-02
7.201215981497721685e-02
7.523978202350489752e-02
8.810035352281485321e-02
8.693566210748399081e-02
8.577601960071852549e-02
8.657147574889530184e-02
8.627168905092487405e-02
8.211015538778967948e-02
7.962854714707214010e-02
8.143278100469800163e-02
6.340720921608396232e-02
6.126821061348246972e-02
6.473570506993911455e-02
6.079885350002105920e-02
5.649417155526565565e-02
5.934164998085542098e-02
5.608677055783411330e-02
6.185177778838846230e-02
6.585036327953266988e-02
6.149496890825104090e-02
6.792950370754741174e-02
3.971733890338034756e-02
6.261849567020855503e-03
-2.663717750589697508e-02
-5.716427416307045400e-02
-7.450161729788458420e-02
-7.164977788204010545e-02
-7.493999347268504030e-02
-7.610939992755644257e-02
-6.596547146638148673e-02
-6.187923404527361643e-02
-4.508309527872324945e-02
-3.487983375849067202e-02
-2.790996222218353889e-02
-1.988635906351297195e-02
-1.531141658946311677e-02
4.100301044328630816e-03
4.569826584852742547e-03
1.997754910650178031e-02
2.155482852180272413e-02
1.281166558835407712e-02
1.985491813760727198e-02
1.583853106883442718e-02
9.443091798867691428e-03
9.335465519811753793e-03
2.276130125707577501e-03
1.120773837429360324e-04
-3.459241766729446478e-03
-6.619311184381102518e-03
-7.979007416814560064e-03
-1.067113674774069348e-02
-1.227508113806087368e-02
-1.323496507490957465e-02
-1.536363864781538011e-02
-1.625890307996386355e-02
-1.709137921875058391e-02
-1.942648369008260004e-02
-1.925354031300152702e-02
-2.040352896337340946e-02
-2.149922256520945055e-02
-1.826432815079962607e-02
-1.678682287733178000e-02
-1.214842308994740910e-02
-4.407031010396547828e-03
-3.827580840230423564e-03
1.594274734398985543e-03
1.052337846604436446e-02
1.362591666105000604e-03
1.359614506518271905e-02
-7.952880902747854613e-03
-2.904459474976935768e-02
-3.965494743044222642e-02
-7.592501186271792546e-02
-7.794839361411208534e-02
-7.779074134404793950e-02
-9.288967816799099941e-02
-6.727909315826731407e-02
-6.870389155407526094e-02
-3.791931902430083906e-02
1.001608790439106542e-02
1.863143744060288126e-02
3.468858358888191051e-02
4.140654152739355054e-02
4.480763046712381292e-02
5.515473760468769804e-02
4.146519902234019339e-02
4.441319944407562392e-02
3.120348927676289824e-02
-1.379337482008869201e-02
-2.171130239911737286e-02
-4.887916214247394614e-02
-6.224587585943060913e-02
-7.086044527697073214e-02
-7.498351391864355175e-02
-8.041410430085416117e-02
-8.217653720841544551e-02
-8.064656743996971577e-02
-8.417929095956262764e-02
-7.877893858879053690e-02
-7.721152858366321647e-02
-8.301473720263319311e-02
-8.094554922357816151e-02
-7.847507255229074774e-02
-8.359730072495627495e-02
-7.933063567310129349e-02
-8.440100889754870161e-02
-8.664775566007436314e-02
-8.270429663187699176e-02
-8.637479012378378174e-02
-8.884643197517798352e-02
-8.901147502653920796e-02
-9.699682167097029017e-02
-1.019609212097378897e-01
-1.063150826383348069e-01
-1.186341136926112455e-01
-1.218244759459539972e-01
-1.274632977044604376e-01
-1.340993115087340259e-01
-1.345426906865534733e-01
-1.394733051731243123e-01
-1.408626032067434031e-01
-1.417221620782478930e-01
-1.439871939173464899e-01
-1.433544901273976768e-01
-1.443441860725021841e-01
-1.435484981736542820e-01
-1.430361122813241515e-01
-1.420564701608121871e-01
-1.395529114763687240e-01
-1.388129595745618006e-01
-1.342005373226331510e-01
-1.317173993356431094e-01
-1.279307294729930267e-01
-1.200623368541142433e-01
-1.176804950626079288e-01
-1.074290472970730881e-01
-9.850023579969459375e-02
-9.566374509051162045e-02
-8.015304643301437992e-02
-7.319217054676770140e-02
-6.660379349337074151e-02
-4.026392373612533437e-02
-3.463102518779802991e-02
-7.044463134853910097e-03
3.157531234675768714e-03
1.034881861040241359e-02
2.386193231592465339e-02
3.004940676262021770e-02
3.446589675560977201e-02
4.984921000541160663e-02
5.072931602225660280e-02
5.459056030043283464e-02
5.892780041071156438e-02
5.897678429982352449e-02
6.143687590915151986e-02
6.228916816680012819e-02
6.319536392930456825e-02
6.478032632420242798e-02
6.523280777025075583e-02
6.814115394060328568e-02
6.949212007142804848e-02
7.223110228721535409e-02
7.960584756882427282e-02
7.929207928538484218e-02
9.217974212383447941e-02
9.099939692141363612e-02
8.895903104640477677e-02
9.131018871940531356e-02
8.980794953107820722e-02
8.857383471306809475e-02
8.752238636956931328e-02
8.831510270135260743e-02
8.137477492563406634e-02
8.311631625580878646e-02
8.086491085506546106e-02
6.264817503325870174e-02
7.314893249980387868e-02
6.690733665553223741e-02
6.567781059165488100e-02
6.869381893279426221e-02
6.537878049437000072e-02
6.676686593244376966e-02
6.679202263336068979e-02
6.614778128492455889e-02
6.721267682489422135e-02
6.703993897872582985e-02
6.776179799583026409e-02
6.854878684974698155e-02
6.900916623345966505e-02
7.076504484120453575e-02
7.124879092424535321e-02
7.126255554883695331e-02
7.105099255899069433e-02
6.885656615976713801e-02
6.496067431199178954e-02
6.493345575451925367e-02
5.588356131420750550e-02
4.791864592573378406e-02
4.680499072737662886e-02
1.615178630050992034e-02
1.549339007859463872e-02
1.038075675832364139e-02
2.039916946210137277e-03
2.767378322326537882e-03
-7.523800550709791113e-04
-2.016209325674448490e-03
-1.955130203319253596e-03
-3.530006857946813448e-03
-2.220944794871006992e-03
-2.645364346641895618e-03
-2.535041781214829402e-03
2.273446891961992261e-03
2.205084011861145697e-03
2.607823411241814038e-03
2.773885933168753013e-03
2.629397385740810719e-03
2.833135316441994650e-03
2.788182465328700212e-03
2.804281012024091406e-03
2.847814328831412781e-03
2.830500270445587482e-03
2.847854146684242367e-03
2.852564783308489827e-03
2.850871245224841349e-03
2.856962480298151728e-03
2.856615032183327466e-03
2.857943001570497146e-03
2.859078884798295968e-03
2.859078495849394237e-03
2.860977184084895122e-03
2.859211755293015154e-03
2.862302070763128158e-03
2.863544564536316117e-03
2.857396211234386647e-03
2.874487826971526203e-03
2.860309176838425962e-03
2.860670626540357843e-03
2.914229883504511256e-03
2.819309169476132658e-03
2.933214030247411307e-03
2.996247566739866468e-03
2.690667258000947748e-03
3.432417669076133146e-03
3.673721112001860929e-03
