2.973465182871465264e-04
3.471494980736160893e-04
6.187463119815876059e-05
-2.604821686951779209e-04
2.582044567644027188e-05
1.542278429118624865e-04
1.040846918065195916e-03
1.102718204724539115e-03
1.375424905783921266e-03
1.625487201482410512e-03
1.671361408881817190e-03
1.815340283238143799e-03
1.880527563570151810e-03
1.920668122202052455e-03
1.975735809956657898e-03
1.996114469322306066e-03
2.018626324830292799e-03
2.035786270417957924e-03
2.042908796943247469e-03
2.050876895584973891e-03
2.052355635070785087e-03
2.051904858806827964e-03
2.048558233692863474e-03
2.038318819377533606e-03
2.030503274414133686e-03
2.008967603538676892e-03
1.983303611349201360e-03
1.961720914154561207e-03
1.892859672121446381e-03
1.853848250425032878e-03
1.776500859154254118e-03
1.600137817382302425e-03
1.577758399592444271e-03
1.251835787163143665e-03
9.533593027676374359e-04
9.420017055638024066e-04
-2.521537785646040322e-04
-3.040450354668350558e-04
-5.993466484997663152e-04
-9.937199492154049577e-04
-1.088387398464657008e-03
-1.219716612145221694e-03
-1.625049308632940323e-03
-1.631480905828046508e-03
-1.832943376580333829e-03
-2.932651478015536103e-03
-3.136381599903991218e-03
-5.505962823421068839e-03
-7.108525422631952091e-03
-7.602833878557442755e-03
-1.213331016897899531e-02
-1.311458001847736442e-02
-1.560477826855533046e-02
-2.590068485091499839e-02
-2.699702713064610488e-02
-3.634071624992692151e-02
-4.042442991176269096e-02
-4.210720936036009554e-02
-4.534091404600312097e-02
-4.259964278362694118e-02
-4.476511087998964050e-02
-4.374985303174611789e-02
-4.303205132954152773e-02
-4.583897527672497335e-02
-4.456315329106401435e-02
-4.485329458618258353e-02
-3.807573452347150222e-02
-3.229671692541481037e-02
-2.822185608744572083e-02
-3.011366921131203994e-02
-3.088407733889290269e-02
-3.216031224072552624e-02
-3.245448062129141498e-02
-3.320796551398567942e-02
-3.399750212090151685e-02
-3.450108042339629366e-02
-3.515034766160460289e-02
-3.610269807769589390e-02
-3.650173772192630978e-02
-3.739859995456521619e-02
-3.868141648701364094e-02
-3.871754404538906708e-02
-4.256159542262798190e-02
-4.280400860193570717e-02
-4.452412962707469335e-02
-4.890750644923830964e-02
-4.992127827545301405e-02
-5.178645221570771923e-02
-5.219678145309269990e-02
-5.042449074958767208e-02
-5.234011662548588434e-02
-5.100935615380549487e-02
-5.527644243517904760e-02
-5.607067134952724990e-02
-5.758808390151521489e-02
-6.132616930805866173e-02
-6.103447635035851720e-02
-6.475136890450712557e-02
-6.313963087838690702e-02
-6.394214203856514456e-02
-7.024866227109191619e-02
-6.868044964630572180e-02
-6.972095515327794701e-02
-7.749996072281981063e-02
-7.603773285630960332e-02
-7.347959706690938841e-02
-7.388176615388962476e-02
-6.642937073772392509e-02
-6.704462502316999029e-02
-5.860156119003612912e-02
-5.521517412012023895e-02
-5.903760208191134728e-02
-5.467962554251230844e-02
-6.020555691497563033e-02
-6.158079572549714220e-02
-6.272271970143714070e-02
-6.690236074161824698e-02
-6.638887254404034211e-02
-7.153424534600856532e-02
-7.038518664393024482e-02
-7.691200955008947737e-02
-8.104301786635362270e-02
-8.264971977809716652e-02
-8.544653918141348337e-02
-8.411212615804948556e-02
-8.528163690719443857e-02
-8.528150481080674916e-02
-7.804893375567455160e-02
-7.678721347944944542e-02
-6.696465755150052268e-02
-5.404581976828769924e-02
-4.616793366389471132e-02
-3.663948994981434254e-02
-3.150525263407987636e-02
-2.658625610009339099e-02
-2.195648650104867899e-02
-1.966904889303945289e-02
-1.596591916890983606e-02
-1.347625236784164363e-02
-1.089871886910348357e-02
-8.756867678357640669e-03
-7.838773415756018423e-03
-6.703493895239473303e-03
-6.253321337891948849e-03
-4.864426939678774715e-03
-4.768283963809278811e-03
-2.753160232261262896e-03
-1.865850475730413240e-03
-1.604324450867987547e-03
3.613607319318123609e-03
4.030179080448411007e-03
4.973046910553257857e-03
6.164033894060551473e-03
5.482564700482809444e-03
3.486229721858483122e-03
1.328262774078944148e-03
-2.782576891303526357e-03
-5.273594594572401234e-03
-8.088496304914582005e-03
-8.741271702449241246e-03
-1.396558378911425154e-02
-1.836125824423167491e-02
-2.319247741320595163e-02
-3.099912944205945181e-02
-3.584323003089365245e-02
-4.280065566830894980e-02
-5.548710291111361159e-02
-6.226576850564613519e-02
-7.321850284726770519e-02
-8.390377679834014335e-02
-1.008420310759714222e-01
-1.267072620199966027e-01
-1.554839650462062073e-01
-1.616529846200880360e-01
-1.784783711053574695e-01
-1.766043129058085526e-01
-1.782057721041767628e-01
-1.795369151752183035e-01
-1.714531513324540624e-01
-1.718961100524124264e-01
-1.609722698646041672e-01
-1.568233168286854995e-01
-1.517601012835596008e-01
-1.437077668042613110e-01
-1.396376575525134223e-01
-1.294549860286267340e-01
-1.228403347428353165e-01
-1.150110581820783240e-01
-1.066309644504875864e-01
-9.998513790653652811e-02
-8.976061498368108349e-02
-8.336813924549212051e-02
-7.092248232874123759e-02
-6.532213705915597413e-02
-5.838040158234534399e-02
-5.381408352743610735e-02
-5.332719748985154801e-02
-5.028206664826198602e-02
-4.943258023872648677e-02
-4.976968363120586741e-02
-4.933601581341097442e-02
-4.972059563810834332e-02
-5.271523122475039319e-02
-5.322453208420182408e-02
-5.591950249713528720e-02
-5.830972489611217779e-02
-5.922871583455884686e-02
-6.186355682782587739e-02
-6.390266533148576678e-02
-6.474358493237830636e-02
-6.861153749128821866e-02
-6.466638563434901066e-02
-6.362833086031112473e-02
-6.214225583524961988e-02
-5.574345941929387260e-02
-5.329459928693235093e-02
-4.865135595249987788e-02
-3.218999591109458075e-02
-2.833657809697560578e-02
-2.166578112838668524e-02
-1.285807675372839000e-02
-8.831154233599012443e-03
-6.044428722731916108e-03
-7.074112561607644959e-04
-2.050547566639564483e-03
6.492071070042649931e-03
7.163195252078752642e-03
5.951003622627658481e-03
4.784447481009738816e-03
5.684270200614489595e-04
-5.367984199535374458e-03
-1.312473832660204093e-02
-1.737339921747962229e-02
-2.576148148023034087e-02
-2.968188533749782990e-02
-2.691574511698583208e-02
-3.186282209775537222e-02
-2.880364691916374037e-02
-2.734878865309040355e-02
-2.687991749096258973e-02
-2.592910593131647276e-02
-2.773101000262534477e-02
-2.779710780536908885e-02
-2.767955005831567936e-02
-2.850085698484789570e-02
-2.275555794506639237e-02
-2.089609041707635867e-02
-1.961944585905348384e-02
-1.431691667281632420e-02
-1.208371199123405015e-02
-1.197286623006887235e-02
-7.425521022901000572e-03
-5.302366805003171958e-03
-9.707319929174108158e-03
-6.485192538172229737e-03
-4.212683928140977321e-03
-3.679097511769286333e-03
-7.743213539438242431e-04
3.147805736942884368e-04
1.107443028457216891e-03
2.378104529435475737e-03
3.766006683963849661e-03
4.647152621394172109e-03
7.151047834386006254e-03
1.188642184992068015e-02
1.857967906467765384e-02
2.071861714367912929e-02
2.455802793191953770e-02
2.582515632291472116e-02
2.282585839951624743e-02
2.816249939130948884e-02
2.521190884019992515e-02
2.916603790891459866e-02
2.921329816423314657e-02
2.647215245846637824e-02
2.720409848985842413e-02
2.307995462784010951e-02
1.962385220349956161e-02
1.853438489563887306e-02
1.759423611838079049e-02
5.351041671982469626e-03
4.502212549818832184e-03
3.819571584723121388e-03
4.699963724356339323e-05
8.564689843280015808e-04
-1.743906202828652890e-03
-1.471696419980617976e-03
-2.966795601972179071e-03
-3.825783558157862512e-03
-3.512393541058287088e-03
-1.394015152506354084e-02
-1.467749803266158934e-02
-1.452833110626815423e-02
-1.819336025699461873e-02
-1.277683037290788803e-02
-6.921617894489365090e-03
3.415704061917487072e-03
9.544231240077237846e-03
2.071240042875219928e-02
3.337052852436759448e-02
4.071216161594636701e-02
5.723434860733511015e-02
6.221017476511449956e-02
6.781767305644059718e-02
7.576005127634757863e-02
7.178893997046045805e-02
7.477257958790846371e-02
7.045738280259097874e-02
6.234009773280734662e-02
6.011971998086092922e-02
5.133259000014425005e-02
4.487804134310131865e-02
4.018978055285103712e-02
2.781736804377014927e-02
2.363787520753356589e-02
1.518758160341739105e-02
8.936494500491384135e-03
8.192980164381072003e-03
5.266766424755639497e-03
7.890353686191030336e-03
5.354688731111572134e-03
2.169451515030596921e-03
2.581814546049152493e-04
-8.376467464615253459e-04
-2.544320305307144238e-03
-3.186210992171598002e-03
-2.180249734832653049e-03
-2.346516795358811677e-03
-1.587842677939694516e-03
-1.011546615681382932e-03
-4.989143443322934055e-04
3.601406381755644271e-04
1.275646593016373058e-03
2.404620482211808352e-03
3.763245198149636588e-03
5.911622335563901376e-03
9.329068570013171469e-03
9.577707446676046385e-03
1.076952821097530016e-02
1.333064054201804106e-02
1.198206069394018233e-02
1.850878731949018308e-02
2.462137470940550799e-02
3.158022375199400628e-02
4.282740399590713454e-02
5.334097227289453375e-02
5.252216656480628715e-02
5.546646589882030243e-02
5.191389988401818451e-02
4.783870845631237045e-02
4.399725220865554481e-02
3.762703479923511229e-02
2.906286932981040627e-02
2.185323731098863173e-02
1.200357514643951573e-02
-1.502043969747253417e-03
-7.982006813418415780e-03
-2.368477895431267757e-02
-2.968182568353881084e-02
-3.347105062799821812e-02
-4.109528254637972305e-02
-4.422722060004592032e-02
-4.837870504398413679e-02
-5.553713283787401617e-02
-5.827666357741198566e-02
-6.437322069155539117e-02
-6.855503197154011463e-02
-7.002260847609872996e-02
-7.290155449813083555e-02
-7.176843813132652294e-02
-7.194915006517307865e-02
-7.112205716906214170e-02
-6.522648698955682556e-02
-6.312672719179049374e-02
-5.805312356648670291e-02
-5.228561290752086615e-02
-4.931428587004916403e-02
-4.150027852780199117e-02
-3.607394691454642727e-02
-2.910203907013821090e-02
-1.855523934453096394e-02
-1.397512991462787797e-02
-1.105108448934466470e-02
-5.086656177792366063e-03
-6.410338994746871697e-04
4.994389499410668322e-03
8.942491954488457351e-03
1.335649736656959775e-02
2.644373084554017470e-02
3.087430406053756626e-02
4.107859195273747682e-02
5.195012443140989422e-02
5.842673416296404604e-02
6.534967861501742026e-02
7.116235267859703784e-02
7.553860152774014014e-02
8.010686717432950743e-02
8.340881652255616174e-02
8.625669370261737634e-02
8.879009094834158788e-02
9.037186924015860878e-02
9.179860835309729128e-02
9.263551099647056308e-02
9.276264518073400189e-02
9.291049293454815838e-02
9.205336348877617147e-02
9.091578909170064393e-02
8.973521240770324092e-02
8.688259544741792906e-02
8.501658063353809136e-02
8.222172646498721038e-02
7.990494580426618643e-02
7.753970260447969054e-02
7.520373146792704022e-02
7.112368739134346252e-02
6.799658353461637827e-02
6.504193718757945997e-02
5.703986124453472306e-02
5.458577555279348070e-02
4.716896894599693218e-02
4.368518711665950877e-02
3.821553200949562995e-02
3.159979961249248515e-02
2.979959250927445569e-02
1.792873100053079052e-02
1.645427358568337523e-02
1.404436528242092481e-02
1.011824931444503702e-02
9.574276185817676837e-03
7.893877906769557543e-03
6.237079301970331960e-03
5.896569048607409706e-03
5.242637016380295202e-03
5.121539221461825914e-03
5.100127892211279122e-03
4.956262837251285136e-03
4.946766659526387507e-03
4.882995873480190305e-03
4.803888353015846671e-03
4.780025413882141479e-03
4.741828531067263097e-03
4.717642453447436039e-03
4.704771121188400414e-03
4.688893251487368657e-03
4.680918806551673597e-03
4.674251953351134942e-03
4.668431146094690828e-03
4.665277677072724068e-03
4.662245267150512407e-03
4.660154653552534693e-03
4.658733333328377024e-03
4.657465412383281558e-03
4.656655352934523616e-03
4.655910437421716119e-03
4.655404526479781785e-03
4.654940267452638801e-03
4.654345901829541436e-03
4.654253527350593438e-03
4.653368021037235930e-03
4.652858891443061029e-03
4.652956833279344590e-03
4.650127458621225625e-03
4.651169022299104540e-03
4.649143694450045758e-03
4.642598589974050033e-03
4.650160198708563029e-03
4.633746078114445686e-03
4.630971840531743385e-03
4.647499496001794572e-03
4.580331832901326020e-03
4.636299338366857078e-03
4.603022094297433593e-03
4.450509512317857470e-03
4.732340044677308538e-03
4.301112284668106092e-03
4.296119896607963375e-03
4.565953637146415688e-03
