9.524650956822906453e-04
6.234663807970889943e-04
-9.738529973206622387e-04
-6.100084915597744298e-04
-1.695780629822050013e-03
-2.777896327479098277e-03
-2.068946961953859777e-03
-3.231443724509651134e-03
-3.162232549802408092e-03
-3.120537060229101704e-03
-3.473552818845836599e-03
-3.346337207362581542e-03
-3.385180466762997831e-03
-3.454228838343768263e-03
-3.369448843749823196e-03
-3.301210124694518334e-03
-3.375110196945411110e-03
-3.082208492797132871e-03
-2.972262099143249420e-03
-3.046447514296137665e-03
-2.284611347604006103e-03
-2.253841706931619063e-03
-2.294319692973258596e-03
-1.903137133044975268e-03
-2.108281378355361842e-03
-2.931666625099808160e-03
-2.090842970095545868e-03
-4.050804815256077787e-03
-5.306637154800514754e-03
-3.742168320641591980e-03
-1.106586359977195649e-02
-1.156504749514734517e-02
-1.014612460910966490e-02
-1.174692311996116539e-02
-7.533525090582521636e-03
-9.285300870638869180e-04
5.216925949455357946e-04
7.430612279497250498e-03
1.223974389742165519e-02
1.317684408309796953e-02
2.312542025640398902e-02
2.299992448605980150e-02
2.366982097479120375e-02
2.815831314185538933e-02
2.362109637650917568e-02
2.609216464959697446e-02
2.515940797669741907e-02
1.571799405189966414e-02
1.768087962147513528e-02
8.828557366931447797e-03
1.091463866022986465e-02
1.044494444399265108e-02
7.168444729002532330e-03
1.614308915368471362e-02
1.020598218542181045e-02
8.579373944460266452e-03
7.489672143113460488e-03
-2.521661503723585974e-03
-5.606456322980038660e-03
-4.235002981382659897e-03
2.164052210830846781e-03
5.130284216400453692e-03
1.377156755180982371e-02
1.838337635342105619e-02
1.912792661471585109e-02
2.177002917330043280e-02
1.783275904191677572e-02
2.891676963535519743e-03
-5.053146316253791064e-03
-2.567713978118297408e-02
-2.728896302340533958e-02
-3.763063204423734709e-02
-4.178052811751577222e-02
-4.106351781049118882e-02
-4.790037898208084066e-02
-4.801483289601984200e-02
-5.156014537318629604e-02
-5.470054270869803559e-02
-5.411528424580019925e-02
-5.774099206293100556e-02
-5.473459744518253955e-02
-5.413371655454540105e-02
-5.006040661891408838e-02
-4.173563881888690819e-02
-3.553128467962432535e-02
-2.501659168383870563e-02
-1.580317850026147566e-02
-1.082598521810343266e-02
-1.380739018261364047e-02
-1.043349580640438000e-02
-1.211931615055351213e-02
-1.157263121438898909e-02
-1.141868684902537685e-02
-9.080860304091348950e-03
-9.639338221956618782e-03
-8.380256745266941032e-03
-5.818044809607849158e-03
-6.197441957450872639e-03
-2.949093432349681083e-03
-4.821842726624473927e-03
-6.013526834004088821e-03
-5.174896821608159121e-03
-1.838944961647135182e-02
-1.924796081051714791e-02
-2.426546394390017083e-02
-3.059124116852658670e-02
-3.374836134873178406e-02
-3.902218471031738967e-02
-4.526114020235543628e-02
-5.442434638604971842e-02
-5.895201940352147452e-02
-7.261588799768783908e-02
-7.737875711711805771e-02
-8.497295493190448745e-02
-9.543448492122021121e-02
-9.847773627727662848e-02
-1.000019305384718532e-01
-9.871936257277684479e-02
-9.348979189776011889e-02
-8.897950464362364142e-02
-7.386161599720510174e-02
-6.916507997232135274e-02
-5.125811138075520718e-02
-4.223464964735174770e-02
-3.611033538314141478e-02
-1.875918667182821520e-02
-1.688610363097614586e-02
-5.848683267548916535e-03
7.966873549392848239e-03
1.137790369967647125e-02
2.617705886661772507e-02
3.314320208225635112e-02
3.832087601578786085e-02
4.553602505103738346e-02
4.741076175786720914e-02
4.619677617735484798e-02
4.938164178764688217e-02
4.748984487642939761e-02
4.576802498073760661e-02
4.796269741537635689e-02
4.101380216218833419e-02
4.014187786478085052e-02
3.939931107678120575e-02
2.196554766465181815e-02
2.086443929823793286e-02
1.357967217580758126e-02
3.532874054321817094e-03
6.235507178435240050e-03
-4.010728805936989751e-03
-3.990654516776857147e-03
-7.900909137817444319e-03
-2.582764138482267213e-02
-2.665338769971009256e-02
-4.016889873270813871e-02
-4.862624755167245516e-02
-4.623449415369041554e-02
-5.237847773478299801e-02
-4.759193784798952664e-02
-4.569371849203020947e-02
-4.855968361857986720e-02
-4.201526892766101889e-02
-4.814369563094651749e-02
-5.269078661919832096e-02
-6.259670168779347954e-02
-6.245265577166436016e-02
-6.398453138538516549e-02
-6.401646847536629492e-02
-5.514342090049451084e-02
-5.526749980336933404e-02
-4.814987426889889149e-02
-4.222831087518761489e-02
-4.068069379290706333e-02
-2.958436494709237169e-02
-2.285089369879500509e-02
-1.697853512093582332e-02
-5.727968328938111073e-03
-6.584917460357053720e-03
-3.912080765954246281e-03
-6.131985884330110395e-03
-1.251319155259467131e-02
-1.510906071797123336e-02
-1.976803346879688755e-02
-2.275049222955088241e-02
-2.575864180208924450e-02
-2.877896199646004863e-02
-3.227289393192871864e-02
-3.454403436570335773e-02
-3.801351867991722283e-02
-4.322617406819895952e-02
-4.179924106933006339e-02
-5.020834069604811212e-02
-5.102508124540398871e-02
-4.794630266101793103e-02
-5.376648676116804054e-02
-5.115968959863795296e-02
-5.880958370698167320e-02
-6.141709809101308232e-02
-6.348252276001313532e-02
-7.374806124127304685e-02
-7.077760582061802530e-02
-6.765497290957142584e-02
-6.436250545400756806e-02
-6.290081818158904658e-02
-5.731570874099504304e-02
-6.063860137959000557e-02
-5.761455970852162600e-02
-5.644841464575110074e-02
-6.016321079648002945e-02
-5.423375119941663269e-02
-5.393759124289867340e-02
-4.683741428222135822e-02
-3.537798223406469350e-02
-2.768093397943566236e-02
-1.349510610149156839e-02
-7.168067392584374052e-03
-4.039384804155431510e-03
-3.661374336689830430e-04
6.604507002245965479e-04
1.040940992838985631e-04
-8.130557198722183953e-04
-1.639599150714515135e-03
-4.626986586106582137e-03
-5.684217385644943152e-03
-1.001810777376963869e-02
-1.228727690465411700e-02
-1.706275601591979857e-02
-2.312257679368070681e-02
-2.912505626676678561e-02
-4.487219285366441518e-02
-5.085963788235631916e-02
-6.620013198747831673e-02
-7.364348714885077252e-02
-7.787192763009666285e-02
-8.639910146179111128e-02
-8.480163235966556301e-02
-8.330818220981045519e-02
-8.098723376764670190e-02
-7.425189355236005984e-02
-6.819319202842247241e-02
-5.794670728520195241e-02
-4.916472604266600849e-02
-4.396081197188318052e-02
-3.812989520890066458e-02
-3.732240437662300708e-02
-3.578744046607992835e-02
-3.677956008887119099e-02
-3.721010607924072483e-02
-3.789776341937137194e-02
-4.116003174883312715e-02
-3.866176919082629088e-02
-4.192792380478393283e-02
-4.128099017556904893e-02
-3.032134992422925307e-02
-3.240181962256383913e-02
-1.714446384631462122e-02
-1.377899344787191470e-02
-1.880213491200411965e-02
-1.293461111144382329e-02
-1.622529585541513525e-02
-1.509547539607760877e-02
-1.274181738777932331e-02
-1.170099188656027571e-02
-8.120731654822646584e-03
-4.854280696470478391e-03
-4.048322238934800796e-03
6.765626731490574988e-03
8.890199437627444370e-03
1.127844934726912954e-02
1.597145260723676144e-02
1.758611864150498236e-02
1.634341223144550326e-02
2.067706171583913108e-02
1.912897613107298819e-02
1.397261792218801833e-02
1.413341152687983167e-02
7.855130804350223678e-03
9.967917360254851741e-03
7.881034554551387752e-03
6.512071670303249023e-03
1.681731283866980814e-02
1.544279338361241941e-02
2.433295114911442417e-02
3.237935698799222772e-02
3.295826648231030970e-02
4.013487744436632088e-02
3.144682418625276837e-02
2.790623201609751872e-02
4.183209502217107717e-02
3.375435952281209684e-02
4.180612466042677583e-02
3.868595517194928918e-02
2.643177533870729942e-02
2.265330651519291763e-02
1.173029696787472598e-02
6.102254022761183228e-03
2.167659801230771566e-03
-1.538999231802503503e-03
-4.919554138713793517e-03
-4.150394389328376354e-04
-5.951185351210135956e-03
-3.720309104248382698e-03
8.719825174352931890e-03
2.585496508094851410e-03
1.384449470296340162e-02
1.203433282217937321e-02
8.408789237169001299e-03
3.116000638221565200e-02
2.218108391509798424e-02
3.003815975453122053e-02
3.304175802483159952e-02
1.668092896727633306e-02
1.924801781592746716e-02
1.009366927279489907e-02
-1.568970997268086378e-05
1.946241481540611073e-04
-1.187270451268412214e-02
-1.493073744836222183e-02
-1.859777812121121005e-02
-2.780750343411372144e-02
-2.763257898432161519e-02
-3.456296644897837583e-02
-3.958155326584804345e-02
-3.947117401364447220e-02
-4.851192069709244631e-02
-4.915853444209573875e-02
-4.881497826995324918e-02
-5.423419873508094485e-02
-4.770664265760597017e-02
-4.699576217636335790e-02
-4.737894204162652195e-02
-3.550270938162433665e-02
-3.995195114271739983e-02
-3.399839153671448816e-02
-2.710968780662808761e-02
-3.020568611119134675e-02
-1.034449168606480125e-02
-1.078228753294296037e-02
-6.447859013568201479e-03
2.604108871709516580e-03
-1.755031949447446006e-03
3.187703396789242586e-03
5.196657323970867853e-03
1.033918547629960466e-02
1.100607009740257533e-02
2.227828599106878790e-02
1.868725234236818730e-02
1.620319494747158792e-02
1.898734907720842427e-02
-2.080388381891379052e-04
-7.830373486898809313e-03
-1.364375334113250571e-02
-3.907589714233562078e-02
-4.072689878410988562e-02
-5.194966009433477083e-02
-5.510111653830992995e-02
-6.120324343385691312e-02
-6.031300861876645603e-02
-5.435082297432760473e-02
-5.528185483960369739e-02
-4.449782188313235187e-02
-3.758949704905393402e-02
-3.580407738990071254e-02
-2.882531747666986291e-02
-1.318585271194654823e-02
-1.858371188852368577e-03
1.257887393193218850e-02
3.848999379449691977e-02
4.736586501095216978e-02
6.807054726927706800e-02
7.963274603616755931e-02
8.434639050756208289e-02
9.385617389641323638e-02
9.339286261620383112e-02
9.686843764821818914e-02
9.942436490658845827e-02
9.764807205364227360e-02
1.007808534096558128e-01
9.879973390034486880e-02
9.932025705170761942e-02
1.023280349716327031e-01
1.016346767386476641e-01
1.040726262622286707e-01
1.052382553743729660e-01
1.052376683650080719e-01
1.071430536091788205e-01
1.061443656068764008e-01
1.068933511902628725e-01
1.063163389415959087e-01
1.044328793906956487e-01
1.050097141576694093e-01
1.007322177529382384e-01
9.972460085143927677e-02
9.698716929172138124e-02
8.988434155854028995e-02
8.969714711697564236e-02
7.978226129061248562e-02
7.402615219943496638e-02
7.014119245854012752e-02
5.390603941798025739e-02
5.190285115119418202e-02
3.933917294618663463e-02
3.019523206679311164e-02
3.014144353294165649e-02
1.709606172405905150e-02
1.750605766054635568e-02
1.152548460913700203e-02
6.149576444397688267e-03
3.764724536225508549e-03
-2.265261156332583348e-03
-3.965109296145505335e-03
-1.263585431934222125e-02
-1.412984203900781097e-02
-1.682995040786999796e-02
-1.762954224669450315e-02
-1.431700547930072308e-02
-1.566837267986415094e-02
-1.391154192015732483e-02
-1.298239946607146651e-02
-1.312206952642786320e-02
-1.166034931529337342e-02
-1.156418122716014116e-02
-1.075747592129541567e-02
-8.905271648596290585e-03
-9.236960722088011569e-03
-5.566287753043932390e-03
-3.234923535910214001e-03
-2.998835508812303964e-03
8.058861624504060073e-03
9.124592915996742812e-03
1.197667319275858358e-02
1.609937994195359198e-02
1.706587574808739877e-02
1.775102940372230362e-02
1.987696398094308467e-02
2.140210625427641303e-02
1.833716616176725434e-02
2.453926530441426224e-02
2.138861954515261510e-02
1.772754963107042725e-02
2.321771632975937541e-02
2.120114098260880708e-02
2.190273715181603395e-02
2.365789364597076574e-02
2.276909847127613420e-02
2.352980679892730659e-02
2.365676493719429119e-02
2.296772399806160797e-02
2.339423427748794221e-02
2.244799551391661596e-02
2.117614541622066943e-02
2.182579294061468347e-02
1.759707355531518400e-02
1.626943988159806551e-02
1.554826236696146141e-02
4.268103308484880523e-03
3.499874234570011459e-03
7.033250384100311024e-04
-3.440637510105694526e-03
-4.652903630707102764e-03
-5.344176705121218320e-03
-8.137885286146055719e-03
-8.252244002791363220e-03
-6.343221052027039376e-03
-6.393182828089507413e-03
-4.183563879316647659e-03
-3.493493741858785633e-03
-2.694411932577291720e-03
-1.609206302925332999e-03
-1.236067258780330696e-03
-3.031487049391709933e-04
3.436125700676907822e-04
9.488023220796127635e-04
2.449536165853530116e-03
2.635218081158306573e-03
4.110564408787224268e-03
4.351961922918947540e-03
3.565449794287709438e-03
3.877354245250157379e-03
3.350150091061179086e-03
3.436424679717738680e-03
3.362028409113142213e-03
3.237044505059662181e-03
3.287946713265552882e-03
3.224382389140693222e-03
3.216735417762710356e-03
3.220307736387347311e-03
3.199975661247058279e-03
3.202584463689552539e-03
3.198866810885492296e-03
3.193250605301442124e-03
3.193669711689516022e-03
3.191497646488304901e-03
3.184974746305599923e-03
3.188310964888868212e-03
3.180430387637859027e-03
3.166576695088786381e-03
3.185140684092277984e-03
3.134328340334748258e-03
3.137035849204035907e-03
3.164734639523103087e-03
2.970028160463765530e-03
3.137900248124765416e-03
2.953424571520258703e-03
2.625877839574584319e-03
3.113686472672102037e-03
1.956687864477791791e-03
1.787364344878041760e-03
