1.018945027234004815e-03
1.230724107521506119e-03
4.021317708188920648e-03
3.803732069187133226e-03
4.909964727162939406e-03
5.774627126778722128e-03
5.502181765394071992e-03
6.273827800837184811e-03
6.321626545540582655e-03
6.323743038367675949e-03
6.588765344396400186e-03
6.503660337933350223e-03
6.511431952336868036e-03
6.568773919327111806e-03
6.453785024569617251e-03
6.365797907899653323e-03
6.402632951133023151e-03
6.051285143758149479e-03
5.948389633810872816e-03
5.907100061086358392e-03
4.971791251026703475e-03
5.026046345602784397e-03
4.997154890056233756e-03
4.670514251887089921e-03
5.099263605791521693e-03
5.011541557483482554e-03
5.095165544200603441e-03
6.250683356185488156e-03
5.597539291896301734e-03
7.026407856293361877e-03
9.034975860414783469e-03
7.374651381365086508e-03
1.383634673409067650e-02
1.069418390183571668e-02
7.144777966651817344e-03
9.810664048488111286e-03
-1.634532182654528177e-03
-2.335639529645092572e-03
-2.966422714265136863e-03
-9.343638079396048360e-03
-7.899500988220543862e-03
-1.081796289576995168e-02
-1.180850788843052813e-02
-1.133015572355350851e-02
-1.227434410555741824e-02
-1.155511528683204718e-02
-1.196966465422787292e-02
-1.092508611515497288e-02
-1.144009233075029934e-02
-1.245394598976616585e-02
-1.310682075792504730e-02
-1.835356585617422751e-02
-2.037974328020692588e-02
-2.258799958139055472e-02
-2.678525908922368970e-02
-2.566059106329018555e-02
-2.202579834866583153e-02
-1.936870514259082798e-02
-1.251857637439685728e-02
-1.499421699410223054e-02
-9.211351735372064892e-03
-4.959905074300804788e-03
-1.040286226523351627e-02
9.142397248522752748e-04
-4.876009651904327120e-03
-1.552830502846588639e-03
1.543625663730362717e-02
9.978476039762455493e-03
1.724680151147345297e-02
1.918858409671731630e-02
9.463585145462059117e-03
1.167800739300198926e-02
5.885805839183366056e-03
3.276332372378762338e-04
1.591416778628185593e-03
-6.274155997072024780e-03
-6.178850682286077950e-03
-6.358725524400794457e-03
-9.992797908480777896e-03
-2.256794350426222229e-03
-3.140900078712697240e-03
9.033112792912765870e-04
8.597011242688891441e-03
1.033870710648185538e-02
1.558219009664808287e-02
1.851000658653517705e-02
2.050729969981429299e-02
2.101561027451654545e-02
2.129704893196861931e-02
1.902006774328086208e-02
1.528887448968146816e-02
1.461988166530927592e-02
7.017770480257207698e-03
3.838381454588803317e-03
4.467912908348602163e-03
-8.131368015265121561e-04
-3.508583681659536773e-04
4.408473580613323471e-03
3.549735711050698832e-04
2.793641835707726465e-03
1.787249190090277155e-03
-6.690676384115060507e-03
-5.689994477805469103e-03
-9.619180247395999264e-03
-1.163787237851717123e-02
-1.122358304627594887e-02
-1.539143880977637477e-02
-1.658842751622666492e-02
-1.139382696662928976e-02
-1.472236026562888031e-02
-1.646013548902785367e-02
-1.996587708003761535e-02
-2.460689369686822059e-02
-2.314869110692748325e-02
-2.605250296568159540e-02
-2.166320758398548874e-02
-1.877196724419576482e-02
-1.975748030639812997e-02
-1.173808547843783155e-02
-7.930661936258170258e-03
-6.497528461522439867e-03
2.977164832077256948e-03
3.551467966667185092e-03
1.891481901509482928e-03
5.063927593496919330e-03
2.263382403406956692e-03
-1.776531578784004261e-03
-5.832395936737086103e-03
-4.287662537442995733e-03
-3.121270308967926104e-03
4.935815602950596867e-04
6.558834915070468549e-03
8.256269253932238192e-03
1.387162811121111020e-02
1.688488593662213280e-02
1.598849781267596901e-02
1.817183189760986431e-02
1.981507097019157004e-02
1.505488895661321984e-02
1.910182051267309000e-02
1.449176100539041265e-02
1.126463632869544561e-02
1.037354562512817976e-02
3.246758389653302008e-03
1.704360641273698889e-03
-2.894032380818850354e-03
-9.143943170299494855e-03
-1.025768897708141496e-02
-1.772501611542932551e-02
-2.055714890152337757e-02
-2.126930449675512591e-02
-2.619461246629729845e-02
-2.523629556192994935e-02
-2.631762750906994214e-02
-2.638905344144331852e-02
-2.365398600233192122e-02
-2.079472216767734583e-02
-1.597210088637798092e-02
-1.146544909966371213e-02
-3.821305733554534491e-03
-1.636252631365713549e-03
6.149815144467342485e-04
4.438200723457114420e-04
-2.191516495138377471e-03
-3.199630111786133050e-03
-6.423817195891032630e-03
-7.214016742845269850e-03
-1.404888431007764345e-02
-1.509432066579331939e-02
-1.808016380356894034e-02
-2.079439329607923881e-02
-2.100444313404532110e-02
-2.386000619448459467e-02
-2.383321275423102431e-02
-2.465434489912980698e-02
-2.722486594916578503e-02
-2.460474670636807540e-02
-2.431674207140672311e-02
-1.943249912427046783e-02
-1.173402423661962235e-02
-1.004011329468651285e-02
3.482313203102643112e-03
4.113727379876758704e-03
6.633616196976264458e-03
9.936589321504903441e-03
8.524706648280012955e-03
1.248585107928291971e-02
5.470830416442836255e-03
3.681982564228236925e-03
5.546871889998089642e-04
-1.515157825963914240e-02
-1.334927466800877802e-02
-1.939732131561284698e-02
-2.462900237678853840e-02
-1.015282573127098027e-02
-1.276537572053451294e-02
-1.223227254653270341e-02
-8.718358649133490720e-03
-2.505851798097931057e-02
-3.183968784877951735e-02
-4.470242107989995384e-02
-5.316310472010766369e-02
-5.814927410981195893e-02
-6.769942600848834202e-02
-7.106252675126871476e-02
-7.726892875958700502e-02
-8.372637196592945530e-02
-8.650633558978536308e-02
-9.115602186007829011e-02
-9.284705150597846735e-02
-9.397450696362498468e-02
-9.551731282563717673e-02
-9.500247394546758317e-02
-9.530433149767307544e-02
-9.367869139131677902e-02
-9.258777003453254328e-02
-9.001780435085708632e-02
-8.664832212364695363e-02
-8.395965419294645904e-02
-7.688878502850940433e-02
-7.121918506303379082e-02
-6.505678511918985829e-02
-5.640673004723183170e-02
-5.074656204471972298e-02
-4.420112872326362879e-02
-3.427644298264918843e-02
-2.994264303714467765e-02
-1.933515671133233943e-02
-1.282728905189160773e-02
-9.665178033184994646e-03
-1.512837891381811411e-03
9.671519507579493359e-04
-6.315214254210110953e-05
4.648633688173788893e-03
3.807480518887285375e-03
7.974238176717794724e-04
3.325525041419237580e-03
-9.811779611747569341e-04
1.242522836353272906e-03
9.255455306635695240e-03
7.204013082780375866e-03
1.661422678473755549e-02
2.488228501699296658e-02
1.714227887670038628e-02
1.420513872173708066e-02
1.774494164251720629e-02
-4.295656217734410490e-03
-4.547384645338689406e-03
1.003219996902418587e-02
2.791549967182362785e-03
6.743589665737227852e-03
1.124834935871211507e-02
8.685543403269104304e-03
1.138784713525348331e-02
1.197465294041779454e-02
1.155615180082159021e-02
1.036679495425940969e-02
1.031333911700167520e-02
8.707740258730761046e-03
8.313243161713369800e-03
7.740125022678401301e-03
6.224008191990486501e-03
6.516176991349214784e-03
4.680855238983581447e-03
2.926450115003809572e-03
3.944973409315290051e-03
-2.268410463233724167e-03
-1.845966293195341152e-03
-4.307676308695928061e-03
-1.545614008342210619e-02
-8.561288511796313894e-03
-1.585760679655967911e-02
-9.182254490210801576e-03
-1.678557757882782366e-03
-1.878550160506031958e-03
2.012723684720871611e-02
2.946916123590531678e-02
5.880417997369319361e-02
8.536565196733565675e-02
9.178889369420017985e-02
1.121545282132460075e-01
1.113256667456665044e-01
1.131295659888536670e-01
1.175892377655791549e-01
1.054177692248548237e-01
1.028281998059404068e-01
8.194045970930216582e-02
5.884764119422059708e-02
3.459306070334169925e-02
1.444709376986227402e-02
4.992471430969236922e-03
-2.265720152175053521e-03
-6.420565006796324393e-03
-3.094777100451622659e-04
2.005096475623648696e-04
5.901716106277966889e-03
1.266035873033261386e-02
1.821141011567221218e-02
3.238421215221012200e-02
4.278985149949761368e-02
5.363571179952126428e-02
6.769927250776236471e-02
7.898358759989668187e-02
8.950664488889131798e-02
1.015017565737589833e-01
1.062266662710901338e-01
1.116324348259375154e-01
1.132348063382731113e-01
1.132837832813293893e-01
1.117248999629795736e-01
1.044354251996130745e-01
9.853929333612064523e-02
8.731686664341241355e-02
7.835087213466583600e-02
6.568281620010445188e-02
5.111107279582245005e-02
4.062883263551386737e-02
2.256422635869268986e-02
1.563290015245425574e-02
1.429648915976638318e-02
1.223613285247562160e-02
1.128886562285937555e-02
1.132628086798829516e-02
9.664581962290265046e-03
6.997394632517414843e-03
6.218640198952721590e-03
-1.681429883602096132e-03
-5.040910468830119701e-03
1.318440290755819744e-03
3.988411259268844974e-03
1.501038246095715359e-02
2.569286761096052640e-02
2.709668850455639044e-02
3.619070241845812747e-02
3.314789965271312117e-02
3.347909373349139406e-02
4.971763433116028336e-02
5.112215139986830970e-02
6.372957510927376723e-02
8.398890307554919554e-02
9.849167376088005521e-02
1.141690228550307218e-01
1.272797801699467046e-01
1.298336819599223146e-01
1.405161708359488615e-01
1.377563622882936045e-01
1.391236798091297355e-01
1.392705035198821828e-01
1.242451932111419133e-01
1.234743869293281338e-01
9.632954731483327204e-02
7.210588378726123793e-02
5.390430918957853090e-02
2.187190047353584563e-02
1.098125997183567459e-02
4.788133546557511028e-03
-3.395980938442991551e-03
-1.862378260133575091e-03
-7.691668492829330976e-04
-4.723061257062823037e-03
5.665760764416839063e-05
-2.288935058725819968e-03
-1.332299671042969785e-02
-1.205774596814987443e-02
-1.866527271350961956e-02
-1.952976174633171483e-02
-1.661860634206313581e-02
-2.182040677528785874e-02
-1.477177173470337231e-02
-1.009465685586203622e-02
-9.116833610410553235e-03
-6.902633281095019039e-04
5.289845961142618236e-06
-2.023420285143401678e-03
-4.557713333996691110e-03
-9.890967462821342523e-03
-9.542974512821862307e-03
-1.238337819577598788e-02
-1.106783386228938834e-02
-1.284034413059364013e-02
-1.158675482321866804e-02
-1.256609092963202785e-02
-1.603968309994227917e-02
-1.488599984185682082e-02
-1.988174381877192212e-02
-2.424422744662457774e-02
-2.609971766019016440e-02
-3.520878739217570691e-02
-3.706724283951848969e-02
-4.098676071856911796e-02
-4.662022585431797178e-02
-4.691746071660104350e-02
-5.170070711910158823e-02
-5.337766169688739487e-02
-5.367753847189138394e-02
-5.681678917295251291e-02
-5.498408820157638099e-02
-5.462910790062068533e-02
-5.291687937175915818e-02
-4.764616900654138065e-02
-4.524720393511518640e-02
-3.917265502722856035e-02
-3.364124041400257809e-02
-2.508826551929562235e-02
-1.744624697618737952e-02
-1.173480458937412735e-02
-3.980616647062773343e-03
2.923893373086717661e-03
7.520809270487113438e-03
1.497946877907243603e-02
1.502178719446643600e-02
1.053864778286828750e-02
1.325983546171322774e-02
4.211351120647805445e-03
3.177052605220214744e-03
4.463617641703795588e-03
-7.949841967941919079e-05
2.664775002321469709e-03
1.745986520450225387e-03
2.695996251809676392e-03
6.704620928310225242e-03
5.328309136454847245e-03
1.376096143575540783e-02
1.617259744970783036e-02
1.747043959312440109e-02
3.619266360179133196e-02
3.144938680783969376e-02
3.831705022664094740e-02
3.542197291042430141e-02
2.463340793126492581e-02
3.428013684565520830e-02
3.851549500482751281e-03
4.876141127081202835e-03
1.521696812140233869e-02
5.507321628037692082e-03
1.815475582812729055e-02
1.628925292819971213e-02
1.738581196067582810e-02
2.218316701399321300e-02
1.376718624983309242e-02
1.531986159962009202e-02
1.216040013193389786e-02
9.892721440895407142e-03
9.343578242691238586e-03
7.874446250341702452e-03
6.816858247722598803e-03
5.625804092652599009e-03
6.138552480839413669e-03
3.146708473785674552e-03
3.726020393966206472e-03
3.718784165529836518e-03
-3.497454449242143586e-03
-3.268367097655587930e-03
-1.859153891122594876e-03
-2.396354823720736431e-03
1.127182509406090887e-03
1.762724854070347015e-03
5.797637646928577131e-03
7.446059187442028576e-03
7.440612049261773574e-03
9.492886495510333145e-03
9.367087380636686736e-03
9.780712355189728757e-03
9.876502958938115223e-03
9.869145921403921218e-03
9.456221913253692185e-03
8.431498519858018556e-03
8.851189539916501023e-03
5.922020930250920627e-03
5.104404860180321822e-03
4.401806686212200205e-03
-2.232599896411942113e-03
-1.873295082252847410e-03
-5.354039210332704919e-03
-6.184295565688549198e-03
-6.481690220075311294e-03
-8.118913081212939323e-03
-4.377061079582892159e-03
-4.628655988645596561e-03
-3.176793542862226330e-03
-1.627152318435197897e-03
-1.399625878475376688e-03
-3.994856141666707958e-04
5.612320779423664785e-04
6.278030468367818686e-04
1.251276307483968359e-03
1.473896726682773130e-03
1.151923862015355590e-03
1.271459319269604418e-03
1.152919793817963048e-03
1.022089581388819363e-03
1.027380511693425525e-03
9.284290853705028058e-04
8.873882740647981134e-04
8.660773258023728551e-04
8.245260512230925126e-04
8.120127255605156169e-04
7.975583294025981578e-04
7.845946370034910826e-04
7.798992796128716154e-04
7.732559660995597627e-04
7.699427340841954711e-04
7.672671631690821661e-04
7.639133827289295653e-04
7.643527895103087357e-04
7.591549759935696572e-04
7.585119956972744297e-04
7.606229677029756634e-04
7.441919824518229698e-04
7.582010669921283299e-04
7.471700244855054374e-04
7.172843938183330863e-04
7.766144867306632761e-04
6.945298089648802627e-04
7.194002611636584384e-04
8.052986562027458686e-04
5.979450082795165124e-04
8.927013612978005729e-04
9.823185155083582597e-04
