-9.069663110933750627e-04
-1.011702062150094273e-03
-2.956215959894628077e-03
-3.002060802525891633e-03
-3.247553183492948078e-03
-3.546058521939283396e-03
-3.242473682337120890e-03
-3.396855550603943789e-03
-3.378626302371540158e-03
-3.333215283953189136e-03
-3.379471142277528511e-03
-3.355939987734482804e-03
-3.358175951368517955e-03
-3.365133342346264371e-03
-3.357966105799862350e-03
-3.361459046454336706e-03
-3.361124630599364883e-03
-3.360087405495420110e-03
-3.361186590803989880e-03
-3.360703793733039839e-03
-3.361024107946293613e-03
-3.361082559742272543e-03
-3.361400236907315011e-03
-3.362063992785515893e-03
-3.361504654757439640e-03
-3.364110009485848322e-03
-3.363760938561481499e-03
-3.363783887120505491e-03
-3.373160551012243259e-03
-3.364139124650475203e-03
-3.377909013658448624e-03
-3.394984384767210043e-03
-3.357066089997986624e-03
-3.449702421231893353e-03
-3.408391353362207315e-03
-3.339682660079302916e-03
-3.475683211298646359e-03
-3.421393739646530225e-03
-3.844605538982101643e-03
-3.971860627071274047e-03
-3.964193820205804721e-03
-5.874098610801607549e-03
-5.995865674915101633e-03
-6.790810851152519548e-03
-7.188033847175855431e-03
-7.579497145273286600e-03
-7.916102596260991484e-03
-7.465520184432357202e-03
-6.800724609525681842e-03
-2.626836522064289817e-03
-2.173843717513539425e-03
-1.811557669721035888e-03
-6.472537122561326317e-04
-7.535240595143077522e-04
-4.355856672083447778e-04
-3.244548964608928309e-04
-4.294439979013278154e-04
-3.420592228650365645e-04
-8.314882216066414762e-04
-8.311846655126591986e-04
-1.443235842139893371e-03
-3.025145743388005584e-03
-4.602640633867480929e-03
-7.122997990464753452e-03
-7.907392986047296832e-03
-1.325451865045566661e-02
-1.327460581776143157e-02
-1.310051285643362706e-02
-1.511472314569060373e-02
-1.615305510102660672e-02
-1.927349935031244174e-02
-2.073546815367938861e-02
-2.002127993883191098e-02
-2.151397529846812984e-02
-2.091149099401928488e-02
-1.905688400972448127e-02
-1.887797241297296813e-02
-1.691508048690770760e-02
-1.534763742269561540e-02
-1.439568613704467377e-02
-1.227246547609233546e-02
-1.138131794953599688e-02
-1.041674492994106721e-02
-9.105219508568504483e-03
-7.341685887134242507e-03
-5.210585333927128353e-03
-4.310387492888802415e-03
-4.436246319533012489e-03
-2.402268600961240345e-03
-9.173859049913785481e-04
-4.766387005676329600e-03
-4.819433430623504440e-03
-5.793951330355963381e-03
-1.333633614022733394e-02
-1.251931909973641628e-02
-1.014783649637568917e-02
-1.052454462132941873e-02
-8.950103763385678507e-03
-1.082620814220636857e-02
-9.734689618115143633e-03
-7.607705223597851368e-03
-6.681176731349844009e-03
-2.530223389967663043e-03
-1.753918791013570327e-03
-1.460750239978859510e-03
-1.725287928559448561e-03
-3.055370236345630094e-03
-3.064306336075827905e-03
-3.411777144378139604e-03
-4.048186533552908077e-03
-3.202678735625524506e-03
-3.745689483090193245e-03
-2.539942869509411415e-03
-4.531638101391613146e-03
-6.857517076249708410e-03
-5.970330171439645721e-03
-6.991706353409818213e-03
-8.231341881979353792e-03
-8.127604491033040696e-03
-8.514244128386439306e-03
-6.859687494069718894e-03
-8.322195925093459415e-03
-8.692220701020905022e-03
-8.176932676028484531e-03
-9.645385889501069399e-03
-8.701644256096662672e-03
-5.636542788067602089e-03
-3.484676204405642939e-03
-2.478861046940525857e-03
1.566620511091869035e-03
1.697227866589232819e-03
3.684584008038601765e-03
4.749293776415071909e-03
5.648129454823497438e-03
6.038549651149307911e-03
4.902971937422108580e-03
4.956552444807864506e-03
4.621385372839012691e-03
3.031557490787592686e-03
2.971735055086317540e-03
1.214745301863465144e-03
-3.286713983380423233e-03
-4.544862482537239540e-03
-1.419270556963192313e-02
-1.542886478552366221e-02
-2.077026856767400995e-02
-2.817882941370480204e-02
-3.063965361003471305e-02
-3.256488415450586871e-02
-3.343165444424830990e-02
-3.293174669007074840e-02
-3.297118223440000107e-02
-3.374009958794965680e-02
-3.367434219385155580e-02
-3.298916713624619468e-02
-3.334522071482478450e-02
-3.223426404332274675e-02
-3.204434795318407414e-02
-3.282777416887161515e-02
-3.261259546513926161e-02
-3.054358577327206947e-02
-3.049049342746356500e-02
-2.924909049979848227e-02
-2.731786667792083026e-02
-2.971598045540353727e-02
-2.839691653211610239e-02
-2.561931487013783398e-02
-2.808865654109437074e-02
-2.448929656124210208e-02
-2.625323394975134089e-02
-3.240714366528020529e-02
-3.288167477442231063e-02
-4.330125634259264500e-02
-4.395141343400242595e-02
-4.643985289757622537e-02
-4.761990248855266922e-02
-4.380235032169397386e-02
-4.607919486936551401e-02
-4.265214562561096129e-02
-4.110282550471878321e-02
-3.823506830262265316e-02
-2.763390583130039338e-02
-2.235720678826998847e-02
-2.495719852716866624e-02
-1.975897789166155410e-02
-2.032818648746808829e-02
-1.723590816716562626e-02
-1.389750977031469978e-02
-1.390656778050845810e-02
-1.150558272274351465e-02
-1.053634235522691101e-02
-1.216669472639846789e-02
-1.074968289900836253e-02
-1.013691594126236127e-02
-9.292556155739834650e-03
-7.118431378352398607e-03
-5.901631740217244335e-03
-4.820467797861193067e-03
-6.251400066650411591e-03
-4.366668014240464475e-03
-4.707380767140877456e-03
-5.509827229532609193e-03
-4.963236776839095865e-03
-2.575937441131520133e-03
-1.672838582794592159e-03
-3.452841633857602587e-03
-3.203253358758253663e-03
-4.242911056826002489e-03
-6.513361266286938310e-03
-7.053416812663987172e-03
-8.661334491709837477e-03
-8.783233350476536347e-03
-1.016201158653807710e-02
-1.072069065194648958e-02
-9.885135588605965806e-03
-1.048209800072572376e-02
-9.363053108814144848e-03
-7.103709399688013307e-03
-7.769340925272646275e-03
-4.488533655337583091e-03
-4.536868518594656258e-03
-5.467623476659626280e-03
-5.588633690819420734e-03
-5.218906663904880443e-03
-5.780443618270088464e-03
-5.610080760644361661e-03
-4.055584565617323042e-03
-2.815340938684645147e-03
-1.973227097120007923e-03
1.026476972624990004e-03
1.233024440698448319e-03
1.295149423266519269e-03
2.456953075571311797e-03
1.824822686107220550e-03
2.253993993281832361e-03
1.774939329707314302e-03
-9.028017988182449006e-04
-1.712734051651402601e-03
-5.318642715224117072e-03
-9.103868631257864760e-03
-7.151648494583019537e-03
-9.920927526055755771e-03
-1.586732319961033782e-02
-1.260181495196079603e-02
-1.391451438193378777e-02
-1.403831673315583846e-02
-1.167836012351702868e-02
-1.216895279080871389e-02
-9.011498762113863067e-03
-8.199903732119784641e-03
-8.848704032907349359e-03
-4.882985028619733596e-03
-6.448198605211380614e-03
-5.915098473449324594e-03
-5.213273951323837453e-03
-8.893869885715952397e-03
-7.308452472044490306e-03
-7.226093880755775009e-03
-8.267789373525713179e-03
-1.453092443596629276e-03
-8.507842834992239249e-04
-2.348701566205831266e-03
-1.211872144318254735e-03
-2.186244937773792595e-03
-3.124329090761877523e-03
-3.255374070047069822e-03
-2.876938311918783228e-03
-2.944442946258073006e-03
8.892895130938281701e-05
1.627884791132308117e-03
1.661068762962834974e-03
2.905365654057372096e-03
2.787733783929287942e-03
2.889133137166969949e-03
2.961272911192523814e-03
1.957870039110759346e-03
2.074798644013890921e-03
5.465339059137047087e-04
-6.795279007808481065e-04
6.297512482388744519e-04
-3.264406141038845178e-03
-4.464378585552978250e-03
-6.896316727694135409e-03
-2.311972096118773690e-02
-3.173387347810528725e-02
-3.675882150765023837e-02
-4.720285312922613274e-02
-4.791734446691264110e-02
-4.950987389248526216e-02
-5.234288140661907257e-02
-5.102307485255992703e-02
-5.161166244686851701e-02
-5.011194467621654658e-02
-4.619906018031708084e-02
-4.163665413383293989e-02
-3.797452482111593475e-02
-2.358161903625708225e-02
-2.018277464243655589e-02
-2.047126678031402011e-02
-1.829828273178720627e-02
-2.221923378827315304e-02
-2.438881000126880139e-02
-2.525263123145223346e-02
-2.571741323973071938e-02
-2.533693423948506565e-02
-2.472706773979688188e-02
-2.320190200035745359e-02
-1.791315805064958022e-02
-1.477929451311785214e-02
-1.360446348229416014e-02
-1.238764265279119342e-02
-1.172518476630128245e-02
-9.908232616137815571e-03
-9.956865024618637497e-03
-7.264430542712149198e-03
-6.975726021031174000e-03
-7.581815455488119873e-03
-5.554143680018113968e-03
-6.091403026086291556e-03
-5.480150590686344060e-03
1.361132726014066714e-03
1.853593876511279524e-04
-2.554881456928555705e-04
1.034665680666578156e-03
-6.931462016417492579e-03
-8.893950765841747083e-03
-1.381105561485256907e-02
-1.615799071314295496e-02
-1.964132385864300612e-02
-2.049674488424506336e-02
-1.970481320383581439e-02
-1.987467404065169918e-02
-1.847272339390890888e-02
-1.668772730647597249e-02
-1.547447823863304026e-02
-1.302448846758160611e-02
-9.377755649157264173e-03
-8.911912742849088798e-03
-6.822309584593474682e-03
-4.516066843018503967e-03
-4.641752087466732499e-03
-3.757737454637562983e-03
-3.411092509717638006e-03
-5.126688725908540648e-03
-4.783493402179165611e-03
-2.744250484036429155e-03
-2.826779761233346507e-03
-2.490918477552966307e-03
-1.106975543524313507e-03
-1.515618761674894640e-03
5.017166354341615390e-05
-1.257509339278594989e-03
-4.223504136431147950e-03
-5.677967958843161897e-03
-5.608632260358177406e-03
-6.018571675377213694e-03
-8.604971610883754493e-03
-8.751467193772805714e-03
-9.196831788294036747e-03
-1.288739891932383363e-02
-1.373101448289120070e-02
-1.560839845662034993e-02
-2.104196854929088131e-02
-2.894566880761363648e-02
-3.159629024720033569e-02
-3.853160740987925104e-02
-4.324400951292730472e-02
-3.903912450312554960e-02
-4.833983826319972199e-02
-4.357543166928859457e-02
-2.980970563327131964e-02
-2.755802074116323053e-02
-1.405199197820057762e-02
-8.818248903155224971e-03
-6.862618365680223965e-03
-2.386463655576121293e-03
-1.328561917354385618e-03
-3.563853575516778512e-04
1.861074524996962458e-03
7.432928372036704283e-04
2.071015881710290985e-03
2.028820424490696689e-03
1.764356441389498212e-03
2.260141158322114766e-03
1.494907674572772171e-03
1.660394573127952364e-03
8.826195565681565396e-04
1.717765574758367639e-04
-1.328483757665983379e-04
-2.468323492879676007e-03
-2.915600001225471943e-03
-3.726301538862199225e-03
-4.969755209135266576e-03
-5.096974451514932856e-03
-6.309086597864346779e-03
-6.866570817547823502e-03
-7.484327764122386713e-03
-8.961167648230709479e-03
-9.118695718808599027e-03
-1.061112454242076585e-02
-1.090137293355026432e-02
-1.045948632791179021e-02
-1.100980352418002954e-02
-1.045613407725968017e-02
-9.998447350120733337e-03
-1.010004543784313175e-02
-9.199933141188176150e-03
-9.437185706219862816e-03
-9.876072828413103369e-03
-9.658213512345983909e-03
-1.034023502326157293e-02
-1.024831093198560854e-02
-1.053533440315308246e-02
-1.073298935963423045e-02
-9.789400757476241638e-03
-8.839416591256239394e-03
-5.017926983385097989e-03
-1.219093490472780966e-03
1.255357049518824718e-03
1.700776872152109627e-03
3.543179322949452370e-03
3.323704384636423648e-03
3.451541541915098977e-03
3.994422639835067818e-03
3.617014047379627558e-03
4.193313371250308869e-03
4.227885203630479469e-03
3.286519037641684807e-03
3.094700186184553160e-03
2.144509706582495377e-03
1.163405387970464951e-03
1.019771647931821089e-03
-8.456893433952968444e-04
-2.378960983518234144e-03
-2.504154181395145621e-03
-9.261580541936041341e-03
-9.298412355316275357e-03
-1.070498362251323492e-02
-1.247354302567841265e-02
-1.244346218570479591e-02
-1.331175450278472908e-02
-1.366329585288929456e-02
-1.377700663975231325e-02
-1.409491329814188502e-02
-1.414509958110302286e-02
-1.420651460478543002e-02
-1.427963889329222739e-02
-1.422392006139933454e-02
-1.417956605827475937e-02
-1.414291502222537848e-02
-1.387441896220940885e-02
-1.376640635648398829e-02
-1.347725537634042632e-02
-1.271788895059439324e-02
-1.271566601296007272e-02
-1.124514520731010811e-02
-9.931795779964842918e-03
-9.931925535097302707e-03
-4.260903252949614292e-03
-4.263168573639006427e-03
-3.305300939753987033e-03
-1.930184478246455828e-03
-2.230422336586662755e-03
-2.187884962159373191e-03
-1.999647928501632581e-03
-2.845473442581808714e-03
-2.570780382713085989e-03
-2.273862378960265270e-03
-2.481086987055130307e-03
-2.227278742391650829e-03
-2.232537896254534714e-03
-2.348355751838946456e-03
-2.310984121795115528e-03
-2.312125164959476578e-03
-2.349141960553188108e-03
-2.256879405432299975e-03
-2.274099678404240248e-03
-2.266379359898933361e-03
-1.925263907886138205e-03
-1.906913596774802632e-03
-1.842580830832274636e-03
-1.759199609806129123e-03
-1.755732875739721491e-03
-1.720595824240429492e-03
-1.703788187957930821e-03
-1.698234657865562228e-03
-1.686029730161063035e-03
-1.682506915671152896e-03
-1.678933421101399485e-03
-1.675460686554661139e-03
-1.674304159636698548e-03
-1.672657942715205515e-03
-1.671621715974488769e-03
-1.670938436942473590e-03
-1.669977003686436579e-03
-1.669378874879009090e-03
-1.668348845647384636e-03
-1.666985248364479108e-03
-1.666005806554075831e-03
-1.662746125016523061e-03
-1.660219949977600161e-03
-1.656690459582487026e-03
-1.646040035929251851e-03
-1.643100992967201938e-03
-1.625231830680430459e-03
-1.598506521984630405e-03
-1.597128040711304946e-03
-1.513925315858723458e-03
-1.481909411684108032e-03
-1.444899096360606917e-03
-1.139883317288262459e-03
-1.192045479988842376e-03
