-2.167695914519399830e-02
-2.010858538852047794e-02
-3.201044292223752252e-02
-3.724994717893082008e-02
-2.791173157231270283e-02
-3.126963408055909166e-02
-2.915961105831530592e-02
-2.745937379885898116e-02
-2.823043710275786530e-02
-2.709829464631300505e-02
-2.701385502411301001e-02
-2.699315261900649826e-02
-2.665840883083886448e-02
-2.669655630188581819e-02
-2.660741244209401807e-02
-2.653895854409897559e-02
-2.654301563042185327e-02
-2.650078666555931092e-02
-2.649024036337881138e-02
-2.648279907073944686e-02
-2.646767618078654447e-02
-2.646508836366745845e-02
-2.645506620068681369e-02
-2.644740714660242034e-02
-2.644286096459487131e-02
-2.642048069251935055e-02
-2.641751791954535800e-02
-2.639100674121569109e-02
-2.633658647954395526e-02
-2.635299121506908329e-02
-2.620919531338571432e-02
-2.614432041546905366e-02
-2.615105390962474408e-02
-2.558169027453586000e-02
-2.577891508937158946e-02
-2.506641095682201476e-02
-2.297626241978136669e-02
-2.334835315774568335e-02
-1.812988290208754003e-02
-1.526427658106277452e-02
-1.590671702221703107e-02
6.110792308287391582e-03
9.729943548849503618e-03
1.524924346593124584e-02
3.212256957235262028e-02
3.051076724223512546e-02
3.018185655320013497e-02
2.850598216938331556e-02
-3.084295707641570693e-03
-5.666593212883926783e-03
-1.056542362410179368e-02
-4.288402538881797878e-03
6.870054334600896907e-03
4.047912029460914302e-02
4.319620278355283671e-02
4.402341101530711509e-02
6.577348257285212108e-02
3.919244428024570848e-02
6.521172910760815455e-02
6.475325058666242528e-02
-1.723427546653260797e-02
-1.611065152643643972e-02
-2.907696799747356425e-02
-4.655198953845079285e-02
-5.890819627464289471e-02
-8.115629264068187354e-02
-9.201241737175143431e-02
-9.959881335073410280e-02
-1.154258294831530945e-01
-1.188916843671346951e-01
-1.302459769202308215e-01
-1.415778967946783040e-01
-1.455657919517036325e-01
-1.624840105197505602e-01
-1.700853289251970102e-01
-1.809373483715698561e-01
-2.006628712777088763e-01
-2.040367260064732957e-01
-2.222431137740704110e-01
-2.276037732884114428e-01
-2.284318043081253191e-01
-2.401549566312759509e-01
-2.350237122653623389e-01
-2.398872367377431758e-01
-2.412306606914729756e-01
-2.330317172656445335e-01
-2.358961664888191423e-01
-2.094963487798761348e-01
-1.985247832070137775e-01
-1.778625738046757943e-01
-1.647007251665837668e-01
-1.500811644593526561e-01
-1.225051381763967023e-01
-9.707127794203194993e-02
-8.115044591918887940e-02
-5.682100042417391472e-02
-4.692271471916888148e-02
-5.929246132802491742e-02
-3.826638494019580367e-02
-3.407605188899991144e-02
-3.849211438812328440e-02
-3.789703538296090857e-02
-2.229191179391162500e-02
-1.956325368107135823e-02
1.318331274734879481e-02
2.155568198942259608e-02
1.378717356816386297e-02
4.684262301706234449e-02
6.232513086746099135e-02
6.599273852785021710e-02
1.277554666701774810e-01
1.123062065030813322e-01
4.713752874310264684e-02
3.020969774425931800e-02
-2.032545295607457794e-02
-6.948476709194099932e-02
-8.526912169813981313e-02
-1.070132495132131989e-01
-1.165490861878479695e-01
-1.190133937175654882e-01
-1.220908435086883320e-01
-1.232456145569898603e-01
-1.157519276472511738e-01
-1.257468773557312292e-01
-1.160661738545564342e-01
-7.096681968147038055e-02
-7.411336584244629377e-02
-3.662660280164275334e-02
-3.418794197139971014e-02
-4.631805853207802970e-02
-3.614350798616541155e-02
-4.420824511029856213e-02
-4.825505857879102550e-02
-4.958015255676981314e-02
-6.363654975470468822e-02
-7.999673250459127249e-02
-7.849076931027065829e-02
-9.742811108933197017e-02
-1.041648349689263398e-01
-9.251877037973950391e-02
-9.943920008511357433e-02
-1.247107055640644252e-01
-1.127721483596335061e-01
-1.035243805023056823e-01
-8.697153683282084213e-02
-3.728125360238010444e-02
-2.095264160276470375e-02
4.341673597649734276e-03
2.295539249445288296e-02
4.744051955763506356e-02
5.992596908922313143e-02
7.571961326379567092e-02
9.177984828008423079e-02
9.823027016828250746e-02
1.126397886661177489e-01
1.205726015563576281e-01
1.252427255546449958e-01
1.377504959544591512e-01
1.384271769307637012e-01
1.449550197633989734e-01
1.522035234799299641e-01
1.474245404115105407e-01
1.556310503023053404e-01
1.500146822260599033e-01
1.411321457302570082e-01
1.385354586991627557e-01
1.058916457341166212e-01
9.732508606654154126e-02
7.591498302152970001e-02
5.078207925569221126e-02
4.257628777025704997e-02
1.510252030761668508e-02
2.179308738092355151e-05
-1.749090436201155077e-02
-4.713197583178086597e-02
-6.714928165315929565e-02
-8.111979309319329590e-02
-1.062254505873738986e-01
-1.127749614299113495e-01
-1.193567890866132630e-01
-1.233162766642663805e-01
-1.201513259961432267e-01
-1.246915765351429561e-01
-9.094955685278334478e-02
-8.973987584791609518e-02
-3.111083290045746005e-02
-1.019802439259878679e-02
1.581856108291015625e-02
9.501628950374671478e-02
1.257209760301402912e-01
1.845205372822702194e-01
1.703793599314439855e-01
2.256762241955365400e-01
2.046125467809603860e-01
2.098098532695823748e-01
2.139913128868218828e-01
2.060856273716227816e-01
1.992630907611346314e-01
1.883955494633844929e-01
1.874009189163162448e-01
1.400841900561928532e-01
1.359283493806255350e-01
1.267754269237399145e-01
1.073201529080639594e-01
1.068061002620904754e-01
9.488623436579772530e-02
8.774894675281919021e-02
8.556768493053895641e-02
7.182662013740008511e-02
5.988972419058416485e-02
5.818041392838492476e-02
2.249379393054297058e-02
2.273487863018208363e-02
1.266000048644928301e-02
1.365972324313417178e-04
3.366381257871348728e-03
-9.169081743877720639e-03
-1.261015757409778004e-02
-8.070133448484468480e-03
-3.685054319005669210e-02
-2.042986863711261300e-02
-4.283536970135952415e-02
-1.140887015251110803e-01
-1.315848605017946593e-01
-2.095454104545672325e-01
-2.198088917711556456e-01
-2.279552677065173061e-01
-2.461602633330697287e-01
-2.341103288428885709e-01
-2.418694354802062296e-01
-2.294025624067057845e-01
-2.025922102620059950e-01
-1.253474364102876715e-01
-3.561915789797907156e-02
-2.784740824358264422e-02
3.558121030441865201e-02
3.738969369380439750e-02
3.999502395652921455e-02
6.926478254259976763e-02
3.929154618336076071e-02
4.695882587118978962e-02
4.682152259870440286e-02
2.193370231770888287e-02
1.874135990362762322e-02
-1.186196058174949358e-02
-3.545165705171158393e-02
-3.505472304211620233e-02
-2.380957890901868809e-02
-8.627279874274217109e-03
2.018520300662995579e-02
-4.670104062260180960e-03
2.762200998454022310e-02
-2.009922772456238307e-02
-8.887460106876389487e-02
-1.334158707639407082e-01
-1.859465397175348311e-01
-2.152401675160066918e-01
-2.658539262031504036e-01
-2.772623319448230261e-01
-2.709027290268727906e-01
-2.737379899743548339e-01
-2.631697842522585096e-01
-2.533791688140949461e-01
-2.548662889857843949e-01
-2.363408425450886918e-01
-2.403203697281825479e-01
-2.429668645951542083e-01
-2.382787995695056504e-01
-2.621561054756368359e-01
-2.624691023484632679e-01
-2.777107845355937243e-01
-3.016446551135198439e-01
-3.038218334717707747e-01
-3.369369581014130532e-01
-3.544642143242738297e-01
-3.726797466923614799e-01
-4.197195174432141185e-01
-4.378547913974605299e-01
-4.630784854445328391e-01
-4.982712904705121071e-01
-4.976058611940041843e-01
-5.214618648153327429e-01
-5.201472991921040068e-01
-4.700799879062809716e-01
-4.675843798805977003e-01
-3.975039941075996786e-01
-3.438283411475127060e-01
-2.886007287094156104e-01
-2.486636660114642516e-01
-1.619207885820906634e-01
-1.343254417108231957e-01
-1.272779446471016818e-01
-7.978879354893769760e-02
-7.909424742800220953e-02
-6.065787749717296840e-02
-2.689074450120542553e-02
-3.031890375493807160e-02
-5.401480290286248334e-03
-5.655821885841094167e-03
-3.055263946178046752e-02
-3.095153345716964918e-02
-3.575336572425791976e-02
-1.615482136294494123e-02
-5.919173679450428875e-03
1.987217787378068451e-02
6.697452677892562489e-02
8.267742549486127579e-02
1.140522206124759685e-01
1.355842249614900019e-01
1.763853791481084510e-01
1.905323494367963943e-01
2.230903896766478767e-01
2.163829005957946805e-01
1.562518248964646916e-01
1.281520179953427041e-01
6.468882473596661298e-02
-6.576703455024973145e-03
-1.294797694835905788e-01
-2.510124124527848277e-01
-2.786225191535477985e-01
-3.605578745350657699e-01
-3.778381182137465766e-01
-4.115658308212129524e-01
-4.544772193262625049e-01
-4.623499983209429232e-01
-4.983915228809230324e-01
-5.127763697807597998e-01
-5.217614335253824009e-01
-5.221140519902965904e-01
-5.008194888715832294e-01
-4.756026316019143496e-01
-4.205754730859926349e-01
-3.654483848055573025e-01
-3.258879780597044307e-01
-2.000417840473219799e-01
-1.837988226066323560e-01
-1.982474278668495404e-01
-1.762758743367490721e-01
-1.878029577120984284e-01
-1.890166779007988185e-01
-1.756048876789720048e-01
-1.906779460656336522e-01
-1.697852692723860746e-01
-1.636743755327525196e-01
-1.391821482330697357e-01
-9.131490509182411952e-02
-1.099576969547814143e-01
-8.084272914490255035e-02
-4.510486133019474264e-02
-1.182566943987573976e-01
-1.842473635741475047e-01
-1.869924778282849587e-01
-1.990077433632916060e-01
-2.120309197806317103e-01
-1.963926288160763312e-01
-2.044218667468709894e-01
-1.950848367507916348e-01
-1.839409579460105360e-01
-1.641771838913903825e-01
-1.383384733414019796e-01
-1.209241843005020994e-01
-1.341654770198352220e-01
-1.134554325450216616e-01
-1.225942113000589584e-01
-1.292946908612986057e-01
-1.182384765907443097e-01
-1.281992985130200879e-01
-1.201495989547332749e-01
-1.055015015572758480e-01
-1.050129428284064526e-01
-1.053038992607674140e-01
-1.032399025465079306e-01
-1.095171030540704332e-01
-1.022932054752705155e-01
-1.165777202698809051e-01
-1.006527972872364035e-01
-9.952249841498833627e-02
-9.651395675209478719e-02
-4.791250615636279131e-02
-3.823941991046037048e-02
1.250484510429904217e-02
2.741637010963974760e-02
4.785548092844658929e-02
6.891511003478476005e-02
7.852218518839326755e-02
9.226310409763473219e-02
1.088517449730719983e-01
1.231554212308245411e-01
1.150000670610504538e-01
1.259270901410486088e-01
1.245708825527545721e-01
1.251555275382263410e-01
1.327776152663365239e-01
1.307357953041135556e-01
1.182771801616861601e-01
1.522639313637772218e-01
1.496400890352809487e-01
5.515205017208889976e-02
5.442210288618258562e-02
-2.856998237471043700e-02
-9.278255940663510115e-02
-9.341959406551046674e-02
-1.474056182931635373e-01
-1.464046765501764713e-01
-1.575706293615373732e-01
-1.906372601160259417e-01
-1.740138474196735729e-01
-2.345417813080966363e-01
-2.301544447167349350e-01
-1.859606604850873313e-01
-1.981775128828381360e-01
-9.716159803740530287e-02
-6.085285906705551612e-02
-7.402580584760504179e-02
-5.288063237972727426e-02
-7.578339807209530377e-02
-7.424374798129249053e-02
-1.173353581099012277e-01
-1.488883760502415221e-01
-2.032871312494782812e-01
-2.756472610014829017e-01
-3.342102075163173591e-01
-3.502016260709643336e-01
-4.098513350848289050e-01
-4.214397542525962770e-01
-4.476679883508798974e-01
-4.897550696832895234e-01
-4.939170014583121882e-01
-5.070072879132569987e-01
-5.136683977156385472e-01
-4.987752626414014845e-01
-5.001960227698323269e-01
-4.760628230753896628e-01
-4.567005040170033503e-01
-4.349900109455860364e-01
-3.909957108847785801e-01
-3.708682477776074071e-01
-3.308794527563401755e-01
-3.100067396453393131e-01
-2.975634883348854953e-01
-2.704136786549217186e-01
-2.641037246553507023e-01
-2.473629193221210110e-01
-2.324826629689718260e-01
-2.264388572854375281e-01
-2.095705454816264857e-01
-2.009412185358364911e-01
-1.905446145113924850e-01
-1.791292789907742156e-01
-1.709745706057498871e-01
-1.597885553611670950e-01
-1.502795014599558332e-01
-1.369351920413340584e-01
-1.236500538206717487e-01
-9.996175798148819458e-02
-7.976072347108267846e-02
-6.068649842968912994e-02
-3.999703220542699666e-02
-2.413782406899440264e-02
-4.027526997235924069e-03
1.384780669305194639e-02
2.744173698140264100e-02
4.787463968951394255e-02
5.643296370137720896e-02
6.650701543935477744e-02
7.281359203205481356e-02
7.136832493130455812e-02
7.488611782627252467e-02
7.185140219470066703e-02
6.883808248662014184e-02
6.659494846506053278e-02
6.009333154769804647e-02
5.489392409455959992e-02
4.801797035067049968e-02
3.907526666328332149e-02
2.980713449126734527e-02
1.865836422482797588e-02
-2.494852813704539281e-04
-1.389324419322243709e-02
-4.818054438828989899e-02
-5.872076505966926374e-02
-7.273575369846939365e-02
-6.316308704023716747e-02
-1.665119979160374977e-02
3.474815923925538962e-03
9.467344706341879190e-02
1.064575285575837943e-01
1.745425742978400363e-01
2.370326242022046670e-01
2.515482420963220944e-01
3.261991249003381999e-01
3.309329622897376755e-01
3.296523063073460436e-01
3.451347572599304803e-01
3.436955498100974227e-01
3.470892352567421235e-01
3.267714859946386219e-01
3.198895397449162403e-01
3.113413351954382735e-01
3.017894050385561688e-01
2.930824471925176367e-01
2.893607339929482047e-01
2.743624460417051769e-01
2.623636824802544898e-01
2.599003193026595548e-01
2.122514500943894211e-01
2.080439701744395964e-01
1.892605808248758736e-01
1.731538600471888567e-01
1.612730515567072087e-01
1.508179126241012691e-01
1.323673233197247556e-01
1.096210647623706985e-01
1.057335188928072156e-01
4.771601820139959038e-02
4.622059917049224642e-02
3.572287156624873866e-02
1.935267818702596926e-02
1.818392776955811418e-02
1.027712069065729421e-02
4.195564008745319290e-03
-2.520416356390038724e-03
-5.161130295520727565e-03
-1.802145033221807038e-02
-1.808588183753012321e-02
-2.000108812701069036e-02
-2.310465583811588744e-02
-2.286840172997663470e-02
-2.413791144361928168e-02
-2.470822517730959095e-02
-2.481101056967782367e-02
-2.527826426329256304e-02
-2.536860386700915543e-02
-2.548433814791921728e-02
-2.561347929055492884e-02
-2.563802987316365564e-02
-2.569393662484154017e-02
-2.572373849422783867e-02
-2.573350110552462267e-02
-2.575263365077887570e-02
-2.575414955295975486e-02
-2.575071280970703258e-02
-2.575638076255388348e-02
-2.572965097793123920e-02
-2.571883219018662389e-02
-2.570898240943521665e-02
-2.560620133286096306e-02
-2.563331946109936865e-02
-2.549833688056761874e-02
-2.525887260260815947e-02
-2.544565881671303348e-02
-2.464929686885463170e-02
-2.456682896399612140e-02
-2.472375076251258352e-02
-2.174211424343634735e-02
-2.381170942246012973e-02
-2.065490108320585522e-02
-1.350178195110744196e-02
-1.593038279830780862e-02
