1.638657452390797473e-04
2.346054706399816115e-04
2.479476607586577827e-03
2.588452399872309944e-03
2.697506913418121644e-03
3.102507461348780800e-03
2.320458300329217294e-03
2.529567394553759382e-03
2.402616595510845710e-03
2.221354131053042153e-03
2.289454498470075341e-03
2.184858675851899211e-03
2.162481410845400187e-03
2.160862257303554704e-03
2.120579917440162509e-03
2.120672896399136871e-03
2.109824192170151481e-03
2.099662642253036747e-03
2.099887554156015714e-03
2.095449838549589237e-03
2.095836616716733897e-03
2.097294120521870243e-03
2.101105555220575058e-03
2.106611632167977675e-03
2.113457790978664520e-03
2.129216704726903317e-03
2.138768935627271932e-03
2.163156855100161532e-03
2.197837786037870871e-03
2.212382819874786268e-03
2.293853405162688333e-03
2.339291972692033542e-03
2.390564934297961883e-03
2.617259814571695070e-03
2.591460450877409050e-03
2.859473802756056469e-03
3.009228370012154239e-03
3.046950085829531075e-03
3.435844440543063798e-03
3.662396149361808566e-03
3.570512365796908033e-03
5.015024423811291487e-03
5.403338856313948287e-03
4.177469601683790959e-03
4.848372721056778620e-03
4.715841333607690214e-03
4.216798552857914622e-04
1.305102139110797142e-03
6.852978353255257315e-04
1.748738505391539226e-04
2.726600496292607301e-03
1.820458524088758561e-03
1.908119097886002910e-03
-3.101682006365981664e-03
-2.970393028840240084e-03
-2.729231623266720717e-03
-2.365601188670611414e-03
7.231939111125156331e-04
4.359064289390266259e-03
9.117571630325903981e-03
1.670732153818905996e-02
2.797944703042086825e-02
4.166122028764608631e-02
7.000988259832553740e-02
7.761140607393038349e-02
9.822350453723696639e-02
1.043878764991356400e-01
1.091185473795921040e-01
1.201203818703827919e-01
1.208009955203688118e-01
1.262828915163428933e-01
1.299902283455409702e-01
1.297664042609166513e-01
1.318170333726873533e-01
1.314365705679549634e-01
1.290239200295454358e-01
1.271969919227938228e-01
1.244898551119630742e-01
1.180034392553953870e-01
1.156992589231963658e-01
1.097907697734560178e-01
1.056389066843973351e-01
1.019086086467991953e-01
9.643931240173905794e-02
9.284345537005168902e-02
8.644959405628033222e-02
7.877940695817180206e-02
7.398081510841515718e-02
6.399418235941191357e-02
5.954616930043072492e-02
5.513675106429036243e-02
4.754702393983954029e-02
3.845042763798704744e-02
2.974162858207518925e-02
2.461784200718217588e-02
1.486755795454054903e-02
1.360529443971757700e-02
1.183623052560783297e-02
8.554848764903661557e-03
8.508588688631170405e-03
3.097330128253765816e-03
1.732318695162651453e-03
1.157542767297839968e-03
-6.394068534150217260e-04
-8.264394723135364733e-04
-1.713010624647466401e-03
-1.977342460082145113e-03
-3.358196504739863978e-03
-4.739505268321096872e-03
-6.783538315488869819e-03
-1.077953603510103248e-02
-1.288561968570514985e-02
-1.347106597650392541e-02
-1.240344115018515020e-02
-5.754306204404343109e-03
-1.441359560693595198e-04
6.838884494684636071e-03
1.615863263614299855e-02
1.572784076134872353e-02
1.746545862648136646e-02
1.780664953364815423e-02
1.266698288854141603e-02
1.218527245251739902e-02
1.317869002038235191e-02
1.119135891442973700e-02
1.079437779733866641e-02
1.050776748234295496e-02
9.427340518899757563e-03
9.477752798491185376e-03
8.119939196820590704e-03
7.931788893136055077e-03
6.217489008443170297e-03
5.245634437686154568e-03
4.051705065464582603e-03
-1.908755436930454534e-03
-5.694604155848960285e-03
-6.306757054965522226e-03
-9.294295144103868755e-03
-8.428995094397135832e-03
-8.001899348442472609e-03
-1.123233644050431260e-02
-8.582988381096601921e-03
-1.629903239417313660e-02
-2.292874754335350040e-02
-2.713879986398076705e-02
-4.331218994609382228e-02
-4.428143662749030318e-02
-5.356570549938119430e-02
-5.790050700183355104e-02
-5.516792614318059146e-02
-5.798287372369124310e-02
-5.695072592957754753e-02
-5.624562661487646914e-02
-5.789397494736221728e-02
-5.681217544130239688e-02
-5.756993429106931071e-02
-5.861537194909414300e-02
-5.827396320260373047e-02
-5.972077694769221262e-02
-6.082342056762904403e-02
-6.090116564457558751e-02
-6.345600355250195779e-02
-6.429188419837363055e-02
-6.535539255544238479e-02
-6.982470863316535270e-02
-7.064935518988404994e-02
-7.118055943342230241e-02
-7.222439635184872697e-02
-7.064941619310299847e-02
-6.849865195377413674e-02
-6.707327652281412644e-02
-6.214657878596637625e-02
-5.779976716717545593e-02
-5.413067871047946150e-02
-4.480035137939368528e-02
-4.083818663171992491e-02
-3.617145500405342939e-02
-2.963421843104768055e-02
-2.681500468846352569e-02
-2.158976742723237724e-02
-1.748149891928219013e-02
-1.609326147450593908e-02
-1.274552528379826674e-02
-4.750727649124342547e-03
-3.952964116007037960e-03
-4.332744991831629332e-03
-3.212616578112717156e-03
-5.799196455849943248e-03
-7.819925757031770744e-03
-9.880036091101194323e-03
-1.461945633417447224e-02
-1.509995221221331271e-02
-2.051739463454096621e-02
-1.809608183252322741e-02
-1.876359189985793777e-02
-1.698003533441673832e-02
-1.549207760838048481e-02
-1.379325183116375184e-02
-7.583815043959977846e-03
-9.366336730190697249e-03
5.730483377130758671e-04
2.215361590101300182e-03
-6.232448376520907142e-03
-2.797773894281560623e-03
1.012030439827264153e-03
1.756270129089046352e-04
1.973081855788820678e-03
2.731349051903306409e-03
2.773848567682186614e-03
3.774728342452636325e-03
3.876873974015539528e-03
4.131252643056205695e-03
4.481232372849454360e-03
4.646923408081642115e-03
4.980666303837710980e-03
5.254358493785622405e-03
5.451963670339830294e-03
6.077578746342076829e-03
6.250450736896449519e-03
6.897897632421057419e-03
8.060554415391517347e-03
7.920649572954166842e-03
1.039666004868549688e-02
1.132092802756633557e-02
1.021295630486144905e-02
1.124838569066804322e-02
1.113334034066150099e-02
9.344710552347704896e-03
1.159677506251263930e-02
9.418558352260818223e-03
9.305768912683478125e-03
1.215506932203649915e-02
1.564384647566181841e-02
1.497936563959011494e-02
1.573462543582755668e-02
1.449329217865904379e-02
1.330861803333100238e-02
1.546543068165237567e-02
1.299175862666513553e-02
1.461360840595639886e-02
1.442074945198256429e-02
9.665772572565029669e-03
1.143241005613906611e-02
7.451690139546074745e-03
6.496237729006103939e-03
7.604490906917384281e-03
4.309769413009265429e-03
5.256566110138453755e-03
4.657381649300862576e-03
-1.094211191859964646e-03
1.158339224160724051e-05
8.332417673565323474e-04
7.871842725704961390e-04
5.127841199526093734e-03
6.951827583469659573e-03
9.301154940421905992e-03
1.245594171546454340e-02
1.499651490019479616e-02
1.712537460362010752e-02
2.045356661943611293e-02
2.137834315282285957e-02
2.362047710400253658e-02
2.542052508608276876e-02
2.659567226514895216e-02
2.969763450412533576e-02
3.023588863130529519e-02
3.286077358396329723e-02
3.370369177850994491e-02
3.330012180840009189e-02
3.482177629633170790e-02
3.410692746652591728e-02
3.396807458228575521e-02
3.457257034308139354e-02
3.274329762986031428e-02
3.297542118163424713e-02
3.193030249882310850e-02
2.867543936615311526e-02
2.781446801357069162e-02
2.477868938928462494e-02
2.251712161517415225e-02
2.145037697286485828e-02
1.848909125691694522e-02
1.797640555500073373e-02
1.587598114920363290e-02
1.449675027138302291e-02
1.427440501975154805e-02
1.270027265736278256e-02
1.242478836153375690e-02
1.200389962326327969e-02
1.026480141448676484e-02
9.650822143483976309e-03
1.074653636782202555e-02
9.110923534941948315e-03
9.777172713764888112e-03
8.502523734289568064e-03
3.682209902416736912e-03
3.535080158471272469e-03
3.007103354606029556e-03
2.465129995608778945e-03
6.738784802654682569e-03
6.153939637386169649e-03
7.825697323127369862e-03
9.715302632074096501e-03
1.059433141134613621e-02
8.032816540448541737e-03
2.690085572515510306e-03
5.660488937122646605e-04
-8.193323448144050267e-03
-8.404425806978079935e-03
-1.155923129311041408e-02
-1.406732251887242435e-02
-7.140884746509093377e-03
-7.099481661955912327e-03
2.327054334742941540e-03
4.694128737705817109e-03
9.463174548632935501e-03
1.482280545007531002e-02
1.488251059722978109e-02
1.992445089786984772e-02
1.922571435930224906e-02
2.062781634665093386e-02
2.006925038998190469e-02
1.861274261690546578e-02
1.837213713378583330e-02
1.658542923936855151e-02
1.594086100675407708e-02
1.360533604401718312e-02
1.242070185908701434e-02
1.451204575232352412e-02
1.448866296373748849e-02
1.382163118954929035e-02
1.411194525452010885e-02
1.430135567760676060e-02
1.413525296077033054e-02
1.184289002764846339e-02
9.738752503493758664e-03
8.608160441331303217e-03
7.140940861765737030e-03
5.945564447272289922e-03
5.252206065246954256e-03
4.895542111587409574e-03
3.688642474451496543e-03
4.625044465834156869e-03
4.298961935161290000e-03
1.099213551913430465e-03
1.000495292232163498e-03
5.610636952366084007e-04
-4.992122668545850503e-04
-1.958988541823663187e-04
-2.251845807635759200e-03
2.340096863379770731e-03
4.189285079295544147e-03
5.360222521951134647e-03
5.896009088953105964e-03
6.655876216653058147e-03
4.620253324152825622e-03
5.068840761062006622e-03
2.706144550436767084e-03
9.379129569268599646e-04
1.240188998888422205e-03
-7.807387073500614500e-04
-5.618272554462822770e-04
-1.442229404230958335e-03
-3.312012968233175522e-03
-2.992761944956295536e-03
-5.217982103026543375e-03
-7.725474424320223459e-03
-9.504807503411644501e-03
-1.536217815895665750e-02
-1.771598110202363477e-02
-1.880668519573464384e-02
-2.238990673278214508e-02
-2.251823670016200526e-02
-2.584442378431125661e-02
-2.810312489187422394e-02
-2.974690045976540950e-02
-2.974209773087820724e-02
-3.242148296149580805e-02
-2.801659382326199266e-02
-2.884451798098774597e-02
-3.000576149475529114e-02
-2.834398741355035820e-02
-3.145151240065912485e-02
-2.937905737732623285e-02
-2.790183410842397502e-02
-2.786784966270171304e-02
-2.216718193563600031e-02
-2.001166506809585674e-02
-1.802770864326666556e-02
-1.476945171591692411e-02
-1.461687195521802970e-02
-1.298881148135477490e-02
-1.355863411526859151e-02
-1.204322239344620196e-02
-1.182998713707019735e-02
-1.590642754355810901e-02
-1.538290813272518744e-02
-1.815033451581831228e-02
-1.680115364300376751e-02
-9.197167527227517736e-03
-2.536128064200270441e-03
4.172807230557963945e-03
1.257947714680098666e-02
1.299532913687093810e-02
1.398912917834624174e-02
1.234210684776858476e-02
8.660789960018103542e-03
1.155250601376262010e-02
9.104492887407092741e-03
7.493492035228917041e-03
8.446893284064012353e-03
5.775130549105879536e-03
7.754137720304149148e-03
7.380208941501189591e-03
6.139479291507849747e-03
5.458845087778779401e-03
6.500762826278951717e-03
1.126556822152417585e-02
1.466772024626471736e-02
2.312089314475682458e-02
3.181027870417179465e-02
4.506450298126103010e-02
4.854378748952910272e-02
6.108788317491019998e-02
6.591213080498760368e-02
6.903137281614413201e-02
7.842449190048499108e-02
7.745296497275247494e-02
7.907764587686416657e-02
7.974138203608112374e-02
7.611805300511598205e-02
7.596940913034702647e-02
6.975633147365074838e-02
6.662237199282949884e-02
6.033161550487278063e-02
5.090927553375771547e-02
4.746003121094349159e-02
3.324844952668659648e-02
2.964131031292436408e-02
2.608004306714762147e-02
1.908418717018213473e-02
1.952583273583080592e-02
1.609914538731492539e-02
1.417358985942990951e-02
1.578498757270478670e-02
1.373594023194909045e-02
1.446595660216166285e-02
1.531428652942361766e-02
1.514093697310140048e-02
1.653280007429826920e-02
1.842765750036738301e-02
1.938957381739904104e-02
2.271615105553012604e-02
2.717248458123935895e-02
2.874826726905762089e-02
3.622000537350614224e-02
3.608575413449885416e-02
3.733203892968797732e-02
3.960963669683266464e-02
3.677434104252369496e-02
3.835095831130155147e-02
3.560886971988554139e-02
3.262637185198386663e-02
3.242838505764959051e-02
2.461722480094024126e-02
2.350235992441943034e-02
2.064194519203278733e-02
1.649226863519116099e-02
1.670367060223304154e-02
1.327752913118684756e-02
1.221393540832508250e-02
1.175274139380668229e-02
8.794204216740387700e-03
9.352009814024479437e-03
7.118620477920565952e-03
5.031587892840328272e-03
4.906698208536414835e-03
-5.892905330302460444e-04
-7.420341395859266160e-04
-7.936862694137285668e-04
-1.908139500034938905e-03
1.979507328494971654e-04
-5.704063251760364611e-04
3.053641297652392485e-03
2.500231970883829390e-03
9.460127416355137249e-04
1.484596897574511380e-03
-2.668561598121659689e-03
-4.174434941528091039e-03
-7.869458303723599404e-03
-1.377661681747619285e-02
-1.348912271398200642e-02
-1.288676652101697177e-02
-1.174151242839334766e-02
-8.450782819076949060e-03
-8.012580675042530604e-03
1.742532916511653441e-03
2.548296859553243494e-03
3.389635224126704392e-03
6.456643480291859860e-03
6.001086986991248373e-03
7.521279309796230841e-03
7.017636068262003528e-03
7.379597605967617123e-03
7.704547881559670706e-03
3.794094991620012257e-03
3.610362038872437594e-03
2.505581608915161129e-03
1.358044451885490056e-03
1.094226469390599749e-03
2.521260074343923264e-04
8.871655865101541719e-05
-7.842840767452373364e-04
-9.795155776647500485e-04
-8.587515543037107244e-04
-8.232320771160030583e-04
-5.617267398519131547e-04
-5.552057670854860811e-04
-5.097546783272162950e-04
-3.944728314895811134e-04
-5.366249307137187447e-04
-4.536442702511905216e-04
-4.573075558969966789e-04
-9.603844794623276953e-04
-9.907546262246757877e-04
-1.154691750646161990e-03
-1.300854836178204311e-03
-1.327800685093710568e-03
-1.415808433512439225e-03
-1.454457814669191410e-03
-1.479631494755325816e-03
-1.514108704578918333e-03
-1.527013883089777761e-03
-1.541989508301452698e-03
-1.553856542614135208e-03
-1.559704286037626826e-03
-1.566430579854631491e-03
-1.570451651147916020e-03
-1.572861627191632665e-03
-1.575208595767730972e-03
-1.576263655407105814e-03
-1.575885857895405499e-03
-1.576565353794154821e-03
-1.574695501619414713e-03
-1.571598336020086544e-03
-1.572277954078041794e-03
-1.562333802151709590e-03
-1.559747489431411848e-03
-1.557107324344316011e-03
-1.526616896758440246e-03
-1.541486836806312292e-03
-1.503345222602741910e-03
-1.449767762434521793e-03
-1.516812555724287095e-03
-1.314709683196397302e-03
-1.353964123832164827e-03
-1.400695268391228491e-03
-6.822891576950498209e-04
-6.425634838967300526e-04
