1.404280502404913616e-03
1.584268855430999911e-03
2.779834128185630637e-03
2.251023946733571746e-03
3.629046125649399660e-03
4.280786575829542868e-03
5.681340159684741126e-03
6.199554908579715286e-03
6.718978309080033719e-03
7.231990569186641168e-03
7.452562500742229180e-03
7.724590958787825104e-03
7.905014538983238387e-03
8.018971763258449237e-03
8.136584100833002195e-03
8.204970245396047898e-03
8.260314912184572173e-03
8.305322106196028065e-03
8.332168514871524795e-03
8.352172706306120950e-03
8.366066113698692949e-03
8.370225687190275404e-03
8.366205639977765049e-03
8.365473584529605280e-03
8.341126373203607697e-03
8.319187971363451936e-03
8.301457699418179556e-03
8.214541459986707261e-03
8.197996581049152298e-03
8.101662901908973646e-03
7.902846462488091056e-03
7.959036041023843239e-03
7.509161849853178590e-03
7.308534001069040900e-03
7.394042055500819194e-03
5.847302275309834360e-03
6.492874885924558581e-03
5.921748469472472298e-03
6.592346280746599375e-03
7.488138274618769651e-03
7.049739209287152891e-03
1.133576529841660678e-02
1.191579754231984582e-02
1.164972017972052028e-02
1.399499069717351565e-02
1.371654903453993490e-02
1.088773305891790888e-02
1.385421317401844439e-02
1.031818249145397166e-02
1.977680541325546951e-02
1.973585908967299615e-02
2.371013311919466238e-02
2.514331417984972880e-02
2.666404640623602079e-02
2.362455913194216536e-02
2.393902902550473430e-02
2.514694232951546551e-02
2.118194706023282872e-02
2.366107371272775650e-02
2.223152963769006382e-02
1.698701906852913626e-02
2.449759190868473768e-02
1.414842438987409974e-02
1.111769227087752374e-02
1.245944141331774627e-02
-1.130179837119831693e-02
-1.012357139946485143e-02
-1.070999964069759697e-02
-8.430033925518871582e-03
-4.481045787933336105e-03
7.317905481839207405e-04
4.819903433188735264e-03
4.392181976027932297e-03
8.546885626644290870e-03
8.653029686997064721e-03
6.849016951200786844e-03
9.193725430889476691e-03
4.451707739794240684e-03
2.837431368164414821e-03
1.334904871374604672e-04
-5.488839827458259595e-03
-4.776847538315944636e-03
-8.483637950651637741e-03
-4.964670865320532263e-03
-7.139380844858125158e-03
-8.127943375420545666e-03
-3.207898394949896398e-03
-3.849846900707635513e-04
-2.831843004048244933e-03
-7.808923347646083311e-04
-9.225568060884746643e-04
1.874538492739680413e-04
-1.086585211396402057e-03
4.458949454690563008e-04
1.134379757914625295e-04
-1.038108621083661974e-03
-8.806647238999745471e-04
-2.601770854866737072e-03
-4.484966968666601744e-03
-6.284244619737824021e-03
-7.885252902408422873e-03
-8.824136893072568807e-03
-7.934440133877146417e-03
-7.811899499757663824e-03
-5.878643999841458127e-03
-5.243282105622031021e-04
-1.142852741986833927e-03
-2.021093586902650459e-03
-1.189411880355983886e-03
-1.113217641500118503e-02
-1.197753163709681760e-02
-1.414877516111250413e-02
-1.882151132759523476e-02
-1.625366218141542293e-02
-2.015992658627827408e-02
-1.986695276307393065e-02
-1.843659654817601801e-02
-2.209837210106034913e-02
-1.942208732766809512e-02
-1.848206739343668387e-02
-1.902060785687118352e-02
-1.585150814707767322e-02
-1.383863625517462587e-02
-1.056686852365111909e-02
-6.741604555253638206e-03
-4.862029307944220821e-03
3.057957755296042759e-04
4.314247478465141859e-03
4.624503809027638579e-03
1.161221987248781291e-02
1.247290960765958662e-02
1.590394633403482277e-02
1.766436987644233458e-02
2.225633853328188444e-02
2.375839218386621016e-02
2.435265956799106263e-02
2.508072061604523645e-02
2.493151343695117900e-02
2.056667137670985246e-02
2.126422372209782821e-02
1.530287197107942435e-02
5.234803992821991832e-03
3.701930237867523833e-03
-1.935173927769221272e-02
-2.282602779762000350e-02
-2.706577753277117013e-02
-4.644031387337910904e-02
-5.424519346225795818e-02
-6.912034875339083395e-02
-7.711573772972823981e-02
-8.117930838721952591e-02
-8.833058911500600574e-02
-9.236207888022664181e-02
-9.467046548838851938e-02
-1.003922696168314532e-01
-1.012464749208995263e-01
-1.000705853778803972e-01
-1.034065552775634833e-01
-9.932053285094823158e-02
-9.976604867865941639e-02
-1.039413128790566271e-01
-9.982169042538147075e-02
-1.033044847264774080e-01
-1.022633737766143330e-01
-9.858329450180566833e-02
-1.008268815964073750e-01
-9.683704338700870051e-02
-9.457990372782540400e-02
-9.440069653906017766e-02
-8.942745728185212684e-02
-8.446366205482633283e-02
-8.237982313854232130e-02
-7.605419660618288613e-02
-7.536885473415183556e-02
-7.883179344550904355e-02
-7.846094306308622202e-02
-8.118919312670525024e-02
-8.266553579278863861e-02
-8.103193281651235869e-02
-8.090093417460134106e-02
-7.639824292496957825e-02
-6.809417665300097899e-02
-6.084584477970955696e-02
-5.675478856975407771e-02
-4.928212774730746787e-02
-4.305996385568724993e-02
-3.554457658688816440e-02
-3.012565355312846541e-02
-3.028755463926484717e-02
-3.012669077031774473e-02
-3.128209299080362410e-02
-3.247651280777852367e-02
-3.635531045447608356e-02
-3.967692630100777551e-02
-4.417587720420667469e-02
-5.163884365403731413e-02
-5.403204333301548506e-02
-5.583945116135552444e-02
-5.471416697201875873e-02
-5.351431880003404418e-02
-4.879313740323400900e-02
-4.151366376901185345e-02
-3.814361468518429055e-02
-2.903599094486248450e-02
-2.328503939256462013e-02
-2.067448102264550502e-02
-1.537854577104481001e-02
-1.700791694952751704e-02
-1.662214656748566347e-02
-1.700065141116009065e-02
-1.815505039379742419e-02
-1.472904994242973595e-02
-1.323550327217175478e-02
-1.206671230100041931e-02
-8.079867876895394097e-03
-6.478637876584640576e-03
-5.172744411291277031e-03
-2.170899454422812319e-03
-2.574674076003957788e-03
-4.123121223714040773e-03
-3.412717642354134735e-03
-4.811239074171307258e-03
-4.151235033072401236e-03
-2.328069326381070059e-03
-2.044006512053213917e-04
-5.736483747210347536e-04
4.847427637413479276e-03
6.775416700984442618e-03
8.143468861893347552e-03
2.395381867851518673e-02
2.387682379691520584e-02
3.178689175459616101e-02
3.916752068835565453e-02
3.414693962980915043e-02
4.415519926190028532e-02
4.075142769944749277e-02
4.139426349394528803e-02
4.910371019004655668e-02
3.506296468354482693e-02
4.021072095663659474e-02
5.038567979516183487e-02
4.163785550622053216e-02
4.930156030775558612e-02
4.206529308647066756e-02
3.515096618500852116e-02
3.494307080011566091e-02
2.562330075661378367e-02
2.121975968714296876e-02
1.627388727637984686e-02
1.746693959877484645e-02
1.649295338193216762e-02
1.499449731175264006e-02
1.446445487517378226e-02
6.603890405746348259e-03
9.227317473475117257e-03
1.860764115518745822e-04
3.455554143923965631e-03
5.534443776196992966e-03
2.734749454543101803e-03
1.687828122826872182e-02
1.739828960292472831e-02
1.885227795656605268e-02
2.483829809480547074e-02
2.198846913661780048e-02
2.088441248585311619e-02
2.165072917331691341e-02
2.140756454327338854e-02
2.055260695382209526e-02
2.328897158738029230e-02
1.745218364876802847e-02
1.644637500725335683e-02
1.545935825134357733e-02
1.281126235824785881e-02
1.067274929036819003e-02
9.582036152348935923e-03
7.373717524307945269e-03
2.741079357840480336e-03
5.144936054455624165e-03
-1.695735876429614293e-03
-7.943841361853986108e-03
-1.116391959945866458e-02
-2.644893045865708003e-02
-3.493908530344949637e-02
-4.760025933553060223e-02
-7.237443482317348908e-02
-7.748537546351329242e-02
-1.059909982411249146e-01
-1.118067964341297182e-01
-1.168949755140071822e-01
-1.314599890494415613e-01
-1.281044034948820021e-01
-1.350464241780649777e-01
-1.366368828038192762e-01
-1.318463428225098710e-01
-1.341360966853271386e-01
-1.311922030903477643e-01
-1.187286470873595012e-01
-1.180118373434803219e-01
-1.191548325149731219e-01
-1.183598117426386265e-01
-1.229230345834839006e-01
-1.246313495054581777e-01
-1.241100037622065860e-01
-1.203533335747070665e-01
-1.171784949477176624e-01
-1.097319659611655923e-01
-1.016669402111660403e-01
-9.930627840640937620e-02
-8.950544464256338095e-02
-7.672466760877465208e-02
-7.202355102885504845e-02
-5.755615518229779959e-02
-4.416495101251517036e-02
-3.904184172773050160e-02
-1.886431592350977515e-02
-1.702163756260342484e-02
-1.270293715613168145e-02
-7.455463404643007316e-03
-6.865573900707075579e-03
-4.797465397044900319e-03
-3.217811701712453443e-03
-1.866294695860117470e-03
5.000525937229793796e-04
-5.041370198942405397e-04
6.556326161869818238e-03
4.646592491971728717e-03
5.246877922473166048e-03
9.332801213126299539e-03
-4.852014420078333209e-03
-4.559757372438251466e-03
-5.661571235729907824e-04
-5.729906320158739685e-03
-5.386233748653362213e-03
-7.082701137672465716e-03
-9.635437813005477345e-03
-1.002302477078069985e-02
-1.371411197814529324e-02
-1.455403365946560286e-02
-1.447269222853273148e-02
-1.681193724309635110e-02
-1.527278571605892102e-02
-6.662959711111597107e-03
-6.218703053414665824e-03
-2.243438025961496784e-03
2.507242451599448287e-04
1.508534372788218223e-03
2.172095429851088940e-03
3.742697112209450840e-04
1.126607605943996324e-03
-2.223053668158871338e-04
6.315116317332763324e-04
3.601159600628680625e-04
-5.810799301778728915e-03
-1.000160755263516596e-02
-1.888864167977241659e-02
-2.174552416457227813e-02
-2.550702786812796344e-02
-2.589869495383738049e-02
-2.726893255080327719e-02
-2.965660539160840797e-02
-2.982442772988736640e-02
-3.029952375816507767e-02
-3.069510999496372072e-02
-3.331750385812903836e-02
-3.781720449039820825e-02
-4.124722182790768049e-02
-4.943126558920953040e-02
-4.237224537210796532e-02
-4.848091497762819363e-02
-4.770014621790856502e-02
-2.912536652362405359e-02
-3.258147301780060789e-02
-3.324955274275057104e-02
-3.408466039796725910e-02
-4.399265608574910724e-02
-4.635728252289336021e-02
-5.338178133099436701e-02
-5.914365367542356866e-02
-6.471569545626353059e-02
-7.086138119916828015e-02
-7.284920280031187412e-02
-7.831247134511239161e-02
-8.239537929882050082e-02
-8.527827883871597070e-02
-9.189249724084821991e-02
-9.525914360665095615e-02
-1.005726644520000129e-01
-1.086126230728200887e-01
-1.111435716058567502e-01
-1.202185797154720903e-01
-1.231045201870157035e-01
-1.262510963218999305e-01
-1.317449941798273794e-01
-1.324799624869275327e-01
-1.359448252760096509e-01
-1.385430794779146935e-01
-1.386049033276132714e-01
-1.415573246082678371e-01
-1.416267117337569881e-01
-1.408459808615807052e-01
-1.417100020828680473e-01
-1.405181486699455251e-01
-1.400525619786285592e-01
-1.402923857396440321e-01
-1.382583561934707383e-01
-1.387162654868757117e-01
-1.382574918030521349e-01
-1.374440444066362677e-01
-1.348715130556571162e-01
-1.312512712460946473e-01
-1.284032408281540749e-01
-1.222180506691487034e-01
-1.162613765710205915e-01
-1.102377599019915971e-01
-9.804527511540292450e-02
-8.859100984812944002e-02
-6.883239694512320594e-02
-4.774866055405082438e-02
-3.357077537561954650e-02
-2.549791388605448378e-02
-1.898556931787578547e-02
-1.532724883940998414e-02
-1.164574351021271936e-02
-8.696905665707164307e-03
-5.703341125158879581e-03
-3.931120466680369449e-03
-1.874445878763452387e-03
1.550440642029912459e-03
3.372963497989533380e-03
5.711679749112954715e-03
7.580395868626929254e-03
8.979940509258750245e-03
1.036181581044304592e-02
1.174700181890479637e-02
1.257683818660968594e-02
1.347114112505569568e-02
1.400754319175820731e-02
1.446821942656776640e-02
1.499845250915471384e-02
1.537759972938408312e-02
1.579604090495815433e-02
1.618628350750470415e-02
1.658668974835822083e-02
1.699621705272319830e-02
1.741906974021440943e-02
1.796077817490173215e-02
1.841503640630367741e-02
1.909630057670028483e-02
1.986506989204321963e-02
2.045220624039287283e-02
2.181849823879001074e-02
2.267465212836176219e-02
2.384849849081625145e-02
2.646662503163396685e-02
2.674861830657470838e-02
3.037578604256150477e-02
3.376606629819035171e-02
3.300046002092039271e-02
4.389004527848661130e-02
4.322633580543202431e-02
4.292661019476900347e-02
4.655364560674178642e-02
4.141493800647901707e-02
3.879442956417572530e-02
3.870988541540575090e-02
2.535268662422646493e-02
2.539729934726048591e-02
2.236118707883466214e-02
1.839073052290583765e-02
1.765869390126263705e-02
1.558439058091825279e-02
1.438349331137023061e-02
1.412039964792132299e-02
1.335615046484210297e-02
1.307149416572356455e-02
1.274596414545184873e-02
1.244081412923261215e-02
1.232520973134748794e-02
1.185551923159992339e-02
1.173840677977521472e-02
1.157691531444789666e-02
1.141946876013907701e-02
1.136696877458865003e-02
1.128147322318056103e-02
1.123175750988690894e-02
1.120082344507403529e-02
1.116516692328388578e-02
1.114724880344986763e-02
1.113061000580218944e-02
1.111728541072470357e-02
1.110925801658191672e-02
1.110107415779965426e-02
1.109671105258662992e-02
1.109126060590326542e-02
1.108797634687230284e-02
1.108715961849374328e-02
1.107880830654242761e-02
1.108331934914892625e-02
1.107760810721054867e-02
1.106372784742429803e-02
1.108883993012620660e-02
1.104520666747403623e-02
1.105486433410224519e-02
1.109983900052628931e-02
1.093659999967594096e-02
1.112614939427721342e-02
1.101518043520469808e-02
1.071741155898941165e-02
1.147456739245099507e-02
1.033825713207812969e-02
1.072003355745987895e-02
1.139975748409584842e-02
