7.435818275606643699e-03
7.479494285789220140e-03
1.323303905302556337e-02
1.266798113042322781e-02
1.688150645652781653e-02
1.747951581187743089e-02
2.000644871277936984e-02
1.928794012638982910e-02
1.959185273155023346e-02
1.999593174546177715e-02
1.946666851608297097e-02
1.972837714353432512e-02
1.965705354264919019e-02
1.955560138402866188e-02
1.963568517711370906e-02
1.957697253097294768e-02
1.957644137398976622e-02
1.958599491356470546e-02
1.956799148714639253e-02
1.957258664441651266e-02
1.957070355056714228e-02
1.956650047002686521e-02
1.956652175534559848e-02
1.956696792486550124e-02
1.956055331169965356e-02
1.956084795774322427e-02
1.956278721723938088e-02
1.953515141509593739e-02
1.955160421079597810e-02
1.951780124537342426e-02
1.941847312080561758e-02
1.947341044893344600e-02
1.915554887823942357e-02
1.884598210192988885e-02
1.882205566694872267e-02
1.710180009787804975e-02
1.637158011396997945e-02
1.565710448775617727e-02
1.422212295705247223e-02
1.277536295457705126e-02
1.270142021755514029e-02
9.974637481624252372e-03
8.714043326859622143e-03
8.268659310410802349e-03
2.594288731835426177e-03
5.015317208754205801e-03
3.694795440598086077e-03
3.613159363119913814e-03
1.048342300333389085e-02
9.569909010364705329e-03
1.206213383943992128e-02
2.014710716226144824e-02
1.527965303113120420e-02
3.376367781600844720e-02
4.251199958577044774e-02
4.132350886913026267e-02
8.539491488789820173e-02
8.558289305976100880e-02
1.099204986170988912e-01
1.298753946850045304e-01
1.246895906989151925e-01
1.305656513201235713e-01
1.131115318748973919e-01
8.814688333825723698e-02
7.856018039134800290e-02
2.569468362930351149e-02
-1.223209972989909838e-03
-2.088014560361146563e-02
-6.470228037950022382e-02
-6.661483347422475498e-02
-1.011541973275969647e-01
-1.209677170213939307e-01
-1.276497443492058959e-01
-1.632270872103894488e-01
-1.637033521119243829e-01
-1.838511493934815999e-01
-2.067930388226263128e-01
-1.984467453625219646e-01
-2.257382043763682400e-01
-2.180778638730452579e-01
-1.868875224349952346e-01
-1.933841384544655040e-01
-1.355081885523962137e-01
-1.102638531068001748e-01
-8.076542651214563273e-02
-2.730532733552356109e-02
-1.892757713593961125e-02
6.188114627427259221e-03
1.100121017089406884e-02
5.834810393675457854e-03
1.302021884085309382e-02
9.777425371360507628e-03
3.407552322072334404e-03
1.928304035149565592e-03
-2.738673829888960565e-03
-5.208444008418060961e-03
-1.642907849759640479e-02
-2.137915671380897706e-02
-2.385212218983438423e-02
-3.584636075320191823e-02
-3.522422213130908114e-02
-4.915261563311783960e-02
-5.535717217518612565e-02
-6.243517568259630141e-02
-7.253384521235171911e-02
-6.148827921588381762e-02
-5.043103210601412867e-02
-6.132550938865631573e-02
-4.884409256886061701e-02
-6.222638550967497101e-02
-6.388097967580644299e-02
-5.687474005765035673e-02
-7.205728749097274621e-02
-6.943828390392606242e-02
-6.752231854946148804e-02
-7.494138078810544390e-02
-6.162949854017987089e-02
-6.135362134171448018e-02
-5.506146940749179902e-02
-3.409685325330354122e-02
-2.525388607098133509e-02
-4.749744251758498785e-03
2.025561880903217066e-02
2.333698141490486710e-02
4.125279032155345499e-02
5.106293684537929062e-02
3.847155569804540376e-02
3.939308328014130139e-02
2.050976363574436023e-02
-1.004381208837439032e-02
-2.656800136032885090e-02
-5.391599262202786264e-02
-8.620506868094465758e-02
-9.424273747446919314e-02
-1.188550675061819939e-01
-1.268349970353062628e-01
-1.320655378357521170e-01
-1.460404842307712892e-01
-1.438940326754534205e-01
-1.490030146525002930e-01
-1.528913482203219376e-01
-1.463681166908293585e-01
-1.496944687307270594e-01
-1.436464663096538030e-01
-1.359859411342872193e-01
-1.338068074601153901e-01
-1.190328569681747412e-01
-1.088423818090406697e-01
-1.003068048836471410e-01
-8.044877218512871964e-02
-7.397110036101134378e-02
-5.371669991530722554e-02
-4.413925243579723545e-02
-3.402858278599102393e-02
-2.019105289473840242e-02
-1.766545040512506118e-02
-1.802821145007128117e-02
-1.967039712363870957e-02
-2.330533519978931351e-02
-2.610996997962601249e-02
-4.573033071243375047e-02
-5.399253316659442803e-02
-6.113077388820584157e-02
-7.073925823765618570e-02
-7.853389867706452032e-02
-7.504932751546165848e-02
-8.198802516833993137e-02
-8.346056314153904587e-02
-6.480406802638408181e-02
-6.276428019003936487e-02
-5.292115585030036928e-02
-4.341357852306849258e-02
-3.897267522491891512e-02
-3.380028220262697169e-02
-1.993184073367944981e-02
-1.511193373596366948e-02
-1.414435755471693187e-02
-1.017739696531492870e-02
-8.499189919741533678e-03
-5.258646050584578693e-03
9.181415755443842960e-03
1.369090257416188776e-02
2.014194754187043079e-02
3.138519561916129630e-02
3.792427176949277751e-02
4.240581573271331312e-02
6.120719138104939450e-02
6.192894318558574140e-02
7.270544989835478478e-02
7.887201700478733979e-02
7.657467640829297706e-02
9.036756938947339279e-02
7.426930033531908837e-02
7.150908219793337961e-02
5.818284575673340203e-02
3.425552852050658958e-02
2.804042903665973988e-02
3.707222621583083216e-03
-4.938130253270152890e-03
-9.776174127874480424e-03
-2.418700932936748010e-02
-2.433026928145082257e-02
-3.006017771916515494e-02
-3.401683302591805569e-02
-3.283703651085514291e-02
-3.341562117854867536e-02
-3.269693474219406010e-02
-2.920696741375674449e-02
-2.424823877771083505e-02
-2.086588802558053679e-02
-2.256274344142583654e-02
-2.114376276917227446e-02
-2.688374401479910747e-02
-3.056439933050663152e-02
-3.854906780278390122e-02
-5.259956191087652999e-02
-5.234612685675515270e-02
-7.000536170809007475e-02
-7.770228705026058225e-02
-8.055341763693192603e-02
-1.046327508797555289e-01
-1.005499864085850625e-01
-1.053940732942222486e-01
-1.096506770155553229e-01
-8.988944581331979877e-02
-8.765623801528778236e-02
-4.954469161000727567e-02
-4.032986928923215642e-02
-1.432024294809690693e-02
-3.385967647524988308e-04
5.703802295783734532e-04
2.237805030860879826e-02
2.067603520498878522e-02
2.973479744129677721e-02
3.211704867336509506e-02
3.440778036625695424e-02
3.243786442338814774e-02
3.067750642647559464e-02
4.090198761690839319e-02
2.635186077395950885e-02
2.690889588712297442e-02
1.552218820511794446e-02
-1.954387307366818941e-02
-2.879002105637660722e-02
-5.589407791011698212e-02
-6.471504790759947945e-02
-8.061094293270130995e-02
-9.493513172809626977e-02
-9.024691318742189550e-02
-1.075650273859603961e-01
-1.124581865065431147e-01
-1.218303387487344597e-01
-1.330439377849634008e-01
-1.276236375273848700e-01
-1.369444495699208564e-01
-1.333944727590305468e-01
-1.267557418039296502e-01
-1.333835938908015661e-01
-1.202762541036277028e-01
-1.096938352115598286e-01
-1.046043312179000678e-01
-7.886760690088547021e-02
-8.079796163539344767e-02
-6.689312018060011855e-02
-6.351951165078555117e-02
-5.639239352487317863e-02
-6.474136322511223063e-02
-7.013465167098124897e-02
-5.512419426958874158e-02
-5.402626883414572700e-02
-5.582591536483232780e-02
-5.346656129795773066e-02
-5.663114919461415681e-02
-5.174956631103197480e-02
-5.272922549822162130e-02
-5.768979675215447911e-02
-4.827677850608149551e-02
-5.588168160617916491e-02
-5.451887792701134994e-02
-5.405436689943698275e-02
-6.629478345325817701e-02
-6.451091913816536794e-02
-7.555456539184264575e-02
-7.903403383480472888e-02
-8.127751107323785695e-02
-8.819988590327232370e-02
-8.280687322175071807e-02
-8.584220767606361158e-02
-8.339103064737207749e-02
-7.830127464790162528e-02
-8.093234763338225113e-02
-7.226105028099817640e-02
-7.263266043281031703e-02
-6.916189277819226322e-02
-6.186544426383801254e-02
-6.438120710992414897e-02
-5.978917485817961119e-02
-6.140728330118683242e-02
-6.790560259026015566e-02
-6.984621383842043452e-02
-7.529089812264486148e-02
-8.247787905327691460e-02
-8.745263707698130995e-02
-9.184117169510529199e-02
-1.013485695507629347e-01
-1.046486275625926887e-01
-1.090992310590491177e-01
-1.215820956794133600e-01
-1.207272585332747755e-01
-1.197067200040626972e-01
-1.221717230469975962e-01
-9.440854392292370723e-02
-8.813741343158854047e-02
-6.654003702800694031e-02
-4.677100138086426329e-02
-3.837650319738886151e-02
-2.156004580971624188e-02
-1.932582900542582569e-02
-1.916361285480579907e-02
-2.022302588739586029e-02
-2.406843473393429148e-02
-2.635273974394979069e-02
-4.608016954342306071e-02
-5.419110290155490506e-02
-6.120643275295808289e-02
-7.073276580100455735e-02
-7.847443673012309551e-02
-7.492546693406276770e-02
-8.152608100533337288e-02
-8.333075051015904899e-02
-6.402153083314121584e-02
-6.174740649796653380e-02
-5.259908373970677287e-02
-4.083236176112319676e-02
-3.778672201552395193e-02
-3.168859734868143679e-02
-1.444691292769536596e-02
-1.456509754929923364e-02
-7.253469978718644559e-03
-2.632791771943856270e-03
-4.745700588217723059e-03
-4.254291485357997171e-03
-5.553919300856615705e-03
-1.150195469371435505e-02
-1.297316883184750774e-02
-1.108737121698091625e-02
-9.602121694691219400e-03
4.421810867509885952e-03
2.748087667721997931e-02
3.497839040678526329e-02
7.548133720426311588e-02
7.862055557039954179e-02
6.816797967955641468e-02
3.024471429212570797e-02
1.307052735905222130e-03
-1.249045153882599041e-02
-3.573410167174485147e-02
-5.012702587895159073e-02
-5.476337037508936800e-02
-7.198324820365183119e-02
-7.565169076149269589e-02
-8.302260318819326690e-02
-9.857997259503616105e-02
-9.846439103920426317e-02
-1.130299829620301233e-01
-1.151779111555344820e-01
-1.049187684713229762e-01
-1.104993809686990597e-01
-1.030032209726806508e-01
-1.045761212835968901e-01
-1.108941487164375739e-01
-1.083170945901100468e-01
-1.154270232687226172e-01
-1.178729751349921473e-01
-1.191975915826858357e-01
-1.257767435459450911e-01
-1.267416489682823277e-01
-1.284823411470535082e-01
-1.261381457643813431e-01
-1.213125913790328442e-01
-1.027437691894990540e-01
-8.340648717465967699e-02
-6.234470073156577613e-02
-2.811007113159405199e-02
-2.347288519777668281e-02
-1.733353259974401359e-02
-1.445002470752576075e-02
-1.655066631462452989e-02
-1.515527574821321118e-02
-1.825988348939501515e-02
-1.715123149085083856e-02
-2.042967264878370326e-02
-2.324946860406445354e-02
-2.079259437795201101e-02
-3.028453753937700513e-02
-3.343101518328088495e-02
-2.431998119252701610e-02
-2.295819762935481442e-02
-2.183224326496482556e-02
-1.922770384783370479e-02
-1.623523999479125485e-02
-1.512508548977247597e-02
-1.037085938104884489e-02
1.024574604558949401e-02
8.118189651434751242e-03
2.539066340952646564e-02
3.693978487340244393e-02
3.159343192597392769e-02
5.656820960300044249e-02
2.954924127282520380e-02
3.703304565511963964e-02
6.211950011139801692e-03
1.257141007405613436e-02
1.877514005348294990e-02
1.988189746911579042e-02
3.252923211053720259e-02
3.324960448936970653e-02
4.139470619345768376e-02
4.569281993752407484e-02
4.810280583698262752e-02
5.531259341253783740e-02
5.270610591428986219e-02
6.078065666183515153e-02
5.548976627363200881e-02
5.407008597715493026e-02
5.222040807250207667e-02
3.914997065242199759e-02
3.813584618362295120e-02
2.459385185608567448e-02
1.085365634620921900e-02
5.402543516233392074e-03
-1.562759790488428210e-02
-2.022508655613662262e-02
-2.862229115402388849e-02
-4.421018614466101782e-02
-3.664381633216650530e-02
-1.525476245933296733e-02
9.217429113351728251e-03
5.198845780635030084e-02
3.059843026796167306e-02
5.277304469793044073e-02
4.991715259797054050e-02
3.611277671031841441e-02
4.095876507593625149e-02
2.522681254969489154e-02
2.551697086867019126e-02
4.718009817483849282e-03
7.520752178571038504e-03
8.325177698414412686e-03
1.940899216321361051e-03
2.581089510244517771e-02
3.403424241202945844e-02
5.645772031173047073e-02
1.127089726796520613e-01
1.240812635666929536e-01
1.364325335369631076e-01
1.659568983133204723e-01
1.524994427944540432e-01
1.623920714963480172e-01
1.647953090062499182e-01
1.266176024258036104e-01
1.276471838517798385e-01
1.103504181488045854e-01
9.206720273414756295e-02
8.765909211611455643e-02
6.992812806785111968e-02
5.417645515743874790e-02
5.072452074193821436e-02
2.311114912248961664e-02
2.163034460777068374e-02
1.924807554562753611e-02
1.045175094275167631e-02
1.242316352269555446e-02
9.690585892423013784e-03
8.858402518383982904e-03
1.056276640230983076e-02
8.971591242961053300e-03
1.296011045147953816e-02
1.391825381526024322e-02
1.468673641533275835e-02
2.374706169394813493e-02
2.413307390740168645e-02
2.696459409893205844e-02
2.711732715862482518e-02
2.709399788518988134e-02
2.786024719540187294e-02
2.768291446897285998e-02
2.780107198974390501e-02
2.792833104243680475e-02
2.785553904577797724e-02
2.791749459568834343e-02
2.792037677892183350e-02
2.791140890680105652e-02
2.793024661881747181e-02
2.792717784511748388e-02
2.793329846288216886e-02
2.793766225524862978e-02
2.794716696677064169e-02
2.795622211057297371e-02
2.796197498516704918e-02
2.800380843647036488e-02
2.800346559447751751e-02
2.804924843604775578e-02
2.816740824798811757e-02
2.811059664603907104e-02
2.835344481358068047e-02
2.859456725083938874e-02
2.834636648795548983e-02
2.920717175598290874e-02
2.967519839624592135e-02
2.827204783172238001e-02
3.151440788496033540e-02
3.220701793603727991e-02
