-4.323795373295424849e-02
-4.473550906302182356e-02
-8.079097769228041348e-02
-8.424469782530144557e-02
-8.561258155638384881e-02
-9.181256217240217621e-02
-8.693226710686675907e-02
-8.903090404911145894e-02
-8.918399717018812844e-02
-8.827333142034833602e-02
-8.905516036232280497e-02
-8.874661733016138421e-02
-8.872860686698502697e-02
-8.887800539569687408e-02
-8.876073812599946655e-02
-8.881091825611231449e-02
-8.881588586437209887e-02
-8.879317779680793998e-02
-8.881156415643594315e-02
-8.880273417987029350e-02
-8.880044468233695698e-02
-8.880138280127622408e-02
-8.879305561108126466e-02
-8.879007528181899478e-02
-8.877942535058665208e-02
-8.876447804068730851e-02
-8.875383274049465643e-02
-8.871332616005252192e-02
-8.868589019450311139e-02
-8.864004691084821641e-02
-8.851159915771174280e-02
-8.848438204515129968e-02
-8.825109523578296422e-02
-8.795319849069546669e-02
-8.792453533262920007e-02
-8.680084703227815279e-02
-8.580485639565653411e-02
-8.599162991730567585e-02
-8.346031386290525544e-02
-8.227752760153723977e-02
-8.248175435676873002e-02
-7.257631260669343554e-02
-7.161436215744454437e-02
-6.925859268841179361e-02
-6.364902222257662334e-02
-6.437232601734066417e-02
-6.439337783799906068e-02
-6.479878229519002442e-02
-6.900560224996418746e-02
-7.006654641692675045e-02
-6.995901171237917104e-02
-6.999063195186658315e-02
-5.631012104861063405e-02
-3.373688605020392500e-02
-8.269355062036564188e-03
-1.447324225484976357e-02
-1.220066449636405918e-02
-1.830062413413665462e-02
-4.104457259273487646e-02
-4.247602438682294285e-02
-5.599130872835954981e-02
-1.023225855184271699e-01
-1.068279599079354908e-01
-1.327009503671388591e-01
-1.402760583197774080e-01
-1.592948629894286039e-01
-1.582975871886471708e-01
-1.591994368989594066e-01
-1.590657695750067047e-01
-1.556422995794266018e-01
-1.571597182968498263e-01
-1.537951370591913169e-01
-1.528386241811663659e-01
-1.503572048155523144e-01
-1.479943333037893882e-01
-1.481797211807697467e-01
-1.485916047431045661e-01
-1.515292713669537106e-01
-1.548929454044510323e-01
-1.549549784103129435e-01
-1.476174784432268128e-01
-1.452631796451454294e-01
-1.299252617640860863e-01
-1.223328014876117198e-01
-1.105261873141465678e-01
-9.855450196087463255e-02
-9.390684929165528383e-02
-7.212992747686373940e-02
-6.925516449333601887e-02
-7.101263164205934286e-02
-6.451566968313109107e-02
-6.447874653175944548e-02
-6.586405300534944884e-02
-6.461086557477195569e-02
-6.198935652685168968e-02
-6.270537825015200240e-02
-6.663956946824485528e-02
-6.694351044706266241e-02
-6.900737441323254173e-02
-7.176210143752577431e-02
-6.743354638110182764e-02
-7.261556118653621217e-02
-5.892106852062031080e-02
-6.676047916745152244e-02
-1.177370988517919548e-01
-1.519192118097440480e-01
-1.885423073235029390e-01
-2.186252331505434687e-01
-2.315737584228277635e-01
-2.196016318759902997e-01
-2.194028838454510633e-01
-2.133152211948375898e-01
-1.936465038540792494e-01
-1.843197271734295095e-01
-1.607093349269214655e-01
-1.442634402063504018e-01
-1.452738010321712181e-01
-1.256172737607051948e-01
-1.273722254826903100e-01
-1.251408966019959268e-01
-1.178998936130816189e-01
-1.270550547235493044e-01
-1.178100459348292578e-01
-1.232241767186773584e-01
-1.205827539527374592e-01
-1.106987919030087697e-01
-1.276042207015508079e-01
-1.176022537082806740e-01
-1.197836590656255334e-01
-1.416331692773839246e-01
-1.497668778791033661e-01
-1.596340909444098066e-01
-1.728947827978828400e-01
-1.717392099851462184e-01
-1.813645099303242691e-01
-1.815689537560752354e-01
-1.755425066303087644e-01
-1.812079420814578790e-01
-1.702555519577717558e-01
-1.693329960292795366e-01
-1.649206250353715819e-01
-1.473596286243244735e-01
-1.436191547067304231e-01
-1.355381726111716256e-01
-1.252911146271053211e-01
-1.275845520510385522e-01
-1.195896689250663808e-01
-1.144377513506837085e-01
-1.151761843216992376e-01
-9.913061210692632186e-02
-9.689157932519892880e-02
-8.165697078035200063e-02
-7.211729358867460804e-02
-6.830102409422768306e-02
-7.101100078019581541e-02
-7.336864674020271426e-02
-7.997024672511557353e-02
-8.284919531993818753e-02
-9.003952516071073164e-02
-9.246343921956463874e-02
-1.015383687819823300e-01
-1.015166946732763975e-01
-9.572598401048845740e-02
-9.582598733052627438e-02
-9.274947060785188047e-02
-8.729463190539218931e-02
-8.112109265870545705e-02
-7.780899889791409452e-02
-6.016627735278038541e-02
-6.052857438575104387e-02
-7.307206263974938554e-02
-6.931365213010316773e-02
-6.422676318675436813e-02
-6.966174444714286207e-02
-6.524421774233585269e-02
-6.692849321112058492e-02
-6.905534818389895413e-02
-5.733882079172612778e-02
-5.876285065449144557e-02
-4.266978588618332291e-02
-1.964234585307708669e-02
-1.413114076027109298e-02
6.230252600926574486e-03
4.644587964158829532e-03
1.143594995293141861e-02
1.603630131205736192e-02
-1.010795842139929762e-02
-1.631267451611485841e-02
-5.482730825009678177e-02
-7.025985458335487488e-02
-9.429118614423627476e-02
-1.306905119276982330e-01
-1.506769350478914249e-01
-2.002088934331512637e-01
-2.099846890046817016e-01
-2.374651751619766271e-01
-2.544966998898043897e-01
-2.675029164744808230e-01
-2.784822229402045268e-01
-2.856251659579299162e-01
-2.910460139935336921e-01
-2.985716914540651468e-01
-3.013580498664589769e-01
-3.049960789788527804e-01
-3.118382738565412815e-01
-3.087729779185136580e-01
-3.141767533908937371e-01
-3.121258063381836534e-01
-2.982519320095625148e-01
-2.908088825250230158e-01
-2.636068942437527207e-01
-2.416648661179578161e-01
-2.230666711724637041e-01
-1.899362167369546550e-01
-1.613636771904635447e-01
-1.334303551475367888e-01
-1.278909971473995710e-01
-1.189276560339906780e-01
-1.095683205761368989e-01
-1.165622895481025906e-01
-1.257486556836331371e-01
-1.353584602851113372e-01
-1.328199888710012433e-01
-1.384181083461884509e-01
-1.220023244884721469e-01
-1.131227284246278803e-01
-7.948105918053215146e-02
-7.589204497416493500e-02
-6.075159474088125122e-02
-5.770292314061966493e-02
-5.905556923445427764e-02
-3.461315192935796037e-02
-3.339187767208321583e-02
-2.383181180693528731e-02
-1.609810085852743031e-02
-2.298598476482855910e-02
-9.310877771887375587e-03
-1.469803177113342130e-02
-2.136053499469245734e-02
-3.684977200501440842e-02
-6.979386601299994441e-02
-7.913736097918708245e-02
-1.337256313754973669e-01
-1.452272456652781707e-01
-1.494906848631687712e-01
-1.693721330693931937e-01
-1.634897580653527915e-01
-1.652857620252878856e-01
-1.856203549982096412e-01
-1.738635308581906458e-01
-1.639949637474130695e-01
-1.244696559233400557e-01
-1.164566666380879717e-01
-9.801238211173488035e-02
-7.930001479195299130e-02
-8.766740839006545438e-02
-6.948899418035560382e-02
-7.678919345060371271e-02
-9.975224462263769520e-02
-9.578557055370846840e-02
-8.383737831253990080e-02
-7.260379054458776515e-02
-8.114695048524651899e-02
-7.036813879009433392e-02
-8.386907187195025148e-02
-8.075857323977615743e-02
-8.894425228086312585e-02
-1.179930962378847176e-01
-1.843927691453111917e-01
-2.227447556289295916e-01
-2.347652534043168371e-01
-2.405462395652641361e-01
-2.365884738444309354e-01
-2.416951105472301964e-01
-2.349145157830922481e-01
-2.263472350835755709e-01
-2.315049252453310058e-01
-2.247310241819332755e-01
-2.362295628710143480e-01
-2.375034255014186746e-01
-2.400802699123223138e-01
-2.474294960529106469e-01
-2.375401762049598464e-01
-2.442523838097265809e-01
-2.397501319280506971e-01
-2.401397890015471992e-01
-2.494140223114583721e-01
-2.526137467474882103e-01
-2.652353955314536438e-01
-2.687867766365434341e-01
-2.810873228950509506e-01
-2.810806132264974111e-01
-2.819652176324018988e-01
-2.674665252262429238e-01
-2.370180125678669203e-01
-2.202715550589022242e-01
-2.243182221003298116e-01
-2.121498521397753023e-01
-2.067444826364964461e-01
-2.016795016458570733e-01
-1.829105107126552665e-01
-1.889881461490945103e-01
-1.769441390328162500e-01
-1.711555261401871419e-01
-1.736612792910297298e-01
-1.599938413603446130e-01
-1.625802637067204903e-01
-1.587711251570637361e-01
-1.523632112262328087e-01
-1.561858972391782230e-01
-1.504359394218168777e-01
-1.341026804256702232e-01
-1.300143459391779888e-01
-1.092391618994631164e-01
-9.412865929718873537e-02
-8.784683131997345074e-02
-7.624056419076191693e-02
-7.810302909205790733e-02
-8.536440242563424208e-02
-8.425455511125957975e-02
-9.256836623586230106e-02
-9.398537412543679637e-02
-1.022915045158087066e-01
-1.025927957599581941e-01
-9.617040822868021255e-02
-9.625914361504378514e-02
-9.317822164236022608e-02
-8.748382702438180225e-02
-8.147563407785922418e-02
-7.809231411685710333e-02
-6.036697873110381807e-02
-6.122952053832670521e-02
-7.331851902746522320e-02
-7.012908640450259135e-02
-6.582564191089325389e-02
-6.978613830182703315e-02
-6.873483713552713814e-02
-6.913606633941131452e-02
-7.048459453863845092e-02
-7.154854537260073311e-02
-6.971280083760778012e-02
-6.885357967345741292e-02
-5.484503170288803492e-02
-2.831754402799066539e-02
-6.351587848934909034e-03
-1.581498832417801981e-02
-2.412523199610008828e-02
-4.317648593137975860e-02
-6.488895022547316871e-02
-7.154137704128754605e-02
-1.164818589924191405e-01
-1.307180609672350391e-01
-1.619849340358049949e-01
-2.102057501454161481e-01
-2.370370963575865464e-01
-2.313889558845335648e-01
-2.220627949360015341e-01
-2.050394859860216468e-01
-1.978683793098339194e-01
-1.837178411412014600e-01
-1.755908252389199176e-01
-1.717011809399907885e-01
-1.616259116028154752e-01
-1.606733428068829739e-01
-1.561291139261521133e-01
-1.499209889612538316e-01
-1.508514663435344405e-01
-1.406931592107334705e-01
-1.195489153967632112e-01
-9.435504713953453415e-02
-7.367809821564276496e-02
-5.344654257514046269e-02
-4.844883260240934880e-02
-4.162699921400618563e-02
-3.747045795402778601e-02
-4.428708603651801412e-02
-4.544158413171225236e-02
-5.694817623240856080e-02
-7.404404807486895945e-02
-8.828824209797049571e-02
-7.281865649079079239e-02
-7.232136193532444357e-02
-5.960192712025965539e-02
-4.052383286501680393e-02
-3.857064683235423425e-02
-3.606387756962806113e-02
-2.259258645754593994e-02
-2.213018901359280546e-02
-1.920043740904904539e-02
-1.487713707787018808e-02
-1.562305382837726048e-02
-1.524219099635069907e-02
-1.108305812666293688e-02
-1.825412261096948097e-02
-1.640156829803943520e-02
-2.617123214825138253e-02
-5.284851637501992300e-02
-5.254627019188184284e-02
-7.127119087669030184e-02
-8.076481291004762586e-02
-7.440320556756532810e-02
-7.641504302404535098e-02
-5.989829053080810567e-02
-2.505475613885190661e-02
-2.766418969499489719e-02
-2.691901046307547656e-03
-7.024177153465033805e-04
-4.028431883579729894e-02
-5.806529155800772835e-02
-9.686945673278982150e-02
-1.328017964126344541e-01
-1.704917189033040292e-01
-1.696255811684962977e-01
-1.863730135389125853e-01
-1.765551373130826440e-01
-1.841582377539434379e-01
-1.885290334613748398e-01
-1.809590109077547915e-01
-1.978794781350070586e-01
-1.909602586905602972e-01
-1.744866039770741895e-01
-1.668910515603905242e-01
-1.540439238361800967e-01
-1.442974989902816030e-01
-1.385737004273727146e-01
-1.365239673533961140e-01
-1.334259656520616066e-01
-1.300297791045032514e-01
-1.305141946004464704e-01
-1.301267272508449258e-01
-1.329289542018651793e-01
-1.345938735450983859e-01
-1.368218973861463628e-01
-1.405264884083297083e-01
-1.426495562196435640e-01
-1.480267929296390228e-01
-1.259580240707073862e-01
-1.184098307036836745e-01
-1.077062570853753315e-01
-7.105711498221986555e-02
-7.481515332610698399e-02
-6.792365373008101004e-02
-6.412927006540790342e-02
-5.656231924239858017e-02
-5.788169753272551926e-02
-5.281703321818644742e-02
-2.089868613498438096e-02
-1.991098852709121542e-02
-5.107722053778300693e-03
2.635135266167124186e-03
-3.146902948452259038e-03
-3.699694478936193121e-03
-1.582717313582883423e-02
-2.815152081449849922e-02
-3.279427722051792699e-02
-3.884102025994946167e-02
-4.253310936758566280e-02
-4.822100828052795773e-02
-5.290396545244725746e-02
-5.451235338160643346e-02
-7.011269395285910089e-02
-7.216508071249963518e-02
-7.734169344743757613e-02
-8.359576150826468488e-02
-8.563707736107015189e-02
-8.965587299174460068e-02
-9.636798714677778654e-02
-9.735744489652443934e-02
-1.045090826794105865e-01
-1.042270185052043829e-01
-1.028129814632040839e-01
-1.046809513695755312e-01
-1.033870901138758680e-01
-1.035825007701593192e-01
-1.033658154027316395e-01
-1.021055797978340507e-01
-1.025360013820402760e-01
-9.986112361404504700e-02
-9.887991469286591673e-02
-9.838578374856907227e-02
-8.884372299783926952e-02
-8.835889070110918009e-02
-8.629446181729048815e-02
-8.774514477775052779e-02
-8.795093818093839555e-02
-8.788354539023088274e-02
-8.837071269800558793e-02
-8.832075879668115082e-02
-8.842020598408172061e-02
-8.852351059302449032e-02
-8.851115175455620543e-02
-8.856297022930134655e-02
-8.857571652100908188e-02
-8.858125570562240536e-02
-8.859162703680234507e-02
-8.858816995000207140e-02
-8.859341251500980896e-02
-8.856890698100827741e-02
-8.857256742808362893e-02
-8.855354196887044171e-02
-8.846931347497832832e-02
-8.853343103230397471e-02
-8.834647969421614844e-02
-8.823407431855607996e-02
-8.842240798519619693e-02
-8.751340537663165886e-02
-8.796849083047238171e-02
-8.764206356366016637e-02
-8.493472384137015774e-02
-8.850912958470923131e-02
-8.243387324298340202e-02
-7.911260257429753029e-02
-8.296709377031669108e-02
