-1.415781647345860797e-03
-1.715579170043385468e-03
8.256839544035074127e-03
7.497524165159906787e-03
3.416288235580172087e-03
5.194705354771842962e-03
4.031546352477847692e-03
2.928700747468600697e-03
3.330926126229431967e-03
2.733440013578901633e-03
2.602855033657568325e-03
2.607630826532623698e-03
2.415641808886228453e-03
2.414763277063217313e-03
2.373020786934999359e-03
2.327427970448285501e-03
2.325107358583944957e-03
2.302486004776768680e-03
2.292229491297717581e-03
2.284867453877814127e-03
2.274463178793862100e-03
2.267149719072808229e-03
2.252951076766784334e-03
2.245117056142127438e-03
2.221387547252779999e-03
2.191562421033124795e-03
2.177864133192748772e-03
2.084734088138459618e-03
2.045856062522213078e-03
1.967288228747865898e-03
1.666710619409402959e-03
1.715819435581904685e-03
1.194830793083053247e-03
5.627765066293299260e-04
8.515161725036400316e-04
-1.487842490139399841e-03
-1.777494967853766655e-03
-2.462570417833469943e-03
-4.803598415195327841e-03
-4.862559569043715599e-03
-5.707640201126625706e-03
-1.154519501642996271e-02
-1.113566263313283192e-02
-1.519533719370496846e-02
-1.231696990738653449e-02
-1.528722115381182627e-02
-1.683727872256345071e-02
-1.236920315770785941e-02
-1.924833452572569104e-02
-1.069477849113813217e-02
-2.277947594754079538e-03
8.712409937853755545e-03
1.002603138232849994e-02
-1.374215941796397798e-02
-1.988539198970857777e-02
-4.261714195476284939e-02
-4.667688055137618475e-02
-6.711349698003893360e-02
-8.325588591924977522e-02
-7.433561544159758561e-02
-1.314447658638188132e-01
-1.176934596300380220e-01
-4.927369642121890575e-02
-1.014312972424244452e-02
1.668950204630093026e-02
7.601741676951059845e-02
9.372338949641702277e-02
1.232121207480757485e-01
1.585187978140504272e-01
1.665400669170300496e-01
1.938100019684084740e-01
2.105657103223186333e-01
2.172341376157580217e-01
2.364258429404701989e-01
2.430448765625664032e-01
2.456225514043165470e-01
2.563061950962778335e-01
2.519892311859996958e-01
2.468008928724381157e-01
2.467679904115488987e-01
2.371988935811452093e-01
2.353565150051538379e-01
2.329232459366565589e-01
2.259811621295209905e-01
2.272272944104102022e-01
2.221503046392328540e-01
2.165584146079106986e-01
1.929894582833062699e-01
1.757189340200336070e-01
1.455119399113548595e-01
1.543541806618781154e-01
1.502815740128287114e-01
1.295394729109413112e-01
1.163145600193950802e-01
1.085989153886642022e-01
4.094400459236736262e-02
4.231203761729936119e-02
2.964620172485497862e-02
6.153182032981827435e-03
1.569451272458725899e-02
-7.228100439558311080e-03
-1.451845475032668975e-02
1.666292270834215591e-02
4.449508032715163500e-03
8.824788674835219032e-03
1.269490238511040113e-02
-2.795173776899795119e-03
2.740759050759006971e-02
2.456310832437936034e-02
3.432333295630591447e-02
6.934763549719229203e-02
5.133519442171839003e-02
6.619973695755523857e-02
3.920027275486289570e-02
3.640964114034078714e-02
1.181586600347002830e-01
9.802113553902791487e-02
1.345784759785078055e-01
1.221426421834828219e-01
7.207842001253031428e-02
7.117431316777232675e-02
1.487354954162184786e-02
-1.837435938624633336e-02
-1.495324634233171496e-02
-4.607484594066538902e-02
-8.512932155684967486e-03
-1.228448057870220982e-02
1.118695412052384463e-03
9.583953102225796494e-03
2.546974134828830852e-03
8.219694062114809435e-03
9.482105609747198266e-03
8.981001404782709696e-03
1.220157072071207521e-02
2.421892141383595598e-02
3.594036355362611318e-02
4.764115143985492296e-02
7.098853817964011215e-02
8.232742546537927253e-02
9.853603735401711416e-02
9.981043308356873922e-02
1.271741638434508159e-01
9.970962698897609111e-02
6.955525755907926433e-02
4.486654525929754944e-02
-6.392494862722630788e-02
-7.994836819795335392e-02
-1.349846251380653617e-01
-1.614479196247463055e-01
-1.767604304399534587e-01
-1.912872872418540371e-01
-2.046674513910249349e-01
-2.145358217018890068e-01
-2.218149815323039731e-01
-2.293413025182314546e-01
-2.352266493838140182e-01
-2.363068462927847557e-01
-2.430305985164732396e-01
-2.424212513439897299e-01
-2.416078420632442048e-01
-2.461607684566351761e-01
-2.360389348822267697e-01
-2.366414578024197968e-01
-2.282446075404381547e-01
-2.103269969604704137e-01
-2.028356301593305655e-01
-1.656300652001949925e-01
-1.494771167775426624e-01
-1.296715866171465337e-01
-1.043542701471771722e-01
-9.746356013230990378e-02
-8.251804040749030622e-02
-7.279888749978195850e-02
-7.085417015306656741e-02
-6.340749865449649136e-02
-5.787253999666634036e-02
-6.522901256093982525e-02
-5.275518327441634098e-02
-5.910914050053549945e-02
-5.784136788184682243e-02
-4.970782837173979424e-02
-6.715642929065895883e-02
-6.422687281017684657e-02
-6.582376381322317671e-02
-5.331755568187047933e-02
-2.558479689587070741e-02
-1.895826297504253632e-02
-2.866078678318388986e-02
-2.037153105804320394e-02
-4.068203027187378834e-02
-3.669820427938884355e-02
-4.447077491766467106e-02
-4.377159887594630344e-02
-3.425738537064400291e-02
-3.773417345749405238e-02
-3.106781860040727997e-02
-3.170119410711231406e-02
-2.468388627949476624e-02
-2.444928907288297301e-02
-2.177066614375716691e-02
-2.207697899436543258e-03
-4.174243173279127599e-04
1.034652985131310696e-02
1.380618463384374051e-02
1.069288185225724525e-02
1.308353208712144042e-02
1.513222591679559692e-02
1.447364223453504774e-02
1.797539618169766151e-02
1.979987285999776359e-02
2.077511576635287724e-02
2.738592415238855216e-02
2.774170984130593445e-02
2.942727973951802384e-02
2.943797953727373892e-02
3.175013019536443437e-02
3.126903548332397864e-02
2.737173284287217068e-02
3.749711288056294806e-02
2.281967114228793114e-02
2.515394596218332654e-02
3.874119079531444798e-02
-1.794074724253759759e-02
-1.156581860533346245e-02
2.422014147913094211e-03
-1.135167465040355650e-02
2.213619993413191989e-02
2.202077743944340360e-02
6.368705271605212825e-03
3.219132958745277856e-02
-4.023914699291694826e-03
-8.677207931041102870e-03
-2.424651335196425714e-02
5.051884344686766171e-02
6.484700397218504109e-02
1.180842004272664031e-01
1.271808342275898562e-01
1.254137160430057740e-01
1.421435493565299246e-01
1.034034778355398393e-01
9.192329691083979404e-02
2.984100392429763285e-02
-1.074354131714033711e-02
-5.247396392695401202e-02
-5.038642676466736914e-02
-3.238347681741867573e-02
-3.901008781175593909e-02
-2.570464426412091136e-02
-2.337661029398014137e-02
-7.103968478651478957e-02
-5.450704120281630455e-02
-5.822899284385092689e-02
-4.677911097461292383e-02
1.263481091332976057e-02
3.808075120268681474e-02
5.318635475508261962e-02
8.937140079954383753e-02
1.099196138091535629e-01
1.166295775164500198e-01
1.382612748282216197e-01
1.329785778532134866e-01
1.367905756664855310e-01
1.443339058322164192e-01
1.287824052839432187e-01
1.334929211001480154e-01
1.222227964478002776e-01
1.011016909626163557e-01
9.726727698422660273e-02
7.240825122917110557e-02
5.776595587768738882e-02
4.544570592515025792e-02
1.735319006039242468e-02
7.912922342496648415e-03
-1.486972280262562236e-02
-3.955141752278659023e-02
-4.945171018555665626e-02
-8.258669057309969697e-02
-1.020303324042213661e-01
-1.012157868839505398e-01
-1.263724838805830863e-01
-1.133046309665096535e-01
-1.051610427118326585e-01
-1.029568830780001054e-01
-7.654063448925323143e-02
-7.321150169412050934e-02
-6.089113536143237609e-02
-4.887397280557358864e-02
-4.282388906679885504e-02
-3.757484653687084147e-02
-2.597858632668521503e-02
-2.243388370693460282e-02
-1.770458544639066933e-02
-1.022233737838085937e-02
-4.920868780463979152e-03
-7.542460557542307424e-03
2.088735002973741463e-03
1.361240048012459783e-03
-2.025119713500683413e-02
-1.815952229613986696e-02
-1.862240521203232385e-02
-1.288487851158252179e-02
-1.452969578959227744e-02
-4.190801791563099864e-03
-9.384927162920579744e-04
-8.972276518191645142e-04
2.125567795000339252e-02
2.170852145533134700e-02
-1.650527458001095626e-02
-1.156011933952748143e-02
-3.853925811831365039e-02
-4.965750489774816562e-02
-3.603317527057917080e-02
-3.914598408168024762e-02
-1.406801126348890610e-02
-2.193860274556537395e-03
1.075114577461879113e-02
3.734623829852554144e-02
6.426385768059560133e-02
1.204160198567720413e-01
1.131187710918235417e-01
1.098848032200219066e-01
9.733882508296239078e-02
7.197138220674542675e-02
6.279586602088481351e-02
3.139217024276195339e-02
1.154449400890760272e-02
-3.261485372184860679e-04
-3.352063604151375026e-02
-4.037603723360778940e-02
-6.004719418342934628e-02
-1.097832059129099092e-01
-1.146345848521098248e-01
-1.185380562906613172e-01
-1.227203178035271708e-01
-1.078939974352604719e-01
-1.150237778231863739e-01
-1.240843780177683930e-01
-1.263905141282472555e-01
-1.349205708439649709e-01
-1.406980583180894862e-01
-1.441926912075185696e-01
-1.506268345094554095e-01
-1.524618645130683126e-01
-1.520132731294858430e-01
-1.490865562540537037e-01
-1.360776339486160502e-01
-1.169013265109389854e-01
-1.104032742995271071e-01
-5.336301162243624330e-02
-1.358768763285367609e-01
-1.503145905525987425e-01
-1.238571563118232716e-01
-1.078535665517766085e-01
-6.315230675704280872e-02
-3.809600369362232952e-02
-2.090084958410414959e-02
7.991022742194204068e-03
3.112411207603221763e-03
1.822351317583910391e-03
1.945880106422226072e-02
5.444582786520608085e-03
2.640830406895685115e-02
2.126441688558789941e-02
1.586423790411025173e-02
3.166539421841053220e-02
1.288045653907872803e-02
7.737089054530944809e-03
7.225026156239931644e-04
-3.422531477514866027e-02
-4.184934320757628667e-02
-3.801691599051239268e-02
-5.714497488023299182e-02
-4.347727200790980906e-02
-4.993220092779620395e-02
-5.640164613029714780e-02
-4.897207910754988736e-02
-5.557360795027226769e-02
-5.527214076429552009e-02
-3.446065727679217122e-02
-3.553070174288300992e-02
-1.607127445740129737e-02
-8.749456698752405837e-03
-2.436742103317696834e-02
-1.659399583937072251e-02
-1.089870209169024363e-02
-1.790512031162054887e-02
-5.131399110409618977e-03
-3.889749583774320622e-03
-5.863407649317270258e-03
1.946794205231651767e-02
2.090352163136163441e-02
3.222273656146713849e-02
4.895975845520565001e-02
5.035419966927696944e-02
5.493663988693572864e-02
8.885838493902745161e-02
7.072088811710065814e-02
7.558768539506283135e-02
6.416388683162840834e-02
3.533978728183159723e-02
9.897714294551085423e-02
9.920368748911349843e-02
1.025501503656010144e-01
1.029904692514534287e-01
4.832819407224030889e-02
2.369228846879702088e-02
-1.626022394646500779e-02
-6.269052323082323352e-02
-7.257421565586028023e-02
-8.533350852620665006e-02
-9.323707900499600409e-02
-5.384738289251896765e-02
-4.145091634617523169e-02
-3.651473659159203133e-02
-1.283255009443062290e-02
-1.340594772838843082e-02
-5.229426306496335816e-03
4.471629161832855136e-04
9.320603227335188005e-04
1.969605937292021741e-02
6.019826876359250095e-02
8.844722735945442782e-02
1.223374829041289774e-01
1.563642954456104794e-01
1.694105105220490015e-01
1.615034311379312248e-01
1.575875834605001691e-01
1.342064150876343953e-01
1.375767774617473460e-01
1.212823833965345210e-01
1.063177718327351778e-01
1.063574561718251543e-01
7.585010555883731076e-02
6.628818949419824913e-02
4.866111112551084472e-02
6.872306643427689501e-03
6.666404406627668942e-03
-2.620569186941015816e-02
-3.071256919006457031e-02
-3.154887719590988154e-02
-5.164096098074330565e-02
-3.640984224427439714e-02
-4.186501735693300835e-02
-4.154824307531287259e-02
-2.029065395723136933e-02
-2.644941515786316741e-02
-1.498665362155216299e-02
-8.885662910809317624e-03
-1.884616113466917528e-02
-1.352366772868437116e-02
-2.824109732546392637e-02
-4.308295200200957381e-02
-5.532818635607356789e-02
-9.060618237250045448e-02
-1.075203842034217205e-01
-1.289327138672302087e-01
-1.431574804431700598e-01
-1.526354139027173429e-01
-1.678016142955284784e-01
-1.744351033534647655e-01
-1.847988892550892215e-01
-1.937901885184921402e-01
-1.981930290544753615e-01
-2.065155866933288398e-01
-2.079091592905689123e-01
-2.082786870955318503e-01
-2.113960049198316538e-01
-2.044641831128174436e-01
-2.041960455727725166e-01
-1.994088306864764681e-01
-1.871439555232913832e-01
-1.869610695711712012e-01
-1.694560735109117144e-01
-1.590204706514983524e-01
-1.518308992435590810e-01
-1.234771327703830801e-01
-1.183094142409617522e-01
-1.000743014811466547e-01
-8.331352852021137179e-02
-8.708866045574695236e-02
-5.855760156126477156e-02
-7.514773177922845493e-02
-6.232795541297998093e-02
-1.108067455645493291e-02
-1.862464721113570379e-02
6.812924827538736038e-03
1.350772038697182868e-02
-1.330108422544378811e-02
-3.572735681633988462e-03
-2.170333823859880648e-02
-4.156087906596239029e-02
-4.548221669028490455e-02
-6.713042451461806448e-02
-6.983012066693181086e-02
-8.771894143594137494e-02
-9.422830527055230110e-02
-8.892350975129501012e-02
-8.913736163720810401e-02
-7.561209020815716497e-02
-7.305164786413809175e-02
-6.404513726227532844e-02
-5.968685463578261852e-02
-4.907922891624127981e-02
-3.825921367337343365e-02
-3.621162749038226575e-02
-3.455534397593710248e-03
-2.111479726548196913e-03
5.948201758282614833e-03
1.546238378062144564e-02
1.607470770379627878e-02
2.252236723484736525e-02
2.224088245544092457e-02
2.683371743509035262e-02
2.839280938839216020e-02
2.185815508042195446e-02
2.173535564068111020e-02
1.720013621029276019e-02
1.548983958924169194e-02
1.442913899881724180e-02
1.233723709438519153e-02
1.255604230757377190e-02
1.112446138741299620e-02
1.074184210831273349e-02
1.222821389467461210e-02
1.219904463546281868e-02
1.303185725184094999e-02
1.349166156000346922e-02
1.363743240587672080e-02
1.396950368363444710e-02
1.407273378369216892e-02
1.416884005977632303e-02
1.426496822682821360e-02
1.429662401192970458e-02
1.433809335795385546e-02
1.436348479732824264e-02
1.437648173546355636e-02
1.439071252977051386e-02
1.439777733796486318e-02
1.440272402489129432e-02
1.440665939380796415e-02
1.440884542779758380e-02
1.440877809168946561e-02
1.440968423387153745e-02
1.440899132673471167e-02
1.440283139049735803e-02
1.440616638124653584e-02
1.439382101197727443e-02
1.438102645490962027e-02
1.439395146385087816e-02
1.432819056693847987e-02
1.434253321943488452e-02
1.433289975798567907e-02
1.411013584757437808e-02
1.433051566398464011e-02
1.395929712447020223e-02
1.364042398227428669e-02
1.421811446469508668e-02
1.215289424454012515e-02
1.160296023023745307e-02
