-1.153628975965598208e-04
-1.078947541071926191e-04
-1.757660871763562461e-03
-2.257077052818079899e-03
-5.185908223698219594e-04
-3.499297005102058487e-04
1.051828367966140725e-03
1.499705461004008670e-03
1.841185886359664224e-03
2.329490596793863926e-03
2.466675507992260874e-03
2.672021275943427948e-03
2.820724752155556736e-03
2.888033259129745792e-03
2.976497247605811979e-03
3.022676956405879155e-03
3.055979491527726841e-03
3.086846398712553719e-03
3.101557855499758286e-03
3.112089851127368845e-03
3.118703119418701937e-03
3.117700879157291830e-03
3.109689579287408523e-03
3.104148820082012865e-03
3.079591809866011505e-03
3.051723317667707353e-03
3.030253512017674032e-03
2.943208043799721337e-03
2.905133415499073363e-03
2.811412641448875899e-03
2.581823137951162663e-03
2.590355432730613843e-03
2.144598580095147429e-03
1.775396993743446087e-03
1.847104072014035380e-03
1.612137168594469960e-04
6.596699556066102157e-04
7.479670867004244172e-05
4.926404873759412809e-04
1.110127813541782801e-03
5.811535721099020391e-04
4.096042853829141329e-03
4.209389589321750266e-03
2.637236427647040443e-03
3.120634012155463436e-03
2.184088143328157764e-03
-3.586173384009365330e-03
-3.545632724463503027e-03
-3.801958143970273016e-03
1.494016661966088527e-04
1.361904720457101899e-03
3.481328685473852706e-03
5.611956570748018701e-03
6.216053244822756715e-03
8.277990378746689221e-03
7.899562269930332156e-03
8.283406821477915308e-03
7.446104268705556334e-03
6.547027040954247340e-03
6.487835951020504491e-03
1.918379484964326297e-03
1.842746839091396766e-03
-9.114111416130145360e-03
-1.983673788834317345e-02
-3.254487996389941046e-02
-5.464568924662942251e-02
-7.876880644408208731e-02
-1.147313888001950388e-01
-1.558243210581196359e-01
-1.606520300698589532e-01
-1.829711649647141058e-01
-1.885359595256676790e-01
-1.884803784912246760e-01
-2.014872646285782720e-01
-1.973255913360651148e-01
-1.978402185371644917e-01
-2.020859209190193906e-01
-1.884099085220691527e-01
-1.869597227532544814e-01
-1.770563486390401287e-01
-1.517575837292933216e-01
-1.457221771732188087e-01
-1.256090437378293012e-01
-1.159629755818285118e-01
-1.122988829438193448e-01
-9.844780141821413144e-02
-8.402253714553946373e-02
-6.945825606357146353e-02
-6.564732501209334659e-02
-5.947631010591078460e-02
-6.324133982748768312e-02
-6.264939590615221932e-02
-6.234743189682803721e-02
-7.104360153947636425e-02
-7.155635321773663737e-02
-7.352588676354539221e-02
-7.859904839421834322e-02
-7.632780317868399778e-02
-7.996071914715857654e-02
-7.928467665557616117e-02
-7.290419635946467081e-02
-7.254969229107866013e-02
-6.586399627381631094e-02
-6.214710250197975905e-02
-6.316268039921574262e-02
-5.465108951669207793e-02
-5.364285334088889079e-02
-4.309346838752838721e-02
-4.149125793083279640e-02
-3.559072231794514068e-02
-3.043723612762265149e-02
-3.607708763488044756e-02
-3.019785526837159492e-02
-3.501520643232700764e-02
-3.938702105012999166e-02
-4.225350829896177413e-02
-5.284116794028723835e-02
-4.934517081787846010e-02
-5.193323153003825271e-02
-4.709729935965562692e-02
-3.566677072585223290e-02
-2.657989874629411442e-02
-1.838476307395765438e-02
-1.027269376092617391e-02
-8.709948561704438513e-03
-9.292988324053008675e-03
-1.392022227206820770e-02
-1.430699423272274728e-02
-1.570949232925566985e-02
-1.552071820035043001e-02
-1.371936766213918343e-02
-9.147253272475440802e-03
-9.240976630519877333e-03
-5.229556243475242793e-04
7.848424243979814979e-04
-1.362424602108549100e-03
-4.982789192127651517e-04
-2.161063754054867985e-03
-9.407588156387069675e-03
-1.111342610604223145e-02
-1.882298496182272657e-02
-3.862856325999371870e-02
-4.713044661097638699e-02
-7.596212743924944666e-02
-8.882378809205997150e-02
-1.055825516587144408e-01
-1.197591564862471453e-01
-1.314537829089083010e-01
-1.435728731340572828e-01
-1.536314257635910119e-01
-1.659561949091301891e-01
-1.705102042398836948e-01
-1.737155599184753429e-01
-1.796301494696295464e-01
-1.743999660629693138e-01
-1.768847048253810728e-01
-1.787052788993013785e-01
-1.737242073443231172e-01
-1.804573925558879133e-01
-1.763808814744665110e-01
-1.686549180017803129e-01
-1.709896763463502611e-01
-1.560932404379892224e-01
-1.552647867173639618e-01
-1.551303185021897513e-01
-1.435053174956707200e-01
-1.469966019427190185e-01
-1.287673002153511825e-01
-1.131505949040478992e-01
-9.542059257824105079e-02
-5.808290526317268221e-02
-3.833731806236097273e-02
7.808330930696971359e-03
2.298115513447038585e-02
4.747613071393045475e-02
6.047088078610998729e-02
5.939452610866310933e-02
7.553786988261829149e-02
6.685472664437529244e-02
6.731013332899418722e-02
6.490646368734377669e-02
4.058127486727798605e-02
2.897566644683396975e-02
1.645573140742950802e-02
-4.067059393242627302e-03
-5.039581121646798979e-03
-2.216706734726884773e-02
-2.727245851804387458e-02
-3.796156963141496254e-02
-5.685876523053316062e-02
-5.992573414251212843e-02
-7.345490835190766898e-02
-7.811714335208799764e-02
-8.494348263174036906e-02
-9.222481402978910392e-02
-8.465511680549853146e-02
-8.842265508934100959e-02
-8.620662415706270565e-02
-8.050530300028220509e-02
-8.576979951832236493e-02
-7.753810937158280014e-02
-8.083816027731230425e-02
-7.778724095333709732e-02
-6.104728396889057274e-02
-5.789415898767642094e-02
-4.770790443601777980e-02
-4.501274715817202982e-02
-4.860599279779125731e-02
-4.427804329685620932e-02
-5.873444688809126291e-02
-7.150166822738990291e-02
-7.445828151214026192e-02
-7.943871628046833555e-02
-7.998327365145729839e-02
-7.330211212243355201e-02
-7.011837454715447171e-02
-6.314622597036172180e-02
-4.965212693598580751e-02
-3.852360793525110710e-02
-2.771557300075336988e-02
-2.138622907272692830e-02
-1.236525782856663647e-02
-1.049180411822226745e-02
-1.079831976636286966e-02
-6.970498705471292814e-03
-8.432434520213092158e-03
-9.059489881799009242e-03
-1.021585073231842840e-02
-1.050978477710238709e-02
-5.182341370517204622e-03
-5.878583567152110591e-03
-4.956947187848743247e-03
-3.796624286515860695e-03
-9.967738495935803134e-03
-1.208469076670725360e-02
-1.937282842898041188e-02
-3.113253656304114728e-02
-3.644474094033840067e-02
-4.998306373937300845e-02
-6.115190475400590631e-02
-6.441335658460344005e-02
-7.093256509683121269e-02
-8.172826830664560449e-02
-7.697283872474619537e-02
-7.684045864594296615e-02
-7.427823052347459765e-02
-6.436082210668285508e-02
-6.784168026168771459e-02
-5.754368465790845460e-02
-5.053475475100102643e-02
-4.872528156325351550e-02
-2.747436206075614881e-02
-2.598737766203696939e-02
-1.593859713845063517e-02
-9.119398340474291903e-03
-1.220727805531276675e-02
-9.517291655074536921e-03
-9.230924299910172812e-03
-9.627632332118786149e-03
-8.884715485723599857e-03
-8.604249977531844978e-03
-5.913936190065456275e-03
-2.274712000945384310e-03
-2.191663914067422825e-03
-1.209315952900594238e-03
1.848196736893005683e-03
-4.451947055843544568e-03
-1.924035644275778065e-03
1.034807362811662919e-02
1.385241332476211569e-02
1.933044267707517694e-02
2.199120026545332493e-02
2.518754506812861949e-02
2.908737962360044213e-02
3.008630218491734759e-02
3.592327365130581346e-02
3.763468853000472014e-02
3.908388455964460773e-02
4.542190639590499429e-02
4.618781688037112282e-02
5.546341536405890310e-02
6.499803505486431709e-02
7.036134692977460969e-02
9.481588253922242082e-02
1.047794697239302630e-01
1.096082209342834485e-01
1.234908036645381707e-01
1.268454344109678222e-01
1.285586318580088094e-01
1.349504894203279459e-01
1.319839225812981798e-01
1.297204484116579459e-01
1.300667389401571339e-01
1.168687918267191789e-01
1.038293303008970131e-01
9.032282167220223590e-02
4.700189912910206907e-02
2.928917899857129761e-02
-7.212986949196305113e-04
-2.936830150329751421e-02
-3.327134710224573244e-02
-5.453389273661603948e-02
-5.361432804249469802e-02
-5.602034220606294523e-02
-6.373148024271653445e-02
-5.189883782691695480e-02
-5.629461143097822667e-02
-4.788650227381773677e-02
-4.016914742515388659e-02
-4.094419237194991956e-02
-2.287768100911170485e-02
-2.060945866643508137e-02
-6.968636187890499441e-03
-1.352986400894575815e-03
-8.455455261328705162e-04
4.978443425903260073e-04
-1.004543489761089859e-03
3.079050465028742244e-04
-4.171439534422408113e-03
-5.050239077955126499e-03
-2.690525898636725831e-03
-5.588235550725135191e-03
-5.496073313140460367e-03
-8.571458616924992543e-03
-1.251248611572215383e-02
-2.206494735250009998e-02
-3.494264984425056453e-02
-4.137131178312861146e-02
-7.283898330512121599e-02
-7.646415161773775782e-02
-9.073245595837366173e-02
-9.976248828127060042e-02
-9.360341135145008873e-02
-9.964456681709320252e-02
-9.440606879456205081e-02
-8.987697441384817632e-02
-9.463459316991568171e-02
-8.929837359025701027e-02
-8.643001314331577589e-02
-8.477779327326187553e-02
-7.584029317288128180e-02
-5.756640157406468089e-02
-5.095499845536550360e-02
-3.643614529354635007e-02
-2.945137132756942347e-02
-2.277522206334291893e-02
-2.053783051634860274e-02
-2.006556095493746555e-02
-2.038443959462354904e-02
-2.056900416118932762e-02
-1.723463342909233031e-02
-1.732021896915606970e-02
-1.484024455130626523e-02
-1.261542466773717466e-02
-1.304246466067319685e-02
-1.444313688206635797e-02
-2.015163578292932661e-02
-2.880585173162038617e-02
-3.302278643061778984e-02
-3.398469722827694023e-02
-3.569360466185252101e-02
-2.690429326119107498e-02
-1.692837940809444400e-02
2.135825054109072741e-03
4.021895163805054747e-03
1.577860663268223010e-02
1.634645987347933815e-02
1.287393913947886340e-02
1.700793893165129800e-02
7.613683747905031739e-03
5.409842306692538762e-05
-1.468035379062033845e-02
-2.856512976482362964e-02
-4.480623217373404243e-02
-7.960596801355986074e-02
-9.266248801110002487e-02
-1.148049157934949577e-01
-1.295134436525436361e-01
-1.352940071950937684e-01
-1.431709487741175124e-01
-1.434439960969070282e-01
-1.460392954940812893e-01
-1.478101027279604962e-01
-1.470710707099103509e-01
-1.481320300248564759e-01
-1.474025735738026255e-01
-1.463963548940039605e-01
-1.453660783491893815e-01
-1.439784007601434546e-01
-1.419998565680599401e-01
-1.413572942690314860e-01
-1.390481885859715105e-01
-1.380240940839046193e-01
-1.364350575593374637e-01
-1.342074299018717887e-01
-1.334319646439029450e-01
-1.304021457746226131e-01
-1.288561953870923371e-01
-1.265960816827398083e-01
-1.220907096305436090e-01
-1.199523930164099195e-01
-1.195836062778322384e-01
-1.172536241008386992e-01
-1.173384813115774944e-01
-1.164325868811458137e-01
-1.157930481090508890e-01
-1.156031509572501143e-01
-1.145176460613182984e-01
-1.098919497259039368e-01
-1.072204958426055399e-01
-1.038393938737576100e-01
-9.837151546135006197e-02
-9.389493596214322502e-02
-8.887302245002071110e-02
-7.916805069749961732e-02
-7.205040244764077118e-02
-5.444050173899870476e-02
-3.510333013331484731e-02
-2.116772126075174704e-02
-1.697851279290113827e-02
-7.732314632030576861e-03
-6.732457878131872624e-03
-4.403180129300036418e-03
-1.309688175791585540e-03
-6.279493739793331119e-04
1.648954858771633451e-03
2.580285816687768932e-03
4.275814712301869575e-03
5.102439893194173418e-03
4.616526541619776075e-03
4.905366523485411683e-03
5.157993206086289133e-03
3.681908733506007465e-03
3.762791120856130798e-03
3.360334578304668453e-03
-1.286272603737254180e-03
-1.778778285855830933e-03
-3.629458590805058425e-03
-5.324999990593576316e-03
-5.802531756285206864e-03
-7.021878656360757039e-03
-7.637148223723662713e-03
-8.126759460140558361e-03
-8.776155750659844074e-03
-9.081789596190683461e-03
-9.499397519183470223e-03
-9.885238448962770791e-03
-1.008915192089633595e-02
-1.055957110168243354e-02
-1.079820019919366068e-02
-1.106147279606801113e-02
-1.181867000662144979e-02
-1.172643022898637449e-02
-1.265848942449461501e-02
-1.359447636220808761e-02
-1.295454057930853393e-02
-1.615780195741491412e-02
-1.535658761617797290e-02
-1.475398814575852938e-02
-1.373181780186794737e-02
-8.633365548438609247e-03
-7.798275919378640404e-03
-4.276316462898759746e-03
-2.270669484048175139e-04
9.712036819539480829e-04
6.894059733216390505e-03
7.569959904698859467e-03
7.497499437337542399e-03
8.759540038910664309e-03
9.123043979498594164e-03
9.424552584546148568e-03
7.656035555342067742e-03
7.304324783556047362e-03
6.746369652238017392e-03
6.119919650103501120e-03
6.038549299053280230e-03
5.632956377213842354e-03
5.490052814797028065e-03
5.569844927008038050e-03
5.490472663551199811e-03
5.503447645608449366e-03
5.508052382787106960e-03
5.486244219754018298e-03
5.495480427621773564e-03
5.489667546842016271e-03
5.486319135091059784e-03
5.488283835750598118e-03
5.485256352731415243e-03
5.485164964724198802e-03
5.484975326310396679e-03
5.483947927068326920e-03
5.483737945253220995e-03
5.483504823352528673e-03
5.482602478677603246e-03
5.482091721680630754e-03
5.482142165519642875e-03
5.479315621091503975e-03
5.480024014176849805e-03
5.478299337494817525e-03
5.471046168487244364e-03
5.478331424157064852e-03
5.462525348678013738e-03
5.456370333356238764e-03
5.475539964588114865e-03
5.404939742421691062e-03
5.454351314037003511e-03
5.433461159103419348e-03
5.251466283073854928e-03
5.547206885476645838e-03
5.120721833594259545e-03
4.995645147471278191e-03
5.232709799402819432e-03
