1.249415260682642526e-01
1.328022063030862565e-01
2.440251155574491848e-01
2.553585259611157454e-01
2.601891546521137299e-01
2.812992563101455734e-01
2.694997050104384617e-01
2.770664352251770990e-01
2.789304190425497820e-01
2.765722887355611115e-01
2.799742226207728168e-01
2.792280299154346057e-01
2.794827656575522568e-01
2.803293331895607143e-01
2.799643470132922585e-01
2.803370909188900306e-01
2.804319305991757605e-01
2.803851530885161369e-01
2.805376548714528240e-01
2.805136213340979068e-01
2.805440307990416104e-01
2.805699274087550266e-01
2.805457058425269157e-01
2.805812554909294376e-01
2.805202036327337778e-01
2.805303119126483780e-01
2.805330674683161329e-01
2.803323150852130574e-01
2.805147094505251459e-01
2.802217125859196023e-01
2.799464000078537573e-01
2.805184711610110293e-01
2.789583740455072181e-01
2.796737306650349808e-01
2.796253990813845625e-01
2.740252671690432962e-01
2.723983119818107479e-01
2.679678392086877747e-01
2.642778150709689244e-01
2.615029563619755693e-01
2.593720818234150349e-01
2.519491301834576036e-01
2.511291436549302203e-01
2.410411753819883263e-01
2.357875070477180868e-01
2.319840110403814382e-01
2.133144616895104873e-01
1.980974117398651146e-01
2.011313364332655840e-01
1.687835352315447401e-01
1.691284612640150120e-01
1.768229346028084015e-01
1.856265769468150306e-01
1.908693231887243213e-01
2.131839043356326402e-01
2.046667882351743961e-01
2.016240082937222344e-01
1.863379238400311166e-01
9.548986951804071255e-02
5.677268717699520545e-02
4.204265817397669774e-02
-1.542191309985365723e-02
-2.082010807494194538e-02
-4.275279868215237089e-02
-4.846124103780658637e-02
-5.844344593156373252e-02
-7.331071502311185817e-02
-7.628901451208132400e-02
-1.029864061053476637e-01
-1.129162358077171330e-01
-1.474932376340050144e-01
-1.881299614516382390e-01
-2.179342075178864468e-01
-2.734706821211982386e-01
-3.063301977317543501e-01
-3.300333946131153717e-01
-3.589796687214383830e-01
-3.787559156084761014e-01
-3.961536889488583291e-01
-4.204034440112121573e-01
-4.275954749816873179e-01
-4.408277041769536608e-01
-4.457591398609335731e-01
-4.490304862046632928e-01
-4.583617749600955027e-01
-4.572801196265329216e-01
-4.663894801483449148e-01
-4.721635157364387214e-01
-4.766778776531530037e-01
-4.771243361177022746e-01
-4.685390308473829646e-01
-4.676612420451505270e-01
-4.452987381810143974e-01
-4.248091638975878270e-01
-4.038746239715909070e-01
-2.409953126959662462e-01
-1.978685990975650733e-01
-1.060931251254418617e-01
2.625757081078210903e-02
3.705541304872116831e-02
1.962190117901802255e-01
2.231352735873041171e-01
2.017578208420936492e-01
2.951516536174181859e-01
2.303281715585192291e-01
1.897531546472491781e-01
1.767117184451005296e-01
-1.639673735815317390e-01
-1.824330037294412676e-01
-1.085299624830495663e-01
-1.786577451978525188e-01
-1.088018222870685836e-01
-1.085348894145874571e-01
-1.651623204330665562e-01
-1.872294157994075503e-01
-2.234709250501798750e-01
-2.914105646252053705e-01
-3.641603320042104963e-01
-4.068877415017276844e-01
-4.385935663061472090e-01
-4.423649580229760958e-01
-4.320717853966846156e-01
-4.350772362276151273e-01
-4.236265980178735013e-01
-4.160611472876640238e-01
-3.835170867947071405e-01
-3.330902489745208861e-01
-2.906851529488189700e-01
-2.361377413511866474e-01
-1.988540814577677285e-01
-1.570955119540597411e-01
-1.374495385321214957e-01
-1.313597459370793308e-01
-1.221077553858030129e-01
-1.265479455830965105e-01
-1.333500771197396739e-01
-1.610593580311198147e-01
-1.970214752192268881e-01
-2.900191734296559409e-01
-3.372108292770037985e-01
-4.087251705359878917e-01
-4.173396286739455840e-01
-4.816167095354202954e-01
-4.741008360622897544e-01
-4.534478000981637669e-01
-4.430580667541381690e-01
-3.371437390200707207e-01
-3.195333400277191593e-01
-2.467025117778068599e-01
-1.894493841668818401e-01
-1.817025393975821024e-01
-1.356693523208876706e-01
-1.339565562704302382e-01
-1.356297410566422168e-01
-1.002153283031878700e-01
-1.252015435403778520e-01
-7.244723867936704587e-02
1.518156754069022174e-02
3.522160856857171896e-02
9.340320819866242130e-02
1.681243284062908239e-01
2.153344567593720171e-01
1.619248391362711204e-01
1.974299373160906534e-01
1.731294660918919759e-01
8.630865211581229685e-03
-5.220560040285557833e-03
-7.273022366379139347e-02
-1.426169653091556855e-01
-2.909398483537049829e-02
-4.759441614308483615e-02
-4.835896640168887983e-02
1.306874771765573762e-01
7.257882851549254943e-02
6.245659218837172622e-02
7.857976286685929013e-02
-2.226783928467808149e-01
-1.968874225895583807e-01
-2.187046208011196036e-01
-2.727070855659470272e-01
-1.549365900622822756e-01
-2.037458592403466329e-01
-2.458997637691463511e-01
-2.486378122579322725e-01
-4.029131503893443877e-01
-4.129111283983413760e-01
-4.102190203081956255e-01
-4.507659562830642619e-01
-4.070753641610533324e-01
-4.002618877343522841e-01
-3.673919356352463583e-01
-2.688598826456349844e-01
-2.038484485676428648e-01
-5.326546411106402451e-02
1.202939413293795945e-01
1.601376322791220885e-01
2.025686403670900193e-01
2.108154626914315599e-01
1.489453941930224956e-01
9.270381556497862829e-02
-1.740536457596727482e-01
-3.133601270591258592e-01
-2.652814068377131740e-01
-3.191966362704155014e-01
-2.428751797473000518e-01
-2.610956207555098496e-01
-3.436351629110067640e-01
-3.466336743942627363e-01
-3.780300859909845324e-01
-3.672115068118231851e-01
-3.490584797806470241e-01
-3.158319080824318892e-01
-2.911829325568737747e-01
-2.847694869619127878e-01
-2.628163366913092713e-01
-2.829495610525976645e-01
-2.979403584104863834e-01
-3.301325395095864312e-01
-3.737771813728364978e-01
-4.204978640356132891e-01
-4.638452174384917748e-01
-4.932682711372304296e-01
-5.454863598522845525e-01
-5.677420484492318176e-01
-5.910237565872001886e-01
-6.215828841910393532e-01
-6.190043897558494823e-01
-6.412904390163460810e-01
-6.298046956157105081e-01
-6.007975517526032982e-01
-4.905989117102852459e-01
-5.005417506535088101e-01
-4.465773170937621384e-01
-4.040102428766679243e-01
-4.240676744238395246e-01
-4.560403644599413941e-01
-5.169092055617520165e-01
-5.125425343571597958e-01
-5.388730544766175967e-01
-5.496446359732043430e-01
-5.447943318635652954e-01
-5.332180836596135398e-01
-5.287502586506449553e-01
-5.205619970685596565e-01
-5.126120862637637554e-01
-5.090528867841761507e-01
-5.008677050094472172e-01
-4.959759438020514000e-01
-4.916294356672699650e-01
-4.832962249126746546e-01
-4.797442302403865377e-01
-4.725832436213135979e-01
-4.640949920730723099e-01
-4.605563223591117583e-01
-4.497340849273458452e-01
-4.451440916415984050e-01
-4.482324874965097350e-01
-4.412397057402556722e-01
-4.447877675534825381e-01
-4.444239018322580503e-01
-4.419468718125786899e-01
-4.482296093708768581e-01
-4.471866520112121601e-01
-4.455722184809179920e-01
-4.476991391071290516e-01
-4.377487465160719848e-01
-3.988645783737806427e-01
-3.800787020468004984e-01
-3.529910123808638889e-01
-3.195575054602275422e-01
-3.001838102609922232e-01
-2.249831221244816548e-01
-1.957404588976944526e-01
-1.522030331058309149e-01
-9.928531142773824869e-02
-9.408562856445808198e-02
-6.535713454801748978e-02
-5.054303507411260499e-02
-6.202066233127889738e-02
-4.771714543282057353e-02
-8.832899906921930222e-02
-1.364766437858113135e-01
-1.508872887556146902e-01
-2.192922089039557043e-01
-2.570527790208015917e-01
-3.028968322246660683e-01
-2.906260879843043932e-01
-2.611739481431547549e-01
-2.323777829793532423e-01
-2.147246439835165943e-01
-1.851141633500110739e-01
-1.747740909429362222e-01
-1.635345110587682338e-01
-1.536119536175412914e-01
-1.526828260353506606e-01
-1.477089291550632844e-01
-1.525377605046235041e-01
-1.530823667878450367e-01
-1.633993360025332575e-01
-1.749831539799287239e-01
-1.866474316811872758e-01
-2.191183220496623063e-01
-2.412576061292316387e-01
-2.723835893808305708e-01
-3.015083725950542526e-01
-3.193361090047251438e-01
-3.530689128197810334e-01
-2.918023198429879894e-01
-1.956763715333670328e-01
-8.175071036035427841e-02
-7.469073965865484499e-02
-3.578134647248405742e-02
-4.495105431768431359e-02
-7.339400243656069023e-02
-6.665987802973565024e-02
-9.060932962147345837e-02
-1.020284447693805552e-01
-1.161080117899294106e-01
-1.465478661031528462e-01
-1.755650476950438021e-01
-1.898958961222214914e-01
-1.384010743594516202e-01
-1.461214190313989691e-01
-6.532744088350291023e-02
-4.534091709028206102e-02
-1.835578007495856576e-02
3.715028071045681918e-02
4.299045404290877115e-02
9.012514065134845376e-02
1.277112658497432385e-01
1.326864753323806212e-01
2.118088809967668962e-01
2.041381369269120172e-01
1.074545992862122046e-01
7.756634947802024116e-02
9.634471110723121998e-03
-2.413999084705833673e-02
-5.162253304785331676e-02
-7.274720271749764156e-02
-1.077107130242589972e-01
-1.097153027432058309e-01
-1.300246438029005747e-01
-1.879443357576313089e-01
-1.715112758083153222e-01
-1.907359734682862462e-01
-1.524186765644088837e-01
-1.097793953251270938e-01
-8.643876647195702922e-02
-4.188335845661186885e-02
-1.756458747563712994e-02
1.764569582028145331e-02
5.516988920878964503e-02
6.837722201009853451e-02
9.423767136196040117e-02
9.806685869275903744e-02
9.897633576806501299e-02
9.772055392282248676e-02
8.472544191356577714e-02
8.686551467994745035e-02
7.350241540623729530e-02
7.221041768757992252e-02
7.759237469617011329e-02
7.371762222250198560e-02
8.749510425740987529e-02
8.475991048695966090e-02
8.088355514714055949e-02
8.487421419518489940e-02
7.591587644546836378e-02
1.268639675698927938e-01
1.657531778873934658e-01
1.938527322113714479e-01
2.318397230677060605e-01
1.826452923587754407e-01
1.713057183940841222e-01
1.260616986469070278e-01
1.472013989402494172e-01
1.574440500449718339e-01
1.648038011988106899e-01
1.756481943197236439e-01
1.759063134795003092e-01
1.820505358775699190e-01
1.888076980702225183e-01
1.831314619937334520e-01
1.946389612943052461e-01
1.909793027818797728e-01
1.861701049519507434e-01
1.983836659289592852e-01
1.601575610797790483e-01
1.841985779424036018e-01
1.677634047793670202e-01
9.551475018775399013e-04
-9.315210520416490267e-03
-6.950837922062169660e-02
-1.398886649209204747e-01
-1.149458219015882798e-01
-1.256442654355737487e-01
-1.042079723683680403e-01
-6.194337865130494780e-02
-6.522055359756237514e-02
-6.294660743223813321e-04
-3.876884673640837702e-03
9.795928623036321940e-04
2.208297786415637509e-02
1.327642016589647249e-02
2.305164388762627470e-02
2.318127437581211578e-02
1.897156095563128086e-02
2.184615753577699368e-02
1.138870101044509031e-02
9.949780233931585990e-03
-5.228611929815078427e-04
-1.759800062077380642e-02
-1.882206207279821242e-02
-5.387036331194661881e-02
-5.647017874484594468e-02
-5.699688148112290464e-02
-7.319581398712807219e-02
-6.586310495003291909e-02
-7.312772239722419021e-02
-7.763127755026218157e-02
-6.119053437823924330e-02
-6.268367892578130540e-02
-5.465136731202183823e-02
-5.336399969997430992e-02
-5.099960968682232254e-02
-6.098767791598622146e-02
-5.623555549642432483e-02
-5.661957596908742674e-02
-4.592398437431541997e-02
-2.941689766155706695e-02
-2.425968350048774910e-02
-2.775195066346568696e-03
6.559053645318629715e-03
2.638561850605411485e-02
5.969553002598804864e-02
6.557229748354405363e-02
1.234700965171688369e-01
1.282039280243872648e-01
1.360616149177353296e-01
1.555260263110226360e-01
1.587384318628415891e-01
1.692175759875497731e-01
1.785767571140486065e-01
1.925109499105780997e-01
1.968601615159622231e-01
2.163414268368783755e-01
2.166337521149366008e-01
2.262090091458330565e-01
2.377980595490722660e-01
2.389728811746489878e-01
2.584818831106280301e-01
2.595604163420897614e-01
2.608126175410178105e-01
2.664899685188734657e-01
2.657393304335575746e-01
2.677098971914199099e-01
2.688712472238751205e-01
2.688004597327723899e-01
2.697659097002091388e-01
2.697410529965284520e-01
2.699397864817823511e-01
2.701832990440665161e-01
2.696607038022879599e-01
2.702101232166224665e-01
2.693893140284798760e-01
2.686779968302788202e-01
2.699748195875697476e-01
2.657365331345231674e-01
2.676197037437514914e-01
2.670568947342178978e-01
2.556073404255119752e-01
2.697052752228962791e-01
2.483697824473118931e-01
2.351816399654725331e-01
2.489375968775874859e-01
