1.034335721820912879e-01
1.113523215832494945e-01
2.115697066826605355e-01
2.210358830446334799e-01
2.235858639855781149e-01
2.398640828446499951e-01
2.286314724201219672e-01
2.340085659360585935e-01
2.348618437112347523e-01
2.324795855746718265e-01
2.348360791444021323e-01
2.340111152608077838e-01
2.340220938970694053e-01
2.345403828002631530e-01
2.341737367573339668e-01
2.343778799332615626e-01
2.343971329665626435e-01
2.343215832434439039e-01
2.343985294313352119e-01
2.343460919854880864e-01
2.343407565123921399e-01
2.343241928340782376e-01
2.342468891732011615e-01
2.342470629300454077e-01
2.340913331924808216e-01
2.339865919233233837e-01
2.339284074565244342e-01
2.333836696586628068e-01
2.334204453039665228e-01
2.327943516349592623e-01
2.315151065517606910e-01
2.321650134298632873e-01
2.286626259989529009e-01
2.275990353639143482e-01
2.277685890014933268e-01
2.138257435085408886e-01
2.114070861638140952e-01
2.044288787323300660e-01
1.967808566051153230e-01
1.927886117335712579e-01
1.890616404530299777e-01
1.742733296750470784e-01
1.738972918937409518e-01
1.586888057726676127e-01
1.498808619671441467e-01
1.466016718101323391e-01
1.140884359515822871e-01
1.018268794075701256e-01
9.908591500498106774e-02
6.476470349536846138e-02
6.761780919785752297e-02
6.858356891392283772e-02
8.041634732344583869e-02
8.807519689592070711e-02
1.099390499062698201e-01
1.122777521989733462e-01
1.149800734182807871e-01
1.094106566306574796e-01
3.771275151796114194e-02
3.954696751606721905e-03
1.883105590498295053e-05
-5.029278698777282092e-02
-5.168732602415990890e-02
-6.294681088485573617e-02
-6.620031417446416155e-02
-6.762233303357344238e-02
-7.534207115495294982e-02
-7.513648560952289335e-02
-9.027252084887960049e-02
-9.708013873993238951e-02
-1.227573852714611835e-01
-1.526773770191189317e-01
-1.789698898038473152e-01
-2.174387306553916266e-01
-2.450402740740340868e-01
-2.655879315330922363e-01
-2.880756548930006322e-01
-3.062513664045797279e-01
-3.190625021571033004e-01
-3.389062692668678989e-01
-3.443569182305081244e-01
-3.515260672134357112e-01
-3.540287355278421977e-01
-3.539289677104945908e-01
-3.583424590165373846e-01
-3.560174495103484715e-01
-3.605864668013923358e-01
-3.631829629909679169e-01
-3.655702504577298395e-01
-3.613977327009543217e-01
-3.517032635200340041e-01
-3.486255967413479651e-01
-3.290956511049882294e-01
-3.132269836242940753e-01
-2.956472735055832857e-01
-1.653290714988394916e-01
-1.339212697578197331e-01
-7.377962687512212847e-02
2.387856343366232675e-02
2.809524739569157353e-02
1.608131437555188059e-01
1.795315439539914848e-01
1.608681543569241978e-01
2.351748086256327808e-01
1.848319460140779857e-01
1.461640336417287245e-01
1.285161568998854364e-01
-1.634353825972045537e-01
-1.793753116519710977e-01
-9.961708299610121109e-02
-1.423440250025875542e-01
-8.504269944210496313e-02
-6.963736115030007279e-02
-1.135409388097849970e-01
-1.372413345533863294e-01
-1.557949679182742686e-01
-2.191774243259081434e-01
-2.801644919152279090e-01
-3.170550760694207937e-01
-3.451485580186375302e-01
-3.479694698833908362e-01
-3.389105484553723291e-01
-3.432915582171499058e-01
-3.339722349553526093e-01
-3.306292076701396465e-01
-3.031178687077963896e-01
-2.612521067282954634e-01
-2.269792250945626144e-01
-1.785163176128823637e-01
-1.474994416648199580e-01
-1.119116054895996915e-01
-9.270957557479912736e-02
-9.112800074069805911e-02
-8.110855508486007615e-02
-8.385334631440408137e-02
-9.169251774750865336e-02
-1.113322898728709848e-01
-1.452480473674215844e-01
-2.176846495655910541e-01
-2.591089318753368453e-01
-3.263816865237298970e-01
-3.332995875687755349e-01
-3.965052043361884659e-01
-3.938595243585635286e-01
-3.775202006893379481e-01
-3.722268881762171855e-01
-2.767884861961141807e-01
-2.616190129386138374e-01
-2.006941229251324732e-01
-1.468245990291262015e-01
-1.424400864268986489e-01
-1.065785538023906048e-01
-1.042811667437282402e-01
-1.135581072605515301e-01
-8.513661953892893985e-02
-1.110648850937561161e-01
-7.212200162685784843e-02
-4.669116230218573436e-03
1.020986802797344169e-02
5.211534022314492226e-02
1.173093822120389179e-01
1.518503769547108750e-01
9.895821139991692328e-02
1.339103449283833014e-01
1.082668377711736296e-01
-3.437480294555037008e-02
-4.783265829199304792e-02
-1.119134052842713084e-01
-1.610989393050759333e-01
-6.505791878776223669e-02
-7.608934374579058579e-02
-6.770054203856171182e-02
8.870422901396596282e-02
5.096338490697178980e-02
4.699182009279283256e-02
5.676518378888556482e-02
-1.971298174333397657e-01
-1.765599428782392843e-01
-1.939122254346135055e-01
-2.285161508134858077e-01
-1.232126316231356433e-01
-1.582771023293821078e-01
-1.868876883278322021e-01
-1.936603439117386416e-01
-3.293972578392849737e-01
-3.396673496757478539e-01
-3.386719389115009360e-01
-3.725593704885952206e-01
-3.380890916931216794e-01
-3.339569298971318823e-01
-3.032786421971963575e-01
-2.217955343645658384e-01
-1.639128368588428919e-01
-3.691338948340423115e-02
1.162742068179653948e-01
1.481727378437830978e-01
1.752368147556397360e-01
1.843914628780715381e-01
1.283449064016872476e-01
7.634111746440516710e-02
-1.570274170059194618e-01
-2.754655870912153248e-01
-2.207544204023110523e-01
-2.611675349096677645e-01
-1.887674248576026170e-01
-2.036388492480439572e-01
-2.808912424929954632e-01
-2.842118956872103919e-01
-3.155708877338644913e-01
-3.067482518143294090e-01
-2.844167770148058327e-01
-2.509592756421417103e-01
-2.264746415641846478e-01
-2.136089368092380369e-01
-1.920081447238423389e-01
-2.067280732205160343e-01
-2.136703378780213380e-01
-2.443450182521862135e-01
-2.762636207739920802e-01
-3.186107601275954826e-01
-3.578336290700841471e-01
-3.778860133246653152e-01
-4.343850819361094739e-01
-4.512773624240931647e-01
-4.711981004617469271e-01
-5.036418770916245569e-01
-4.927600457946548218e-01
-5.152507933132155493e-01
-5.002602796168197363e-01
-4.623802499572379765e-01
-3.559093409445606704e-01
-3.643142992351582343e-01
-3.156675700703270859e-01
-2.798652877549325790e-01
-3.095693843762969411e-01
-3.487865587791894595e-01
-4.245051220848007345e-01
-4.356870926963991031e-01
-4.672968337579216369e-01
-5.134440932707576843e-01
-5.105457475937021927e-01
-5.044409853658581300e-01
-5.011999471114650939e-01
-4.944722315749452979e-01
-4.889052608960344215e-01
-4.851483058993475983e-01
-4.779867494701766084e-01
-4.735877460730932298e-01
-4.686574375832280315e-01
-4.602606596028178121e-01
-4.563075748318623504e-01
-4.474392372644016569e-01
-4.380279654226966746e-01
-4.327753901206783937e-01
-4.183113822834649831e-01
-4.121256866772080030e-01
-4.099224160559354346e-01
-4.005247167630500149e-01
-4.010279931107622042e-01
-3.965553835778879432e-01
-3.928178381339507697e-01
-3.949872271908919097e-01
-3.913265450610309837e-01
-3.882034527090741927e-01
-3.863481192866466962e-01
-3.754306315494358448e-01
-3.397208249777582956e-01
-3.205029977743346636e-01
-2.961944925183822019e-01
-2.650621301763612103e-01
-2.469321530242297724e-01
-1.791699507919946588e-01
-1.534327091218062322e-01
-1.161969229580547269e-01
-7.253399294027843003e-02
-6.965868075417308569e-02
-4.844463866777095479e-02
-3.716180017055010359e-02
-4.608174073508498197e-02
-3.461329463449781124e-02
-6.793592632143394261e-02
-1.120418409594998721e-01
-1.221503052441712811e-01
-1.852025716403578881e-01
-2.202837695039018551e-01
-2.657090100467696114e-01
-2.537881175528319821e-01
-2.272932213664184686e-01
-2.001687646340605808e-01
-1.837903780354911976e-01
-1.571358877276843036e-01
-1.469462322068382232e-01
-1.376944310631259272e-01
-1.283471672316041368e-01
-1.273323958179982951e-01
-1.232921238201327291e-01
-1.265531052723680439e-01
-1.271534330740811125e-01
-1.358156359417861114e-01
-1.451333024296429797e-01
-1.558539533815032352e-01
-1.839295159146594194e-01
-2.041103359875766632e-01
-2.298910961974198475e-01
-2.548794290171176313e-01
-2.706570894702883812e-01
-3.031642752917158012e-01
-2.494674239635292778e-01
-1.614207623121574620e-01
-6.131864103896098733e-02
-5.822699833884614068e-02
-2.769278499096784751e-02
-3.870174712665426509e-02
-6.665575960085817764e-02
-6.272839723258592792e-02
-8.473335146575922128e-02
-9.616791399961541198e-02
-1.096037196772561839e-01
-1.396015905475413987e-01
-1.682385752550217273e-01
-1.841190278213857001e-01
-1.398028684369517494e-01
-1.475622913769838451e-01
-7.954058292894031212e-02
-6.484155719008079244e-02
-4.438466833532835054e-02
-1.135122987308368652e-03
1.995481848388473093e-03
4.002481388100499748e-02
7.169307651947449955e-02
7.591119291257912571e-02
1.504764350072416157e-01
1.452758443729431637e-01
5.620967562346428081e-02
3.184639203725154327e-02
-1.982191188887001687e-02
-4.802135417396651007e-02
-6.824186119301361986e-02
-8.239890640357871998e-02
-1.118380818695720175e-01
-1.107280739207777698e-01
-1.285926927136747666e-01
-1.822725299002871946e-01
-1.682543121846269141e-01
-1.875453542340372870e-01
-1.528974879568963940e-01
-1.137501744578218732e-01
-9.311365158975586087e-02
-5.229249692009235034e-02
-3.035017557457296219e-02
2.088701230782340386e-03
3.724273687458435483e-02
4.916920276087429625e-02
7.260048006541602872e-02
7.561058957633674804e-02
7.528226200355253583e-02
7.262708048205297751e-02
5.960950846078737903e-02
5.993514507089190563e-02
4.610191822983655818e-02
4.385747826300526869e-02
4.686901177532869917e-02
4.252214849784471951e-02
5.376247093327760768e-02
4.933673886545896642e-02
4.408328499576948806e-02
4.476413735710844943e-02
3.438560644866222454e-02
8.169752362031493242e-02
1.186467104496956720e-01
1.485606352184643264e-01
1.865650812938165759e-01
1.389376739596822341e-01
1.304847105417234199e-01
8.688781084386744402e-02
1.089278324252446473e-01
1.201927515964630183e-01
1.274773034513271841e-01
1.384914839151390742e-01
1.390936462392016459e-01
1.445598746516385813e-01
1.514528570636431148e-01
1.456260055296960954e-01
1.560219602655520399e-01
1.528279545240192883e-01
1.467034597663201267e-01
1.579512540353269490e-01
1.206326347351148603e-01
1.414222644845905541e-01
1.259612851964489189e-01
-2.827579633888837457e-02
-3.792512526630406611e-02
-8.631827941098622892e-02
-1.450600961117829435e-01
-1.242435743635778578e-01
-1.281349380085837208e-01
-1.101043642269886463e-01
-7.328313227298779986e-02
-7.449605349125909548e-02
-1.943115961836121286e-02
-2.256954147985073406e-02
-1.944980891985217258e-02
-3.167410993021916709e-03
-1.025225687194848516e-02
-3.317876532849445975e-03
-3.293805683696453095e-03
-6.478812026361068302e-03
-4.643011533856807559e-03
-1.253064751067535336e-02
-1.361632024511576222e-02
-2.221684706066174783e-02
-3.614511693328405217e-02
-3.710666422134464848e-02
-6.777172793082890390e-02
-6.907299606355908617e-02
-6.837642579141295363e-02
-8.123571819361950774e-02
-7.441962196835945342e-02
-7.991255489212026331e-02
-8.365881663728914897e-02
-6.780984645717154369e-02
-6.878335123937114048e-02
-6.141756175345618879e-02
-6.050774142947319689e-02
-5.883318951217560849e-02
-6.906003523799052191e-02
-6.588878253421498465e-02
-6.733013014588092038e-02
-5.865545029618001588e-02
-4.503726838895368012e-02
-4.153165148789415145e-02
-2.408167711040986106e-02
-1.732726767737358120e-02
-6.181347387414037713e-04
2.800969328051071405e-02
3.196160201902490533e-02
8.631080690927522836e-02
8.860277270408771499e-02
9.466505181667247970e-02
1.110227426635192888e-01
1.120845053011038789e-01
1.207475468056407319e-01
1.269636870335589529e-01
1.380199463742152743e-01
1.415077990745306213e-01
1.541302254695980367e-01
1.536780271504869511e-01
1.628249735875560156e-01
1.765184550755277693e-01
1.772259097426904240e-01
2.084440204666660468e-01
2.086826658613457341e-01
2.119230676689609350e-01
2.201310764321817715e-01
2.189818813615776738e-01
2.221473280643594117e-01
2.236520438245994669e-01
2.236648387509286295e-01
2.249998828886854707e-01
2.250531611642019592e-01
2.253292997292501154e-01
2.256770335761601742e-01
2.253121623151016495e-01
2.257381754963591891e-01
2.252180277958220067e-01
2.245971704239979327e-01
2.255526689919572225e-01
2.224251019228551673e-01
2.233895558599317543e-01
2.232627900370761087e-01
2.137972124708639177e-01
2.239498336065901818e-01
2.081286374403553685e-01
1.932732480268361530e-01
2.036337011711549239e-01
