-3.582620388604059597e-02
-3.441662097589619912e-02
-4.617958527455020418e-02
-5.067176903520341502e-02
-3.927465579313708238e-02
-4.199650080123695089e-02
-3.844259300343443042e-02
-3.591170101958549021e-02
-3.636155086865752728e-02
-3.444173383409006306e-02
-3.416368703799030349e-02
-3.391143192775626647e-02
-3.338140566477786064e-02
-3.347000238429204827e-02
-3.337988416769800681e-02
-3.362093701162388593e-02
-3.380304991113368407e-02
-3.430496964977209490e-02
-3.518374852748126086e-02
-3.547137542882148470e-02
-3.750363437753505974e-02
-3.799586535108220170e-02
-3.847005125516365226e-02
-3.930360682422359003e-02
-4.060599427641287118e-02
-4.092624607035179329e-02
-4.254441507191316502e-02
-4.544119468520402272e-02
-4.457968021598669034e-02
-5.169550472107606320e-02
-5.559880983429454915e-02
-6.573838038545280760e-02
-1.020366788683634007e-01
-1.141652242162168457e-01
-1.294534486451810462e-01
-1.453645570395288023e-01
-1.705139782407218696e-01
-1.833122841912326606e-01
-1.986002095176470916e-01
-2.170047123626341334e-01
-2.238305678265443688e-01
-2.286894609467208239e-01
-2.315282623756083069e-01
-2.274100353592433121e-01
-2.259993779871107555e-01
-2.250234462385869438e-01
-2.172076903029886707e-01
-2.118695100187950042e-01
-2.093982980383291836e-01
-1.870383817930742765e-01
-1.778568976330443530e-01
-1.768516714421478897e-01
-1.599246022005151036e-01
-1.542606160848891961e-01
-1.653475892675497216e-01
-1.403793392191726996e-01
-1.339608056515204926e-01
-1.423124936037108434e-01
-1.416382277133185763e-01
-1.635188112269397032e-01
-1.521158926381822041e-01
-1.615774747784420595e-01
-1.621808136240435183e-01
-1.840085063587784120e-01
-1.993321321234416410e-01
-2.120481093194448441e-01
-2.351169197681327039e-01
-2.319108946507375535e-01
-2.443911681831439642e-01
-2.447997093325187667e-01
-2.329276379169319677e-01
-2.362632874224432911e-01
-2.237671847178483164e-01
-2.165970909280649503e-01
-2.166021065049987537e-01
-1.975978708167271669e-01
-2.016389310147032321e-01
-1.940455727932390295e-01
-1.870171578502567156e-01
-2.209140728951056454e-01
-2.162078865530775440e-01
-2.463578566962541794e-01
-2.857139430488466747e-01
-3.004826200328560848e-01
-3.201803025328404662e-01
-3.245526500253753666e-01
-3.300339374631871547e-01
-3.235012045024482363e-01
-2.964012664558340893e-01
-2.749203674820687726e-01
-2.441685317236890751e-01
-2.221038607332875281e-01
-1.977622842707180140e-01
-1.833681348816906254e-01
-1.811461984571491046e-01
-1.706186848251027566e-01
-1.660056278442740285e-01
-1.549068899002503108e-01
-1.464817191419360287e-01
-1.437051135457869666e-01
-1.454670815238273962e-01
-1.455110951858212542e-01
-1.652398699898513512e-01
-1.422340645536942505e-01
-1.491178694935441917e-01
-1.696647086554981254e-01
-1.456955604505541235e-01
-1.905249818970899400e-01
-2.205978528051283638e-01
-1.916082886152429554e-01
-1.816837135399119174e-01
-1.645492226694093563e-01
-1.326614618849343841e-01
-1.207279221369917527e-01
-7.683350353380474784e-02
-4.628102032891638629e-02
-3.789553094098487701e-02
2.514184884276985180e-02
4.470899475077944746e-02
5.350395792129874345e-02
8.646322055022478970e-02
3.548527893959817214e-02
3.875706304042923073e-02
5.616228842547375810e-02
3.388997877449294316e-02
5.056065306258342856e-02
8.130629681019162225e-02
9.237495887908711567e-02
9.834886186034455524e-02
8.552366741123462734e-02
6.828257093427556046e-02
3.880693051860176213e-02
1.265979310906070569e-02
-3.714646583525466061e-02
-1.118008132192523374e-01
-1.308972802988428996e-01
-1.870629358354248817e-01
-1.880188945866563821e-01
-1.814177115790474304e-01
-1.799003960122913248e-01
-1.679375097045731902e-01
-1.564200467601812305e-01
-1.512131130235865040e-01
-1.435235450388459566e-01
-1.382433903583621115e-01
-1.345744426793393234e-01
-1.272303145444281247e-01
-1.264290547765516970e-01
-1.217578990266274669e-01
-1.213605762251650511e-01
-1.241378423394450675e-01
-1.220652547098180912e-01
-1.284282443977853017e-01
-1.293278691804767289e-01
-1.201969877636942796e-01
-1.220615077703153944e-01
-1.065324898104676871e-01
-9.527239079126541277e-02
-8.494051805538124778e-02
-7.177675427116249340e-02
-6.350892304675651023e-02
-6.024488180779952184e-02
-5.821962436026182491e-02
-6.361746377303276190e-02
-6.714685388878448291e-02
-6.954307229827527692e-02
-7.214126343987696532e-02
-8.965880362115574709e-02
-9.266095924277711893e-02
-9.646244136185926077e-02
-1.047819844887979135e-01
-1.020396875873745973e-01
-1.057736050791741045e-01
-1.098538943533115542e-01
-9.816600059417657231e-02
-1.118953651928635690e-01
-1.067419672997454855e-01
-1.026499851061357799e-01
-9.981297124812844868e-02
-5.299212151827337874e-02
-5.356632488254280816e-02
-3.291119825871820226e-02
-2.542799774860353065e-02
-3.158897463585503412e-02
-2.677833758655843305e-02
-2.874377783440341255e-02
-3.206921888247613039e-02
-4.328560634261821582e-02
-4.574935038337271664e-02
-6.655112171123570008e-02
-7.905287310107353416e-02
-1.032988499239209379e-01
-1.678718017708018262e-01
-1.829055317797707025e-01
-2.269063698421850683e-01
-2.364956085851268319e-01
-2.221686829128839136e-01
-2.177241634145164750e-01
-2.063743497621214618e-01
-1.854842941772201492e-01
-1.735702461746207736e-01
-1.680334338559828500e-01
-1.543576083659398412e-01
-1.539627840445964568e-01
-1.506578739377032183e-01
-1.474869818041572300e-01
-1.502760487721493954e-01
-1.486677579885391787e-01
-1.519057101792182507e-01
-1.533625612760854684e-01
-1.508795390552891413e-01
-1.529799755234947101e-01
-1.515474858215222764e-01
-1.504658266825438517e-01
-1.509006002861007223e-01
-1.490158057163834260e-01
-1.476777375993583719e-01
-1.467982533486649199e-01
-1.433535415694741633e-01
-1.394443889975460760e-01
-1.341494542104760546e-01
-1.162044917382004938e-01
-1.076279032053538698e-01
-9.114438979084098225e-02
-7.555368384900054690e-02
-6.013281442007234467e-02
-3.995384600625311727e-02
-1.360139931348882530e-02
1.224221004694672765e-02
2.822220108339595565e-02
5.175420631074066635e-02
5.549928557152699476e-02
6.310945427012758235e-02
6.758186098135481046e-02
7.240553340838905283e-02
8.906225791991401186e-02
9.252008369424619127e-02
9.680396269162465372e-02
8.159006931002844853e-02
8.023244423082956378e-02
4.958832268022133477e-02
4.077076719700837432e-02
5.776698712873979541e-02
3.535613392406957572e-02
7.793514697377987299e-02
6.852286156454572008e-02
5.003925305794902634e-02
6.725280244811743247e-02
3.804596411079153723e-02
3.806225065145942693e-02
3.380831808395640820e-02
1.600202700949240192e-02
1.712839593502597443e-02
3.813038148771444313e-03
-6.842238039868041646e-03
-8.690909190300091791e-03
-2.892994971692065473e-02
-3.211178319310473150e-02
-3.950300926134935747e-02
-5.125679443999238416e-02
-5.207273569091790816e-02
-6.080585192027752189e-02
-7.208613710096851979e-02
-6.672623743255894080e-02
-8.964664044854972480e-02
-9.318724875616679615e-02
-8.710858003521881887e-02
-1.539284145273315529e-01
-1.521430259305321109e-01
-1.323432519126919726e-01
-1.209551090851627153e-01
-1.145856396156363921e-01
-9.370642472426116143e-02
-8.182629183822458241e-02
-6.507191985996692296e-02
-2.718918613631707629e-02
2.358287323179693057e-04
7.579599152398280859e-02
1.218405932429429822e-01
1.315431173281364774e-01
1.541982350322109174e-01
1.442908009264355085e-01
1.637696827894014329e-01
1.660911506197567389e-01
1.641909895149170073e-01
1.833344927530234370e-01
1.462585381039585020e-01
1.408711314792504277e-01
7.031704593626370015e-02
-5.611788926417716344e-02
-1.022320853336382979e-01
-1.475103861811759010e-01
-1.706890124542224940e-01
-1.890074586026823378e-01
-1.874023553405256004e-01
-1.952246987617450857e-01
-1.871511282981445645e-01
-1.804449066663144918e-01
-1.752384699088261610e-01
-1.645055127297269659e-01
-1.587772170271691541e-01
-1.499547627401990602e-01
-1.380671405215949110e-01
-1.299661866257481868e-01
-1.157322838987443897e-01
-1.006088086233753731e-01
-8.563809431082866630e-02
-6.427875724310476435e-02
-4.540768982564890449e-02
-2.451072936456104648e-02
4.867779448710702304e-03
2.764194320009561931e-02
4.380317308395290793e-02
6.678036002376547264e-02
7.497346012619457434e-02
8.246684154850304760e-02
7.593725933432403374e-02
5.391667658545105241e-02
4.998617219218920438e-02
5.053761032966714445e-02
2.353249461539837911e-02
1.878219837578997548e-02
8.185860173459558881e-03
1.441291483011381089e-04
-1.415050723944733489e-02
-1.908308063404821897e-02
-2.656942927852818520e-02
-3.263761893074754172e-02
-2.615942513030192207e-02
-4.460909419358732864e-02
-6.270304264731289823e-02
-6.507953774830674276e-02
-8.804449059266981903e-02
-6.207980073076035943e-02
-1.109958108902347682e-02
1.807843691803966146e-02
5.221965213250923110e-02
8.446183892840715413e-02
1.228239808351968970e-01
1.700549447389141100e-01
2.214168763348303703e-01
2.340358926933514272e-01
2.496355315341939884e-01
2.499359382718131517e-01
2.611434692425731452e-01
2.630404403714729500e-01
2.647781851815350640e-01
2.703204392138492396e-01
2.671362475992203889e-01
2.737651316381125577e-01
2.454570874282801796e-01
2.341834573197895675e-01
1.658706883379763575e-01
1.200728866637810199e-01
7.417712853949562368e-02
-2.364928200723460591e-02
-5.403445115142376659e-02
-1.028451194294350279e-01
-1.501377777556949233e-01
-1.619029893522750951e-01
-2.136096200733365313e-01
-2.098928441571950299e-01
-2.061169005890387262e-01
-2.063237029559326363e-01
-1.774336157869481345e-01
-1.738212550596793526e-01
-1.739733152441977904e-01
-1.639030578753306322e-01
-1.676225769778079133e-01
-1.653199724164490791e-01
-1.589927583992105098e-01
-1.600497269686453616e-01
-1.554324565526246371e-01
-1.671433946433042717e-01
-2.002996750378648050e-01
-2.100459727045963509e-01
-2.454516785833900649e-01
-2.866215687684183222e-01
-3.199279182815966127e-01
-3.403994620756372602e-01
-3.535183804385122475e-01
-3.664537998306873767e-01
-3.703362064416161892e-01
-3.785838948036092666e-01
-3.799284200063317019e-01
-3.922024994856930791e-01
-3.954768024139823646e-01
-4.013879904224554873e-01
-4.072297921588834968e-01
-4.039153432104843344e-01
-4.090834284591432501e-01
-4.077258063771386221e-01
-4.064131250825303576e-01
-4.094046037272358052e-01
-4.046046603305369360e-01
-4.055404981286951371e-01
-4.032480592383377860e-01
-3.961661680201898350e-01
-3.936324263699465531e-01
-3.809369367466994838e-01
-3.723658974041083591e-01
-3.606553306490206667e-01
-3.415329756481457202e-01
-3.205353514493652356e-01
-2.921561627355630519e-01
-2.865216546153696031e-01
-2.702070006921105105e-01
-2.649129171471159006e-01
-2.589280413916469903e-01
-2.432362213582663357e-01
-2.423438420675763094e-01
-2.439039603833703107e-01
-2.387059857645258409e-01
-2.447840415507855916e-01
-2.445321252094717623e-01
-2.399298624214426523e-01
-2.414424365836640718e-01
-2.360068735893264547e-01
-2.343087234245627426e-01
-2.295867344039128344e-01
-2.216763947091456022e-01
-2.207774490642740728e-01
-2.042574239891490617e-01
-1.989134390600316715e-01
-1.920104121649462703e-01
-1.520419288927716828e-01
-1.495570775228275973e-01
-1.186649556492954671e-01
-1.023583629915320869e-01
-9.671276813531186345e-02
-5.185009312372597379e-02
-6.962891186968536705e-02
-5.810027415517006466e-02
1.780369154391717168e-02
1.363505078387123107e-02
6.003826103146720633e-02
7.213410890346340365e-02
8.055204596000231643e-02
9.911310207182247312e-02
7.173309093942406567e-02
7.649436467746020818e-02
8.089193975521369318e-02
7.118687326584884068e-02
8.009556851005694700e-02
7.571716704753536642e-02
7.744777944696221161e-02
8.458790834493086497e-02
7.630878269223784205e-02
9.336877280230167220e-02
9.092633009034306601e-02
8.905147526187416618e-02
1.385875429461291275e-01
1.304433684870907884e-01
1.350974359384130852e-01
1.306618623043574179e-01
9.986287103416463529e-02
1.026544153669325388e-01
5.596207406303726345e-02
4.838481019175915054e-02
4.515106660077878448e-02
2.689701100548586715e-02
2.853768552543207646e-02
2.143886716892906552e-02
2.043768383135865369e-02
1.986755274611383404e-02
1.989006800376674766e-02
2.809144304252336743e-02
2.286335203327871310e-02
4.148462600385884741e-02
4.687611403058156156e-02
4.383128482214006943e-02
1.002920973874708993e-01
8.343343591168489448e-02
1.009347675332127603e-01
9.848483065069203735e-02
6.642116811656512132e-02
7.872203279200018500e-02
1.397333159307207612e-02
1.626451979760712430e-02
1.079495244142962551e-02
-9.401290086160049228e-03
-4.077968750670110231e-04
-1.235206050927614881e-02
-6.472175951574161631e-03
-9.873618449885783813e-03
-1.803763053854367734e-02
-1.543136380569041892e-02
-2.749703142991532373e-02
-2.800326065417050800e-02
-2.966208949976384401e-02
-3.347616532947294415e-02
-3.331108668630648750e-02
-3.494358071035532504e-02
-3.586006686184944892e-02
-3.606052485440688904e-02
-3.682092215088703796e-02
-3.702937153899641537e-02
-3.725956942616203554e-02
-3.752032748208510016e-02
-3.759778908939328396e-02
-3.772220614726327914e-02
-3.779033668211034119e-02
-3.783579937656798148e-02
-3.785197390869686485e-02
-3.786441289727837667e-02
-3.787393910928647800e-02
-3.777114245791147323e-02
-3.782390639516573089e-02
-3.767967258431366429e-02
-3.746753228833962085e-02
-3.767482718770430450e-02
-3.692468191455208076e-02
-3.700404426284704951e-02
-3.708557470680886453e-02
-3.484411875814108495e-02
-3.690162915913493269e-02
-3.405101940475056127e-02
-3.026886207834905348e-02
-3.234888945071979355e-02
