7.698262384708808199e-03
7.231565101062675284e-03
5.035691309698332209e-03
5.356736504803121142e-03
5.716843989978622614e-03
4.391270931180268379e-03
5.731939792955799244e-03
5.046297092115335260e-03
5.124132265699104204e-03
5.363214773349798091e-03
5.141519648177593840e-03
5.261499328510053572e-03
5.257079079286831880e-03
5.224434764522912014e-03
5.262069936047630327e-03
5.247001592547328314e-03
5.249568268638649116e-03
5.256023282057774131e-03
5.251762076079895085e-03
5.255641577432426659e-03
5.255487171479928006e-03
5.257523822586221418e-03
5.259771766065356007e-03
5.259003289844029795e-03
5.270368652643636284e-03
5.265787961958660369e-03
5.275160591881027788e-03
5.306072546255639899e-03
5.269635024708305658e-03
5.354213828510762628e-03
5.376485822636158270e-03
5.286849579925196121e-03
5.669161896295307757e-03
5.430334027842271226e-03
5.613390793968428549e-03
6.376122350424454771e-03
6.246217813864299827e-03
6.597186406136428850e-03
6.069083582165868754e-03
6.014094940249535559e-03
6.141554155835216716e-03
3.556766309735746867e-03
3.638177067891762775e-03
1.859228409504291466e-03
1.927902270573462291e-03
1.216309982835355255e-03
1.467500563856901871e-04
-5.745521665152342021e-04
-1.612305265871153727e-03
-2.626174888421852795e-03
-3.235005356663770565e-03
-4.732471727976781534e-03
-1.423948352379191115e-03
9.537920039027309674e-05
4.135034282811948445e-03
1.041670143874758384e-02
6.797160164962966038e-03
9.076085628286264390e-03
-1.018530658671060879e-02
-1.492846622112905738e-02
-1.820216225373798291e-02
-3.955127015459115186e-02
-3.141122800361455941e-02
-2.533288188583061179e-02
-2.293280172341582296e-02
6.143470865522469501e-03
2.237097122450722869e-02
3.056394177549105751e-02
5.382586449942380891e-02
5.614578626725024585e-02
6.439163791490760957e-02
7.544450122831297678e-02
7.385526888420790304e-02
8.544490742047015919e-02
8.626762368483709142e-02
8.868143880338864860e-02
9.696505804859463507e-02
9.149320764049068133e-02
9.964127490964115597e-02
9.673500696140989452e-02
7.947657551353283500e-02
7.979294916518805958e-02
6.342836424673246876e-02
5.258288726289456899e-02
4.364144083132504709e-02
2.289654527622843327e-02
1.944198992402603604e-02
3.659140397703405326e-03
3.311089280083414927e-03
5.715483200686407098e-03
6.030001952489734765e-04
4.743486762265625503e-03
2.226045972069262604e-03
2.041231468847647459e-03
1.057218011954829187e-02
9.300670264247879251e-03
1.008267309652565065e-02
1.040981276943221505e-02
1.168802985738729740e-02
9.291147920177704467e-03
1.171161617266036105e-02
1.037659933319540033e-02
1.226284251969183593e-02
1.087849355564086441e-02
-2.237807835220604561e-03
-1.116791730866353860e-02
-2.075222913080210230e-02
-3.150985270264683447e-02
-4.397687347826501059e-02
-5.430998433529556774e-02
-5.835373341646921813e-02
-6.278677816859945526e-02
-5.938462409833684258e-02
-4.908370792542453981e-02
-5.246418740574840950e-02
-4.689301720953917285e-02
-4.584037803252123677e-02
-4.387038037215809649e-02
-4.259275687543151445e-02
-4.163769119582254319e-02
-4.362866096568248503e-02
-4.537690096138210366e-02
-4.447997716768386373e-02
-4.897879098269270620e-02
-4.284577980937681607e-02
-4.118843304446570541e-02
-5.081158897384619594e-02
-4.940766166634467244e-02
-5.922897276942347411e-02
-7.421963451202898132e-02
-8.284430963341771204e-02
-1.015948507807114126e-01
-1.132409749174663471e-01
-1.234982950571097138e-01
-1.344680497002677111e-01
-1.394513102963225171e-01
-1.484048600857182931e-01
-1.532437648279817710e-01
-1.597549240503800538e-01
-1.667215844321524032e-01
-1.683106414588302902e-01
-1.748396325019114517e-01
-1.720265484073865980e-01
-1.599926976528227018e-01
-1.542632576564556268e-01
-1.313808067429999282e-01
-1.102058464667391574e-01
-8.444061950889264478e-02
-6.584764018264947782e-02
-2.855136231573849465e-02
-1.173996214787097030e-02
-1.121602913974667666e-02
8.652121019533380586e-03
7.718211357059409812e-03
5.614834485939908942e-03
9.203961657603787483e-03
8.265825951077013234e-03
1.171811823331128481e-02
1.516862007100881933e-02
1.500863827602975410e-02
2.986396306174076906e-02
3.126315822867615363e-02
3.407243244974350604e-02
3.900131903060378297e-02
4.047657538977931374e-02
3.982279325689987159e-02
4.434152871500091769e-02
4.312661857399817389e-02
3.670122802101020293e-02
3.450311037290917232e-02
2.068744700296199987e-02
1.751983688139093290e-02
1.424538525201267565e-02
8.592099093974245663e-03
2.604721642071477963e-03
7.043967204412238592e-04
-3.956606249409470172e-03
-3.423851207394723248e-03
-4.750135364176057313e-03
3.255006245062162795e-03
2.007609122897683132e-02
2.579058333287540666e-02
4.236070276733794326e-02
4.508650366325253622e-02
5.005741861107348978e-02
5.384306441743839933e-02
4.040129695707250779e-02
3.584452863967396014e-02
1.214622825088770494e-02
2.644841682571192048e-03
-1.207277285511664661e-02
-3.348189109475668834e-02
-4.405816905942090689e-02
-6.906834187329832786e-02
-7.475864962890862997e-02
-9.025596816484837692e-02
-9.805835106101397358e-02
-1.062153521882965163e-01
-1.114546935186805643e-01
-1.139211143669287968e-01
-1.188900833355346215e-01
-1.206389813565528629e-01
-1.231599483183800775e-01
-1.265582764227711210e-01
-1.276587442485346280e-01
-1.309621486468068308e-01
-1.332474747535014603e-01
-1.352322036347712031e-01
-1.388527504304435389e-01
-1.406029735178331852e-01
-1.478989603988300761e-01
-1.508720634389676962e-01
-1.559000183818560759e-01
-1.608197689735582636e-01
-1.608637060553692044e-01
-1.630846009092389026e-01
-1.540755877195790213e-01
-1.483945478215494829e-01
-1.419223052362408588e-01
-1.273497021001742668e-01
-1.135766379184351277e-01
-9.461456268598950059e-02
-6.800470630395738514e-02
-5.620797936695037106e-02
-2.100351041789142933e-02
-1.080526087361390747e-02
-9.909768999633484718e-03
-8.343662009847686639e-04
-3.250504389578246379e-03
-5.426242758150234824e-03
2.068324853292437867e-03
1.545272817303311626e-02
1.850310689204591463e-02
3.501696663819096889e-02
3.974897099175937754e-02
3.719325507004143938e-02
4.241278281079848000e-02
3.871855164643103059e-02
2.652466548571395452e-02
1.341007192207283212e-02
3.794293098133374488e-03
-6.776203301505810510e-03
-4.370032771388154130e-02
-4.658543570869141948e-02
-6.909892669403705501e-02
-7.163975542897597915e-02
-6.868478067436682710e-02
-7.373352524366998118e-02
-5.032504799006830287e-02
-3.803680663228496683e-02
5.666232879631239588e-03
3.621902119325129399e-02
4.303962963732822777e-02
6.631674713572026370e-02
6.086836830353496708e-02
6.473480721964063045e-02
6.567752919873993955e-02
5.067457807099606804e-02
4.251984908996521428e-02
1.187233882919404120e-02
4.422800464559833479e-03
2.914845470846779644e-03
7.952718518259370428e-03
9.513911220974721056e-03
6.581381778080197358e-03
5.862668437882396708e-03
7.347157044280557513e-03
-2.360439838280570593e-03
-1.892810370607575857e-02
-2.458884559647213017e-02
-4.171832400049522993e-02
-5.260076084345429587e-02
-5.384255223136423518e-02
-6.416348619220815785e-02
-5.755755501035897392e-02
-4.996657664696090712e-02
-6.030024334188999885e-02
-5.692022380984579355e-02
-5.781224973607969331e-02
-6.254492101593916997e-02
-5.731635911193461858e-02
-5.933739134529842502e-02
-5.739741569348604661e-02
-5.577908774300307376e-02
-5.454714304840430072e-02
-5.385560175558516682e-02
-5.410830091292625349e-02
-5.448553433667209511e-02
-6.017752053834143217e-02
-6.198797858635411717e-02
-6.686621104308664021e-02
-7.528097932751702526e-02
-8.065648261745046732e-02
-8.844914842999025695e-02
-9.575689215043732549e-02
-1.050251364448868130e-01
-1.070304156706492066e-01
-1.182706171049549143e-01
-1.222758376999819596e-01
-1.271253821941609186e-01
-1.404440394060331165e-01
-1.324177890545768510e-01
-1.387834978416583043e-01
-1.405782674142499189e-01
-1.257307607795700444e-01
-1.330102147054649242e-01
-1.144900946259489460e-01
-9.495926935434917393e-02
-8.608282362684549494e-02
-3.580111264263947934e-02
-2.318938521146499815e-02
-1.899101375134541530e-03
1.802068876501066938e-02
5.167862423056822710e-03
1.222355468165063803e-02
1.025724702092284391e-02
2.677505674924184412e-03
6.445921626674339447e-03
7.704943064527185366e-03
9.738661352525494058e-03
1.442581825408037303e-02
1.454365923104467342e-02
2.895818693477931680e-02
3.110996170724296406e-02
3.378257602299254703e-02
3.882656903014626570e-02
4.049888878341609960e-02
3.988508368210698374e-02
4.450627374724970553e-02
4.340175064424944135e-02
3.726925872859310901e-02
3.500482643687004985e-02
2.175742553104905233e-02
1.887604783026219923e-02
1.557109044417081048e-02
1.180785497771555392e-02
4.961722559326612811e-03
4.160216669012171617e-03
2.349961535137737312e-03
-8.743834388844362333e-04
6.007457229655983801e-04
-1.175968085543738217e-03
1.114182748353820772e-03
1.316617791347569205e-02
1.937553784895695505e-02
2.567470778618068800e-02
3.827324269923317729e-02
3.408362608852446435e-02
2.459271704364381084e-02
2.697033845232243293e-02
-3.760783313598911777e-03
-1.058590588219694012e-02
-2.351779123110163752e-02
-5.751259458154198839e-02
-8.321372642440731660e-02
-8.957480207018313212e-02
-1.139341283839042512e-01
-1.174883504649899685e-01
-1.181643640308722293e-01
-1.374367052575856951e-01
-1.239841644485366323e-01
-1.292646801111952681e-01
-1.276775001204547011e-01
-1.019068609972094419e-01
-1.009564097870704058e-01
-6.716609387580804724e-02
-4.335946336187863903e-02
-2.643136357411086587e-02
1.030672132455339590e-02
3.315560900212063261e-02
4.922977150663786911e-02
7.602612206114225946e-02
7.696226001035322284e-02
8.239228742682951079e-02
8.928740025592288299e-02
7.510802275016839613e-02
7.696632048504241375e-02
5.855134162047938989e-02
3.713059558418371764e-02
1.999505653302283137e-02
9.591439582427471050e-03
5.640392646210362279e-03
7.774780146502557714e-03
1.097861871565279819e-02
1.162493926098596975e-02
1.036211557151541646e-02
1.924003560917147623e-02
1.936175851044464116e-02
2.047520868720147796e-02
2.339437231424158770e-02
2.314671648298854273e-02
2.251324273779787069e-02
2.452102317592764341e-02
2.212595213528523175e-02
1.957786938009882169e-02
2.055532172538525673e-02
1.819763863362339196e-02
1.455988575617087229e-02
8.742709102556494097e-03
2.668885218176235072e-03
-5.910910994038099352e-03
-1.179846330068761232e-02
-7.912202452262349223e-03
8.955341502936276302e-03
1.111088466690424680e-02
1.872998609831843034e-02
2.167536093182056284e-02
4.072217469169898615e-03
-6.053800347097892769e-03
-2.215802799371028448e-02
-4.206288758051429655e-02
-5.567774465770020803e-02
-6.300459473142068501e-02
-6.817889945789624984e-02
-7.255377962304235262e-02
-6.597760199867010178e-02
-6.278667561579909240e-02
-5.160245388525142030e-02
-2.734042046635272796e-02
-1.538888381442627719e-02
1.824008724829937270e-02
4.028028946683045314e-02
4.398473607907527755e-02
6.500667040380028738e-02
6.123742842143428677e-02
6.856224261784485408e-02
7.296684553166786491e-02
6.710989429843636223e-02
7.267146330582639757e-02
6.455395987179035622e-02
6.017514839078789979e-02
5.731314750707217770e-02
4.621068894448419895e-02
4.378103044402066601e-02
3.676681885949357326e-02
2.718197066459079186e-02
3.005424276111273371e-02
2.121710288642730813e-02
1.805126582515165570e-02
3.795123002730001194e-02
2.445972175153605932e-02
2.211937836538192467e-02
2.595972876896014692e-02
2.288435992900495278e-02
1.816118260463921857e-02
1.918271044922192914e-02
1.802495203144882652e-02
1.675481493121247153e-02
1.575941225306699139e-02
1.548437441724178840e-02
6.646259145145765046e-03
-1.147883848970734358e-03
-1.192006733467312202e-02
-4.308326256772208873e-02
-4.849214337195414948e-02
-5.488815509039043916e-02
-6.986602901320165815e-02
-6.374194351994952323e-02
-7.312515848689146725e-02
-7.436826790758026273e-02
-5.604376997207455996e-02
-5.547778499620863168e-02
-4.569728684829316157e-02
-3.724560376634229730e-02
-3.410393289615720053e-02
-2.610571473229311712e-02
-1.742376962601901655e-02
-1.551447603715965309e-02
-2.495737731493677305e-03
-2.088663367688242418e-03
-1.624785851554245639e-03
2.192700254591031968e-03
1.523765948297700189e-03
2.655739011813886517e-03
3.471063759722504884e-03
3.646157027542170064e-03
4.253840874024793564e-03
4.743145139079208046e-03
5.550043126613209664e-03
5.697649325586566331e-03
7.065051095182837450e-03
7.178403026437167427e-03
7.553787504366799369e-03
7.329107954614777487e-03
7.233401530886397757e-03
7.405875416818976167e-03
7.298285021127764310e-03
7.328139333662987871e-03
7.351632865960957761e-03
7.324677061467461253e-03
7.343091341058585395e-03
7.340524631259351396e-03
7.338361268076443698e-03
7.343372555405391737e-03
7.342109555938308718e-03
7.344601150032626161e-03
7.345207139497054831e-03
7.349526653113753506e-03
7.352607056929926638e-03
7.353518992421531966e-03
7.372765664115459548e-03
7.367654471647334426e-03
7.388544813745171434e-03
7.440115574949639730e-03
7.393127600883482933e-03
7.543415891251705613e-03
7.586792841133478162e-03
7.479188556854179416e-03
8.128142126525251740e-03
7.821354769051219388e-03
7.957693758325175282e-03
9.883060128508158043e-03
9.855251672843481220e-03
