-7.308343497618376323e-03
-6.440352663218826094e-03
-4.527167325239785101e-03
-5.708528472582304926e-03
3.390485450757173280e-03
2.978720123157816650e-03
2.340554254135162032e-03
4.731022653100310470e-03
3.758201163307270127e-03
4.130630438719630655e-03
4.497947165378414491e-03
4.215901778170111878e-03
4.439917074266968265e-03
4.435677504529290591e-03
4.405754397376773421e-03
4.469408405232787665e-03
4.446629082392304470e-03
4.452652513487124000e-03
4.458917940800922151e-03
4.441752816185878631e-03
4.438859313959155409e-03
4.419233760433485120e-03
4.385278081216251005e-03
4.367464353174502385e-03
4.285659498738090580e-03
4.215693736981416390e-03
4.146973620229438967e-03
3.857492482730973376e-03
3.788654453039687169e-03
3.401560107664398751e-03
2.612899311814571683e-03
2.720569719054310824e-03
7.581030552857627187e-04
-4.578938215880301544e-04
-5.446972696151510798e-04
-7.622264673195698961e-03
-8.548704350673903829e-03
-1.084365357934227378e-02
-1.439206523200191150e-02
-1.625088216956644196e-02
-1.744297911882420823e-02
-2.376580871199495196e-02
-2.368496398831503383e-02
-2.707120928968866080e-02
-3.123649404640508123e-02
-2.949485963153969381e-02
-3.765434421733688392e-02
-3.826179260818117489e-02
-2.858593065846803949e-02
-2.113356230746504805e-02
-2.097872373060829035e-02
2.182808061842664987e-02
2.717950513304999427e-02
2.398670908695191978e-02
4.671629048096553188e-02
3.525373360930406097e-02
1.983285320476974728e-02
1.642480148448932295e-02
-3.597058336568604350e-03
1.585490535869457651e-02
3.819916567970100402e-02
6.475127027953699044e-02
7.029712618468814123e-02
9.037376595234941634e-02
1.012274374635138002e-01
9.890043989806396318e-02
1.126800178555752430e-01
1.135488167707421892e-01
1.076556280778636909e-01
1.249865644109157542e-01
1.077683910028194858e-01
1.073160212805704256e-01
1.116573710201303749e-01
6.883191220292544932e-02
8.273603832731322993e-02
1.002082647500232987e-01
1.071353226510019518e-01
1.322564206335132275e-01
1.406710189318791937e-01
1.558622920562129088e-01
1.682645328627819792e-01
1.651626768363509135e-01
1.678515821049901269e-01
1.494952292698341623e-01
1.346231712322188412e-01
1.189400570570830207e-01
9.071086459965928273e-02
6.476567029962974897e-02
3.179836631574609745e-02
-3.554404122012547792e-03
-3.467376322992259119e-02
-7.007968374192857786e-02
-7.112622294479226115e-02
-9.483237763850811686e-02
-9.635594188326793152e-02
-4.885862693453162792e-02
-4.808723079301008979e-02
-4.209119097497162482e-02
-1.694195628866935685e-02
-2.219410698146336014e-02
-7.314077059590144876e-03
-6.503626761343690547e-03
-1.208322764531408709e-02
-6.505215419407166071e-03
-9.672773580104638766e-03
-2.352791212607504776e-02
-2.204469924558202787e-02
-2.540729548357603326e-02
-2.635316213726152448e-02
-2.387866953121712751e-02
-2.863417925979474393e-02
-2.218679317009518079e-02
-3.036670398145011052e-02
-2.848820773102126933e-02
-1.959792508937031885e-02
-4.297088439819132105e-02
-2.225844949144962018e-02
-3.542964429681525612e-02
-2.282293707927740209e-02
2.549344734553167513e-02
2.349555611484708054e-03
8.562080355113490821e-04
-2.002324032344296803e-02
-7.329668512724139828e-02
-1.041581105631583931e-01
-1.444181047744490798e-01
-1.758613285358033296e-01
-1.889707867118738671e-01
-2.251321614007173177e-01
-2.303871046260420885e-01
-2.466151903275074775e-01
-2.556029487978933590e-01
-2.528933670945661683e-01
-2.664388754971467876e-01
-2.601013934157486718e-01
-2.670812472936838766e-01
-2.761417638003658692e-01
-2.752294460990791780e-01
-2.828915960548359365e-01
-2.780222267775624978e-01
-2.702526861704003247e-01
-2.506709696556634892e-01
-2.461185436742570620e-01
-2.258987742149553279e-01
-2.055779690639714108e-01
-1.992956658174295514e-01
-1.659922812602472875e-01
-1.581436998789786941e-01
-1.491793712924268933e-01
-1.303799666034185512e-01
-1.523232039478979727e-01
-1.315035940160178551e-01
-1.278342238557808597e-01
-1.369743815177997814e-01
-1.125318790413753905e-01
-1.238994005850895808e-01
-1.075453263702469270e-01
-9.800993746841711596e-02
-1.023456419204402806e-01
-9.044080295589455865e-02
-7.260283625341051872e-02
-6.379960863242868652e-02
-6.577595566406825578e-02
-5.760893357912288959e-02
-5.365240111149480184e-02
-6.935286733054690789e-02
-6.704799719057319418e-02
-5.122119840889427511e-02
-5.223710275430158700e-02
-3.558364515058284883e-02
-2.513265236843227265e-02
-3.413846184492393826e-02
-1.815182816468170063e-02
-1.451721002497232370e-02
-3.544761222847472165e-02
-1.665408304125606115e-02
-1.020762180463763089e-02
-5.059318185376403612e-03
6.718686113817416705e-02
5.680805236240943357e-02
9.097214881540351128e-02
8.551441634072895481e-02
5.195903818157195618e-03
7.184351810408559115e-03
-1.287481367115278497e-01
-1.510865077345309171e-01
-1.109421780106631811e-01
-1.408542136002744471e-01
-1.343442577837106189e-01
-1.221355203461741840e-01
-1.306818517664048718e-01
-9.483511119201734618e-02
-6.463748329918508895e-02
-4.523714941726869609e-02
-1.288300227612912928e-02
-1.501211661689592913e-02
-1.617095933482673789e-02
-8.879602946072524469e-03
-2.667845706638200670e-02
-2.495485370804891023e-02
-2.431929629525183406e-02
-3.291561912461705292e-02
-2.538519023587010662e-02
-3.824124954640064494e-02
-3.582692682228430514e-02
-4.665416209145774318e-02
-1.105413311853969544e-01
-1.133569476677531995e-01
-1.584662947981839154e-01
-1.771375193765372114e-01
-1.680821310172407879e-01
-2.062785329851293259e-01
-2.141689188107678554e-01
-1.989439656477817175e-01
-2.170592604247077728e-01
-1.837433067224672201e-01
-1.673812551468591148e-01
-1.588919324747073980e-01
-1.421631359642635262e-01
-1.583986556088377018e-01
-1.588001010194365903e-01
-1.479827679382244021e-01
-1.630432227687020064e-01
-1.557620241146333850e-01
-1.611022620785739767e-01
-1.670412668601978790e-01
-1.618837884748862976e-01
-1.697385307204109794e-01
-1.618716231267715300e-01
-1.541833803337956388e-01
-1.296515853324632372e-01
-1.286707141893586592e-01
-1.133563104557507445e-01
-1.114950547737088293e-01
-8.219267861160785282e-02
-9.844261487241694197e-02
-5.005950638289002885e-02
-1.339517136290085779e-02
9.154477548071207615e-03
1.123163889888844635e-01
1.254715575074923650e-01
1.708303218517733257e-01
1.806409826480930014e-01
1.860954439259329130e-01
2.060864357100145039e-01
2.022918392368057428e-01
2.104237405731791688e-01
2.151166357011229935e-01
2.107061265300589625e-01
2.150741302430310697e-01
2.124204240457533976e-01
2.065444516020313870e-01
2.086044436249123724e-01
1.975969745305875547e-01
1.899657260997195674e-01
1.787868836889606183e-01
1.601630490654255001e-01
1.484835787972663690e-01
1.296543240612671455e-01
1.105630996702405416e-01
9.660841289682936539e-02
6.855525270131185289e-02
4.725187763059474078e-02
-3.556779271140315859e-03
-5.029929173211120097e-02
-9.437312229486970183e-02
-1.413795349415934710e-01
-1.649942343191950489e-01
-1.738209113982292775e-01
-1.798645070203843399e-01
-1.669263914257760606e-01
-1.442335531500213985e-01
-1.354172536733695142e-01
-1.196546892390368405e-01
-1.109215294936757024e-01
-7.045687931053674913e-02
-6.428398955238041890e-02
-6.299096293332853702e-02
-3.441439906407438298e-02
-4.408423166683522743e-02
-3.127205021140723462e-02
-1.812674265807258378e-02
-3.152286017694322373e-02
-2.327240183715765208e-03
-8.656646131264926491e-03
3.962020467246012839e-02
8.541081112584598956e-02
9.809831167875493474e-02
1.246780535456935290e-01
1.221017622077236742e-01
1.152792483084915248e-01
1.094767598954406590e-01
1.059346571775786894e-01
9.474735715384732804e-02
9.121897477615850680e-02
8.129619883737691788e-02
6.929725417813269173e-02
6.566043181758213221e-02
4.558850762119616429e-02
3.759948219951768367e-02
2.263418731741038623e-02
-7.021936950208685496e-03
-1.926535322179083465e-02
-7.606673680156472717e-02
-9.951381232506402441e-02
-1.086456599409248575e-01
-1.340893990078442233e-01
-1.035438402322441942e-01
-6.169519565847635806e-02
-2.784234402083912360e-02
-2.730043967343474473e-02
-1.510347256718424201e-02
-1.787401035827590814e-02
-1.407929658042257268e-02
-1.522300740391921252e-02
-1.002887337577709065e-02
-6.474538446867622067e-03
-1.429857288226061944e-02
1.152410051311075941e-02
-3.633671798955244187e-03
-1.385470279419209402e-02
-9.880617939669442476e-03
3.089273347587041200e-03
-1.261180639378332684e-02
-5.468346509514722745e-03
-7.104444896820113521e-03
-1.367291317686871246e-02
-1.121999218670329326e-02
-1.648335077405048421e-02
-2.351725175113762029e-02
-2.118998342314975733e-02
-3.410592486404899482e-02
-2.773550091582755936e-02
-2.700953316343593369e-02
-3.174511071496084053e-02
-5.497536240512824850e-03
-1.082689506588987126e-02
-1.976397961323695870e-02
-5.777281678527326769e-03
-3.652971117650671840e-02
-3.793224047694003509e-02
-2.628935969408794857e-02
-6.301507554475650752e-02
-4.943665682888934154e-02
-3.128837577808931542e-02
-4.696249949745987667e-02
5.944740256698540469e-04
-8.994080724640290264e-03
-4.489595236889563218e-02
-4.294462697894866482e-02
-9.438528244529922895e-02
-1.229053284494299458e-01
-1.410432371513982985e-01
-1.655570628587200166e-01
-1.657031590373177488e-01
-1.693523832867401824e-01
-1.612060531621524739e-01
-1.521488625920827675e-01
-1.426092624056057578e-01
-1.251756269090955609e-01
-1.159157260399347605e-01
-9.965497967181936867e-02
-9.107201483699485511e-02
-8.825438162345242143e-02
-7.864586924376594512e-02
-8.431421182499017342e-02
-8.472434476601474473e-02
-9.424973527846740307e-02
-1.451159395458046508e-01
-1.550306548908038096e-01
-2.008946701568913307e-01
-2.421314757985897070e-01
-2.474481128592408707e-01
-2.780624297417100821e-01
-2.690975585368987621e-01
-2.551296792974835914e-01
-2.578794352183358951e-01
-2.377137726987257615e-01
-2.404927239249325110e-01
-2.331584263925334521e-01
-2.200440828064933185e-01
-2.236069435588967369e-01
-2.078983012310487710e-01
-2.029661703671736261e-01
-2.002647820340495710e-01
-1.805120584892648261e-01
-1.813630917606943171e-01
-1.645674703714423148e-01
-1.487689369567721520e-01
-1.462302613594467504e-01
-9.604327561489985066e-02
-1.004583429945113404e-01
-8.713430555921533593e-02
-7.505539424541597671e-02
-7.705703693067274263e-02
-6.688894020819287356e-02
-6.021680207549482550e-02
-5.194024352487063012e-02
-4.827525314479536728e-02
-3.101404537592736960e-02
-2.939822920044186244e-02
-2.234584586885830088e-02
-1.663259989118369420e-02
-1.490008931028466259e-02
-1.094706645550792140e-02
-8.170366468859007261e-03
-6.619621387535181908e-03
-3.371347568042484377e-03
2.076358646232352452e-04
1.074008338342344587e-03
9.175828948282961292e-03
1.320485828585171544e-02
1.602691661907650403e-02
3.868113349221213859e-02
4.091858126906502274e-02
4.486270509888139885e-02
5.279211797210204421e-02
5.268543862012992074e-02
5.968405995850338541e-02
5.833985723543558266e-02
6.493005214908072198e-02
6.310170454020939956e-02
6.527135218910389003e-02
6.814316110916936176e-02
6.074436097332706896e-02
5.941604467873524975e-02
5.962338746324524069e-02
3.355527925609158579e-02
3.342217651301378906e-02
2.110003061165218255e-02
1.342679272045802646e-02
9.764837155293680862e-03
3.120805125320658732e-03
-7.300616535850606948e-04
-7.262765871072358360e-03
-9.658851397619712745e-03
-1.771138399602147084e-02
-1.838588465253006635e-02
-1.674092740941270432e-02
-1.903169678834372089e-02
-1.743457826716908812e-02
-1.765095387077747838e-02
-1.633745007277090378e-02
-1.512263457454966938e-02
-1.484233705038819767e-02
-9.144431065361613431e-03
-8.625888078049728097e-03
-6.752640149023267542e-03
-3.356822995719141011e-03
-3.577002471799710110e-03
7.706372742835904295e-04
8.872774951663317750e-04
1.793674619874202625e-03
3.077452377695538959e-03
3.060165741722273985e-03
3.628289092215866707e-03
3.887038345485019277e-03
3.959347080034535636e-03
4.160490017804111679e-03
4.215258811038280311e-03
4.266957155739190682e-03
4.325601199489039969e-03
4.355823115017093926e-03
4.356454381711295440e-03
4.408715541557225830e-03
4.422804347651525421e-03
4.364208455440789745e-03
4.560258771852446734e-03
4.402693011731095320e-03
4.417539566451269412e-03
4.934511666297587348e-03
4.168537372737533483e-03
4.883664430069599958e-03
5.507205979151858811e-03
5.208567724175482486e-03
