1.416559599481484813e-02
1.359951873089385900e-02
1.282378643183139030e-02
1.323573295879485780e-02
1.413386880059537901e-02
1.286388398255174960e-02
1.425820630328173723e-02
1.358429689165736171e-02
1.366606273695379625e-02
1.390706954959916412e-02
1.368633667598824141e-02
1.380598221308818735e-02
1.380164938489196469e-02
1.376916660042800528e-02
1.380658417069756047e-02
1.379158102779495625e-02
1.379410685541851769e-02
1.380048125698128333e-02
1.379618331638174551e-02
1.379996784092483129e-02
1.379967303220869593e-02
1.380154009178142897e-02
1.380354456255480054e-02
1.380234509885805948e-02
1.381326991328317086e-02
1.380788298489113962e-02
1.381603877971208927e-02
1.384578945506703164e-02
1.380640113232702026e-02
1.388829650755909681e-02
1.390593276019734710e-02
1.380568336232696793e-02
1.418467319973923738e-02
1.391478491749155791e-02
1.407648806275398068e-02
1.474842186386459385e-02
1.455762640520791122e-02
1.487736451905867160e-02
1.430366017714006753e-02
1.404277223841254862e-02
1.420764901338699912e-02
1.142115503811462311e-02
1.089610055106187553e-02
9.472829113228638589e-03
7.858732364699040282e-03
7.012347407182496425e-03
7.417790992579669125e-03
6.327118862488403245e-03
9.400575410141205276e-03
1.040792493592975106e-02
1.178109116123622624e-02
1.521883273759775702e-02
1.875681892008934301e-02
1.958720056386002717e-02
3.024240748713425894e-02
3.051192790585905215e-02
2.961463376081837143e-02
3.343493720443914408e-02
3.114871291276907067e-02
3.032255371964106411e-02
3.181465434083186050e-02
2.429500852588524495e-02
1.599002891649949423e-02
1.467417056283436619e-02
2.123684487667077108e-04
-2.312283172561905437e-02
-4.694760436669773856e-02
-9.476596092574676722e-02
-1.290903110197135772e-01
-1.265193519515366849e-01
-1.431934973343082229e-01
-1.398049473438399970e-01
-1.391652840287775361e-01
-1.470477025336217047e-01
-1.395323242527626018e-01
-1.388753634073770227e-01
-1.386557878295160973e-01
-1.243312775794720160e-01
-1.224660943965990983e-01
-1.107628920100471731e-01
-8.079738432471350595e-02
-6.909433773112799715e-02
-4.710638021754916249e-02
-2.443031553760346627e-02
-2.875767318032728531e-02
-1.547931033677186000e-02
-1.524832788442682940e-02
-1.739213063324214839e-02
-1.500409230467171506e-02
-1.546402177390875446e-02
-3.102257762449270317e-02
-3.334406701827547642e-02
-4.287531428116551219e-02
-5.935984428736059554e-02
-6.452353957498212222e-02
-6.643930091614239086e-02
-7.259647584118780750e-02
-6.714740606968930270e-02
-6.212758156478313809e-02
-5.491798314815760779e-02
-3.820835351323906282e-02
-3.541465171246013788e-02
-2.602560305129800536e-02
-3.306779595867712085e-02
-2.851640392533473511e-02
-1.913686921248397219e-02
-2.154825222543315516e-02
-7.146712372696017654e-03
-8.666036509650414110e-03
-1.453963306253687297e-02
-1.058845677353395694e-02
-2.265655971269678673e-02
-1.998246035575166821e-02
-2.468257214073922914e-02
-3.435591636985035197e-02
-3.535811426146540787e-02
-3.978838039409687832e-02
-3.727056149455410666e-02
-2.708036376929413500e-02
-1.368222486940693684e-02
-6.653005130099791213e-03
2.973306778993899113e-03
3.109896763905211671e-03
4.107817566658950384e-03
2.207523685080274058e-03
5.318859713238188562e-04
5.466036434791399570e-03
6.846124856201696654e-03
1.482211235950363706e-02
3.699547556165035805e-02
4.085200814588586804e-02
4.620709225989781677e-02
5.241212090856889327e-02
4.903497673553404435e-02
4.848242001783221317e-02
4.575487539955928190e-02
4.197823192338120957e-02
4.030161059903266535e-02
3.307017550934083366e-02
2.879217052368903546e-02
2.226653986772065066e-02
4.111634651574472624e-03
-2.335285744646766002e-03
-2.818819388927906733e-02
-4.390978665361681271e-02
-6.221966564064633498e-02
-8.198849193983602512e-02
-1.041587676191287337e-01
-1.234414676664248867e-01
-1.379416436365739351e-01
-1.517429284328520311e-01
-1.563187608165547138e-01
-1.711281221854191459e-01
-1.745330997296197784e-01
-1.803312815835964311e-01
-1.887028484646439408e-01
-1.799132078577309057e-01
-1.860998834032274174e-01
-1.856977314405477419e-01
-1.806445197531970914e-01
-1.871793617542199806e-01
-1.802980007659451267e-01
-1.727160261463203117e-01
-1.666647217118279178e-01
-1.514905204384496828e-01
-1.421408700571907824e-01
-1.234473142626798109e-01
-1.042576870611799794e-01
-8.541464152999735104e-02
-6.644160762711537327e-02
-4.132950521018242257e-02
-2.792466200845660287e-02
-1.270168149145739674e-02
-2.801978308498433937e-03
2.364191084671355726e-03
8.847258862336946847e-03
1.438809405960027321e-02
2.060084468272629227e-02
2.764303378267982114e-02
3.266009376720588331e-02
3.268438415410555853e-02
2.513046007095522116e-02
1.535525024991914005e-02
1.757388200655347205e-02
9.442925309548528753e-03
3.034652564326743851e-03
-1.404929259147291894e-02
-2.249144538451489789e-02
-3.319916874961070102e-02
-4.057330245066719659e-02
-4.333585390083291577e-02
-5.304659289945779649e-02
-5.523922320190991636e-02
-6.052551416742344564e-02
-6.596989950936316127e-02
-5.967195847370180412e-02
-6.308527637483271611e-02
-5.554714010428535298e-02
-4.749309638749251578e-02
-4.466649324997738063e-02
-3.918494502875079222e-02
-3.675448576668808448e-02
-3.926772833262007212e-02
-3.901939185487104944e-02
-3.454566658887710251e-02
-2.632866206815445004e-02
-1.587923801416802824e-02
-1.869978267326276658e-02
-2.114155263008366675e-02
-4.035544420987042386e-02
-5.238666766924857804e-02
-5.336281418194891574e-02
-5.649384179920871607e-02
-4.564803135430266917e-02
-2.852270842018122046e-02
-1.204980106247906420e-02
-6.720013152957812156e-04
1.894532562687525207e-02
1.727003868122834948e-02
1.300188662853191991e-02
1.621117396043470979e-02
5.456064427583380214e-03
5.242544890923631767e-03
1.113278126714969084e-02
8.071005437363226384e-03
1.096439446179578101e-02
2.382857547998631226e-02
2.949302001454890548e-02
3.185636247561331180e-02
4.422471196588974307e-02
3.955082664646240864e-02
3.453571021833757443e-02
3.441990633026485724e-02
1.689852681450754179e-02
1.409181642615143192e-02
1.075202056364654365e-02
4.457419991417841711e-03
2.805274737284138217e-03
-9.660679502921768608e-03
-1.434007728553271174e-02
-2.305879801017532080e-02
-2.477998315296976728e-02
-3.559631933641511925e-02
-3.676023128332325113e-02
-3.369990044715349270e-02
-3.424160753256809409e-02
-2.540368112475639359e-02
-2.440336848039344197e-02
-1.659598915746076514e-02
-1.047421511014352651e-02
-2.183013978903434148e-03
8.105481279690688462e-03
1.099284568697511677e-02
1.507596286965254967e-02
1.726464258488378048e-02
8.257005611621700755e-03
1.185549503077682094e-02
1.151553286492688899e-02
1.098201256834614552e-02
2.651900219966197431e-02
3.025552610573018983e-02
3.958690716755102618e-02
4.710904320568393838e-02
4.000864774929368400e-02
3.718557637942438571e-02
3.240209961563009222e-02
2.578234006589215019e-02
2.796167313817131406e-02
2.129217766474947315e-02
2.717484856873858545e-02
3.176682615105077406e-02
2.855028941917391733e-02
3.225431677417398002e-02
3.267181153498018020e-02
3.127413403333365732e-02
3.318975393343004399e-02
3.283613758887257011e-02
2.966125014540349492e-02
3.235880077357139450e-02
2.976361967669435143e-02
3.346035494704605040e-02
3.800336586540296185e-02
3.867677989681661543e-02
5.438514036422594650e-02
6.090219773627916777e-02
6.687365098656228302e-02
7.970091146227765988e-02
8.117097461368504019e-02
8.375420771945518705e-02
8.818052381669662376e-02
8.384741089359301625e-02
8.417340990496129105e-02
8.011651780982853577e-02
6.793657707553167613e-02
6.152208672365042791e-02
4.629418971269123190e-02
7.991912297185503958e-03
7.247742230613407437e-04
-2.799294555938738882e-02
-3.730184826588810870e-02
-4.619780056945075458e-02
-6.397181582349943663e-02
-6.024765597205621048e-02
-6.359627855170052468e-02
-6.349672981718465503e-02
-4.761726965461315908e-02
-4.278687563253612269e-02
-2.431750655227199465e-02
-8.781100475080487119e-03
-6.035663433400474502e-03
9.995605299029606053e-03
1.213556260207687698e-02
1.105419037153640947e-02
1.541923043226746913e-02
9.328419871999895155e-03
9.063830668039304581e-03
1.102175142390939867e-02
9.347937338848836750e-03
7.820533353265131729e-03
7.827515157062819515e-03
7.025419767080541208e-03
6.242618388321649267e-03
7.042188104211759671e-04
-3.335524537597215743e-03
-6.372292391935966208e-03
-1.940493310284835057e-02
-2.759202195361205173e-02
-3.254147808421351679e-02
-7.015023074245735346e-02
-7.243753608712173719e-02
-7.794386010482093341e-02
-8.038137231418272799e-02
-7.685320021220579112e-02
-7.718654513631488523e-02
-6.046054988945436665e-02
-5.471024662446320047e-02
-4.919712389971842015e-02
-3.602287743511975449e-02
-3.442727960073550114e-02
-2.023928537991679516e-02
-1.422377944591922232e-02
-1.137216175914722467e-02
-3.574203782984265287e-03
-4.978549167179488651e-03
-3.345367964892232218e-03
1.295571087594292112e-02
1.290979155647935250e-02
1.366367459389199353e-02
1.898637058033228464e-02
1.677400784428812255e-02
2.098761316204513644e-02
2.049445776291405549e-02
7.397714019330600167e-03
3.531057344257300173e-04
-7.175626679620264632e-03
-1.764565557160657425e-02
-2.532400945064597342e-02
-3.420824118438303696e-02
-3.503960298351554287e-02
-3.095757320629391462e-02
-2.380850632271103509e-02
3.522284116017383726e-04
1.301650585513172004e-02
4.593993049154560665e-02
4.826171755646098405e-02
5.794429443921999406e-02
6.659685038147267200e-02
5.258243185265877584e-02
5.696196304018841944e-02
4.415759965485611255e-02
6.097171691292258000e-03
-6.146933817813554982e-03
-2.371758732982599815e-02
-4.341860710024316589e-02
-6.412369559054612034e-02
-7.924302364481485006e-02
-1.054934547876821976e-01
-1.155937301137591189e-01
-1.324752053371123783e-01
-1.397679404989483065e-01
-1.419703253156639755e-01
-1.494164627002421974e-01
-1.490659227318417712e-01
-1.507704573075840104e-01
-1.517306425249433655e-01
-1.511302709797077426e-01
-1.492576769060098840e-01
-1.475337912704656473e-01
-1.447871243219203685e-01
-1.377097503461615358e-01
-1.337749333314349476e-01
-1.319905850961992089e-01
-1.271303276810784588e-01
-1.270497830479737356e-01
-1.267737225293114889e-01
-1.250369741875944907e-01
-1.281289472714562672e-01
-1.293126887000439484e-01
-1.302141342345808639e-01
-1.355001041012265650e-01
-1.368654296639872092e-01
-1.332520146384487125e-01
-1.371406062059267184e-01
-1.312552804058250699e-01
-1.287414383084635183e-01
-1.282582423881520328e-01
-1.176106245151697927e-01
-1.155825469109758447e-01
-1.099969544327203536e-01
-9.883460380284812830e-02
-9.902731642800470524e-02
-8.645452604639615457e-02
-7.703907058733677760e-02
-7.336961174891092063e-02
-4.928571756272533133e-02
-4.141092537347976221e-02
-2.398637660938826924e-02
-4.134024085868235297e-03
2.105495207428471297e-03
7.812889943652603919e-03
1.089559489735926479e-02
1.062773933180418719e-02
1.267995660636349851e-02
1.353693434521652597e-02
1.334286696907045072e-02
1.558327235559951035e-02
1.556177445886235307e-02
1.466865042504119504e-02
1.397752402732831481e-02
1.123743928248676152e-02
9.121572981189348187e-03
7.775000524950417997e-03
4.363740316757742065e-03
-4.734535715356445306e-04
-8.397566915371133681e-04
-1.129359424022018457e-02
-1.107127663347859219e-02
-1.236269783319108272e-02
-1.538061946703443705e-02
-1.504285320916071492e-02
-1.626134935145672963e-02
-1.692889001460504486e-02
-1.709894474399236211e-02
-1.770741878285077286e-02
-1.797566244012581069e-02
-1.838574742156126943e-02
-1.877153157675133521e-02
-1.930195903632182797e-02
-2.004632536968548387e-02
-2.058284252552780927e-02
-2.222337203693142485e-02
-2.342943742347677188e-02
-2.505373991543797738e-02
-2.975826764474916869e-02
-3.070345719245295979e-02
-3.794059530573337669e-02
-4.747953247927021170e-02
-4.619353551077939879e-02
-7.340164193854344099e-02
-7.175814286319585900e-02
-6.835409155832419814e-02
-7.543693054643534068e-02
-6.447157394520706963e-02
-5.540873664886723782e-02
-5.455969311185544790e-02
-2.591991781650970425e-02
-2.416382541055976316e-02
-2.114513784095742657e-02
-1.051995096170402384e-02
-5.522204100611987666e-03
-3.317641850160303781e-03
1.003367919455050612e-02
9.203283815488702210e-03
1.135258921742661985e-02
1.475288342981675126e-02
1.403428309832105078e-02
1.560853384968294982e-02
1.608063024194276991e-02
1.541338251284575002e-02
1.580671216616794453e-02
1.582264662542411451e-02
1.574413285623175313e-02
1.586625531025285044e-02
1.583727105476132394e-02
1.584830416075262358e-02
1.587278445116080058e-02
1.586323306015468074e-02
1.587330905225722844e-02
1.587609905771085114e-02
1.587540056389910581e-02
1.587899030616164026e-02
1.587952505102710812e-02
1.588025535986171619e-02
1.588200436127459869e-02
1.588372231810582236e-02
1.588398189811188882e-02
1.588897748851977529e-02
1.589163328985597826e-02
1.589267641978396595e-02
1.591188487582583660e-02
1.590670542673490798e-02
1.592756316066141001e-02
1.597878489579109343e-02
1.593198357799062090e-02
1.608176764233196568e-02
1.612442279333041462e-02
1.601627204602510540e-02
1.666610277239072291e-02
1.637724586708727212e-02
1.643570966999443120e-02
1.844746111874592809e-02
1.847043142989287373e-02
