5.717640495426229300e-04
6.934326097958174763e-04
3.395932475539631921e-03
3.404159267415126418e-03
3.419209877483370998e-03
3.833920386869027041e-03
3.512473007958308389e-03
3.640694178480854536e-03
3.655834245286255883e-03
3.593478381337504319e-03
3.643276013702247216e-03
3.624340391946526650e-03
3.621844315646119417e-03
3.631626224906642133e-03
3.624014123685028853e-03
3.626812203587730966e-03
3.627072609322881062e-03
3.625349997915944256e-03
3.626177107691384415e-03
3.625084231301180671e-03
3.624506432039339195e-03
3.623442148263598169e-03
3.621532353209059880e-03
3.620298314305052997e-03
3.615457432805661842e-03
3.612194393096843700e-03
3.606888578545019552e-03
3.591368733453329486e-03
3.588737338835835088e-03
3.561107793629166712e-03
3.525341392009572784e-03
3.526658566875879794e-03
3.400865358280458564e-03
3.373988818090930143e-03
3.315677496742175118e-03
2.872207391706760229e-03
2.970378996543317565e-03
2.877275725785623326e-03
3.055181118343744222e-03
3.184040368934549971e-03
2.964081351189481496e-03
4.438012331713247008e-03
4.848060785367781615e-03
3.513916949869438054e-03
3.867677090474016654e-03
3.789364791523848995e-03
-2.661494434672971587e-03
-3.226348508036649618e-03
-5.778734824240113442e-03
-8.878696862749550778e-03
-9.179646676651621526e-03
-1.172682544036102170e-02
-1.175251599725907550e-02
-1.344055252422758986e-02
-1.339530947336711568e-02
-1.516620919357930010e-02
-1.701539646579557780e-02
-1.851621910988263814e-02
-2.338278062023059836e-02
-2.281606015708437241e-02
-3.093396840254393834e-02
-3.400891071465381166e-02
-3.474953611868086822e-02
-4.049628576919907241e-02
-4.167595551624595634e-02
-4.092684164277512332e-02
-4.398132635538645752e-02
-4.276072565051389912e-02
-3.992952382475835338e-02
-4.019954308323279990e-02
-3.655525095681307068e-02
-3.502840082086960960e-02
-3.383710870038418583e-02
-3.022335983036396334e-02
-2.902222964827613078e-02
-3.099606473792384381e-02
-2.807403814963936595e-02
-2.770397909690051549e-02
-2.635031802146689528e-02
-2.254789427586561396e-02
-2.222287768135112335e-02
-1.757303430370003514e-02
-1.607957754317758739e-02
-1.549868046780293780e-02
-1.253172345095882392e-02
-1.209144353659547672e-02
-1.067466082462928921e-02
-8.966589532670798599e-03
-9.857717667640581924e-03
-1.258077375894283041e-02
-1.573041498255438320e-02
-2.038641956096777855e-02
-1.772030604208769608e-02
-2.107349937451055352e-02
-2.004291575965575292e-02
-7.519213956985680222e-03
-6.151779935127471566e-03
-3.810626123133928952e-03
2.676161527807326742e-03
2.357012539156373970e-03
6.237324245992994023e-03
6.248451819604479256e-03
5.144749195335324848e-03
7.116290581195301029e-03
5.762398176800360983e-03
5.096006708085641483e-03
5.001023628713332538e-03
-1.148242983091756061e-03
-1.630837888342934801e-03
5.902010203845333043e-04
-4.661458452879493940e-04
-1.060116823405078332e-03
2.235716232893826083e-04
-3.823676071110907230e-04
-3.054371260522578614e-04
1.248012397168049049e-03
-5.441009801480632853e-03
-9.598405659985636412e-03
-1.736242895835058211e-02
-2.809166529774208623e-02
-3.100531714478322112e-02
-3.522280237572972261e-02
-3.429026867212812274e-02
-3.166585891087184135e-02
-2.845466692112358364e-02
-2.380834175594267327e-02
-2.398350292991197757e-02
-2.039550291512592234e-02
-1.687452958687394450e-02
-1.559064793998056475e-02
-1.009843599678555970e-02
-7.872993993697662354e-03
-7.664831927793635744e-03
-4.535634073810465745e-03
-3.319849810395337358e-03
-2.924795448495492913e-03
-1.504239549008477923e-05
-1.067351952147124836e-03
-6.994127227937451622e-04
3.377817796574313319e-04
-2.774899453841037610e-03
-2.579518211045647800e-03
-2.461943339140475542e-03
-4.708142367181106930e-03
-3.374882245711893596e-03
-4.821452556225934612e-03
-7.064281008588397734e-03
-5.424192137402927133e-03
-8.372762080199703388e-03
-6.394013584929586144e-03
-5.973366060188280494e-03
-8.739049709481028216e-03
-2.866096434106485836e-03
-8.776979020780149160e-03
-9.896898912584764160e-03
-1.490490608872320662e-02
-1.594935868957181313e-02
-8.597908000179212140e-03
-5.831327376481722398e-03
-3.464024726610923782e-03
7.510069520259468612e-03
7.936880637449654149e-03
6.511335512795583813e-03
1.057747707006012790e-02
9.373317938137797414e-03
5.990289035114487043e-03
5.985133329623246352e-03
2.574432215808707038e-03
1.649712696373960893e-03
2.807756799875396614e-03
2.123689830253003286e-03
2.985930453458320293e-03
6.302716439899708548e-03
4.814736950726461115e-03
8.016014863246767597e-03
7.498316019728837149e-03
7.983734862952896350e-04
9.826575108835215299e-04
-4.669855242068849874e-03
-6.099947098224502845e-03
-7.596782206299848572e-03
-1.025470864760177035e-02
-6.074226583922110595e-03
-7.486249121681679865e-03
-1.278457083826056544e-02
-1.248322621290458810e-02
-1.594364595804300191e-02
-1.758385918967569211e-02
-1.723826188814159971e-02
-1.945221945811804673e-02
-1.603425186593676957e-02
-1.219353043086189928e-02
-4.995503083490670203e-03
-1.016426354215237615e-03
4.632681296082854887e-03
4.961211229685947438e-03
5.147101096148450593e-03
5.768081153183350976e-03
4.760829031446873159e-03
4.271177684679613486e-03
-4.571582038758341187e-04
-2.640723542438843177e-03
-8.048904987135381854e-04
-2.303223519743827913e-03
-1.359686292583076397e-03
-2.286556965622080911e-03
-8.508090489231120296e-03
-7.568167881028264009e-03
-1.211610343091789992e-02
-1.347765394157345552e-02
-8.760113714071567428e-03
-1.013385264971682249e-02
-7.032937591573400898e-03
-2.567953036795802071e-03
-8.425356360103557598e-04
-1.450095119994511276e-03
-2.213156948187024967e-03
-5.097729995418302969e-03
-6.631757441186094879e-03
-9.452322777454892980e-03
-1.352541000870542860e-02
-1.568795558778849145e-02
-2.011151603609176441e-02
-2.031153187509641619e-02
-2.330077346882291137e-02
-2.483777937053804202e-02
-2.593045171780525640e-02
-2.769240980898235449e-02
-2.763408579995104558e-02
-2.589747322859201756e-02
-2.086316232665278922e-02
-2.466080561424343828e-02
-2.196939859331671976e-02
-2.421270897152510981e-02
-2.468205526807536881e-02
-2.792402734916345566e-02
-3.129700696469925325e-02
-3.065368295930177150e-02
-3.594977062092431785e-02
-3.947031073536236279e-02
-4.015635641816445861e-02
-5.366172995465455509e-02
-5.385301983384158803e-02
-5.798341251892354803e-02
-6.156502307868078061e-02
-6.131343930028021472e-02
-6.344057851425101424e-02
-6.397175160811940930e-02
-6.399188348845202823e-02
-6.468844774878852733e-02
-6.488586714479759043e-02
-6.427481184321523489e-02
-6.496768598856540733e-02
-6.425585939711024597e-02
-6.177342812217138240e-02
-6.101493743643118806e-02
-5.725903715181308168e-02
-5.619499079294500848e-02
-5.354289788141612660e-02
-5.076716307731041211e-02
-4.943680878226811709e-02
-4.352553139567767043e-02
-3.935798637351645146e-02
-3.339244944394395564e-02
-2.631462319092423355e-02
-2.225056115073998850e-02
-2.443234664842469650e-02
-2.168323648266243242e-02
-2.259226938649823088e-02
-2.459124379351726106e-02
-2.240351791888578817e-02
-1.752380346388706864e-02
-1.651901251572822013e-02
-1.198168193508171442e-02
-1.003616964356152108e-02
-5.423450940544904779e-03
-4.333321594876247441e-03
-3.522169878379107204e-03
-2.278921826204810454e-03
-1.499082073227269406e-03
-2.014292533243137139e-03
-1.374973768338052290e-03
-1.038203999734547446e-03
-7.951693550618128478e-03
-1.122835007849858936e-02
-2.375865962666467643e-02
-3.086150804574287754e-02
-3.539046066684278791e-02
-3.910166010452693908e-02
-3.937748899826253035e-02
-4.061252254302874509e-02
-4.011138049379313342e-02
-4.027117697553857234e-02
-4.014590358711354195e-02
-3.984685727619593359e-02
-3.959705688372510551e-02
-3.902061169549345121e-02
-3.893519692168232599e-02
-3.763097187180614728e-02
-3.742060568085451427e-02
-3.632018214916021143e-02
-3.389997974300077571e-02
-3.337948233952867799e-02
-2.675496845302721000e-02
-2.454695673978644216e-02
-2.532385437561691238e-02
-2.285335781653307502e-02
-2.239719214655576385e-02
-1.718508201079281539e-02
-1.387731904635674564e-02
-1.494499543088501602e-02
-1.383427687916208119e-02
-1.447242038041110859e-02
-1.508180588951935075e-02
-1.414416655203962724e-02
-1.545049122007077953e-02
-1.537095530618827824e-02
-1.380291703287587872e-02
-1.856986670856407978e-02
-1.568187239314686177e-02
-1.070647544610042051e-02
-8.717741960491506847e-03
-9.170711022173110363e-03
-6.730307551141481021e-03
-6.695941984092025276e-03
-6.114204344012876165e-03
-4.924001536078778489e-03
-5.347497739199231007e-03
-3.518883221465695169e-03
-2.641284701480438226e-03
-3.586276280827199389e-03
3.999571141475840100e-03
2.560719856321118978e-03
1.445574437620529909e-03
1.540503730247675404e-03
-4.557778444382735647e-03
-4.535387266442132345e-03
-6.017433534599919004e-03
-7.563639341244588615e-03
-8.470799619859682023e-03
-7.776198549098813952e-03
-8.665065331786920427e-03
-6.756750332218175448e-03
-7.041450189203515148e-03
-1.148643892528512615e-02
-1.069751320543487969e-02
-1.040183543997110979e-02
-1.188244367065547855e-02
-1.091167170368655126e-02
-1.369196782516442570e-02
-1.115961328547297390e-02
-9.276355732783811078e-03
-6.747636720037515287e-03
-3.893544268108010704e-03
-2.235122833784357940e-03
1.862111196619529747e-03
2.013321787884541671e-03
5.622698238015869576e-04
2.894707346316263154e-04
-2.531553582848549561e-03
-3.649862378828265443e-03
-8.413703786558784925e-03
-1.038528659974675972e-02
-1.009660086705588787e-02
-1.404985261053863510e-02
-1.352920392227160637e-02
-1.543028107349481669e-02
-1.530898194274653117e-02
-1.049522858501713424e-02
-1.335847429130783935e-02
-9.649788250919544980e-03
-9.142952446896843513e-03
-8.735244976734635527e-03
-6.566850416892811883e-03
-6.180868216704841524e-03
-6.509761315254993311e-03
-5.568509588728059491e-03
-6.289687112078500529e-03
-5.602663912387014812e-03
-5.531923323619692898e-03
-5.553264328064904699e-03
-5.266325010155562675e-03
-5.231241581651374824e-03
-4.958646064789975182e-03
-4.887753167830555766e-03
-3.735412402863565878e-03
-2.601315182239950872e-03
-1.448075022480109844e-03
2.976133055347747816e-03
3.965955680567029122e-03
7.139069051164642458e-03
8.017063051137271121e-03
5.600393400447733518e-03
5.899774832028415773e-03
5.080581318858118541e-03
-2.137953981507599750e-03
-2.109373595926309058e-03
-2.987985337401054438e-03
-4.963859178713718456e-03
-2.073799312018395798e-03
-2.520380993022877918e-03
-1.584479560399041373e-03
-8.750901302582862794e-04
-9.128744499975931584e-04
-4.122470620315768952e-04
-2.817457774344065313e-04
-1.364324271404850346e-04
9.114031060822789761e-05
2.178144298867785847e-04
4.853160277391866664e-04
6.927233731061892968e-04
1.097598114190740173e-03
1.604520731739932440e-03
1.916425992448466536e-03
2.270995302339468610e-03
1.229301589291918999e-03
8.838269619990141851e-04
1.827678968222441139e-03
1.102314395119506196e-03
5.170689756909488009e-04
5.439467635987989616e-03
5.161489713028304810e-03
7.644383151494850773e-03
8.835475889134447244e-03
7.935853621173268729e-03
7.568313191151383908e-03
7.916387393861960831e-03
2.591542281907871243e-03
3.094605230475341775e-03
2.176693073883973536e-03
8.522999828413342985e-04
1.531607138988472141e-03
1.175793362147939088e-03
1.182087555549227132e-03
2.731299182027060492e-03
2.517719826771496611e-03
3.574446201773989664e-03
3.326884864636583256e-03
2.758515991907527047e-03
3.010188104077638881e-03
2.709678668663596801e-03
2.638702724911972178e-03
2.628462056065055188e-03
2.397325023139823888e-03
2.427344317276317748e-03
2.225007947485217220e-03
2.268532044853327403e-03
2.222895332614905576e-03
2.288493191475773555e-03
2.283809871881109337e-03
2.277227271440322633e-03
2.237018781559447708e-03
2.207685490706694491e-03
2.198586399542152171e-03
2.182293793934770871e-03
2.175140568657865474e-03
2.170149985678848127e-03
2.164308288320772843e-03
2.162104064504461864e-03
2.158560654950363381e-03
2.155122655110708503e-03
2.154194983819554370e-03
2.146534091248213701e-03
2.144152623315654597e-03
2.139945500536256841e-03
2.115846843281655662e-03
2.125165920082663310e-03
2.086474324426980560e-03
2.035894618956261143e-03
2.085602478277417439e-03
1.867375018746181801e-03
1.890945755514925573e-03
1.896582182381484219e-03
1.009229352677957743e-03
1.019586285756889131e-03
