-2.038262560723310118e-03
-2.319577833778754990e-03
-5.518636097082379836e-03
-5.312508907635339790e-03
-6.563629074564535613e-03
-7.330326030625778679e-03
-7.855444731556611784e-03
-8.410413770142993045e-03
-8.699423812680080748e-03
-8.963309389095940397e-03
-9.170431951328718648e-03
-9.295208855112476604e-03
-9.412096642906701838e-03
-9.490065618802352027e-03
-9.546348527838205075e-03
-9.593794397190975529e-03
-9.623938237291178310e-03
-9.647868238899645274e-03
-9.665245447420948641e-03
-9.674931916472759991e-03
-9.683298283393974859e-03
-9.685180784348320499e-03
-9.682980169683663707e-03
-9.683009112718689651e-03
-9.667134776571844126e-03
-9.658092095215065065e-03
-9.644603487675151854e-03
-9.592974502109136159e-03
-9.593092724253324960e-03
-9.516764537203865199e-03
-9.416367609803175109e-03
-9.452403478765388292e-03
-9.127293953681144337e-03
-9.102713988913154614e-03
-9.044029811523517093e-03
-8.054498170216823488e-03
-8.588460086990740150e-03
-8.302021658127304096e-03
-9.333950781054882809e-03
-9.928702464336320449e-03
-9.836542290991318049e-03
-1.479546923741300105e-02
-1.489632558274788486e-02
-1.547799007054834891e-02
-1.499180824177924302e-02
-1.567680740206906995e-02
-1.268359497619504263e-02
-1.172308751071905047e-02
-1.267723922794139133e-02
-9.704302190888509580e-03
-6.657871676109368246e-03
-5.704129369495250859e-03
3.976177372470181444e-03
6.804716759888006401e-03
8.524379272858657874e-03
2.045602224514816991e-02
2.376382509472220461e-02
3.773020893946534005e-02
4.443660106363004486e-02
5.589079714415647049e-02
6.587973491169943352e-02
7.557035534181870406e-02
9.355967480267556036e-02
9.353155186452224990e-02
1.096598952334548877e-01
1.112517805624546746e-01
1.135299288861733868e-01
1.217008974479385774e-01
1.178081546404714658e-01
1.211945807816075665e-01
1.213378070118986268e-01
1.153037140121232901e-01
1.160867890226872229e-01
1.100657468046745829e-01
1.054359820131206549e-01
1.032114982522620572e-01
9.539328913792058384e-02
9.116501480955668812e-02
8.586359099843236808e-02
7.553225302615095005e-02
6.959376763687778744e-02
5.911886118336159152e-02
4.712248923479134960e-02
3.832791767018722817e-02
3.004650715835192193e-02
1.890627415337179512e-02
1.289961368236773598e-02
4.428336924129487942e-03
-1.485747440341153233e-03
-2.858461145897404476e-03
-5.857488105265722458e-03
-6.474666546026402493e-03
-5.259424407046096005e-03
-5.250379225168150948e-03
7.787188115866847593e-04
3.327100600605710935e-03
2.530949587124194534e-03
8.398751267403539722e-03
7.706610723198530598e-03
1.246481760280008198e-02
1.538507342105290519e-02
1.321006597995447000e-02
1.540095600364570390e-02
1.755915481427746186e-02
1.341047828650212756e-02
1.892031229445145096e-02
1.753068731232088756e-02
1.399120762920209350e-02
1.659097011503250438e-02
1.088574241552600977e-02
9.876542403988860033e-03
7.665747548595227071e-03
2.446808119794126844e-03
2.101256323908284439e-03
-2.915309259861915015e-03
-4.990495843350683733e-03
-3.652759055904228076e-03
-7.189108983482738434e-03
-4.807817610018880715e-03
-3.291547721656000718e-03
-3.000648194234718878e-03
-2.059568619745327876e-03
-2.343773408652406569e-03
-4.953428591803875174e-03
-9.602418523534253861e-03
-1.562687393919198406e-02
-1.988516493842014399e-02
-2.222966393699471813e-02
-2.575713056628321090e-02
-2.820057921312785904e-02
-2.936163875044916355e-02
-3.184506764732172174e-02
-3.145622540433266889e-02
-3.088669087378025785e-02
-3.111046195841256010e-02
-2.333207969884253455e-02
-2.106709982024354208e-02
-2.037834906333815463e-02
-1.456437163919508532e-02
-1.480217542530975344e-02
-1.243556011470992213e-02
-1.063909519107241602e-02
-1.089299886776590696e-02
-9.773910413211052417e-03
-4.984531989290589930e-03
-2.998510339585950309e-03
-1.381541582659438674e-04
5.380565931290296096e-03
7.222101652175442858e-03
9.335226322051809120e-03
1.107223738037568621e-02
1.470388196327718222e-02
1.345112677796659988e-02
1.498493834967304546e-02
1.385532933446101574e-02
8.606682240851483770e-03
1.206847283104584348e-02
1.078936115148955779e-02
7.903527930043049987e-03
5.294902978409793057e-03
2.206709198409649228e-03
1.227473348439267215e-03
-4.372741919545249274e-03
-6.840568965629565019e-03
-1.136457317756793886e-02
-2.125242611753430308e-02
-2.411693227873325934e-02
-2.718879079795502932e-02
-2.832422036914515606e-02
-2.496688500677814518e-02
-1.829535599745084687e-02
-1.058532863088595261e-02
-1.153195726482371310e-03
1.505093074223630596e-02
2.698937358537871825e-02
4.135417567710508030e-02
5.255842711908702281e-02
6.386535299865325754e-02
7.008059553443622691e-02
7.425553100687501407e-02
7.751541169628452244e-02
7.656219056784777099e-02
7.469288893487043002e-02
6.907775708317670516e-02
6.540122605734946526e-02
5.756138999008258289e-02
5.235796829557901738e-02
4.836030010235425891e-02
4.291651526809741463e-02
3.996774441928978294e-02
3.692183505388247494e-02
3.448010054634655791e-02
3.389088784529963733e-02
3.110978359546339583e-02
3.166856624733933173e-02
3.230745486408997252e-02
3.295270332413690467e-02
3.692975381039458049e-02
3.789010578862461037e-02
4.132024515694063954e-02
4.527393814098518848e-02
4.664792462419620200e-02
5.260601290318772660e-02
5.427529452444108254e-02
5.703970143369271190e-02
6.085190053919328768e-02
6.136484939294715307e-02
6.461726820581434327e-02
6.619230996798788902e-02
6.670403916375487741e-02
6.982772971749554025e-02
6.939913205263523177e-02
7.102584939387314444e-02
7.331001201736722650e-02
6.647338407790980008e-02
6.789913114830116447e-02
6.258985462051677717e-02
5.232334102218420130e-02
4.931294048520092066e-02
3.987919047909369019e-02
3.385572942471598568e-02
3.133686967477538471e-02
2.405627327037373683e-02
1.990277822654056353e-02
1.697419820589247952e-02
5.254010608729181575e-03
2.695005791523963443e-03
-1.628604757170066739e-03
-4.955938117442330176e-03
-6.237491442557375684e-03
-5.298282104715041838e-03
-3.665369622032259821e-03
-2.607584988319918556e-03
-4.459380736743433308e-05
-1.142992148293433532e-03
7.447598817477695280e-04
1.242611108825171550e-03
-3.823329765285747410e-03
4.652317489817707876e-04
-2.465491202866726232e-03
-7.185853484016810865e-04
7.131017552228363643e-03
8.735980070211634210e-03
1.396227511557874418e-02
1.774896698697749076e-02
1.842149037102165307e-02
1.938607053446694470e-02
1.640951886928318157e-02
5.905060056451152950e-03
7.830962082584554552e-04
-2.113580935768558794e-02
-3.842781800260060276e-02
-5.130917026180614737e-02
-7.353310403658440408e-02
-8.844577134886526248e-02
-9.759517683655344333e-02
-1.100710287587210595e-01
-1.117127716657615732e-01
-1.194876478613785403e-01
-1.239085515198434795e-01
-1.242757008955591852e-01
-1.312857721038217795e-01
-1.294310346399499545e-01
-1.325835688825154346e-01
-1.313176922390595358e-01
-1.210007275390588555e-01
-1.143933582792838743e-01
-1.036565083453161451e-01
-9.766233315986204422e-02
-9.776668814945747854e-02
-9.197828662740084593e-02
-9.079388912711489068e-02
-9.121718682198867723e-02
-8.788757845698141891e-02
-8.232246455499218907e-02
-7.821202406330220180e-02
-7.161825151847708848e-02
-6.173633737960363549e-02
-5.290505942716641763e-02
-4.442097963567934876e-02
-3.469028892917600665e-02
-2.147215555063726466e-02
-1.274989734319171078e-02
-2.578513693264270802e-03
5.836836266179395126e-03
1.299878605520852527e-02
2.060252398948116126e-02
2.532006168331944751e-02
3.051779845238640487e-02
3.730646359404798940e-02
3.846781582876364347e-02
4.163432466264704868e-02
4.244902314118743913e-02
3.843280862317869501e-02
3.785016335587428060e-02
3.547389131027774145e-02
3.190010280865814701e-02
3.145092175990692879e-02
2.654051258472247404e-02
2.466240122499574819e-02
2.208176784287421701e-02
1.577526115343693552e-02
1.580920359225532895e-02
9.063474322187282245e-03
6.248820489676302527e-03
6.614420458958324665e-03
9.195654996889297556e-05
2.065323737216473996e-04
-3.349962758174608330e-03
-1.285503409315339948e-02
-1.079003559455977285e-02
-1.397763552000398472e-02
-1.620228437771429816e-02
-1.405406842115037441e-02
-1.646705837041852194e-02
-1.528723626280882771e-02
-1.394258019115963455e-02
-1.449955777046627037e-02
-1.149759381269625444e-02
-1.172451360414493785e-02
-1.160623195253087520e-02
-1.014677657759107884e-02
-1.099369537793409152e-02
-9.332149895211229451e-03
-8.455172232983825323e-03
-1.017937723732531378e-02
-2.968364683636902108e-03
-1.693044366605107051e-03
1.632586225262043066e-03
1.623337208849921429e-02
1.936689395225806021e-02
3.029355682927202184e-02
4.126180854469101850e-02
4.374719297866085099e-02
5.800263065100065563e-02
5.942524451404317815e-02
5.942453044606138546e-02
6.238317592163861863e-02
6.149438174489107317e-02
5.799905226350221543e-02
5.533252004126621576e-02
5.388674935141917616e-02
3.956940170240946797e-02
3.796356034679313624e-02
3.171125207085712105e-02
2.511157406768236428e-02
2.316782875013365453e-02
1.751605102412487000e-02
1.249036837586340633e-02
1.089833955083382468e-02
2.907891567577564063e-03
2.249976522533715401e-03
1.205427702357759860e-03
-1.276148768991276425e-03
-1.308831410975721220e-03
-2.371801242496190867e-03
-3.204143810728201161e-03
-3.375967546126253278e-03
-4.233811891561605444e-03
-4.823775082719659879e-03
-4.964060146128193053e-03
-6.597498775043430727e-03
-6.448501468919382203e-03
-6.874438546649384689e-03
-7.267184664075830233e-03
-6.681155504330381530e-03
-6.806456113915848767e-03
-6.744312250877309081e-03
-6.600377052421528210e-03
-6.651189742916394261e-03
-6.584070625192137670e-03
-6.563920186590859081e-03
-6.566118469672524958e-03
-6.538632054686244199e-03
-6.537571744176579568e-03
-6.530263650872372184e-03
-6.521925752291202888e-03
-6.519896979813623317e-03
-6.513176846183694156e-03
-6.510447783444249514e-03
-6.503395792216276443e-03
-6.497452796621725965e-03
-6.493856247318367282e-03
-6.473542396030681871e-03
-6.473518336345756088e-03
-6.451400100024411860e-03
-6.407371516279391013e-03
-6.431404063713771178e-03
-6.316871893210185447e-03
-6.287310089359217022e-03
-6.319120811876699668e-03
-5.916720245026102151e-03
-6.169782631355986112e-03
-5.809640295991748069e-03
-4.864864317840051147e-03
-5.097274870694007941e-03
