-1.038066748409581953e-03
-1.009405803197051515e-03
1.789761355292222031e-03
1.662277385034674265e-03
5.416765231678438404e-04
9.312932616813478443e-04
6.652128132683140073e-04
5.100646865840450031e-04
5.870812839931296165e-04
4.806519449085939317e-04
4.836681274049101130e-04
4.883942871836861876e-04
5.107968836809277961e-04
5.041131147024813892e-04
5.792150568682707295e-04
7.013431617512833711e-04
6.149031013756554604e-04
1.079360013534507627e-03
1.111869168123484457e-03
1.092677421852320451e-03
3.006819338850540493e-03
2.974536354132753350e-03
4.061213452214314755e-03
4.313099042222586464e-03
4.627583700318035551e-03
5.668736175812516195e-03
4.717753108272851499e-03
6.935753649293151593e-03
7.207389252425800558e-03
5.351997764277242019e-03
1.613065902088919173e-02
1.808173194957360744e-02
1.841973472381162880e-02
2.659638586599620894e-02
2.567367389813820372e-02
3.050954659896849830e-02
3.006029422914561697e-02
2.353013826055794927e-02
2.314316344963259983e-02
2.112097436688113727e-02
1.393063288973586666e-02
1.433424072912167606e-02
1.396916868640047694e-02
1.137049599298186817e-02
1.326393516762282634e-02
1.102632758428247553e-02
1.084566039437292843e-02
1.550710960238379892e-02
1.549775576800265994e-02
1.884432983367328659e-02
2.010095441336757008e-02
1.998157342648353846e-02
2.122978357501614788e-02
1.705390971864258545e-02
1.633576642939265841e-02
1.679216422703589534e-02
1.486013736558616100e-02
1.203686600282699408e-02
9.343107663649595149e-03
6.004435826575230811e-03
8.191216645547389277e-03
7.703480698224116942e-03
4.462358728621312193e-03
5.552403279550870326e-03
9.822760225130731590e-03
1.259134131869298415e-02
1.637933622200517594e-02
3.976711503383839781e-03
6.146316720441999219e-03
-1.754612518814973850e-03
5.033581846349735600e-03
1.441693380471169468e-02
1.778685809242988233e-02
3.078942929791344749e-02
3.489754963122396192e-02
4.317815305175652651e-02
5.269485731381618604e-02
4.391818128783400721e-02
5.202275066562940531e-02
4.723638172882875519e-02
3.603094231610396575e-02
3.468551668199406496e-02
1.759466042669689811e-02
6.011500403038974941e-03
-4.663395401311276611e-03
-1.288174749225799894e-02
-1.824640943337696442e-02
-2.296164222049841899e-02
-1.098054951767376240e-02
-1.547257125505813354e-02
-1.130854765356224291e-02
-5.235728926397689720e-03
-4.698387347668782701e-03
-3.942701380198993660e-03
-2.698171967311027361e-03
-1.586175458040600889e-03
1.215548363715393630e-03
4.674572564516757660e-04
9.444039284982309879e-03
9.961253937365688316e-03
9.406047624297008899e-03
1.135929094553595094e-02
3.790045620383423585e-03
4.331908606605796609e-03
-7.041776468114775700e-03
-7.359363607557536241e-03
-1.297708015508363712e-02
-2.799257442509530541e-02
-2.870939942076003101e-02
-3.787687779501811708e-02
-4.005231724520259828e-02
-3.694792941968148836e-02
-3.610572252825684780e-02
-3.126513141769729498e-02
-3.241002560274129640e-02
-3.052140315939892018e-02
-2.655805653169977451e-02
-1.886064001024629830e-02
-1.168220229897070500e-02
-1.344789025664783373e-02
-7.851737004773543666e-03
-9.463557951140519689e-03
-1.748816985950329278e-02
-1.980667281966882673e-02
-2.896945764094844070e-02
-3.728409058706609602e-02
-4.045870485333212530e-02
-4.459159884785312417e-02
-4.383851672788684900e-02
-2.055719130380513626e-02
7.258108027531325404e-03
2.963235177911006588e-02
2.356022823008478012e-02
2.706678587718557016e-02
2.287882402973704515e-02
2.153690815627326213e-02
2.123421778126587806e-02
1.941463614516602057e-02
1.875709103657907315e-02
1.716590882319930442e-02
1.721881139135637145e-02
1.399536963812887148e-02
1.362993432452322580e-02
1.528137816593839321e-02
1.756789454276128787e-02
2.036810547923091630e-02
2.340423737200589271e-02
2.645002156969504178e-02
2.231223437509963561e-02
1.990844458897514727e-02
1.212937551047689987e-02
-1.154865035288083798e-02
-1.376121371776655757e-02
-2.735590356173287288e-02
-3.599050607001676172e-02
-3.303604080122257702e-02
-4.286944446805079911e-02
-4.021165807945950577e-02
-3.961244030610967110e-02
-4.612947331481039720e-02
-3.925224753660259969e-02
-4.146626837214261591e-02
-2.925622180690264432e-02
-3.141442906144193553e-02
-2.822167107539003475e-02
-2.284138230475134604e-02
-2.343430260583006727e-02
-1.985599043805342731e-02
-2.101151363398032559e-02
-2.091520076609768020e-02
-2.344574534683768405e-02
-3.417057167141996504e-02
-3.852455955272475474e-02
-3.863703917084577305e-02
-4.385700453842884122e-02
-4.438821910625374845e-02
-4.363902264528486674e-02
-4.375375983917786926e-02
-3.636171344370683900e-02
-3.530000948840995162e-02
-3.363609853906195102e-02
-3.253897066479688460e-02
-3.451002602764648153e-02
-3.307469240313327258e-02
-3.439723500667675460e-02
-3.468834094742654500e-02
-3.256565714572802472e-02
-3.253903679958701500e-02
-3.224729249677303622e-02
-3.219424417892368523e-02
-3.353584137660343967e-02
-3.283920318149482348e-02
-2.984290391677738713e-02
-3.021569661820639949e-02
-2.719036784800508977e-02
-2.994477816689176605e-02
-3.129519368049749756e-02
-3.350817623793003047e-02
-4.050722998879709852e-02
-4.151649651698007676e-02
-3.195265942848875967e-02
-3.942196703209432940e-02
-3.635542367551480858e-02
-3.584600156928523240e-02
-3.590511332227370317e-02
-2.947529990332310723e-02
-2.888075743454358857e-02
-2.294243908002390267e-02
-1.858653813354214576e-02
-1.258708721282937766e-02
-5.092106779003841358e-03
-6.218761845855316078e-03
-8.264785446882323000e-03
-2.113306042721589326e-02
-2.524836298414970259e-02
-1.679631948605788197e-02
-1.887334724050358098e-02
-1.463737835619178390e-02
-1.614762870752865093e-02
-1.309713655690056267e-02
-1.087918707054809711e-02
-2.644814204335289853e-02
-2.511897003164558634e-02
-3.312470882735098904e-02
-3.733592787828254184e-02
-3.671180519234227418e-02
-4.564009786081676956e-02
-4.182199122909943667e-02
-3.770665638550833171e-02
-3.817626418298532276e-02
-2.143627267909870016e-02
-1.708037900587462340e-02
-1.074250681501504219e-02
2.385875925374618053e-03
1.137197919864412887e-03
1.244536926585440226e-02
1.807303452367443539e-02
2.582945569767875274e-02
3.123487967224986353e-02
3.363659330805674613e-02
3.724200704846172133e-02
3.994032419221152375e-02
4.208359289253215535e-02
5.196613113350236762e-02
4.501654439732624691e-02
5.000136236925027677e-02
5.120889143615960787e-02
4.375111461273614027e-02
5.032643372471012205e-02
4.153540165832753789e-02
3.441463427104561601e-02
3.186475658683015494e-02
6.196360680402781575e-03
5.884649432710035381e-04
-6.728386330367155770e-03
-1.887474804625531924e-02
-5.221700768832476108e-03
-1.164637129019957702e-02
-1.033849663171504743e-02
-3.987209575095235561e-03
-2.697449369525932190e-03
-9.760066203958088016e-04
4.817186907741877536e-03
7.988991994022131074e-03
9.291827514064604152e-03
2.963348241520766604e-02
3.160252669384543828e-02
3.620810585843026175e-02
4.380067372122135178e-02
4.502126924945227399e-02
4.739645541681919427e-02
5.532432787761855375e-02
5.257880312180474025e-02
5.559021522363604556e-02
5.230024475323275662e-02
2.597166335239414064e-02
2.666102085319832157e-02
2.059705894943937576e-02
1.467187560924309089e-02
1.145097468700847880e-02
1.027414570017038536e-02
9.688489808639526649e-03
6.603810829074789612e-03
6.226518413677687054e-03
-1.252420557651577008e-03
-6.072218311052415482e-03
-1.024356350984485971e-02
-1.817150479838886695e-02
-1.344646334551440232e-02
-6.067738601927059015e-03
-5.484487470794587906e-03
-7.875150552701071574e-03
-1.558721882258605473e-02
-2.922630338237541120e-02
-3.416641549642977088e-02
-4.200471075889217198e-02
-3.771759499164373253e-02
-4.338198629418345970e-02
-4.110650790872366622e-02
-2.200313820049333569e-02
-1.949524205335118401e-02
-1.082342004907673426e-02
-1.257927136668876393e-02
-3.077902880614798511e-03
2.761169781202303317e-03
1.395838767231681078e-02
3.771924686689129974e-02
4.462720376178844206e-02
5.789706294155734512e-02
6.512853217521473448e-02
6.437780308212652514e-02
6.792185658781579871e-02
6.730159286274774166e-02
6.791590346024581337e-02
6.976653491331159807e-02
6.853115734423029237e-02
7.200199637022877686e-02
7.131706549719457611e-02
7.307854269605985886e-02
7.718318071577787154e-02
7.431905399063522266e-02
8.149210314664090404e-02
7.937101319647921205e-02
7.392166904582936349e-02
7.187185847727985133e-02
6.091681691987235053e-02
5.697894188384578645e-02
5.110408261635018823e-02
4.291824974004988108e-02
4.014557441166571178e-02
3.247346485784081277e-02
2.707572355712891191e-02
1.849304396399181760e-02
8.701265814182386135e-03
1.182825230326870836e-03
-6.079024483658242942e-04
-8.265023875647849183e-03
-1.876729356881341737e-02
-2.265046915262664343e-02
-3.318053130151995406e-02
-3.592559803797223950e-02
-9.863184090761199438e-03
-3.468604012488215997e-04
7.858404518893295776e-03
1.530870082628208069e-02
1.527684071000150710e-02
1.711582042981777893e-02
1.929203625460746210e-02
1.612732528012841490e-02
1.833499925379999257e-02
1.489610522599266532e-02
9.923299361183744380e-03
9.855637442889008878e-03
4.327533589801751436e-03
8.566217086250962204e-03
5.123567029022684308e-03
6.993332055332554184e-03
2.528631721506905544e-02
2.115752566244521321e-02
2.985804776729067064e-02
3.262001212949035972e-02
1.217273576182504279e-02
1.286938936474016880e-02
2.099657272623219398e-02
1.893515416771798798e-02
2.566579568297538277e-02
3.740753518760312618e-02
3.841105038225937213e-02
5.083003907551568445e-02
5.300873587323835096e-02
5.343131155788236053e-02
5.620166087851451164e-02
5.236978110886730819e-02
5.269639384561555784e-02
5.156329676114836807e-02
4.804542656187969080e-02
4.858581970683344131e-02
4.604954959469580861e-02
4.568475370029918131e-02
4.704258007340762077e-02
4.559336064705390296e-02
4.699615634285708027e-02
4.679154853479945003e-02
4.663267625187410281e-02
4.756341113937436610e-02
4.677547674826190716e-02
4.757606826141806688e-02
4.727006638150539619e-02
4.711827555838908610e-02
4.778883074721369806e-02
4.663719568362389295e-02
4.762538802562493734e-02
4.690117616702439013e-02
4.618600670261300417e-02
4.743578208973426441e-02
4.462938647195848624e-02
4.547349639181384046e-02
4.381115966422588492e-02
3.858961666834730131e-02
3.729718515226064512e-02
2.538484349722183384e-02
2.262362946998786734e-02
1.673710708879679737e-02
8.939451613115547216e-03
9.563749873142790570e-03
3.488527283900453874e-03
1.030721528344682308e-02
7.024005888172514533e-03
5.672909182286019029e-03
6.209583637613584617e-03
-1.049530291477696053e-03
-1.878512530381001421e-03
-6.457680185995171018e-03
-6.612526897839211479e-03
-2.737122273125064918e-03
-4.084895367063368261e-03
-2.629894148793992560e-03
-1.958199031495155319e-03
-2.183759117362288251e-03
-9.255343731387464558e-04
-9.331441396052620385e-04
-1.498378462953852471e-04
1.983604080755017613e-03
1.343687656574832790e-03
6.221021923062674229e-03
9.276210795234803366e-03
9.675007800910156996e-03
2.992180677440969133e-02
3.111767542131660749e-02
3.588781012692417866e-02
4.221497387804839380e-02
4.283245634871285512e-02
4.608252842389402859e-02
4.912783217440816474e-02
4.990981105058873990e-02
5.290083388159413924e-02
5.726800031320892354e-02
5.607491565457722177e-02
6.261444998647995586e-02
4.953069154173100203e-02
3.856374648816868200e-02
4.284430513922122402e-02
3.392135083149367542e-02
3.245547655592176395e-02
3.091617638313449989e-02
2.686931359116057072e-02
2.508426475287651655e-02
2.247707701788741533e-02
1.948283572518616155e-02
1.481160468423386306e-02
1.296010002294905282e-02
5.443288226493371053e-03
-1.767425554101340317e-03
-3.663149527262775634e-03
-2.562370054597503874e-02
-2.663085742148853588e-02
-2.833433655564659287e-02
-3.267273862373355764e-02
-3.232810003481700889e-02
-3.040509868890606954e-02
-2.905432832832111414e-02
-2.865203125320250552e-02
-1.356390009502969791e-02
-1.323982512802375500e-02
-1.019091300102741016e-02
-6.349567498329483119e-03
-6.250188523980325546e-03
-4.403746375835800031e-03
-3.522635212943276816e-03
-2.969521102841149798e-03
-2.216080460689086751e-03
-1.520862282360769310e-03
-6.780030727188845639e-04
-2.663036888531846325e-04
1.827197346690891296e-03
2.038946361545263593e-03
1.788233442257320576e-03
1.886174567935441308e-03
1.686517329176239009e-03
1.782511045847799810e-03
1.759216353730725345e-03
1.731964759602027228e-03
1.758058601117509995e-03
1.740860271124139956e-03
1.742361347957561415e-03
1.745315966939436393e-03
1.740280867726379330e-03
1.742109618806878934e-03
1.741313611738717817e-03
1.739930750717421813e-03
1.740253640115515480e-03
1.738947010734244675e-03
1.737198417053871383e-03
1.737255672930342358e-03
1.732718997213817010e-03
1.729901920798451427e-03
1.729187755494690764e-03
1.711498315757216480e-03
1.714866165390999727e-03
1.697408823626121808e-03
1.648691144982198428e-03
1.688676463167848541e-03
1.558176153613710603e-03
1.511243932610228415e-03
1.600987109997880275e-03
9.599272724006832408e-04
8.971105023312560267e-04
