-1.012911733965080920e-02
-7.257185262758651841e-03
4.437088961786855856e-02
4.639448220337647616e-02
4.297653609570801364e-02
5.092962623697615959e-02
4.428112508089446925e-02
4.583477878288950286e-02
4.620959636289899419e-02
4.454328250006200918e-02
4.542141847324374787e-02
4.496636628398450325e-02
4.477710416649362951e-02
4.496725848115637469e-02
4.475347215646672400e-02
4.478690486957889738e-02
4.478931525532234281e-02
4.473719142992350906e-02
4.476148444510529012e-02
4.475577862863831108e-02
4.475139415937235549e-02
4.477380368567848712e-02
4.479325429978674861e-02
4.479683048095029624e-02
4.487698949672965648e-02
4.490583792471054131e-02
4.495019195592069028e-02
4.521363059765266812e-02
4.514036342169117783e-02
4.553436951219295287e-02
4.607675465519508323e-02
4.567183274709696317e-02
4.772651718470688476e-02
4.768674474810185443e-02
4.785741541350928968e-02
5.540497644556107576e-02
5.440388170936293760e-02
5.912267669300169670e-02
5.701622547834132165e-02
5.747809646412287837e-02
5.957172441013323938e-02
4.384044109954693402e-02
4.443632347282627792e-02
3.621371743945048932e-02
3.540225388182124261e-02
3.423585301654153562e-02
3.595292823649216124e-02
4.804963267495596796e-02
5.072476561562172526e-02
5.939253470669721841e-02
1.049785790126684937e-01
1.053879158324696752e-01
9.025467973429472657e-02
9.895665087374154456e-02
1.228817781617819183e-01
1.574628525704044324e-01
1.696361850149176731e-01
1.586957640386228996e-01
1.855590926711926658e-01
1.633486620389882904e-01
1.963735036843243797e-01
2.290875448347124976e-01
2.966729433260241744e-01
2.867817994300822515e-01
2.914741388201086414e-01
2.829019447103104934e-01
2.670832519223011459e-01
2.669469108658937273e-01
2.444721860284966297e-01
2.346642802797601901e-01
2.225500803062835653e-01
1.904265500527043964e-01
1.798165582335699841e-01
1.575767108859647825e-01
1.364277039243522172e-01
1.271254531248953157e-01
1.038482544868199325e-01
9.202601831989094816e-02
7.872355516818589638e-02
5.760840625839212109e-02
5.086886529142007479e-02
3.105991217919414418e-02
2.140276017761049213e-02
1.615330322629305107e-02
2.489173148972065319e-02
3.961785458087878353e-02
2.730010309730028853e-02
1.988469021732009248e-02
1.381244060846184042e-02
2.998161556084983151e-02
4.939958541501705824e-02
4.938980934022175334e-02
1.001937840044190564e-01
1.050819306415147897e-01
8.304411700869430979e-02
9.850973419771369421e-02
1.262968081817238686e-01
1.518657498068954337e-01
2.072842244790950306e-01
1.804532072046443336e-01
2.177978421790873476e-01
2.748694587211676366e-01
2.681574007093870948e-01
2.866262892579332644e-01
2.593673414754679718e-01
2.031665995146485770e-01
1.585047671623086851e-01
1.158374343678112706e-01
6.612887117258012259e-02
2.778854768324775029e-02
-9.020430051119571538e-03
-2.485988418732818644e-02
-4.438424755875302469e-02
-4.746197190223506307e-02
-4.223003941417190210e-02
-3.584237290683743582e-02
3.493497595381384740e-03
1.632737883582688690e-02
4.503645177512534403e-02
9.222018088508089628e-02
1.076237232331499760e-01
1.592217833554767925e-01
1.847318525044421567e-01
2.048743979181588681e-01
2.168734818222536331e-01
1.894321749127012566e-01
1.682739351334667233e-01
1.410663459126711428e-01
1.530503649517450382e-01
1.267495131306957401e-01
1.234148366935855223e-01
1.285279405001677477e-01
1.035906548090398394e-01
1.025111244329054982e-01
8.665878997036541298e-02
4.924859669982459970e-02
4.266120334352458549e-02
2.822226975662872270e-02
3.331569577205499913e-03
7.573747534076285398e-03
8.563917716595859791e-03
7.341924462408748117e-03
1.070248716627972448e-02
2.214677078888786527e-03
2.446437414659630941e-03
-1.416978262659571121e-03
1.609380131081255758e-02
5.307077321938235420e-02
5.566933485097452089e-02
7.767987838400469691e-02
7.245199891806716752e-02
8.506952756003899330e-02
1.314020643431897117e-01
4.763122440795148488e-02
1.479570509526168809e-01
1.703021309097407787e-01
1.665226023758056562e-01
2.893637344757031271e-01
3.372913608935043106e-01
4.621656612450735779e-01
4.628125609502445337e-01
4.800639640004118469e-01
4.909407792577182850e-01
4.851271114698742504e-01
5.067514973091191699e-01
5.190998477325300398e-01
5.485520064758118153e-01
5.741036875408366269e-01
5.986328125602381478e-01
6.364561864190060314e-01
6.487993331494390503e-01
6.554553555398197062e-01
6.593157056803311544e-01
6.431404814506841428e-01
6.303000503101163776e-01
6.088621769019321173e-01
5.901259951688150318e-01
5.639546514763937868e-01
5.377316201510334848e-01
5.210349590609600900e-01
4.863877639399933339e-01
4.589073290687239459e-01
4.219309566017704349e-01
3.891937384243012166e-01
3.665739540095015458e-01
3.220884308642315008e-01
3.092670154378013292e-01
2.697363135961167724e-01
2.470292467948076165e-01
2.576984881827201757e-01
2.356372379526774641e-01
2.383188653606299612e-01
2.427952323151442160e-01
2.228044818988379472e-01
2.407721571708049124e-01
2.379011473515275921e-01
2.449641263115752698e-01
2.843824080720076530e-01
2.897021861190287595e-01
3.202959886607426587e-01
3.512875891984793553e-01
3.595603726655725030e-01
3.915254981432546577e-01
3.978838359285555293e-01
4.144582423600082222e-01
4.349152060950728926e-01
4.387814991291464906e-01
4.623713663973646470e-01
4.723306480560541254e-01
4.851380117498647615e-01
5.091126009816929754e-01
5.155385372628766838e-01
5.411252298829412055e-01
5.582559623358378520e-01
5.506726885472549293e-01
5.719156437697834328e-01
5.617172790964262141e-01
5.534918500649655959e-01
5.535924994194733051e-01
5.005340179613554374e-01
4.865534007418410023e-01
4.400454263774997155e-01
3.761624235263574811e-01
3.039741727851074105e-01
2.599149151395881430e-01
1.070083225084370732e-01
5.578523835928959201e-02
5.827556367939432103e-02
9.161693528265754324e-03
1.986542675655850534e-02
1.871716571125751211e-02
-3.401275270170284193e-02
-2.950187463421127809e-02
2.659400811049726296e-02
-1.165466646676312310e-03
5.253111956543161931e-02
3.859608423592473386e-02
-4.101524206749749407e-02
4.126135626333015533e-02
1.411967721222033394e-02
1.008107580104417311e-01
1.770966419044275597e-01
2.066125087669099802e-01
3.837560007963532471e-01
4.049974773744564049e-01
3.966587193594937610e-01
4.523917674269460898e-01
3.765861898773671390e-01
3.700261806184003688e-01
3.829261073611268662e-01
2.701350746714497042e-01
2.837626570851684016e-01
1.536572643886472966e-01
1.107236601471230097e-02
-1.588756783852005305e-01
-2.207874287517669065e-01
-2.626316445404764943e-01
-2.728557405070747288e-01
-2.913572837892671741e-01
-2.944723617854586584e-01
-2.995547002175228402e-01
-3.059592078490780964e-01
-2.917130647493162976e-01
-2.935690403945569460e-01
-2.675787844578937924e-01
-2.395324772688272041e-01
-2.071323912194130423e-01
-1.759637060308627265e-01
-1.554796609612665026e-01
-1.523668186663689750e-01
-1.402126323687428455e-01
-1.454568592540384508e-01
-1.468735025388583637e-01
-1.476669477128610408e-01
-1.256287837140939445e-01
-1.105397056933217909e-01
-9.526189906195324519e-02
-5.994178399899083298e-02
-4.314925422051495152e-02
-2.816894433342508053e-02
1.245294066664047981e-02
5.002556194869375861e-02
1.348452849900944883e-01
2.064911514634104328e-01
2.939286888808156362e-01
4.148592050065577630e-01
4.810648460620605138e-01
5.208959144243967554e-01
5.666253894761406062e-01
5.572591154095843935e-01
5.497124147391748705e-01
5.583031224217854804e-01
5.368754139163689487e-01
5.265430657115145463e-01
5.137275798858161879e-01
5.066893307406964420e-01
4.994104849529821255e-01
4.930166046070432184e-01
4.871737679656006348e-01
4.811909910427045745e-01
4.773815048203428058e-01
4.699504397140834011e-01
4.691997038836398515e-01
4.656923387649400392e-01
4.658509362173161028e-01
4.558178095708791400e-01
4.495449146386679140e-01
4.420121388249579342e-01
4.250044068762811045e-01
3.743057529355133251e-01
3.327105720668318001e-01
3.143806243522014876e-01
2.664769496912685609e-01
2.505042287312965743e-01
2.569107258926890403e-01
2.176665089532305308e-01
1.971712320925415041e-01
1.865304555911815598e-01
1.038576006730032308e-01
1.026055147964105019e-01
8.947990482033989224e-02
6.587249842611821171e-02
7.087064790818525806e-02
4.949959210036788265e-02
3.794068177284004584e-02
2.615517509131918411e-02
-3.345823752377730803e-02
-7.044344161756803391e-02
-8.866028853233505480e-02
-1.101648964889189869e-01
-1.118684139831727514e-01
-6.870914293812918627e-02
-6.763798523716264832e-02
-5.040659419347407605e-02
2.053843419781281598e-02
2.932787438490385562e-02
4.998006412249809960e-02
8.122395031289060541e-02
8.587846288008903206e-02
1.117496186244304884e-01
1.387705185924120732e-01
1.438701247718533194e-01
1.981006733937842601e-01
2.022654782308296040e-01
2.083730820705197440e-01
2.262369856080039265e-01
2.281441133774101682e-01
2.305194123572932574e-01
2.422607160595148246e-01
2.422077311029544877e-01
2.299037130102302151e-01
2.274052308729937744e-01
2.145803922350003334e-01
2.083071382974546193e-01
2.034309653984076594e-01
1.957194304650636540e-01
1.870319314244785203e-01
1.837477758118306603e-01
1.683734056753483643e-01
1.554718151672222215e-01
1.508794851486128241e-01
1.045453881480865738e-01
1.011481554367413688e-01
8.397579964687847121e-02
7.184194310316677212e-02
6.424267209027878511e-02
5.928486227790422808e-02
5.745950913543464156e-02
5.480043403141009184e-02
5.352528474587672780e-02
5.264624801569611767e-02
5.175164984123141465e-02
5.135892437409353417e-02
5.097418887777595969e-02
5.069861049512776330e-02
5.054679317305504904e-02
5.040151223295134125e-02
5.030651156782794259e-02
5.023870791565247795e-02
5.018945662516836881e-02
5.011743861558412561e-02
5.010079647845257222e-02
5.005028796518817130e-02
4.992261145488742502e-02
5.000402989233512785e-02
4.972836379378997584e-02
4.960339234095684224e-02
4.980604449630614272e-02
4.864165018332845813e-02
4.928941475983689147e-02
4.864176022159553969e-02
4.567789750436573870e-02
4.971926608287586397e-02
4.214989346935917036e-02
4.029942997227704132e-02
4.536041431132855489e-02
