2.048864199853029505e-02
2.266128495658252875e-02
6.181118615960810858e-02
6.277320532871208392e-02
5.861241157454270129e-02
6.461986113542673993e-02
5.856466987337347052e-02
5.944857103520593405e-02
5.956164373071756030e-02
5.787907274050677064e-02
5.852299235780332454e-02
5.801361074477487390e-02
5.775750174767179529e-02
5.788429937993991303e-02
5.763955849546140847e-02
5.764244731913322622e-02
5.762348949040686091e-02
5.755442538996350527e-02
5.756700763691405265e-02
5.754938738217568045e-02
5.753588086149122316e-02
5.754957620104449861e-02
5.755480036668884219e-02
5.755066521880425334e-02
5.760684658901873978e-02
5.760920800593611474e-02
5.763646499617606361e-02
5.780714137968770427e-02
5.770682163128780517e-02
5.799023562408964216e-02
5.825646978803340759e-02
5.791029355957807989e-02
5.928443631049148954e-02
5.883566205503218405e-02
5.905044879056742246e-02
6.353838448440976561e-02
6.239039022248247385e-02
6.595770613051911424e-02
6.323554736404747578e-02
6.326459145544677254e-02
6.480276009712263030e-02
5.038144200885743412e-02
5.143919799693216777e-02
4.393686984256332806e-02
4.328888580738977226e-02
4.341564587353652360e-02
4.395265282665369866e-02
5.629475760727416928e-02
5.944335067994902660e-02
6.655424519682245910e-02
1.053857488450591212e-01
1.067635963627865670e-01
9.490328261426479728e-02
1.050777238583282952e-01
1.252334874287467648e-01
1.556982861683000319e-01
1.684139371559877918e-01
1.609714657669376325e-01
1.860421691834860947e-01
1.704307991775713127e-01
1.987526002037984241e-01
2.251898389279855250e-01
2.793609129533771718e-01
2.708418627142490376e-01
2.736264355929529657e-01
2.663539312871171516e-01
2.527337836166859697e-01
2.518145729626853901e-01
2.329310378026435424e-01
2.237332083018128970e-01
2.132950202376326654e-01
1.861986062498147965e-01
1.768873593366432073e-01
1.581226002294525146e-01
1.397094295157253752e-01
1.318043316337660364e-01
1.114363609877732780e-01
1.010004082333617603e-01
8.952487289777916191e-02
7.022637777866563846e-02
6.428163465990338610e-02
4.588505396820991705e-02
3.545349973803747778e-02
3.013599008346851474e-02
3.176757367510497920e-02
4.275586469055457639e-02
3.111547025362262561e-02
2.440415823862256833e-02
2.502245535925483669e-02
3.741722471970213709e-02
5.619033071595282147e-02
5.681694778293917836e-02
9.910357541345203580e-02
1.059762195558466708e-01
8.715553878556794865e-02
1.037274714774832907e-01
1.279113592781158382e-01
1.488327629091601156e-01
1.993996288702853115e-01
1.767929372292790235e-01
2.083105510815360939e-01
2.523357144800432716e-01
2.436080721150617745e-01
2.563353587946602952e-01
2.309779845920834351e-01
1.814951582820194809e-01
1.397978286446272533e-01
1.023377850797646399e-01
5.707338497110009401e-02
2.248178043862677708e-02
-8.605560796641865268e-03
-2.370646070551359758e-02
-4.141293782086800240e-02
-4.381186365720693421e-02
-4.108037188279853313e-02
-3.570975606411724845e-02
-1.208708296298265615e-03
8.745914318621022393e-03
3.445821620320976830e-02
7.365355875664564289e-02
8.633960659633135859e-02
1.306436604870707396e-01
1.506819040287781797e-01
1.679090913740154956e-01
1.789536173536057928e-01
1.565129429903987512e-01
1.407056857404691552e-01
1.176004143139294800e-01
1.264457642310516106e-01
1.054798534868018889e-01
1.003804486102813642e-01
1.043351422526961891e-01
8.210663266882232969e-02
7.876810353967551859e-02
6.496496885628841311e-02
2.978503635941248326e-02
2.321347202745895413e-02
7.105468631365662209e-03
-1.575133454047328643e-02
-1.284460969031729453e-02
-1.384741265584165867e-02
-1.331203002235922632e-02
-6.390575561277977122e-03
-1.342250325744531216e-02
-1.760070414931723826e-03
-2.304804530663601744e-03
1.638462821095028679e-02
5.428248885695952097e-02
5.637667440885553438e-02
8.075137879456117940e-02
7.960159691078173838e-02
9.159646964860980456e-02
1.386201987758211296e-01
7.211169783462774430e-02
1.635757160870555948e-01
1.884980477751655170e-01
1.951788337204866108e-01
3.007948582476979160e-01
3.417813046025322543e-01
4.468776875597456621e-01
4.512498200101416335e-01
4.671257593111148854e-01
4.793850703903549948e-01
4.761648462812191895e-01
4.953432009043442497e-01
5.065590154535701828e-01
5.304209949092900667e-01
5.518497342103252379e-01
5.713627378484337216e-01
6.011425020757495963e-01
6.107094572428736212e-01
6.151043217355163240e-01
6.168703524708663011e-01
6.029580256110937952e-01
5.906911932019264233e-01
5.720029291879779043e-01
5.556204680181056066e-01
5.315222357090374494e-01
5.095784861265876264e-01
4.940598934999762548e-01
4.646769554033042260e-01
4.428514574082708655e-01
4.115520352925214342e-01
3.855097078904104468e-01
3.665921864477424408e-01
3.309614570624537233e-01
3.206390513888391358e-01
2.882727890528583026e-01
2.702572151241883769e-01
2.785683522169475901e-01
2.613795568562436444e-01
2.636002565606315184e-01
2.676312062650709200e-01
2.524894807114953510e-01
2.672844272062435134e-01
2.661988744592723166e-01
2.727352289439371469e-01
3.051137704236875359e-01
3.107002957786287878e-01
3.358541603629256467e-01
3.613021055598797382e-01
3.691184045713559181e-01
3.943986224510076521e-01
4.004983739093855855e-01
4.146023838358979807e-01
4.313638696006452666e-01
4.360541416943830573e-01
4.559844649763600821e-01
4.650461640436164279e-01
4.775131243721135177e-01
4.978406958820026373e-01
5.051061372967458052e-01
5.284271447565704882e-01
5.438376248446007422e-01
5.421063708764893851e-01
5.618870290424599068e-01
5.569009550210952675e-01
5.554996942157809370e-01
5.584407949428651374e-01
5.203945622191291642e-01
5.102049715199498126e-01
4.770251526278308507e-01
4.255689187195870193e-01
3.385706799393144451e-01
2.959438144550918803e-01
1.406854336639603298e-01
7.773435290071772918e-02
6.925733574073025811e-02
1.192954536976999734e-02
1.531959482796096082e-02
1.219532222307014545e-02
-3.951293216142836434e-02
-3.342666297042836548e-02
1.103145476296850391e-02
-1.466263192673436695e-02
3.755504505436128154e-02
2.884671387007490401e-02
-2.678099506138973893e-02
4.937176391568391665e-02
2.963202683981394983e-02
1.053547687628527685e-01
1.710249029713143132e-01
1.934107675172192509e-01
3.390765013682363604e-01
3.543374964615519374e-01
3.483594989851960255e-01
3.945270839324747092e-01
3.274441624961296760e-01
3.210345097644214940e-01
3.257327703274686681e-01
2.235524677447334463e-01
2.288774780952548826e-01
1.052876379680973140e-01
-2.587460417596484930e-02
-1.863857969488262600e-01
-2.479526679667642675e-01
-2.833757340648088707e-01
-2.997135369686298456e-01
-3.173862163775845180e-01
-3.239421506521135696e-01
-3.336905432887276035e-01
-3.407297871173639026e-01
-3.373604621285650196e-01
-3.425814816740740953e-01
-3.280620769642457191e-01
-3.106806803306060294e-01
-2.859205658628697910e-01
-2.595622455213972279e-01
-2.397601195888444670e-01
-2.293511838886654053e-01
-2.085350272868798649e-01
-2.036780291401672771e-01
-1.871912357740612431e-01
-1.780175304246393031e-01
-1.484710344787164849e-01
-1.225131335808040262e-01
-1.013267203111063025e-01
-6.011059584913074072e-02
-3.695307126152793525e-02
-1.370386636321020875e-02
2.985813940459092902e-02
6.848967295642499620e-02
1.459327392884832153e-01
2.097280097300865953e-01
2.880904853028796175e-01
3.908664380350108103e-01
4.502759078840742890e-01
4.900190064061606399e-01
5.307423736623746446e-01
5.293994193092903533e-01
5.265211779567229300e-01
5.344934180632412435e-01
5.196026565104495676e-01
5.101530436508591171e-01
5.009078035763449011e-01
4.954648443206060571e-01
4.891360726134123538e-01
4.851370302766651599e-01
4.800084870204178733e-01
4.760970081012259603e-01
4.736287433015506365e-01
4.680755885339146216e-01
4.690868422970974616e-01
4.667072149552227711e-01
4.688603429587078764e-01
4.624765615746341263e-01
4.587308166874830007e-01
4.565108238048708467e-01
4.439255293941866687e-01
4.091344324148339928e-01
3.770600801498438237e-01
3.622986903445681306e-01
3.268008907501722682e-01
3.085254385030948843e-01
3.025259256089642967e-01
2.596325324883710928e-01
2.230430714963853311e-01
2.073848391594886043e-01
1.214651247241263776e-01
1.168141912430087498e-01
1.007752071698002766e-01
7.381486592561654903e-02
7.674894248498645433e-02
5.476326439131366797e-02
4.069765672120828626e-02
2.967852013309838638e-02
-2.077430256858021559e-02
-5.286996033290683461e-02
-6.688577499089753964e-02
-8.959505161731080858e-02
-9.112760123224880604e-02
-5.667016982428851185e-02
-5.695248289909857903e-02
-4.071832153582825159e-02
1.590942479028007589e-02
2.529694879083274617e-02
4.552372848840839648e-02
7.519500102226989169e-02
8.201655024018726647e-02
1.081107800804193275e-01
1.351113010340972420e-01
1.418909386581190812e-01
1.916784364273546037e-01
1.976544547426111742e-01
2.054400180790630359e-01
2.234022254109581107e-01
2.261709240990326109e-01
2.294239710019134182e-01
2.397348084613662722e-01
2.397761797440072506e-01
2.284590869018022496e-01
2.262901929171643178e-01
2.146969292797033246e-01
2.081455317153337592e-01
2.032271258258787072e-01
1.952659012913959824e-01
1.862374250029890654e-01
1.825500939517168963e-01
1.674925801604727482e-01
1.551381908029297596e-01
1.504565274662302832e-01
1.095222885791609646e-01
1.064581751605989529e-01
9.082986941924119095e-02
7.914350959087478043e-02
7.510589224657499008e-02
6.979252331207146109e-02
6.844781668787927598e-02
6.647186131929214148e-02
6.494114588575716773e-02
6.436460180170840151e-02
6.349205893803154532e-02
6.305459877997103557e-02
6.275091029798811337e-02
6.243265618840495440e-02
6.228306010538468829e-02
6.214003264046789182e-02
6.202508606697387100e-02
6.195585119178445566e-02
6.189612593469762808e-02
6.182058515630926149e-02
6.178989507492565342e-02
6.173900683785914917e-02
6.161494142445407551e-02
6.165393377780366280e-02
6.143717858693601569e-02
6.127383307388924866e-02
6.141012477742730652e-02
6.052103883566982423e-02
6.080522254378786101e-02
6.042496489404317744e-02
5.808334971347590275e-02
6.057080243812430764e-02
5.574859424314627943e-02
5.329235973566490148e-02
5.666574625522222824e-02
