3.731695173281190762e-03
4.133755869913131355e-03
9.579092884487296761e-03
9.187502699763917119e-03
1.205223542555941205e-02
1.338752882753007842e-02
1.392087058220060729e-02
1.505084201967544881e-02
1.538627560248628443e-02
1.577057088126494408e-02
1.612871588574052092e-02
1.626141922246132285e-02
1.644391804027640208e-02
1.655276858200494319e-02
1.661874859655015566e-02
1.668944447561543365e-02
1.672575342555305752e-02
1.675649435209670274e-02
1.678118642323749715e-02
1.679400327076032914e-02
1.680679361591773044e-02
1.681361449091521576e-02
1.681584874651207567e-02
1.682170801209772332e-02
1.681539238501269032e-02
1.681368166137324482e-02
1.681573768447478315e-02
1.678289421183522603e-02
1.679810975794619743e-02
1.676707315607467441e-02
1.669035546055321756e-02
1.678155534382682126e-02
1.655662122216544282e-02
1.654256588810583406e-02
1.671001995697977624e-02
1.576687595008849363e-02
1.604691402892203037e-02
1.524324442869576593e-02
1.528807904216098780e-02
1.561443815365380454e-02
1.494855262939665495e-02
1.636691984964810248e-02
1.652396034776797140e-02
1.508420663984824488e-02
1.546606994741582530e-02
1.499644215538348951e-02
8.349254822172526638e-03
4.435108311504043152e-03
-1.780056527053897834e-03
-1.155677723949359928e-02
-1.427449246007299333e-02
-1.394987073005805357e-02
-1.781977378757006528e-02
-1.849886390175256232e-02
-1.705865558319766620e-02
-1.876231790781383163e-02
-2.089560574045879263e-02
-2.018345762605645854e-02
-2.465808840031539703e-02
-2.603732745959329992e-02
-2.634675984164051507e-02
-3.765395553241666221e-02
-3.586164205381420916e-02
-3.900165761664440428e-02
-4.194769136330143283e-02
-3.456932986838649052e-02
-3.415391708219368827e-02
-3.291315685097446347e-02
-3.270671497504534092e-02
-4.167318816336963716e-02
-4.895613361762939791e-02
-5.834764463040391369e-02
-6.264044034246783743e-02
-7.186079242331468164e-02
-7.659798500607156724e-02
-8.022260994080268603e-02
-8.344422023044727188e-02
-8.293956242208765095e-02
-8.381824324333447818e-02
-8.476833964948134181e-02
-8.276170716250352832e-02
-7.876192448771164589e-02
-8.184681264657199529e-02
-6.522656006283310270e-02
-8.258117747885497517e-02
-8.578782094154534243e-02
-9.254182028055520093e-02
-9.402936630359726156e-02
-8.427721538788943145e-02
-7.992574655410814022e-02
-9.141098914758027938e-02
-8.938969994078570236e-02
-9.966053624926758669e-02
-1.227956656444878503e-01
-1.276389179440376442e-01
-1.316729072641637799e-01
-1.385857884289013742e-01
-1.304394766917974235e-01
-1.294625706110063834e-01
-1.205708297239906773e-01
-1.051796683692043932e-01
-1.004489368410008132e-01
-8.219581228364408743e-02
-7.673801589708086068e-02
-7.644518052482236758e-02
-7.106623045286815377e-02
-7.471683412238391830e-02
-6.187591557884376814e-02
-6.221279918338302323e-02
-6.200756369924780714e-02
-5.537188882121048955e-02
-6.548901231243425825e-02
-5.960071453972493050e-02
-6.636614359431765309e-02
-7.992024252360725722e-02
-8.515954144451971797e-02
-9.375379365220691541e-02
-9.272082979257828539e-02
-8.668647948274707526e-02
-8.116414625854198595e-02
-7.129491280912629569e-02
-5.266372240751101413e-02
-2.891955689719209743e-02
-5.465394346776428908e-03
2.974362561159686353e-03
3.580738300886004023e-03
4.508348487609191327e-04
-2.557998028689210859e-03
-7.368679929076197427e-03
-1.871457356573146338e-02
-2.455639326560434335e-02
-3.303756685097781337e-02
-3.827982942586977827e-02
-5.379633777875154205e-02
-5.847871812099295769e-02
-6.104916189053101461e-02
-6.449850239610857572e-02
-6.956959632748802025e-02
-6.789779376286422807e-02
-6.780767486398245336e-02
-7.881487195191837214e-02
-5.917624157327161516e-02
-7.317842009198409492e-02
-9.639683002870440276e-02
-1.044463357098001921e-01
-1.321379105299860524e-01
-1.411949558013855521e-01
-1.576390971034515587e-01
-1.660892389214959353e-01
-1.768735041639135364e-01
-1.969386518418144438e-01
-2.006809270079151220e-01
-2.174247686515532740e-01
-2.217615722155210356e-01
-2.215696161044655998e-01
-2.294431807655311073e-01
-2.209110641830121513e-01
-2.262110618484699243e-01
-2.286485911687443917e-01
-2.248769265363035619e-01
-2.339543596211549059e-01
-2.236477961591347430e-01
-2.171417112477678213e-01
-2.026520122374935173e-01
-1.704643404531417383e-01
-1.517524958546504210e-01
-1.114373334377048441e-01
-7.519276438309616117e-02
-5.222699083739357900e-02
-1.341007419708249541e-02
1.980391109472009331e-02
4.100969714906200353e-02
7.846478784302196585e-02
8.967174569280565721e-02
1.067462201223241258e-01
1.165265437673166787e-01
1.187291824732687323e-01
1.285322210840435242e-01
1.250184454126907208e-01
1.230625873359757899e-01
1.123780794770180280e-01
9.172612795700084420e-02
8.030037547948215559e-02
7.731004024628135296e-02
5.994342237362224740e-02
5.788422673562878401e-02
4.258902532577404226e-02
3.412151870237355861e-02
2.837230910707114195e-02
1.200579074174126099e-02
1.089596904834162945e-02
-4.114632325121171858e-04
-7.993389483696778861e-03
-1.358407682708538330e-02
-2.609538194810161887e-02
-3.010548023724017933e-02
-3.856245754391030012e-02
-4.116628275442910795e-02
-4.202931119358081086e-02
-4.691057054454053632e-02
-5.675613551973810594e-02
-6.312571766204824741e-02
-7.159865205342941241e-02
-7.719825095101429113e-02
-7.508460534266661601e-02
-7.347758746419799647e-02
-7.060553901457541914e-02
-6.868574097780645593e-02
-8.301917411192777374e-02
-8.353439478528233708e-02
-9.368953648773831189e-02
-9.663274958004661186e-02
-9.134190602738774534e-02
-9.508971679773901842e-02
-7.912754682662145878e-02
-7.181046663089657445e-02
-6.986792320015509927e-02
-4.468627046968722677e-02
-3.651237623117758319e-02
9.954504019711709131e-04
9.486273075516455863e-03
1.915123541290919898e-02
2.404024239320971465e-02
1.887656546800750915e-02
2.279612494328276534e-02
2.102238405228904622e-02
1.471786081583504463e-02
1.257618188508781258e-02
8.762555431849861423e-03
5.696987661751356548e-03
4.009534921473794332e-03
4.829043058697761806e-03
2.099631801796746858e-03
9.961983768797567917e-04
2.649366090962291739e-03
-3.210677799893212753e-03
7.178838100444733146e-03
-8.696387168378971440e-04
-9.906353794698260010e-03
-9.424677608828979647e-03
-2.317766550289025382e-02
-9.163653406750373737e-03
-2.174944034249177288e-02
-2.169319190115333654e-02
-1.799066976645832816e-02
-2.314938797428472278e-02
-1.267330862356447208e-02
-1.971678116384555438e-02
-1.728437271251514334e-02
-1.341744384217297484e-02
-1.615273755696033584e-02
2.944848498487184600e-03
5.213892889807581268e-03
2.118996917778782213e-02
2.741226843139362573e-02
2.815640161634975006e-02
2.722536117231689687e-02
2.408445602994064086e-02
2.290688963817226476e-02
8.017351124045966893e-03
2.997913875610166024e-03
-5.772280673976581435e-03
-1.512829314251828289e-02
-9.950868639249059802e-03
-1.233700606435881968e-02
-1.211976528956235435e-02
-2.987619972756113892e-03
-3.312790458256850354e-03
-8.258155407959768060e-03
-4.037467613153388618e-03
-3.778241802297512171e-03
-5.818319127206421359e-03
-3.078763293473572252e-03
-2.127723560232642162e-03
-1.867780825040666953e-03
2.715258135923455992e-03
5.384623184569707448e-03
6.617290185001886704e-03
1.755548466340861938e-02
2.284274917878464581e-02
3.652020809815507973e-02
5.945576787051926049e-02
7.078770929174230120e-02
1.168687923427766950e-01
1.442048449189237969e-01
1.637933926757116632e-01
2.060088357366400280e-01
2.187244542499935662e-01
2.288594108239759839e-01
2.439451737571990964e-01
2.399140144311077416e-01
2.364061682387211261e-01
2.291911730645974643e-01
2.058712408009750472e-01
1.791900517659138492e-01
1.599044191273513715e-01
1.078781862334283331e-01
9.142085048701152628e-02
7.663093798986125860e-02
5.951821544035156009e-02
5.141260163251398091e-02
3.846254612089346908e-02
3.009043872093552022e-02
2.782503397771497744e-02
2.048965059624469065e-02
1.886240230698257511e-02
1.791899221505158929e-02
1.472744288981971822e-02
1.296343892004405210e-02
4.100471160027849109e-03
5.510558328361993448e-03
3.497773820475163099e-03
1.750005373946786347e-02
1.880693146092824244e-02
2.366712462191828542e-02
2.369837880767387134e-02
2.061783140089011937e-02
2.061402879730208498e-02
1.521748933678989182e-02
1.239199480192349975e-02
-4.552912924218309736e-04
-1.015636215335522646e-02
-1.596796865001660556e-02
-2.793309814284488865e-02
-4.391986857898374369e-02
-5.384759220310331856e-02
-7.799198341050049554e-02
-8.088029999006772497e-02
-1.065530237520947859e-01
-1.113241779395827968e-01
-1.060449122272026368e-01
-1.165392357501985748e-01
-1.065313294936454380e-01
-1.052309977657321649e-01
-1.047131417672017561e-01
-8.943331438638292552e-02
-9.603907281120575845e-02
-8.861707636122363729e-02
-8.978470650241632267e-02
-1.001862751364967774e-01
-9.360569355319825480e-02
-9.218895806945788529e-02
-8.767514169231263588e-02
-6.625373636504865160e-02
-6.373644206494417930e-02
-3.287586677109703009e-02
-2.792678862605127432e-02
-2.907172693962842974e-02
-1.915686218831942275e-02
-2.593053337983877715e-02
-2.553724294535025460e-02
-2.552155341047251599e-02
-3.463057661739153692e-02
-3.006994171297321800e-02
-2.913572925008980213e-02
-3.692720510940758483e-02
-3.913195913086766481e-02
-4.603920780794441142e-02
-4.168072243463061266e-02
-3.170594148284269082e-02
-1.878321470075522068e-02
2.548655297323041552e-03
2.424951261359282323e-02
5.274667992451732151e-02
6.708272490319920622e-02
8.361423783478161287e-02
1.035123031560555018e-01
9.182827384039163321e-02
1.036543582992430906e-01
9.234804406528285270e-02
4.315032219610345082e-02
3.371949378016537990e-02
6.680771667667747757e-03
-1.412325390121083914e-02
-2.362751695768805851e-02
-3.857235226827192276e-02
-5.751083158068358292e-02
-6.404490901431908467e-02
-7.767506249483212277e-02
-8.498668079869296788e-02
-8.729042777992349067e-02
-9.839692898628306372e-02
-1.014819835039566104e-01
-1.080557811767152432e-01
-1.192265895314486707e-01
-1.223922629059821104e-01
-1.356532252725810017e-01
-1.466002368073237583e-01
-1.533540452754990069e-01
-1.751259001610459276e-01
-1.819335937460112018e-01
-1.941197612861450539e-01
-2.086161266455517638e-01
-2.120532061413373803e-01
-2.253158096776574359e-01
-2.322683832592695174e-01
-2.357966014758656192e-01
-2.477102168082851996e-01
-2.472927416918203336e-01
-2.509583817041531328e-01
-2.532415363656890239e-01
-2.380073783580780311e-01
-2.387471967290270003e-01
-2.274978370954716667e-01
-2.146531695212511304e-01
-2.122661630953103507e-01
-1.937362635839027791e-01
-1.879230375878780668e-01
-1.859899648986921838e-01
-1.731356716542855334e-01
-1.740778902889427437e-01
-1.675445568393078011e-01
-1.592715825736388535e-01
-1.603446529501771078e-01
-1.488783109804245053e-01
-1.437002518297138265e-01
-1.123699040851847547e-01
-6.879599166604716265e-02
-4.322735936642410626e-02
-3.692602814969977998e-02
-1.916525363559661368e-02
-1.969115190488434503e-02
-1.768795958631577681e-02
-1.242772057716348862e-02
-1.456040854144796323e-02
-1.180692602662488343e-02
-1.122050614329981981e-02
-1.600236745437656760e-02
-1.579180620515508240e-02
-1.719947941826217158e-02
-1.911648586121392907e-02
-1.917252353770606751e-02
-2.088212001646777907e-02
-2.234959007752595345e-02
-2.245404410972346929e-02
-2.597865221855507473e-02
-2.599828058610005946e-02
-2.771418209304387856e-02
-2.887545410742444613e-02
-2.914490738798970748e-02
-3.012008000512386707e-02
-3.041791610105016447e-02
-3.064513949104033172e-02
-3.100688590286795193e-02
-3.097436506094528030e-02
-3.092535995167042945e-02
-3.098090741467062620e-02
-3.050786921419948450e-02
-3.025302430147181615e-02
-3.000139561158559134e-02
-2.869883271209021369e-02
-2.870223777047222619e-02
-2.725841573817075134e-02
-2.513893719530020318e-02
-2.592186840615149854e-02
-2.066112772034337311e-02
-2.004482245233672397e-02
-1.931251143564983661e-02
-5.440958093949764714e-03
-4.801059035814281110e-03
1.674772876080605349e-03
7.462576904414873133e-03
6.302455148238408737e-03
1.193986749344916332e-02
1.261352988464850382e-02
7.207553364872282785e-03
8.383236439932608211e-03
6.353939955820165492e-03
6.724436156909986174e-03
7.053957010362319965e-03
6.437327203027119055e-03
1.211098825794712508e-02
1.222893551744128754e-02
1.311583446484562883e-02
1.492998752525885424e-02
1.452150329494207408e-02
1.566076403074991366e-02
1.591988773020642373e-02
1.500856624115964703e-02
1.512912810885773049e-02
1.490600956434960829e-02
1.469547129599214387e-02
1.471663394941128203e-02
1.459291065772746858e-02
1.455790261375855196e-02
1.454050637588340071e-02
1.449764808197504494e-02
1.449096291413554290e-02
1.447624027126578027e-02
1.446449948828935732e-02
1.446098664333312495e-02
1.445389685407621159e-02
1.445140032578326288e-02
1.444800218869692933e-02
1.444578691273681013e-02
1.444592158227711413e-02
1.443969280993252259e-02
1.444449715602599826e-02
1.444001882592609379e-02
1.442928234673266329e-02
1.445323464579013895e-02
1.441349287300325299e-02
1.442673478913102450e-02
1.447059394805616690e-02
1.431293290971426616e-02
1.451263882468353111e-02
1.439592448931342229e-02
1.409711873872267381e-02
1.492293909199106546e-02
1.366846688170798331e-02
1.412599274242691549e-02
1.485976254503272587e-02
