1.481789136230085846e-01
1.560233419252380349e-01
2.795858865571778651e-01
2.931226991595644038e-01
3.006887589889704060e-01
3.275645179890716019e-01
3.153065558321678230e-01
3.256409228952272805e-01
3.288775233620858107e-01
3.266914019345117937e-01
3.314987946777191441e-01
3.309490212554500044e-01
3.315981504328963103e-01
3.329333493240111408e-01
3.326301698112819061e-01
3.332754043896308249e-01
3.335157379624704710e-01
3.335515069881352934e-01
3.338443226000588626e-01
3.339090159310298955e-01
3.340326857073153688e-01
3.341697707535569717e-01
3.343053836465502138e-01
3.344447568910399737e-01
3.346436307244172736e-01
3.349596322916411073e-01
3.351433567946945358e-01
3.357556726583888485e-01
3.363109545846032500e-01
3.367852136036703081e-01
3.385895814516189373e-01
3.391304529612436669e-01
3.412940053533334295e-01
3.453048445615095607e-01
3.450957458035446290e-01
3.535664813350031799e-01
3.537915584184798679e-01
3.546311101891228001e-01
3.608505075723399957e-01
3.586113306565599235e-01
3.637722453896618524e-01
3.703319715296031212e-01
3.648173806729139157e-01
3.775987274196657140e-01
3.650217766304674760e-01
3.703954343879320987e-01
4.036879114632266896e-01
4.124660935572293519e-01
4.293643639694908476e-01
4.440495353478263740e-01
4.290091260440775378e-01
4.101632864947399315e-01
3.333607046200268154e-01
2.013716969436692150e-01
3.960824135643424559e-02
1.558790582206390392e-02
-1.191866455013669696e-01
-1.134961662273506339e-01
-1.217967228751283409e-01
-1.318005553414978992e-01
-1.061344349663489867e-01
-1.282546912141194484e-01
-1.451052908257267349e-01
-1.276590452041144463e-01
-1.668766586121292472e-01
-1.636842209217526378e-01
-2.286717929363307200e-01
-2.132137202349498606e-01
-2.250332484533946464e-01
-2.218596051280639636e-01
-2.159487913084306432e-01
-2.235878999842257908e-01
-2.135989600551383150e-01
-2.199349282657055982e-01
-2.125153938754412164e-01
-2.054887535627757944e-01
-1.957968235654973521e-01
-1.852130656330661373e-01
-1.859828916999521631e-01
-1.762232259979069904e-01
-1.952619564197443369e-01
-1.989715748345155799e-01
-1.717158978986233764e-01
-1.830264523488215056e-01
-4.015414770194714739e-02
1.731779986495907836e-02
5.284320676020963503e-02
2.507926610488045993e-01
2.742280260959885640e-01
2.538367903014403515e-01
3.682514983577824808e-01
2.776595990629386335e-01
2.342997218777302104e-01
2.225526051729556642e-01
-1.936706843101377307e-01
-2.161328885343804518e-01
-1.643477567942038253e-01
-2.761669834836517068e-01
-1.822953200585880340e-01
-1.990450916109750557e-01
-2.138571737090876335e-01
-2.092179681387202339e-01
-2.848816179973213125e-01
-2.934907434238130941e-01
-3.379258959218503500e-01
-4.178351471261109729e-01
-4.279886065135631301e-01
-4.355211528082209016e-01
-4.392767337999388122e-01
-3.843193844198389830e-01
-3.759266895931299146e-01
-3.466380136183866978e-01
-2.814748194111794666e-01
-2.447548075456329464e-01
-1.398175117943186441e-01
-8.370713262528930998e-02
-3.628205097354984116e-02
4.826002521048604332e-02
8.103178036252446648e-02
1.557562591459066004e-01
2.248148590741138597e-01
2.434210734108842589e-01
2.954416757858518428e-01
2.890467717110680734e-01
2.616467029831414104e-01
2.645034920494302444e-01
1.906863750955378467e-01
1.480710114525651266e-01
1.317730567530521479e-01
6.172579188640029552e-02
4.575174571119124817e-02
2.021785907775974084e-02
-1.416319408469390341e-02
-1.074443699874882974e-02
-3.243302668165169017e-02
-3.481923132523416509e-02
-3.559673197560715707e-02
-4.831562602434143205e-02
-4.420159676418285860e-02
-5.062355904978534799e-02
-5.690787235182438036e-02
-5.703364757908799959e-02
-7.088747350680228709e-02
-7.919494426822570876e-02
-9.136466806202621360e-02
-1.110399507221706827e-01
-1.253081351510569041e-01
-1.556528745464022534e-01
-1.728566395115667398e-01
-2.084130722765243915e-01
-2.372386783103473396e-01
-2.427586611038088371e-01
-2.390912878157652466e-01
-2.448606970142795936e-01
-1.885001581035383178e-01
-1.772333730883005609e-01
-2.022064581244310266e-01
-1.621568819508033554e-01
-1.686085922196279563e-01
-1.628814562910025632e-01
-1.274373036253433344e-01
-1.269428575068725640e-01
-1.129237370298045023e-01
-9.247017188612859095e-02
-9.275755373730368292e-02
-7.612740907656602440e-02
-5.482659881007619085e-02
-6.361658085087654180e-02
-2.012435229049183358e-02
-4.948882784160300863e-03
-6.036351981251873722e-02
2.895991493203188896e-03
3.124308367807373046e-02
5.711426656594379564e-02
1.956355976738407831e-01
2.107209066093212457e-01
2.568675534021619966e-01
2.194481397766890607e-01
1.659951365045403415e-01
7.148651708294344320e-02
-1.722519681285084037e-01
-2.038811331091141821e-01
-2.295498148013309092e-01
-2.381846923455233078e-01
-1.982518366187491221e-01
-2.070603576801700596e-01
-1.234108674178530374e-01
-1.066086642000834972e-01
-1.142974330031184538e-01
-6.363045842117434625e-02
-1.035243929973910237e-01
-6.216059336901588045e-02
-8.775879198809281856e-02
-1.344437705256146809e-01
-1.352923340955876075e-01
-1.646954340486901369e-01
-1.686661650893521991e-01
-1.616877408817759265e-01
-1.636540389785489380e-01
-1.600397298868168061e-01
-1.560330427988777247e-01
-1.575023510461291687e-01
-1.525448217986742905e-01
-1.521732706220986220e-01
-1.520565694826068459e-01
-1.472596142632432714e-01
-1.490527718575812843e-01
-1.448890970816470170e-01
-1.393696355648076368e-01
-1.363626179871150201e-01
-1.259869556067335916e-01
-1.203780681330762908e-01
-1.133095723573070146e-01
-1.026721844033638698e-01
-9.671069778494752189e-02
-8.615711069929615773e-02
-8.982662836827205732e-02
-8.945229772207706487e-02
-8.754660107826733872e-02
-1.000479665473079094e-01
-1.065564558794795252e-01
-1.233896948122020221e-01
-1.429524598504564592e-01
-1.510849486443901768e-01
-1.735786457770679969e-01
-1.757537358777667147e-01
-8.996025277118462060e-02
-5.774915861068610073e-02
4.039704043306863862e-02
1.072169441185808064e-01
5.037924297751261715e-02
-1.021719864121423405e-01
-1.562913687099833637e-01
-1.475431811155934192e-01
-1.805093824937651636e-01
-1.690756463299790679e-01
-1.827541303045624177e-01
-1.930158985397860683e-01
-2.070383935961049027e-01
-2.385840754585406565e-01
-2.902237536198447043e-01
-3.198496185059752639e-01
-3.887115433368629192e-01
-4.189220852800698003e-01
-4.186629555621876886e-01
-4.464484756285512779e-01
-4.335942831669957198e-01
-4.167727950850397267e-01
-4.357184147738804580e-01
-3.912579534306888096e-01
-3.489018105672317960e-01
-2.747174730880806992e-01
-2.534814773348886829e-01
-2.147250851835669494e-01
-1.965050778843283330e-01
-1.977415898173846831e-01
-1.743737760991036501e-01
-1.943597298134838169e-01
-2.385374167055535621e-01
-2.888496065907489863e-01
-3.406998296374919577e-01
-3.306105563246941048e-01
-3.837984921024963358e-01
-3.860293505390605118e-01
-3.743341090979998009e-01
-4.299569028005849058e-01
-4.289938631427253624e-01
-5.044811793348307205e-01
-5.723375242120700701e-01
-6.075368416467558097e-01
-6.059882712922972647e-01
-5.996275042959288148e-01
-5.925165853994501797e-01
-5.766450166054575277e-01
-5.616497809173054412e-01
-5.126490339808568164e-01
-4.461992221212962573e-01
-3.864393237036787832e-01
-3.137577679842671330e-01
-2.635665282452360203e-01
-2.049506886509791237e-01
-1.742102812701075143e-01
-1.578222230731500531e-01
-1.333203420617649904e-01
-1.272896783076337690e-01
-1.153074362193686475e-01
-1.163622479141417088e-01
-1.158305226691317552e-01
-1.194049404831556416e-01
-1.302679861213686674e-01
-1.259261308180201211e-01
-1.452017199353599075e-01
-1.407729512097477265e-01
-1.559517279309882987e-01
-1.841746539510973057e-01
-1.904527121462505357e-01
-2.243063841923234325e-01
-2.328538489048460058e-01
-2.224786478268400980e-01
-2.312233861328731599e-01
-2.136673612523699861e-01
-2.258983361150722624e-01
-2.287406335854439143e-01
-2.242946901854027120e-01
-2.471082390203686863e-01
-2.450814874341088190e-01
-2.611253663458531493e-01
-2.871744048829374951e-01
-2.925197970230271616e-01
-3.210768777932841989e-01
-3.345465091899095800e-01
-3.500442406668894946e-01
-3.726160913292888011e-01
-3.425006217758827520e-01
-3.269056955877512882e-01
-3.140586067240478951e-01
-2.496192711288301447e-01
-2.323244744316772803e-01
-2.445928214657960564e-01
-2.008500386384323988e-01
-1.936110453849058666e-01
-1.833233765955241124e-01
-1.414047640517535065e-01
-1.374462927092763298e-01
-1.225682520100835615e-01
-9.968239261027937725e-02
-9.755270337553396953e-02
-8.193497311292102792e-02
-5.826633319047379300e-02
-6.483266950555081898e-02
-2.635525498624035484e-02
-2.556895544198416800e-03
-6.320410900454953573e-02
-3.748069889577731930e-03
4.593281959501146344e-02
4.043877000779233510e-02
2.072284035108900857e-01
2.275146948844634365e-01
2.363786944544727375e-01
3.104437544342123489e-01
2.485855947776402786e-01
2.123648514754549466e-01
1.157424853613225613e-01
-1.759983160887418352e-01
-3.781857212749851760e-01
-4.700447867689016568e-01
-6.126536882951020280e-01
-5.936334717733507960e-01
-5.846415549493276798e-01
-5.716828658210212355e-01
-4.696281087665613030e-01
-4.213548461414848290e-01
-4.278922622148036981e-01
-4.115369152529799734e-01
-3.947506173981795707e-01
-3.809931264505828641e-01
-3.520979638361498298e-01
-3.210810537560512823e-01
-3.140658080509050043e-01
-2.828850254169780198e-01
-2.847387927671817254e-01
-2.815914453372084236e-01
-2.719976919200181031e-01
-2.929572616542831520e-01
-2.888663848255192401e-01
-2.964811674886952408e-01
-3.082395632520748552e-01
-3.007433056523808879e-01
-3.381025788098686036e-01
-3.408262068650408372e-01
-3.431500747884684843e-01
-3.647811935966974173e-01
-3.471716738846098993e-01
-3.482947788542101741e-01
-3.425138524951700791e-01
-3.122447460774439021e-01
-3.101944430460608082e-01
-3.120941152488038717e-01
-3.258957181464069430e-01
-3.851108913126345956e-01
-3.456995457542505479e-01
-3.693106912305340606e-01
-3.141349758878869691e-01
-2.736656226311053874e-01
-2.315538785192692295e-01
-2.281171130790527191e-01
-2.085733837659681789e-01
-2.109453133130158031e-01
-2.091234166972118780e-01
-2.070461508077348356e-01
-2.067909420735283277e-01
-1.985896283396547113e-01
-2.098175788233747896e-01
-1.881046897085706104e-01
-1.961392044300741544e-01
-2.025226715841412783e-01
-1.078914607853950769e-01
-5.128790498608150339e-02
-5.376681896646521436e-02
3.199062439661062851e-02
5.630367600205827411e-02
7.966770272104421735e-02
5.035530092995696427e-02
-1.548074845983996861e-01
-2.091491490772722506e-01
-2.069504816395652536e-01
-2.557463791761451777e-01
-2.689018779171064022e-01
-2.901825193084005550e-01
-3.522674936122654477e-01
-3.632887178694649832e-01
-4.285284016856010236e-01
-4.114426302633621413e-01
-4.309759480665882880e-01
-4.112183774461490304e-01
-4.183217374194760918e-01
-4.254225428004367315e-01
-4.070567426299523950e-01
-4.125962450248789049e-01
-3.867955455701672651e-01
-3.120209745285356107e-01
-2.615823409442222802e-01
-2.204034799946129330e-01
-1.859598430057215479e-01
-1.684482020042757933e-01
-1.513118420196146729e-01
-1.389594218082694232e-01
-1.249085722812008775e-01
-1.189076083937350148e-01
-1.139004473106117188e-01
-1.143292655318207396e-01
-1.129802418213714660e-01
-1.140979391369445345e-01
-1.163770934597515849e-01
-1.171402844118464709e-01
-1.207394159988359333e-01
-1.130917959406069345e-01
-8.431972790663554151e-02
-6.131389600333449208e-02
6.346265536652588579e-02
1.366902102628247961e-01
1.793176381659502550e-01
2.283517037783110992e-01
1.823102535437296501e-01
2.082536796191662987e-01
1.719672918547067997e-01
-4.273230177241303662e-02
-7.347748207795357089e-02
-2.869218061760573923e-01
-3.556751022461501210e-01
-3.521795072135464055e-01
-3.795735499792763923e-01
-3.339490339056597756e-01
-2.889350318092672731e-01
-2.707733655255172289e-01
-2.245335636064538787e-01
-2.045429644284768311e-01
-1.653476768456303148e-01
-1.183547495733644900e-01
-1.024541286342335739e-01
-1.335835824472037664e-02
7.278955012994953351e-03
3.822670506563034115e-02
8.638090724539645993e-02
9.903673532248266631e-02
1.337157286668700928e-01
1.686411521690397153e-01
1.791173073555765716e-01
2.229704925911255853e-01
2.295707448394387340e-01
2.380632229324084748e-01
2.544523026675674648e-01
2.565748394533246546e-01
2.657825756984200094e-01
2.715630144906053256e-01
2.772907818091220333e-01
2.826939049642190893e-01
2.886776858082703012e-01
2.982138977975308247e-01
2.995178228240720220e-01
3.150573716597237506e-01
3.136244057413693498e-01
3.210615103994060027e-01
3.210619547774227756e-01
3.222831613991419819e-01
3.219777922022403760e-01
3.219565148897549078e-01
3.222245356580250020e-01
3.220435200332419368e-01
3.221317271023533824e-01
3.221480395139302844e-01
3.220995707916604611e-01
3.221033605607956374e-01
3.221027001879872564e-01
3.220349672574691069e-01
3.219748262366354807e-01
3.220162920942432061e-01
3.217267890869504599e-01
3.217739444805943760e-01
3.216819180017838065e-01
3.209138780129446866e-01
3.215833830907759427e-01
3.202819326460844551e-01
3.194629058969518653e-01
3.212008917199749569e-01
3.154687586216662343e-01
3.186407255126122995e-01
3.174789799626945297e-01
3.035675588093272315e-01
3.227783359765130089e-01
2.944859879280916637e-01
2.836731503012077660e-01
3.017144660317826466e-01
