2.007986847067640135e-01
2.102748131678552346e-01
3.677379998945093931e-01
3.902427916038728184e-01
3.863166174065291725e-01
4.180892924939956790e-01
4.001720103333047396e-01
4.067318572393774367e-01
4.098628421668698008e-01
4.046068397070485267e-01
4.086539815583428714e-01
4.073815862796951737e-01
4.069658292264089483e-01
4.080619005487963191e-01
4.072788095483449444e-01
4.075972603531729521e-01
4.076754599038685534e-01
4.074697526028002170e-01
4.076352432623885913e-01
4.075388989239070447e-01
4.075215531024312665e-01
4.075234422222921427e-01
4.074029598541771824e-01
4.074214674568205630e-01
4.072279759120292497e-01
4.070934840372049668e-01
4.070564540760330252e-01
4.063839492471212345e-01
4.064529686699444033e-01
4.057616104731451845e-01
4.042600866842585017e-01
4.050157986230208951e-01
4.012904203770114586e-01
3.999884544101676154e-01
3.997267549467500292e-01
3.890692743015997102e-01
3.814932061086001580e-01
3.714848655748828055e-01
3.562400984180039698e-01
3.414014932308745420e-01
3.389267888202660006e-01
2.933780551376850010e-01
2.770468673120197733e-01
2.732561882904669948e-01
2.423787836179743249e-01
2.401815338620578166e-01
2.894285926097887596e-01
2.959288707553236475e-01
3.212738226093757032e-01
3.638249231352010393e-01
3.470676320025891659e-01
3.849238172097289579e-01
3.081400527072529760e-01
1.319608000212438570e-01
1.043279167712302287e-02
-6.277006247084546131e-02
8.078969704932919410e-03
5.598133713003201201e-02
8.911971299396520552e-02
2.434337560373552867e-01
2.292945848838780498e-01
1.804933754076695485e-01
1.722738883561042433e-01
-1.651404048737897534e-01
-1.866712367690231411e-01
-2.594338622138075423e-01
-3.133615751464321475e-01
-3.054771052545512955e-01
-3.520884512973611602e-01
-3.430474831713089534e-01
-3.615990169299629353e-01
-3.807402552094613091e-01
-3.697198823163369563e-01
-3.989309074145828138e-01
-3.870610916428486314e-01
-3.940776224998635557e-01
-3.999962489435109347e-01
-3.935789008194749972e-01
-4.307785320367938375e-01
-4.383507179267152609e-01
-4.685082259552178496e-01
-5.072311415955483849e-01
-4.711751783765449897e-01
-4.968744482837199050e-01
-2.655636499012304363e-01
-1.247458069894732402e-01
-4.805295283056668781e-02
3.108802875917837660e-01
3.369994468384749364e-01
3.124856249946636466e-01
4.536188857937511476e-01
3.584199244702273579e-01
3.147380535340540963e-01
3.036388861086452562e-01
-1.002556752226923115e-01
-1.154509756568925655e-01
-3.721002920615877618e-02
-1.113742887276855803e-01
-2.470545528097155621e-03
-2.304395464366503637e-02
-3.506411460822397852e-02
-7.258637792305787373e-02
-2.101491810005317595e-01
-2.228465462871443425e-01
-3.185710505557338146e-01
-3.966410495368544731e-01
-4.657466047341222160e-01
-4.892375581456394062e-01
-4.894983546685062747e-01
-4.749831881741090056e-01
-4.497771337888586962e-01
-4.396364907899533714e-01
-4.028471361921789340e-01
-3.744043712165261995e-01
-3.361100073517484521e-01
-3.083507668098969812e-01
-2.838306909783170351e-01
-2.536851699334067289e-01
-2.303688369481130260e-01
-1.944003133093807623e-01
-1.592227167194646131e-01
-1.266975259917015040e-01
-9.267136484166534072e-02
-8.124156643359199681e-02
-7.501457000345217174e-02
-6.483166122385852770e-02
-8.491288067061619760e-02
-8.738991928448766600e-02
-7.232653897394111797e-02
-6.331865531968089433e-02
-2.959959826492871912e-02
-2.989414091732029658e-03
4.693493629186639565e-02
6.652854043581109267e-02
8.840365698687047136e-02
9.921523966601110411e-02
9.782923854804304042e-02
1.045987952360876300e-01
9.533731466845077329e-02
9.046341786375784733e-02
7.927768550496286371e-02
5.801724445351177234e-02
3.707216934769412553e-02
-5.646836520756864843e-04
-3.214535291850340731e-02
-8.082325927494918294e-02
-1.282938627828606737e-01
-1.736248955541403460e-01
-2.188446741606580315e-01
-2.438672824687939666e-01
-2.806456854070858431e-01
-1.246035646855477574e-01
-1.134048464430481434e-01
-3.639485047379609900e-02
2.160732782705537813e-01
2.511151420531604894e-01
3.293091974335518035e-01
3.781586294911727930e-01
4.137784436242143982e-01
4.318290703496256988e-01
3.623042870857661191e-01
3.357746842214573424e-01
2.966303348798256523e-01
2.377350382760532732e-01
2.179188399353503836e-01
1.696397653712398979e-01
1.089714541699299405e-01
1.019045619472200154e-01
1.689731566383888620e-02
1.817149483692827999e-02
1.855814286820950745e-02
2.592012426216239174e-02
9.364466547845683164e-02
1.193727718589874670e-01
2.483824962437135853e-01
2.859434223416245091e-01
3.373932233005906833e-01
3.469405440391000184e-01
3.686585075718206150e-01
2.578795913029237608e-01
4.287278614957300976e-02
-5.776527063601552547e-02
-2.290668403358740168e-01
-2.528852389180992755e-01
-2.839363496127404463e-01
-3.058579644126900865e-01
-2.260403007299266742e-01
-1.934712559773421048e-01
-1.626216696068886747e-01
-1.099032522923667488e-01
-6.695326589759487135e-02
-1.438539384325884275e-02
4.251234346765492278e-02
1.346261205403592731e-01
1.726889512928718451e-01
2.639045978507594814e-01
3.156950285496386011e-01
3.579295530730480235e-01
3.999419745125529779e-01
4.205599238705735043e-01
4.418175173247420595e-01
4.614813174734505585e-01
4.626417252095748056e-01
4.701677977300762756e-01
4.704865800193485104e-01
4.494107269650320369e-01
4.411085960340415668e-01
4.044574334937153792e-01
3.524049729311930501e-01
3.045799946023781679e-01
2.401532657286492012e-01
1.750680717678350096e-01
1.106124285876346064e-01
3.266122714661612303e-02
-4.609952376780988154e-02
-1.309280623246208697e-01
-1.998245913068906199e-01
-2.744249803742672689e-01
-3.444366588318225619e-01
-3.944903735507234166e-01
-4.606818453774063071e-01
-4.980687603673052966e-01
-5.223599472382536302e-01
-5.559197268887451360e-01
-5.551148066170177309e-01
-5.517193296576932138e-01
-2.365932520126110550e-01
-1.619962521361126284e-01
1.380341540683327484e-01
3.272862004348172649e-01
2.418881669419950253e-01
1.029032263592121327e-01
2.596052447370831434e-02
-1.241013118648487124e-01
-1.605816890059188762e-01
-1.498796303786822659e-01
-2.270154582543471578e-01
-2.022140354461654521e-01
-1.924554837286978071e-01
-2.018381030479119431e-01
-2.233502723453700545e-01
-2.350199800673547501e-01
-2.713462005682729106e-01
-2.821127304630053345e-01
-2.438072765671232822e-01
-2.556153487327941232e-01
-2.583923352822870556e-01
-2.494685847404811696e-01
-2.845972484610490572e-01
-2.909706960984224100e-01
-3.604465906066383063e-01
-4.554310680897606933e-01
-4.542485368003401636e-01
-4.942601240627035319e-01
-5.032120555275535478e-01
-4.782665452093344816e-01
-4.963088961582280412e-01
-4.483479614325943108e-01
-3.558000055188414446e-01
-2.083077808206981463e-01
-2.698967972070636517e-02
-6.654104549123467278e-03
-6.389660684883737007e-02
-2.050861901938831264e-02
-4.700797050950158984e-02
-9.483159174977406902e-02
-1.757166854772146680e-01
-2.795214936385784776e-01
-3.334479650604802448e-01
-4.395015097974075413e-01
-3.761133961086689514e-01
-3.828850433740159098e-01
-3.853935741357641942e-01
-2.949291232476602409e-01
-3.194869746515892062e-01
-2.248232697968580163e-01
-1.149017155261274209e-01
-6.664003953974989569e-02
1.275497711646784646e-02
3.702405695641154681e-02
3.990631908290190322e-02
4.382666650749383885e-02
4.000456585997484021e-02
3.567055634329016622e-02
3.115310546718171383e-02
3.225883085003317802e-02
3.782430147530872061e-02
5.257751123510098767e-02
8.256033016486266640e-02
1.081589771089565832e-01
1.472518687416626559e-01
1.819306041123920914e-01
2.366695240754026486e-01
2.620639182707588111e-01
3.056949798757908066e-01
3.513874084139164689e-01
3.428319738104328995e-01
4.024265362855103945e-01
4.118164777777459928e-01
4.248789320525337976e-01
4.676123630178869450e-01
4.442150265596249148e-01
4.740334661922299131e-01
4.800402000961474513e-01
4.575904784260470537e-01
4.909856815163693433e-01
4.551975902795244999e-01
4.445963465864987141e-01
4.396401323134686567e-01
3.435441639307542094e-01
3.288918216067561184e-01
2.679931868341526302e-01
1.947977645996739893e-01
2.651717199503275113e-01
2.050241887988346612e-01
2.437298754130460265e-01
3.506305327036302044e-01
3.633646569803961612e-01
4.095178341131875954e-01
4.154956925544404100e-01
4.499387253004922815e-01
4.509704989761910698e-01
3.751362385412501665e-01
3.492098583147675850e-01
3.026994496906538212e-01
2.434448192598613891e-01
2.230173254647763448e-01
1.699077206216551283e-01
1.103658459114321977e-01
1.021748604327725463e-01
1.108954687815427026e-02
1.783766615634112609e-02
1.042013944815627785e-02
1.150976619111573722e-02
9.168747412850956902e-02
8.692873399364271780e-02
2.317579904440800476e-01
2.671553783328330933e-01
2.672691770547984680e-01
3.489871490033881751e-01
3.189782927184917072e-01
3.326733164996612535e-01
2.658148161752763028e-01
2.698794036427086193e-02
-1.550208859348703450e-01
-2.131477198388265770e-01
-3.653784350837125383e-01
-3.330408478771246794e-01
-3.100660206696770893e-01
-2.970094836861086884e-01
-1.593995648769077067e-01
-2.966535423054184398e-02
-1.815262428563160085e-02
4.909176954248368335e-02
6.621876824973202402e-02
1.370462974984158477e-01
2.136617653815521545e-01
3.035417189764694212e-01
3.198311404164663752e-01
3.803565703538707710e-01
3.795261818124160969e-01
3.863401706344125608e-01
4.089211871507741347e-01
3.664263322208239915e-01
3.707653860069725082e-01
3.061592117854135542e-01
2.354554038789867521e-01
1.806420945828271507e-01
1.014562318583054346e-01
2.762677668411203311e-02
-4.249194641832304553e-02
-1.090680023096544798e-01
-1.483082896920740190e-01
-1.952370501372755196e-01
-2.284951442434712265e-01
-2.489816772784851917e-01
-2.746979499720991202e-01
-2.231440243862499451e-01
-1.820185637104911880e-01
-6.962994557433800635e-02
1.081069269419145974e-02
9.886173345539087109e-02
1.690345341024992176e-01
2.045913645402684666e-01
2.364689446076186086e-01
2.158833766920084107e-01
1.719005226668527120e-01
1.555430858956440288e-01
1.471808730432732082e-01
1.254404348889866516e-01
1.242690609844715882e-01
1.299576135781766173e-01
1.059234577553854056e-01
1.401462815129256578e-01
1.475871400782620968e-01
1.570233156163995392e-01
3.036191396694370992e-01
3.308186449736035262e-01
3.649794786495083043e-01
4.514423057201734646e-01
4.024290269828569300e-01
4.299406772355740536e-01
3.335008159035895980e-01
9.396926852722981005e-02
3.452363078922059125e-02
-1.276184864282993159e-01
-1.584550127412353293e-01
-1.371840684367304219e-01
-1.806172584074164922e-01
-2.186273289568381739e-01
-2.403225894331773582e-01
-2.738862689392898564e-01
-2.640472212587150480e-01
-2.661880499423029955e-01
-2.669205362006074611e-01
-2.638508038050439986e-01
-2.729211011327048464e-01
-2.777168122471005973e-01
-2.922990196759719383e-01
-3.141558719774439901e-01
-3.616468224380736118e-01
-4.061861519222732531e-01
-4.538619036459307643e-01
-4.857891347736663090e-01
-5.160996968364429671e-01
-5.254640728618907852e-01
-5.380977427098868615e-01
-5.529703971669449603e-01
-5.464301850442493391e-01
-5.500688567686105035e-01
-5.402359061011097197e-01
-5.304259152488741691e-01
-5.272428490203682205e-01
-5.085956352763171262e-01
-5.000217461596703217e-01
-4.830644410847200754e-01
-3.894161511249418783e-01
-2.764088947674011587e-01
-1.249440970249425797e-01
-5.182306949488138526e-02
9.773710960709305895e-02
1.600873408820112087e-01
1.747346719425342254e-01
2.179564988436694384e-01
2.727259150757754824e-01
2.700399788715911464e-01
2.522729548491430274e-01
2.186819218043009050e-01
9.836974704693604576e-02
7.303587319551009538e-02
-8.250222594818019256e-03
-5.869915324822078118e-02
-2.708743734189391489e-02
-2.984214278964808509e-02
-1.209621570534336575e-02
-1.709251809378089029e-03
3.252995040429280428e-03
4.282303315134647001e-03
9.292769976158266401e-03
7.930037005011597931e-03
-1.453979062019524794e-02
-2.015185126913689867e-02
-2.122809379367424087e-02
-2.420690235362601278e-02
-2.805232588763582890e-02
-1.345994954090692051e-02
-1.152986513553698987e-02
-7.359701500329239587e-03
4.460331545938523573e-02
4.966183099950817470e-02
7.503191724194339940e-02
9.350140747985957734e-02
1.018681795422692465e-01
1.195033097643155989e-01
1.272782426626541952e-01
1.447144225082195035e-01
1.560028797222484387e-01
1.722314435014866418e-01
2.042037510650479837e-01
2.110764762558998975e-01
2.653282860776977614e-01
2.978081038705376882e-01
3.117788174882948349e-01
3.691781339680622609e-01
3.688160367506844728e-01
3.785389517325988828e-01
3.947440250700118836e-01
3.925723825968169822e-01
3.999808549880959907e-01
4.028253608907447214e-01
4.031560985339177061e-01
4.060725087712893644e-01
4.062966104477128138e-01
4.070318252077994026e-01
4.077789064017552367e-01
4.077461247242722409e-01
4.082063760040005040e-01
4.080751690779519936e-01
4.081243931208950459e-01
4.082424335976336249e-01
4.073254467887084118e-01
4.079888510628938980e-01
4.067413649341949933e-01
4.051645419861665265e-01
4.073281550430851716e-01
4.004135794196939102e-01
4.021813196952166436e-01
4.022997487287726659e-01
3.816625376375041845e-01
4.024192340483128127e-01
3.702482151398162613e-01
3.408831884221665831e-01
3.630656767372863469e-01
