-1.404173388624629102e-03
-1.649567637705705737e-03
-6.789191114365329682e-03
-6.921622326009181994e-03
-7.853780016558202168e-03
-8.726441372837121999e-03
-7.902814266233817303e-03
-8.402225483877366272e-03
-8.356439476829667992e-03
-8.251855927790128359e-03
-8.395485299846070990e-03
-8.334223041359514750e-03
-8.348833951266784043e-03
-8.371503206775855743e-03
-8.354149836272299623e-03
-8.366253492520658516e-03
-8.366407685317741108e-03
-8.364391460097321887e-03
-8.368065911445028010e-03
-8.367129467289168357e-03
-8.367507688955583278e-03
-8.368360982662404607e-03
-8.368345864877784965e-03
-8.368246232284208552e-03
-8.369509023440007550e-03
-8.369288020154073623e-03
-8.368764014592222286e-03
-8.373594311539282048e-03
-8.368469179657821513e-03
-8.373575438976727653e-03
-8.383861177164718056e-03
-8.359745087562181487e-03
-8.405162287994094594e-03
-8.390411610224158059e-03
-8.348366005567112169e-03
-8.589944629287690064e-03
-8.783428947577517562e-03
-9.011921288315493869e-03
-9.443772419572013868e-03
-9.872384193189380833e-03
-9.826928542807004605e-03
-1.173267404888425972e-02
-1.206544654321093334e-02
-1.228991661144949316e-02
-1.435399482585131455e-02
-1.380503329444861260e-02
-1.378675612416998923e-02
-1.349590114345590973e-02
-1.108452968481080970e-02
-1.113629198191634986e-02
-1.023591017039920600e-02
-8.801229787635245910e-03
-1.056710725172089159e-02
-7.145107419189346797e-03
-5.907987278243689334e-03
-7.090972616847550543e-03
8.870403551139891332e-03
9.439428462827787955e-03
1.744614522048329452e-02
2.412346946584130458e-02
2.460569105165975531e-02
3.081594708082253942e-02
2.503450504404448537e-02
1.746064057046847057e-02
1.495574591816999435e-02
-8.936734747528918971e-03
-1.640880659042644185e-02
-2.019937417311408120e-02
-3.131024088100620856e-02
-3.009866562868424023e-02
-3.903442516084176112e-02
-4.321089590172030176e-02
-4.485875115674821390e-02
-5.401931507961942047e-02
-5.371270327081902746e-02
-5.980516372297581262e-02
-6.411591727206915337e-02
-6.281658195255136745e-02
-7.109690806284002518e-02
-6.913049131080713228e-02
-5.925736579301669332e-02
-6.042408602844520638e-02
-4.639965109571712182e-02
-3.954978890522655582e-02
-3.284420105926834366e-02
-1.960813735410259565e-02
-1.721850331469666415e-02
-8.951971499475672167e-03
-8.532615829532767468e-03
-1.086609402647272134e-02
-8.998863514214453310e-03
-9.921988155472851248e-03
-1.190648275885242136e-02
-1.226597888922946814e-02
-1.456158499009777008e-02
-1.533746190133664089e-02
-1.945147617044164223e-02
-2.064692528020360338e-02
-2.008799763891142703e-02
-2.324049753341988350e-02
-2.257802008993262458e-02
-2.693535671458179362e-02
-2.934471620573814860e-02
-3.355196519915056019e-02
-3.573607145211921132e-02
-3.054847868017791096e-02
-2.494937529371220319e-02
-2.764548058843252151e-02
-2.496564782069864499e-02
-3.001806572051815558e-02
-2.930989148565662367e-02
-2.729675879127205912e-02
-3.155505890037216266e-02
-3.214782227504042050e-02
-3.183766237122939019e-02
-3.418411442926589522e-02
-3.049476316050745220e-02
-3.139407635591390244e-02
-2.966757339265376631e-02
-2.324884909453138124e-02
-2.030564033799418799e-02
-1.592222658109729294e-02
-9.590049405028430729e-03
-9.193396353318197128e-03
-4.313046507750907359e-03
-1.352408447846420361e-03
-3.866118998616901396e-03
-1.705106025674335340e-03
-6.071401580835832264e-03
-1.306073132605713692e-02
-1.810153736076672987e-02
-2.690748321507916915e-02
-3.726884966191205267e-02
-3.967143270729746318e-02
-4.689787854946061985e-02
-4.826731881257469853e-02
-4.905774689068821692e-02
-5.237346715812967596e-02
-5.128891430204903651e-02
-5.216800556563344626e-02
-5.321620334599680424e-02
-5.089766790140487496e-02
-5.160259992579608462e-02
-5.021433941292154091e-02
-4.811862184573383744e-02
-4.720938392245172671e-02
-4.326805600317781830e-02
-4.075179587698114086e-02
-3.889954118523322041e-02
-3.323543396751640899e-02
-3.196187941866190929e-02
-2.696420241833587597e-02
-2.519917657035088132e-02
-2.221238527715073754e-02
-1.772340718428205147e-02
-1.676677890201031668e-02
-1.823058748386725825e-02
-1.865748251857533499e-02
-1.861730209179268333e-02
-1.955842458237921910e-02
-2.634080019998751368e-02
-2.872377882207282837e-02
-3.007475625215172768e-02
-3.248233534993900939e-02
-3.430178810759242081e-02
-3.330750580186138399e-02
-3.608524873508529157e-02
-3.675018217446259644e-02
-3.001021437856785795e-02
-2.896295153858468793e-02
-2.707148925160630243e-02
-2.513043581792567469e-02
-2.483635635486913448e-02
-2.376920914572542773e-02
-1.887109642371250298e-02
-1.696836806656924768e-02
-1.721684634887468354e-02
-1.704936435776825687e-02
-1.769735489355183863e-02
-1.618762559176631019e-02
-1.106127328809383692e-02
-9.590845472119392812e-03
-9.388307230007254811e-03
-7.085328523912031926e-03
-5.998976288343498865e-03
-5.161439961345468813e-03
-6.345405300471991181e-04
-3.909461407665854342e-04
1.749473182594601635e-03
3.177483912312463032e-03
2.959744845750290378e-03
7.181050379331018439e-03
4.351636201126197166e-03
6.209815549305311780e-03
2.251563252979392905e-03
-4.475994489934162317e-03
-6.340249165798399374e-03
-1.597647233136892733e-02
-1.830929701767916237e-02
-1.877790680577392027e-02
-2.299788878140669734e-02
-2.253261761480778239e-02
-2.354615331201394962e-02
-2.479551135514600560e-02
-2.463361112888157178e-02
-2.393836829367587682e-02
-2.488451071427865563e-02
-2.262936764704379794e-02
-1.933089902324247600e-02
-1.723699488707098465e-02
-1.830551059538281650e-02
-1.784580562311279678e-02
-1.870699798324163346e-02
-2.054684028084575315e-02
-2.418523534047994222e-02
-2.847732648944675468e-02
-2.725622143928346092e-02
-3.235995657333444464e-02
-3.381504759448997893e-02
-3.480986250071328725e-02
-4.288204397434664666e-02
-4.179217352812437947e-02
-4.328215556790105528e-02
-4.462208905645790452e-02
-3.742886906241233574e-02
-3.581467512253933005e-02
-2.655739911236242728e-02
-2.385042810448010850e-02
-1.642982298274812264e-02
-1.330686661412744561e-02
-1.402099700409189555e-02
-7.148670560430048053e-03
-7.646838181430854267e-03
-6.668194782446540403e-03
-6.575649111123185557e-03
-6.531465534966814090e-03
-7.749862933456707487e-03
-7.762443881544158798e-03
-4.374915508766207169e-03
-7.332268063533197225e-03
-6.178737331390102110e-03
-8.756917170763213812e-03
-1.911840905507377827e-02
-2.190160906040276509e-02
-2.742112252045063661e-02
-3.014289424126083070e-02
-3.664069191648670898e-02
-3.966233936029384122e-02
-3.576684611192091495e-02
-3.938200036413050387e-02
-4.130658879468233902e-02
-4.417563428129961389e-02
-4.657496581349626630e-02
-4.472629184536323216e-02
-4.737844419801754553e-02
-4.515299021859730394e-02
-4.377974042677603567e-02
-4.636645274938399480e-02
-4.374674878368754738e-02
-4.179729591286124313e-02
-4.122772689589300488e-02
-3.338094506073248369e-02
-3.354689126694069407e-02
-3.001868383611717983e-02
-2.820048381379884270e-02
-2.688291761036516736e-02
-3.235758517323455985e-02
-3.472472329259485013e-02
-2.788476562131439115e-02
-2.546666538368340393e-02
-2.719844440759747531e-02
-2.823844752588450940e-02
-2.788011608208030429e-02
-2.621694211145482109e-02
-2.740427834802932477e-02
-2.923358501352629410e-02
-2.533704744973801562e-02
-2.700088582123088415e-02
-2.626726112056810766e-02
-2.568176317588288793e-02
-2.971337176972090044e-02
-2.966104203926471505e-02
-3.278797652269292706e-02
-3.379261060818754964e-02
-3.491018775025701154e-02
-3.645535511794170680e-02
-3.492575791925695006e-02
-3.536139855633708973e-02
-3.466050693478161387e-02
-3.325718761772229054e-02
-3.419907365532065535e-02
-3.198266140371437000e-02
-3.254509636576061876e-02
-3.102031599146738011e-02
-2.850057168305768912e-02
-2.886818110677413785e-02
-2.644086984749449351e-02
-2.710278056964538287e-02
-3.043341648881815048e-02
-3.065936311168305367e-02
-3.208773225088690922e-02
-3.476120309230330135e-02
-3.540547499877635257e-02
-3.636310186457614169e-02
-3.910438696867411801e-02
-3.894812889437257453e-02
-4.082610393299332396e-02
-4.551325731841866784e-02
-4.603395785487830044e-02
-4.597272743907091647e-02
-4.657271884904375797e-02
-3.739708530984339752e-02
-3.511549943989913242e-02
-3.019547983834919638e-02
-2.547259853799800286e-02
-2.296845000616795987e-02
-1.795140703088031128e-02
-1.730678163086770902e-02
-1.843944689903525766e-02
-1.879945420451873198e-02
-1.879670873564256647e-02
-1.960065116688610928e-02
-2.641815018354467040e-02
-2.876455093568927243e-02
-3.008958827667337910e-02
-3.248151144128572088e-02
-3.428970591523807648e-02
-3.328229703391193811e-02
-3.599129206151027022e-02
-3.672522849284318852e-02
-2.984935673623462238e-02
-2.875824009782963417e-02
-2.701975418027172116e-02
-2.457622872250702500e-02
-2.465069210427366445e-02
-2.336350314253685112e-02
-1.746715490106438493e-02
-1.730728629296227755e-02
-1.485883339492795156e-02
-1.348645398742412752e-02
-1.378122181340015774e-02
-1.378369210630530500e-02
-1.468528361685900174e-02
-1.811916341517152279e-02
-1.947129257512817888e-02
-1.986690750509957290e-02
-1.946727542686803661e-02
-1.571655804053495240e-02
-9.304844642039424712e-03
-6.351215219675878515e-03
7.895589142102473618e-03
1.122526670583205710e-02
6.675554191928418681e-03
-7.287385264907904163e-03
-1.549574637682628493e-02
-1.869867728318422989e-02
-2.451166483169367472e-02
-2.762593955643301985e-02
-2.768237717032046713e-02
-3.154913801526952610e-02
-3.204824167873819574e-02
-3.410247717598499650e-02
-3.875064107893999577e-02
-3.959049324533960718e-02
-4.551741482739998790e-02
-4.506737633007726340e-02
-4.040682336375938516e-02
-4.032914186525903000e-02
-3.665450370355761295e-02
-3.750841055468883550e-02
-3.961611057024372329e-02
-3.876006081627830779e-02
-4.064078699379501669e-02
-4.148849176867932392e-02
-4.163137722751370645e-02
-4.398300313995461702e-02
-4.445952842604874999e-02
-4.548138317646316375e-02
-4.693298145601342009e-02
-4.634399694780256401e-02
-4.180092047814138595e-02
-3.633485972888198662e-02
-2.975775683091973212e-02
-1.839221750038342457e-02
-1.735087446744424527e-02
-1.727060129433651003e-02
-1.778399112613230151e-02
-1.860759183320424837e-02
-1.843256065960665116e-02
-1.916993944272123163e-02
-1.885354657556665911e-02
-1.972390286686074093e-02
-1.995207463753276983e-02
-1.930924227344351166e-02
-2.335721197575112845e-02
-2.482660999629544840e-02
-2.108731501829464589e-02
-1.977338092812088582e-02
-1.993916270395666712e-02
-1.947377559229777205e-02
-1.971229997485707611e-02
-2.045599405716472946e-02
-1.881695058548064556e-02
-1.140960405519578572e-02
-1.169051622221043384e-02
-7.959864216965163372e-03
-4.387041874161588979e-03
-6.298578540812065259e-03
3.120935166555768771e-03
-5.163938089014916827e-03
-4.780775705597903151e-03
-1.830456385633230654e-02
-1.639320436159452665e-02
-1.314573234406496774e-02
-1.123737225510976559e-02
-6.989372196410025169e-03
-6.404455045330394690e-03
-4.409768205646591444e-03
-4.371166580326803219e-03
-4.141657613742089246e-03
-2.315656266247548018e-03
-3.498864618833542536e-03
-8.165373122710661478e-05
-1.285127805186598226e-03
-9.893586817501581407e-04
-2.221604061964860179e-03
-5.289565002025119200e-03
-5.303877011221191755e-03
-8.831149559112216538e-03
-1.262283246099328224e-02
-1.453688186295800169e-02
-1.961495648813539952e-02
-2.156989575037066356e-02
-2.456359802776268003e-02
-2.936325483590256427e-02
-2.901284140017684060e-02
-2.146356226431243505e-02
-1.038937775513353381e-02
2.533971728602155051e-03
-6.638081659330604539e-03
2.169269212713874004e-03
1.568491605110708485e-03
-3.510398191257734987e-03
-2.200095200504628094e-03
-5.575764619268087745e-03
-6.344613036996760505e-03
-1.262998198711220987e-02
-1.238437741314851043e-02
-1.313856859698236783e-02
-1.504792640123815001e-02
-1.058356997331339443e-02
-8.620593310828709305e-03
-2.007557471854230693e-03
1.399367348915035898e-02
1.700583554986529605e-02
1.818293704874131972e-02
2.495090525045257773e-02
2.179381460662009259e-02
2.540766649201859836e-02
2.613319285905845238e-02
1.647371303048025468e-02
1.601662490413155795e-02
1.164186458985769744e-02
7.601423320789542012e-03
6.521808320339331048e-03
2.566146232107526827e-03
-1.291388832800291703e-03
-2.356114657621660984e-03
-1.021057138725458419e-02
-1.037990155244413251e-02
-1.007156082524899784e-02
-1.211791321692121115e-02
-1.156272821625886106e-02
-1.206323988646947586e-02
-1.223133031833916785e-02
-1.187766454400113539e-02
-1.227120153865145398e-02
-1.118324315388107351e-02
-1.128020976260278412e-02
-1.103365481336163363e-02
-6.933707418622481189e-03
-6.496180818631971943e-03
-5.871131340784608785e-03
-5.882032637905524990e-03
-5.996862816314302118e-03
-5.852843400550542322e-03
-5.912970662585607939e-03
-5.901702601557240642e-03
-5.878110465823382230e-03
-5.896224600523421178e-03
-5.884523295240561176e-03
-5.884209180603450218e-03
-5.886304091430751180e-03
-5.882514325303876863e-03
-5.883160349735907027e-03
-5.881935631968738219e-03
-5.881047319744914063e-03
-5.879112799977510156e-03
-5.877315380508841593e-03
-5.876058686683673440e-03
-5.867580156549930849e-03
-5.868054150396237283e-03
-5.857227912928902186e-03
-5.834921024585873993e-03
-5.847635347775097248e-03
-5.781789304288732084e-03
-5.761612901493420869e-03
-5.779562543778590973e-03
-5.507326724343700360e-03
-5.664945481210434571e-03
-5.403807255955209339e-03
-4.619358425854945549e-03
-4.803424173117916418e-03
