1.068408660234329956e-03
9.795829150311878650e-04
-1.564364590644902941e-03
-1.992646800238005896e-03
-1.242116337014251498e-03
-1.335531343807972154e-03
2.699493485441207706e-04
3.469146260436741284e-04
7.376117255157121737e-04
1.188150287813868455e-03
1.224612040349239931e-03
1.453552788615019957e-03
1.533348988829384175e-03
1.583978218912314917e-03
1.635692304483696074e-03
1.589465308913017754e-03
1.650675409143948424e-03
1.478746637025259766e-03
1.422391581194500793e-03
1.454904169334437234e-03
7.236917701564521150e-04
6.989436527042024736e-04
1.620232242765601771e-04
9.932447152052215772e-05
-2.892201681520155583e-04
-4.137969690739591198e-04
-3.319860000450727128e-04
-1.450965019884266132e-03
-4.389789349292156132e-04
-1.700292429741447021e-03
-4.134291903428947978e-03
-5.335592862869129559e-03
-1.640854308244991955e-02
-1.631256896598463554e-02
-1.688805301491213065e-02
-1.617966654640802526e-02
-1.443406759610528500e-02
-1.121767320231095537e-02
-9.939189035744691245e-03
-8.720473702277463032e-03
-5.780613786637437031e-03
-6.003700220975496417e-03
-5.680536380507429303e-03
-4.286669120021424119e-03
-6.695173907318188039e-03
-4.844632244157477848e-03
-6.432507824379601544e-03
-1.111044778851498667e-02
-1.137609149579903167e-02
-1.862560090602419574e-02
-1.762177934168187438e-02
-2.162035825491329111e-02
-2.268898137310394053e-02
-1.327978980683924663e-02
-1.529205452796607648e-02
-1.370357414339670385e-02
-1.219187861953129753e-02
-1.436950313893299754e-02
-1.357304040304239956e-02
-1.206352113858264428e-02
-4.994983001021172445e-03
-3.070973778811554589e-03
-1.891762511274863766e-03
-1.396668425155606411e-04
1.687780409304320524e-03
-4.730000093975405412e-03
-3.924038497195484788e-03
-1.570341224317045939e-02
-2.560986821222816304e-02
-3.699131428340546313e-02
-4.307124026485533580e-02
-4.875528285745789336e-02
-5.346483515342902171e-02
-5.710915971103837363e-02
-6.145275682155047769e-02
-6.445017464781675753e-02
-6.594332640250871735e-02
-7.115245905126217629e-02
-7.057063366547970673e-02
-7.491572743729935091e-02
-7.733836243822049539e-02
-7.850325648297809544e-02
-8.046904252256009693e-02
-7.596343615819904638e-02
-7.446678203590775813e-02
-6.676171128938843125e-02
-5.432686503177942133e-02
-4.612152055923911254e-02
-3.479746185908141193e-02
-2.112468439853361010e-02
-1.616684209446607109e-02
-5.989576248652988752e-03
-4.336580914337953042e-03
-5.201184017708270803e-03
-3.233921915227042868e-03
-2.556299763011097171e-03
-5.083678135816022819e-03
-5.461068042797799504e-03
-4.501731682172363004e-03
-6.738695414413679863e-03
-9.552775158279716919e-03
-1.040041059857130766e-02
-1.176864362898814506e-02
-1.262387279439178278e-02
-1.695636105748521763e-02
-1.786401309502561041e-02
-2.042692855890382991e-02
-2.643500494868543382e-02
-2.728127946606678095e-02
-2.952131713243149810e-02
-3.160817274075396893e-02
-3.100180236954039326e-02
-3.262315808543770485e-02
-3.326418285309858114e-02
-3.233801976317185467e-02
-3.522323560541906762e-02
-3.429809676727633289e-02
-3.885022729329611069e-02
-3.575962132265503302e-02
-3.656593276675348253e-02
-3.993714596759347785e-02
-3.948998476932807922e-02
-4.924935079387437326e-02
-5.027594266971779913e-02
-5.226973140811885105e-02
-5.623895009818937613e-02
-4.330944307016391243e-02
-4.061757458434856610e-02
-3.571554938772885518e-02
-1.348942289209097839e-02
-2.715269927901712687e-03
1.550123621008233678e-02
2.088744490483853897e-02
2.671730968352075547e-02
3.157986591767336648e-02
3.070608438324051379e-02
3.467237238332936122e-02
3.458295129608556645e-02
3.366604010217884996e-02
3.602996490351544068e-02
3.158331018363468717e-02
3.173940709631950519e-02
3.090334800396291048e-02
2.006176737411325545e-02
1.878687236440575170e-02
1.268691765775720702e-02
9.784806693353669677e-03
7.015260697646585192e-03
7.212662248229423020e-03
7.279870657657800531e-03
-1.789786420293317318e-03
-5.387608182139915457e-03
-6.034113373074388893e-03
-1.999355498464528910e-02
-1.480856886979629167e-02
-2.231012974236012969e-02
-2.737386016467018013e-02
-2.532990021219801158e-02
-3.928121749986344946e-02
-4.208909726935128326e-02
-4.937905378967172298e-02
-6.288522943815312571e-02
-6.132105238272205633e-02
-7.359677491943036887e-02
-7.994457101233570784e-02
-7.867351607590872264e-02
-9.005273126685114926e-02
-9.057849620690645864e-02
-9.450813388793144476e-02
-1.090602615201290704e-01
-1.101345757449164048e-01
-1.147847931468730931e-01
-1.200753136608286864e-01
-1.169345312716510848e-01
-1.180958284049011958e-01
-1.098838251453718579e-01
-1.150921432547834938e-01
-1.144908361485375281e-01
-1.182893844998917227e-01
-1.175133290836182787e-01
-1.153674822594557003e-01
-1.168284002426192847e-01
-1.142805346257182580e-01
-1.157136487361209443e-01
-1.157455036841508605e-01
-1.146279638644449456e-01
-1.189742347555987068e-01
-1.170150869528124443e-01
-1.231681467625349441e-01
-1.281894256264660414e-01
-1.245158235743158009e-01
-1.344499005037887718e-01
-1.310652610301651089e-01
-1.342314490152919648e-01
-1.518228510725878611e-01
-1.508501939096367206e-01
-1.589800013130077960e-01
-1.699391409274209341e-01
-1.664998446537597210e-01
-1.797215318759893821e-01
-1.924809061571980950e-01
-2.041690570806742600e-01
-2.141914456962838720e-01
-2.231982628691952797e-01
-2.234788471804458054e-01
-2.261029292505558619e-01
-2.236921130763666055e-01
-2.178454471329831499e-01
-2.126528222348831876e-01
-2.005968771181270149e-01
-1.914139554404171717e-01
-1.652930286858322051e-01
-1.453243467648740461e-01
-1.308706789817005445e-01
-1.203902488978392249e-01
-1.004589389938650712e-01
-9.483181241400770456e-02
-9.519204161184810498e-02
-8.903199881866732945e-02
-8.904444491284284335e-02
-8.477424571263182662e-02
-9.491222941990240525e-02
-9.299193552234720495e-02
-8.952271042471353357e-02
-8.820113552094697995e-02
-8.415002833337249799e-02
-6.922370962045361342e-02
-6.972146076996335595e-02
-6.115799106986017503e-02
-5.738615860523034462e-02
-5.958704821411976021e-02
-5.520354323114434747e-02
-5.737778116485339058e-02
-5.593222431252412724e-02
-5.504699524803314398e-02
-5.482603441471135819e-02
-5.201459465622654266e-02
-5.133475717971582031e-02
-4.988532109130296155e-02
-4.883894936303510154e-02
-5.026028429258724839e-02
-5.246599816476200939e-02
-5.480301674603475781e-02
-5.598530775555943251e-02
-5.913661034962421070e-02
-6.158226052826473035e-02
-6.181115745483298923e-02
-6.621825410860564254e-02
-6.666709391880337732e-02
-6.773830735774938328e-02
-7.448136596482775318e-02
-7.340122585750866180e-02
-7.203672990124883324e-02
-7.252493843374165083e-02
-5.734495162357592518e-02
-5.358874796122685413e-02
-4.305359111246719050e-02
-3.320118671881869959e-02
-2.865657939927002476e-02
-1.904481919978202528e-02
-1.756245328407166073e-02
-1.770252152666727807e-02
-1.704436609367684236e-02
-1.760603095074679894e-02
-1.821399484580928096e-02
-2.624410794875961517e-02
-2.991986097171440637e-02
-3.191059903339373699e-02
-3.574418921912583119e-02
-3.887360766713048726e-02
-3.735272262688390382e-02
-4.163563815924909567e-02
-4.190904926348022058e-02
-3.382573256820308599e-02
-3.347239257409639901e-02
-2.889551493848488417e-02
-2.837828099132450391e-02
-2.659906606864384862e-02
-2.540977283636052658e-02
-2.579741994707532640e-02
-2.475880237684923921e-02
-2.956793694867051320e-02
-3.148781260354564793e-02
-3.585191005835450251e-02
-3.908371680252616109e-02
-3.287336858162798886e-02
-2.619625276862819208e-02
-3.072923600405775765e-02
-2.601895532930596777e-02
-3.241779608535764329e-02
-3.248160959553558075e-02
-2.853909807589474421e-02
-3.513558725191464477e-02
-3.455955557096906244e-02
-3.266125108932586840e-02
-3.457866566809698894e-02
-2.832151846552808522e-02
-2.634355827019478624e-02
-2.561152779314948905e-02
-1.490804840884664070e-02
-1.563871996538336237e-02
-1.640766433682151054e-02
-1.579032971926532664e-02
-1.974421401761001019e-02
-2.403419124950116614e-02
-2.549425077217646121e-02
-2.913477069113016432e-02
-3.028407815829703767e-02
-3.347573322978800864e-02
-3.590051242315778213e-02
-3.822311035375203225e-02
-3.990250091934065962e-02
-4.364320784793569719e-02
-4.550925109292584814e-02
-4.865236214561879241e-02
-5.299633877212066996e-02
-5.443929475777124771e-02
-6.026597533710141563e-02
-6.351886834674716487e-02
-6.647019667739013926e-02
-7.494371071497522852e-02
-7.619128021620055757e-02
-8.547831470537703424e-02
-9.604933066187033852e-02
-1.040139045370738896e-01
-1.213554540360925887e-01
-1.309015818284677002e-01
-1.455992056234204635e-01
-1.632802704824555251e-01
-1.722869769401602358e-01
-1.927724031439650432e-01
-2.006313984691313890e-01
-2.018693806839673699e-01
-2.034265003997273724e-01
-1.974789422576842812e-01
-1.852898123091046567e-01
-1.815551117742058573e-01
-1.784401110420456016e-01
-1.700415939011155064e-01
-1.680192516334778619e-01
-1.578008936185113231e-01
-1.324858082762735423e-01
-1.123208731097388585e-01
-9.681032920893808957e-02
-8.817973814917791364e-02
-7.773850510878906050e-02
-6.894226735490097124e-02
-6.616964238307661283e-02
-5.629437710396165834e-02
-5.487974486448239653e-02
-4.862399598480266621e-02
-2.977231652568174472e-02
-3.393829547221132586e-02
-2.463088460930531673e-02
-2.424781249481512344e-02
-4.200573619929330593e-02
-3.923530629356611343e-02
-5.316112374097217708e-02
-4.945568574742958273e-02
-4.685311326717577635e-02
-4.444759154207274243e-02
-2.195951603762971716e-02
-1.342297381406580038e-02
5.801288392253667846e-03
2.572727555464958057e-02
2.209400246660422895e-02
3.624631916814767540e-02
3.327136266789714608e-02
3.536290767106088639e-02
4.123639444816449423e-02
3.522353261032584032e-02
3.963062373028294200e-02
4.175308182742010904e-02
4.034740005909149413e-02
4.713096731391543809e-02
4.820760667452305553e-02
5.146944537640647105e-02
5.950453151470018465e-02
6.100048467641489697e-02
6.635482602424062903e-02
7.034649402954837316e-02
7.187258817359871987e-02
7.623273363558821791e-02
7.745498444168071039e-02
7.936812776387941470e-02
8.144399177946903823e-02
8.166432938467765856e-02
8.298743828795014654e-02
8.308509860536088254e-02
8.295167472285941423e-02
8.278512466525794755e-02
8.178944810534771737e-02
8.082644240797189072e-02
7.906460763341055520e-02
7.736322428811300000e-02
7.468308211010414588e-02
7.171764330042275370e-02
6.845034728216727038e-02
6.309115710698470769e-02
5.799716097731685144e-02
5.037916454922045095e-02
4.347028888677684916e-02
3.571349915869518471e-02
2.868511178497891098e-02
1.957582506840522055e-02
1.298795855404702784e-02
1.065562536640688590e-02
4.986666412743917878e-03
3.034703826087176235e-03
1.066922182953839240e-03
-1.534999584249643022e-03
-9.138719447944013705e-04
-2.351235865056637998e-03
-2.194965822245716069e-03
-6.124894389428542016e-03
-6.296718075522949633e-03
-7.450834910718582942e-03
-8.568766469296301702e-03
-8.533648693084559811e-03
-9.400636381705400335e-03
-9.177915060251805313e-03
-9.611283293052236970e-03
-9.752967935433631136e-03
-8.851869061330831095e-03
-1.040171509705668795e-02
-8.452600721709415538e-03
-8.934950925494242538e-03
-1.305380449140840227e-02
-1.361801092216503514e-02
-1.302801180492397029e-02
-1.203881915220330126e-02
-1.075079728929810054e-02
-6.477365817805590294e-03
-2.167849086196988687e-03
6.343092672358023902e-04
1.244382606493042720e-02
1.555954083806274438e-02
2.599994649196158206e-02
4.781136649969409264e-02
5.627915482812122228e-02
7.413341510485343955e-02
8.544349173130554032e-02
9.509836997734259778e-02
1.062911641347539793e-01
1.120146994506371479e-01
1.193252173935567123e-01
1.221049723670169368e-01
1.248245218277367619e-01
1.259229293956977969e-01
1.213778743223025425e-01
1.225444417659099228e-01
1.130724752978320147e-01
1.062299865287952561e-01
1.038898636080080179e-01
7.990261409976551210e-02
7.684355503222009554e-02
6.440451236563662918e-02
5.307337309194271741e-02
4.951274212946885078e-02
3.868227991172810271e-02
3.220140809199650150e-02
2.855421000543723054e-02
1.614533404645849060e-02
1.456923977904870000e-02
1.186007174162872178e-02
8.023851995261913062e-03
7.724035194034877330e-03
5.703561789215312247e-03
4.947103860693197706e-03
4.562706444636003070e-03
3.389437805602159119e-03
4.210364615405914890e-03
2.931599568451856343e-03
3.162328927081675158e-03
6.057211740353760782e-03
6.364880121468448858e-03
7.046528541051209731e-03
6.054551781487322801e-03
6.023962504506138148e-03
5.940511974343310776e-03
5.629572433508720462e-03
5.657091355870942466e-03
5.545638001716124942e-03
5.475872753113818388e-03
5.469707469938143822e-03
5.418044515531236088e-03
5.404899960427121848e-03
5.393564491190075590e-03
5.376271118878803677e-03
5.375201901433728467e-03
5.369762955000466874e-03
5.365541455723416182e-03
5.374233578371630064e-03
5.369783552085085482e-03
5.378846802560695479e-03
5.403247954940101731e-03
5.383983785245432217e-03
5.447373675927750548e-03
5.465150086316991097e-03
5.431157730196378014e-03
5.671938539879656238e-03
5.513363449359098833e-03
5.681106058430455789e-03
6.212908009771757681e-03
5.386473599611222782e-03
6.972923931472508295e-03
7.402865399346536535e-03
