-1.404130821062590274e-03
-1.649511354134296096e-03
-6.788996298305207192e-03
-6.921381041897176588e-03
-7.853456569464813825e-03
-8.725772937772397625e-03
-7.902015082368799362e-03
-8.401009589808172001e-03
-8.354095686151448777e-03
-8.249954155396180613e-03
-8.390904597832659489e-03
-8.328020272505520100e-03
-8.343904642654323064e-03
-8.354573525967461112e-03
-8.341991774211748520e-03
-8.347024174522054557e-03
-8.311884101146929660e-03
-8.352008753036791952e-03
-8.272336719914681613e-03
-8.242703904999249681e-03
-8.417784859799751565e-03
-8.432909067092620239e-03
-8.800224769237216180e-03
-8.748264068164498738e-03
-9.025768448435745120e-03
-9.222276796202343377e-03
-9.006683252084641059e-03
-1.011041646350220591e-02
-9.584165080957170180e-03
-1.009819107273801121e-02
-1.394102492995579964e-02
-1.495358557189435146e-02
-2.427018135093700346e-02
-2.516725884548136338e-02
-2.505897209134387571e-02
-2.577099768806542790e-02
-2.460603459583034572e-02
-2.264769353288428877e-02
-2.234415572810707906e-02
-2.156035995691338997e-02
-1.997583356143749905e-02
-2.008982082260239721e-02
-2.007897253708563340e-02
-1.926142394273188188e-02
-2.053003799771494983e-02
-1.933543920977011041e-02
-1.983687886380304174e-02
-2.329802121233559217e-02
-2.358338323864206040e-02
-2.800228773520484910e-02
-2.740382572150318330e-02
-2.989781097453348205e-02
-3.002341007051422331e-02
-2.169362400367341737e-02
-2.252635032133619430e-02
-2.132366076301241489e-02
-2.025575176904631514e-02
-2.142815232222681013e-02
-2.145339029885127285e-02
-2.017170774500340671e-02
-1.474268575143826074e-02
-1.309520071322840991e-02
-1.334577787670540930e-02
-1.166846975667105123e-02
-9.525914777297601194e-03
-1.390227312238040587e-02
-1.164094586153533936e-02
-1.853023709656478890e-02
-2.462636058602421865e-02
-2.991230736751625263e-02
-3.198591852589428158e-02
-3.337295290536916592e-02
-3.459354411892363174e-02
-3.551082290265124980e-02
-3.668253973814554481e-02
-3.807645052949557712e-02
-3.818557870312758867e-02
-4.111685485667662676e-02
-4.043255134904183423e-02
-4.319286433533280067e-02
-4.488058280615277174e-02
-4.662850361717107983e-02
-4.826493962479801864e-02
-4.617252237803361886e-02
-4.671208266231626632e-02
-4.254012642648045961e-02
-3.550722670983991885e-02
-3.144859501453550060e-02
-2.615041551160638897e-02
-1.854290656217133168e-02
-1.669550196518905863e-02
-9.487281978004741614e-03
-9.355357150718293657e-03
-1.079374780302026597e-02
-9.328005062359879737e-03
-9.962932231512806186e-03
-1.187326543835997769e-02
-1.226505004188059751e-02
-1.420217580432411170e-02
-1.522711262485829976e-02
-1.886368047076008789e-02
-1.983704427027436004e-02
-1.969079006454120886e-02
-2.064205796661709030e-02
-2.308613753431727755e-02
-2.297745579139727837e-02
-2.452221065745521789e-02
-2.838362263675232172e-02
-2.878707053190570492e-02
-2.955922088226392921e-02
-3.048260109855501290e-02
-2.961587879077352131e-02
-2.976386414368106803e-02
-3.019000216245389806e-02
-2.855926072391642631e-02
-3.022626015772856764e-02
-2.959749230636311845e-02
-3.226517213273105700e-02
-2.958675254115738021e-02
-2.977203891120641308e-02
-3.176809938252449922e-02
-3.253451278289050397e-02
-4.049022611614467443e-02
-4.238747603928803148e-02
-4.581904774717955597e-02
-4.940795492662122118e-02
-4.183829017122580457e-02
-4.163906154965419520e-02
-4.099249921198578478e-02
-2.936960455312533774e-02
-2.142455825905353883e-02
-1.294340738162541062e-02
-1.262420430472638820e-02
-9.320405985652610234e-03
-9.343696947829740335e-03
-1.044041687521756086e-02
-9.187737304512798298e-03
-1.008514993781220448e-02
-1.044036242676414997e-02
-9.538923044853807667e-03
-1.165676939681592472e-02
-1.095511728753289366e-02
-1.090714570580214593e-02
-1.718065526914081334e-02
-1.760482133651012845e-02
-1.984437346511584363e-02
-2.063428756395322555e-02
-2.086061013550944213e-02
-1.797526738054510895e-02
-1.671906504244279751e-02
-2.075321010386797435e-02
-2.103153573678127886e-02
-2.011286323826169328e-02
-2.680702231454342929e-02
-2.152500390055361520e-02
-2.400682917068903618e-02
-2.451919546260651617e-02
-2.183392260804898830e-02
-2.757668870893846200e-02
-2.805557865970270334e-02
-2.936237552170712847e-02
-3.450289153196384184e-02
-3.156328523122595847e-02
-3.693757149913536042e-02
-3.887019434104534155e-02
-3.527662286566590755e-02
-3.987572077690143546e-02
-3.804554011049470635e-02
-3.800148135025044338e-02
-4.633927765377111180e-02
-4.556335200391355145e-02
-4.532735231678691745e-02
-4.716309469616153383e-02
-4.217353256901070629e-02
-4.171028226152671131e-02
-3.370447529390803443e-02
-3.722339019836907320e-02
-3.753760086604455287e-02
-4.030332898292380422e-02
-3.944475356480672129e-02
-3.814387854051005250e-02
-3.794846784739078216e-02
-3.659963868998251241e-02
-3.656286398890452177e-02
-3.573898951823227532e-02
-3.494547102884737466e-02
-3.554162310730172442e-02
-3.367206126360879764e-02
-3.560651705797741873e-02
-3.588610348435972847e-02
-3.255123281036755717e-02
-3.516364564875165688e-02
-2.982590268635914796e-02
-3.068108892409566330e-02
-3.820775918529082521e-02
-3.608867429954099731e-02
-3.857444458074366089e-02
-4.131030998104759377e-02
-3.702706366971719731e-02
-3.947411265841008210e-02
-4.246788570894129144e-02
-4.485109277978983899e-02
-4.664126858520401681e-02
-4.681210208553036878e-02
-4.755977860779114774e-02
-4.652876073973344351e-02
-4.651984460111275449e-02
-4.644830704210649308e-02
-4.503616331477665324e-02
-4.934966908780855088e-02
-4.773657334022700371e-02
-4.673199430475635102e-02
-4.166459436188218318e-02
-4.553069938225254298e-02
-4.513616384836909023e-02
-3.593339513773675248e-02
-3.746453715933527329e-02
-3.718479122448702795e-02
-3.644903652733317428e-02
-3.712946425924838756e-02
-3.565147962685791955e-02
-4.255688171227413330e-02
-4.221073278984603661e-02
-4.183285811091735223e-02
-4.247398180137566814e-02
-4.100173933470618870e-02
-3.482767578840867406e-02
-3.518084139331356663e-02
-3.125865443031810437e-02
-3.010709112257371409e-02
-3.074430950311802385e-02
-2.931230972534892495e-02
-3.085768963053470149e-02
-3.000559930884259124e-02
-3.014056128911611621e-02
-2.940110688527231009e-02
-2.776765923085909929e-02
-2.672079921550918682e-02
-2.574587026150396141e-02
-2.492424318641587797e-02
-2.561842729328354593e-02
-2.888998795162545791e-02
-3.007176063047937997e-02
-3.110985690078473670e-02
-3.416714424320840132e-02
-3.503509289114860314e-02
-3.579100091776264009e-02
-3.889627229176242235e-02
-3.863951622665164759e-02
-4.055650779989771609e-02
-4.541571307760531445e-02
-4.581344698159686701e-02
-4.589352807969563491e-02
-4.649866909480413618e-02
-3.729912481673886698e-02
-3.510584535058557804e-02
-3.015207369162417952e-02
-2.545354557009574595e-02
-2.296476834923016214e-02
-1.794140146311303669e-02
-1.731189186964501858e-02
-1.844467099113945852e-02
-1.880838881689915476e-02
-1.882413090352505827e-02
-1.962159350690738380e-02
-2.647082624779558552e-02
-2.884497645781030142e-02
-3.014949659175900770e-02
-3.266161743822714597e-02
-3.444709251890647889e-02
-3.346659704691341830e-02
-3.648290288104039797e-02
-3.693459750756723087e-02
-3.055755172959139301e-02
-2.978973466983296167e-02
-2.735493297861278303e-02
-2.694148564275660601e-02
-2.594730069416579382e-02
-2.531909121452214501e-02
-2.522722904074171935e-02
-2.473725418958906686e-02
-2.856736549906727096e-02
-3.013085141605306716e-02
-3.454346479453098556e-02
-3.636566127870936860e-02
-3.110998254899539558e-02
-2.541689977503299586e-02
-2.810131688594869406e-02
-2.543909440305842581e-02
-3.040108127049303069e-02
-2.998152248678517470e-02
-2.772388284927646690e-02
-3.217080568913129740e-02
-3.282597421110489827e-02
-3.156971079133923108e-02
-3.273114201074469459e-02
-2.893560967338285397e-02
-2.743253369776975023e-02
-2.700415796479479352e-02
-1.808833095615875602e-02
-1.826657933914153584e-02
-1.915247620275199042e-02
-1.847935054892664575e-02
-2.119843912982417172e-02
-2.404111346401197058e-02
-2.394497905259225859e-02
-2.520050883944026723e-02
-2.450501518423576011e-02
-2.539270835985671729e-02
-2.527008570937463658e-02
-2.515403382563863657e-02
-2.463120680853797886e-02
-2.548281048318863998e-02
-2.518295402092591423e-02
-2.521786824700321047e-02
-2.626197987089973554e-02
-2.535363632608189643e-02
-2.648101319836766027e-02
-2.701982881900875585e-02
-2.602693220185115994e-02
-2.904119861698930063e-02
-2.808243302833344016e-02
-3.011877575581975094e-02
-3.612309920764791848e-02
-3.829136927496876869e-02
-4.382509322489033105e-02
-4.818450558697871811e-02
-5.099812142938799781e-02
-5.715960541395405381e-02
-6.033007956944193978e-02
-6.430024015536531246e-02
-6.891955522351876640e-02
-6.361127990883633232e-02
-6.101047913664479211e-02
-5.587091860136185473e-02
-4.644394459870677949e-02
-4.481714940087608290e-02
-4.781805064745560385e-02
-4.563474953307370546e-02
-4.860571162602282669e-02
-4.913277030472526508e-02
-3.611305179080379069e-02
-3.278120487128186045e-02
-2.822738678432553522e-02
-2.982746536243798333e-02
-2.925098095797309949e-02
-2.788366515155780989e-02
-3.032829599613290003e-02
-2.881376648217927675e-02
-3.113025848142433535e-02
-2.895317341684723947e-02
-1.903870508624362981e-02
-2.230310859163296688e-02
-1.833351223733791294e-02
-1.952664691634338825e-02
-3.413775370069103282e-02
-3.621532027130145576e-02
-4.675205736515539862e-02
-4.681322235237243140e-02
-4.752266297756337077e-02
-4.636069425077565809e-02
-3.307519891272969748e-02
-2.727976625300554403e-02
-1.431912065905810612e-02
-1.514931068750501562e-03
-6.465684119070351857e-03
4.729644433680657112e-04
-4.193699444441549053e-03
-4.659907250099206560e-03
-3.044512639786738431e-03
-9.164866639813844945e-03
-7.886439350542695861e-03
-7.739804554847777400e-03
-1.001999674856290413e-02
-6.675873166910692436e-03
-6.949776508211059564e-03
-5.866506500181556394e-03
-1.170781667426022514e-03
-9.833094383111173550e-04
1.462595950596035825e-03
3.379734010158115358e-03
3.508114312381462822e-03
5.489718043690311119e-03
5.712559865645304435e-03
6.270532241047782965e-03
7.053682762420195040e-03
6.882778570093496702e-03
7.312051413849068697e-03
7.151016134211750711e-03
7.049943326046873883e-03
6.729517967812556622e-03
6.247747123562585186e-03
5.791875109489038644e-03
4.596787313620583244e-03
4.043736297210371797e-03
2.327562627643984562e-03
5.888109255943685611e-04
-8.746844369323438515e-04
-4.803796446701018123e-03
-7.379445873525567086e-03
-1.136427407065533114e-02
-1.522601149400158206e-02
-1.908622946482286392e-02
-2.237072456077320026e-02
-2.728845583982966380e-02
-2.929684910348691329e-02
-2.634742955807435963e-02
-2.754736512669327467e-02
-2.635766678776668356e-02
-2.444962054136590526e-02
-2.298368241922009447e-02
-2.108310667218967621e-02
-1.640338195866151288e-02
-1.584182249486918923e-02
-1.776958630500992398e-02
-1.642183465433242825e-02
-1.728711028314947745e-02
-1.739531788968300824e-02
-1.711674217191482342e-02
-1.771523119494729237e-02
-1.735205707417454557e-02
-1.774880329800429188e-02
-1.816521034873851831e-02
-1.743670622081136198e-02
-1.950547964492196570e-02
-1.873318196129186361e-02
-1.944395425716470213e-02
-2.690240825196998919e-02
-2.848780062338500049e-02
-3.035672588428043814e-02
-3.281135962032905029e-02
-3.378052650886195774e-02
-3.447266304540121118e-02
-3.566955891534117490e-02
-3.688374966612482930e-02
-3.546464648472793385e-02
-3.911545245930352077e-02
-3.758830339367401352e-02
-3.369116410825667013e-02
-3.329665539309054068e-02
-2.973768091911847475e-02
-2.806265925013379237e-02
-2.694984910021492458e-02
-2.515724400281886888e-02
-2.427246841207749556e-02
-2.327922324703544585e-02
-2.218212709646255956e-02
-2.116530575372500486e-02
-2.039054774811182441e-02
-1.877213392711847215e-02
-1.756927490471337991e-02
-1.643105848639146022e-02
-1.292876388342210567e-02
-1.245855268784444060e-02
-9.280385042100366966e-03
-9.137406049852244555e-03
-1.031207275439394513e-02
-9.208465967484777068e-03
-9.641201282606960687e-03
-9.931928757609807812e-03
-9.081496332289048373e-03
-9.730838263722943124e-03
-1.014479531906966464e-02
-1.045765681390471713e-02
-9.951565817104128173e-03
-1.013856697306655778e-02
-9.992138481168500244e-03
-1.001193776760527475e-02
-9.894772971898117137e-03
-9.813000098745409960e-03
-1.009287630894921059e-02
-9.236758081350330413e-03
-9.989940452463966572e-03
-9.636621675788563726e-03
-6.682834573767212905e-03
-6.084050732686498847e-03
-5.535011480749176850e-03
-5.795905243636408424e-03
-5.830044867389134848e-03
-5.774496580498847398e-03
-5.867724377939601867e-03
-5.847855542152034965e-03
-5.857055359658931877e-03
-5.876101862177415293e-03
-5.869101822356447527e-03
-5.876979640742997779e-03
-5.878828184829295971e-03
-5.878154386209042195e-03
-5.880378827181773072e-03
-5.879476786851771039e-03
-5.879717220613046511e-03
-5.878069375046253257e-03
-5.876553478693386651e-03
-5.875612289028077188e-03
-5.867214121330874971e-03
-5.867818452206229399e-03
-5.857070797644542241e-03
-5.834799527614782481e-03
-5.847559566692603870e-03
-5.781734083690966662e-03
-5.761573226763382245e-03
-5.779536638150330370e-03
-5.507307320995268908e-03
-5.664930837059812402e-03
-5.403797290625807388e-03
-4.619350186710130361e-03
-4.803419148156684582e-03
