-1.879933182255147687e-03
-1.992506798285208127e-03
-3.709509606668784376e-03
-3.841371326087013403e-03
-4.261167816910721093e-03
-4.494336352319021864e-03
-4.435116993052130342e-03
-4.608062532399682075e-03
-4.629268976313071805e-03
-4.646420427099226709e-03
-4.696295070818860828e-03
-4.695964059075423760e-03
-4.700757362773283488e-03
-4.713298559121991207e-03
-4.699180520832026663e-03
-4.673849850817949833e-03
-4.693466125280216193e-03
-4.603747437960477827e-03
-4.578570691171342071e-03
-4.600705780199700924e-03
-4.225936679488744366e-03
-4.174011405964398423e-03
-3.840963662789259863e-03
-3.767255515592665520e-03
-3.441313218446263780e-03
-3.405836724626898175e-03
-3.167397662343786769e-03
-2.432531820427463309e-03
-2.996515502780090073e-03
-1.287681338766980769e-03
-6.400105837437875672e-04
-1.444931417452493573e-03
9.569499365994792173e-03
1.285672446313285318e-02
1.785420354338832297e-02
3.957808389574206387e-02
4.298428610850808101e-02
4.945310993612021117e-02
6.011945813507298120e-02
6.123590628633891753e-02
6.496783952405969786e-02
6.593429474145302838e-02
6.521049850676119419e-02
6.662948289312849159e-02
6.603375285558157892e-02
6.655369614812912948e-02
6.598445225927793145e-02
6.513884841307171492e-02
6.197759381081296981e-02
5.732250387826703930e-02
5.556596363916301018e-02
4.479967742970919486e-02
4.118110039318538529e-02
3.412812740605471878e-02
2.796710030758705820e-02
2.439249849706752113e-02
1.902885203413310841e-02
9.977490894378686012e-03
5.389052387364256201e-03
9.677942302803792599e-03
2.025729212415048469e-02
2.599291212068929879e-02
3.631026245846728090e-02
4.624865084381690056e-02
4.539016542159619166e-02
4.454681883755241822e-02
3.980250583916259549e-02
2.310422954381768229e-02
1.861853560046482225e-02
7.545422414876940508e-03
1.520646664644329134e-02
2.794373326315060038e-02
2.827155193807265321e-02
3.364437323620186882e-02
3.335510920319539885e-02
2.649278906251066601e-02
2.518061912223190646e-02
1.768449704432133521e-02
1.264999458877810040e-02
6.299777040003385481e-03
-4.725542761948035159e-03
-1.321286366950440334e-02
-2.078010020190051640e-02
-2.600493509834790953e-02
-2.856543077157602806e-02
-2.637410777916544824e-02
-2.311927904223389299e-02
-2.165044509068067558e-02
-1.803947125049987915e-02
-1.869289185956863122e-02
-1.702684944796729535e-02
-1.232549857879962005e-02
-1.134473200204224284e-02
-8.086159049169632657e-03
-7.195285669359318889e-03
-4.844125453819104164e-03
-1.248145702484279064e-03
-1.601144973494772732e-03
7.054195518618064376e-03
6.862287679841276924e-03
6.908854851116725572e-03
8.528532615705922137e-03
9.005510936732694224e-04
6.736718182256739912e-04
-2.954829376279098554e-03
-5.884998803459796750e-03
-8.475771876178893327e-03
-1.403411594328817999e-02
-1.580861288843345494e-02
-2.471824268674960301e-02
-2.581048211820605523e-02
-3.118000118718559574e-02
-3.145709701990013346e-02
-2.858516481038572699e-02
-3.478797264822662549e-02
-3.464659035274371413e-02
-3.728869063117156574e-02
-3.530406030926567379e-02
-3.180229978110872546e-02
-3.461979800861932077e-02
-3.500259628847356141e-02
-3.825388990958059759e-02
-3.991064072856208983e-02
-4.234768264777618446e-02
-4.435267833249690456e-02
-4.071914741605037885e-02
-4.309739057470283324e-02
-3.910738178513321894e-02
-3.347085126570044367e-02
-3.334120645733141750e-03
2.390854865465619206e-02
5.011101171876872901e-02
5.068843692825212438e-02
6.477308675479170885e-02
6.514921278111739100e-02
6.500935284504220923e-02
7.013726544183274125e-02
6.832771125669452605e-02
6.968572390486033052e-02
7.114188679843953811e-02
6.864658268495624216e-02
7.034388670409279232e-02
6.907579445962520881e-02
6.403317277848925848e-02
6.407499042502662334e-02
5.510810381900605598e-02
5.187540522121019543e-02
4.854059309015433532e-02
3.328972189246479779e-02
3.168471314761063529e-02
2.058775414123628980e-02
1.133053468535702782e-02
8.482164637496533363e-03
-4.861595451299670183e-03
-3.704868587866876756e-03
-1.184027050614217674e-02
-1.408386759642806484e-02
-1.473557196820527576e-02
-2.029023055132828449e-02
-1.753978323589330465e-02
-2.216935078787111990e-02
-2.728134233531900529e-02
-1.419219450153175015e-02
-1.528151298960044903e-02
-1.655211679156097515e-02
-1.222698645000938437e-02
-2.331429888432463848e-02
-2.731750085224295133e-02
-3.448644060359395275e-02
-5.229056966625708625e-02
-5.826586008912037346e-02
-6.936862122248997620e-02
-8.013630369008049870e-02
-9.285354939288315013e-02
-1.195089259044975344e-01
-1.383041228861709437e-01
-1.570359616475336395e-01
-1.785885190127706745e-01
-1.949382509215362158e-01
-2.009179323299197517e-01
-2.059625672322099310e-01
-2.093913685448546280e-01
-2.095723137246852386e-01
-2.111715991520753954e-01
-2.132994784333265004e-01
-2.075646530450588056e-01
-2.105454884700106721e-01
-2.025259482400944833e-01
-1.796282761949730411e-01
-1.744615206373140159e-01
-1.431909635630383149e-01
-1.355518323603779329e-01
-1.275222087165963913e-01
-1.153457810170680636e-01
-1.268462159074830453e-01
-1.319112691088551448e-01
-1.355016314839200819e-01
-1.551247681916740617e-01
-1.678612081794363664e-01
-1.835877837473907648e-01
-2.055320182058147094e-01
-2.264866417771188856e-01
-2.443560152987937495e-01
-2.602344671110052299e-01
-2.643972776652752654e-01
-2.672137284855381489e-01
-2.661221084603007103e-01
-2.564137103374162230e-01
-2.456921143257340123e-01
-2.208715669764906298e-01
-1.925610688733765674e-01
-1.504448838507513875e-01
-1.261982965779362975e-01
-9.280158633137726432e-02
-7.698360205633310305e-02
-5.611942843853525570e-02
-4.452609217788477958e-02
-4.226204690965015831e-02
-3.663201638470234972e-02
-3.569257115238263361e-02
-3.385837060701196027e-02
-4.442465859069622686e-02
-4.407609904134937584e-02
-4.236156612632641788e-02
-4.425012425332035260e-02
-4.008097687375167251e-02
-3.188806507787771138e-02
-2.868132084549745650e-02
-2.354765553181496079e-02
-2.014599204922027167e-02
-1.202881404764118319e-02
-6.552688543976672823e-03
2.873652984651550377e-03
1.540452851774100698e-02
2.362291190309752376e-02
2.816671306301619590e-02
3.420329966593446680e-02
3.327522206549952954e-02
3.928972957097974505e-02
4.130935585280335470e-02
4.419959282100126979e-02
4.792568501841038692e-02
4.189917475548173009e-02
4.113986001690377731e-02
3.796615700369553037e-02
3.090177724275481111e-02
3.192550726518338794e-02
2.235852437799849129e-02
1.923568656459071977e-02
1.557503058466836246e-02
-3.784294493098487176e-04
-2.545650902976336494e-03
-1.060292387250981114e-02
-1.656336620168193108e-02
-7.494524305072253721e-03
-1.368597206168044311e-02
-7.529530088035325981e-03
-8.685988324019103604e-03
-8.076114298976172501e-03
1.989609501302017948e-03
3.697969766047423581e-03
7.167278456919850063e-03
9.586624828903468620e-03
1.341766843255515901e-02
1.433712953625408508e-02
1.408127912343589555e-02
1.234958429248585003e-02
1.055390008260563214e-02
8.681925534219703255e-03
7.950978372277912529e-03
6.240078607763460683e-03
3.077423070360950710e-03
4.993565532383619117e-03
-1.682016659140598809e-03
-2.658366983704598362e-03
7.062212335117808507e-03
4.950970796062490083e-03
3.760954314892568998e-03
6.350330048262810799e-03
6.269805606784241599e-03
8.079003145645460501e-03
1.066173089733475458e-02
1.015536175668725789e-02
9.791149558852210028e-03
5.224289276060999597e-03
-9.501530346895190743e-03
-2.026179763882759652e-02
-2.119927619582995595e-02
-2.629269687411496179e-02
-2.407331231704484126e-02
-2.178579452550776299e-02
-2.767746555548274492e-02
-2.809810177855287180e-02
-3.584012944685467661e-02
-4.491590328141098487e-02
-5.313460339029710960e-02
-4.557140442634870919e-02
-5.308928818264625760e-02
-4.666043443762515203e-02
-2.538398935872324125e-02
-2.314636185670140150e-02
-5.969524826773613471e-03
-6.483979201806517635e-03
-6.453615028528369556e-05
6.530094432925005916e-03
2.037736096337229227e-02
4.227811804501506454e-02
5.025562533815727817e-02
6.911998510906341986e-02
7.517849393206348096e-02
7.837870716153308437e-02
8.106312490431839823e-02
7.934662343222134706e-02
7.997538910872453721e-02
7.914984899248633798e-02
7.630662530490155138e-02
7.664129088102081266e-02
7.307366399185696859e-02
7.036084780922556570e-02
6.938817700181779125e-02
6.238745020230508642e-02
6.056045703983212181e-02
5.453875550303524666e-02
4.398210987764877150e-02
3.981466140814609450e-02
2.360022054830099997e-02
1.747058480984637480e-02
6.344104160831733064e-03
-7.618231569254944879e-03
-1.143796882705391468e-02
-2.918237940109687928e-02
-3.391164421365094883e-02
-4.360559161320232135e-02
-5.960013174913413730e-02
-6.254617307176280061e-02
-7.258688273592493745e-02
-7.507703730615973570e-02
-7.594813494812653609e-02
-8.167516803517979596e-02
-7.043735010441376510e-02
-7.084422233115915402e-02
-4.304462419890680430e-02
-2.172610374139557696e-02
-1.393818347983595378e-02
-1.602374508787774224e-03
-1.655265379719718290e-03
-2.846137695781692997e-03
-9.956377330650541431e-04
-1.457363645923395214e-02
-2.154770842170673426e-02
-2.918992734249224036e-02
-5.097500578665043608e-02
-6.870860700828609891e-02
-8.224833139401473148e-02
-9.911478732450704210e-02
-1.417702286773546705e-01
-1.436470495663563218e-01
-1.777326127575716286e-01
-1.695039853802080831e-01
-1.575463747505411460e-01
-1.516231368378433420e-01
-9.844895126507363647e-02
-7.628212115283881933e-02
-3.203276142647463326e-02
1.091008541687985001e-02
2.250268953555039850e-02
6.110036953798702458e-02
6.798313602774914977e-02
8.440801679793855095e-02
9.967782700693661457e-02
9.925444213232537116e-02
1.089227143619579813e-01
1.145337504493861291e-01
1.161919811843829670e-01
1.271111241693449745e-01
1.313189052601619056e-01
1.376916713757707078e-01
1.511638937131560556e-01
1.551317919509423715e-01
1.629159620095337879e-01
1.696231300353562288e-01
1.721516747799224090e-01
1.778808734761680166e-01
1.803224324887605645e-01
1.825636235191779866e-01
1.851621926980609456e-01
1.862267969203462992e-01
1.870060079942527653e-01
1.877186734733075624e-01
1.879033439795646798e-01
1.864045068814349226e-01
1.868725244477738578e-01
1.843490158695134384e-01
1.816358903910480771e-01
1.811145759310689163e-01
1.736273616196160330e-01
1.709834776359177855e-01
1.635815937780401297e-01
1.485793175426033952e-01
1.385399476856533918e-01
1.182693938837263981e-01
1.035985059261378682e-01
8.800954784033411527e-02
7.072488293844363116e-02
5.539449992094567371e-02
4.042990589240447186e-02
3.287387056029135446e-02
2.308244702513549337e-02
1.441425674236615322e-02
1.311006642197241022e-02
2.494539057677545076e-03
1.912218126255167813e-03
6.424508856452581379e-03
6.643517998417863835e-03
7.811671070903439436e-03
9.115043392723181856e-03
9.087821688495806641e-03
9.912242956352892639e-03
1.016291686108981851e-02
1.032388936934367646e-02
1.110280535574586190e-02
1.092628753024604479e-02
1.187609952889849725e-02
1.286887718866006752e-02
1.234461861044821966e-02
1.617436653482692832e-02
1.530991338899679796e-02
1.440517283996703944e-02
1.199756931176201337e-02
8.679004568993295768e-03
6.484127776644930778e-03
3.897862112409662509e-03
9.210553092675949826e-04
-3.099572311093100156e-03
-5.408848667493957631e-03
-1.214791714231307912e-02
-1.771914779444020219e-02
-2.195718428619460733e-02
-3.892672917655495141e-02
-4.322770178107896571e-02
-4.869797838333948109e-02
-5.611026231555904520e-02
-5.790512462087366030e-02
-6.181408006784832460e-02
-6.373109069678979666e-02
-6.469758881556568475e-02
-6.449945008881878550e-02
-6.420351578365543488e-02
-6.266380944835055200e-02
-5.823563561264001598e-02
-5.783969746119121264e-02
-4.993283670738006552e-02
-4.434566659490293133e-02
-4.255912799859505602e-02
-2.292218959242295351e-02
-2.136732334481153059e-02
-1.519008754317897544e-02
-8.853499116124168358e-03
-7.629017505849956630e-03
-4.295622751701871564e-03
-1.600521730621070953e-03
-6.114122516868643635e-04
-5.172649874550527566e-04
-3.293703629606853779e-04
-1.302761562054941804e-03
-1.193966910832329562e-03
-1.417898428606865612e-03
-1.547573994889969891e-03
-1.573448678911233299e-03
-1.509532297553330994e-03
-1.361291489505257225e-03
-1.539091234579146933e-03
-6.916659642694401736e-04
-1.002165168585764012e-03
-1.165468517875196518e-03
-1.915502491502165273e-03
-1.890812199365973995e-03
-2.217707014507005157e-03
-2.192127322561019439e-03
-2.236022471747748774e-03
-2.313844402546320726e-03
-2.301776450339387044e-03
-2.335415188450567191e-03
-2.348947693103464046e-03
-2.350833153102000351e-03
-2.363503960602941680e-03
-2.365305059593396462e-03
-2.368464619798809311e-03
-2.371712507287601461e-03
-2.371774348431970013e-03
-2.373495769858996202e-03
-2.372691489449374382e-03
-2.372387752041594036e-03
-2.372658347873372615e-03
-2.366873572901126953e-03
-2.369275994851070561e-03
-2.362617889163772574e-03
-2.349085748891749717e-03
-2.363302730485607184e-03
-2.319727665774215866e-03
-2.317869318554730950e-03
-2.339666194659281977e-03
-2.171726561687816175e-03
-2.315126134823770453e-03
-2.156948951817365921e-03
-1.733753145527458343e-03
-1.844222265152809393e-03
