1.561999936551535439e-03
1.949897566150582927e-03
8.497557933721413756e-03
7.772984055128649185e-03
1.073710999413153740e-02
1.298195737811432687e-02
1.236833447074934048e-02
1.396503649405793530e-02
1.397397068319316919e-02
1.387134727217348429e-02
1.431451048748560301e-02
1.411340513944179219e-02
1.417425493300243471e-02
1.423025044271887356e-02
1.416203849625254259e-02
1.419976952207932346e-02
1.419244443706170651e-02
1.418315720044806792e-02
1.419500314553988514e-02
1.419215924127619453e-02
1.419566329183017880e-02
1.420397567935724643e-02
1.421226091933224314e-02
1.422078767320127980e-02
1.424695904162226814e-02
1.426770400952299261e-02
1.429621561935513416e-02
1.437868183076830737e-02
1.440625925172467521e-02
1.452610086592871254e-02
1.470191134780105512e-02
1.472540702248166002e-02
1.508355688292457863e-02
1.518244257068037707e-02
1.530460204903834331e-02
1.557485063973806406e-02
1.532631510355951000e-02
1.538813004284682144e-02
1.511601610365371703e-02
1.465053615396773486e-02
1.476682158073237827e-02
1.388208940841693939e-02
1.294995718240156586e-02
1.455414326375538761e-02
1.255666277111603009e-02
1.388400605415133875e-02
1.876953810289529179e-02
1.912882916083031778e-02
2.915647518225661372e-02
3.639251258451466076e-02
3.764258405460479268e-02
5.875794026853149027e-02
6.097185521710246636e-02
6.025541033104286209e-02
6.941092034927985599e-02
6.407089878897202773e-02
6.054326248819361794e-02
6.086366246989061840e-02
5.210283591757971372e-02
5.392958693629338468e-02
5.937821667724607622e-02
6.247715295499636778e-02
6.472624990367392694e-02
7.282746561431929777e-02
7.607109438259429535e-02
7.677115668370498858e-02
8.207921201062337579e-02
8.035139462585072501e-02
7.675383796681732596e-02
7.640883623630179144e-02
6.585942741784940602e-02
5.879412360724207282e-02
5.291652546733759122e-02
3.787054427450820687e-02
3.342350309131812691e-02
2.996753821143573540e-02
2.636787115108886817e-02
2.867831011273217975e-02
2.918379185604188727e-02
2.953900337091598660e-02
3.381711159268769445e-02
3.679071145988262875e-02
3.964230160453460078e-02
4.383488287076183626e-02
4.432912469120790788e-02
4.584301198878470984e-02
4.655265127345013798e-02
4.268333955873339358e-02
4.140733669273438666e-02
3.171900645341804020e-02
2.357963264510110069e-02
1.278564973211734034e-02
5.565713999896491904e-03
-3.268330612287580726e-03
-9.382168883461449588e-03
5.431904455859917075e-03
2.865920099963782143e-03
5.371404101827947745e-03
1.441141738127750538e-02
1.194110352044585634e-02
1.794627029250604744e-02
1.897857226267226846e-02
1.891314534433331460e-02
2.157573185209146066e-02
2.230259938439861644e-02
2.160302777140846522e-02
2.269085950937154567e-02
2.765382135048048695e-02
2.693098930221236864e-02
3.106024640947358667e-02
3.231071183632120564e-02
3.018221542316752715e-02
3.074890499802044805e-02
3.026225961998486869e-02
3.073603670589816761e-02
2.928846964505774780e-02
3.334634080714916904e-02
3.441021920549980351e-02
3.525209120603343960e-02
3.469003194432029868e-02
2.918797817188353502e-02
2.432169400056779021e-02
1.435387856009251624e-02
-8.907681298147177929e-04
-1.667745330386099026e-02
-4.108851246057951268e-02
-5.423570200120011314e-02
-7.213152012859035123e-02
-9.127754894611045389e-02
-9.567139183556375159e-02
-1.142616325652089926e-01
-1.125391213223845138e-01
-1.123939400267274652e-01
-1.154192193489910617e-01
-9.731741501088547741e-02
-1.029400678348136450e-01
-8.384640755639771736e-02
-7.717382677904971455e-02
-8.238476417608776858e-02
-6.578569058724001439e-02
-7.257750906528542822e-02
-7.075785377206642024e-02
-5.802352095576022994e-02
-6.601198519707072998e-02
-5.987124707799269807e-02
-5.406864302954726698e-02
-6.608370793694073875e-02
-5.464381067555117849e-02
-5.556584539492493563e-02
-5.579658609690047594e-02
-4.642634698451124364e-02
-5.028041135180785076e-02
-4.052815834890798052e-02
-3.871872814227411003e-02
-4.094435868362565623e-02
-3.632946127016450227e-02
-3.812221009100799640e-02
-1.599956942571427107e-02
-5.444131321232218400e-03
2.111120531315653550e-03
2.350569979089944805e-02
2.455306722100985065e-02
2.461685643333660217e-02
3.400856499051665288e-02
2.995886978772078699e-02
3.215187123680716269e-02
3.584150740026768867e-02
2.950103599500805696e-02
3.189970138435550828e-02
3.911447536807098613e-02
3.711059833804750824e-02
4.025305329927835601e-02
3.823532787344836870e-02
3.559559774852987662e-02
3.294976186691523506e-02
3.498076229919967750e-02
3.075390291192764067e-02
3.429293269715691372e-02
4.420715557589045830e-02
4.004347568118320905e-02
6.271998849501823903e-02
5.213600350581133053e-02
5.059073645524635870e-02
4.506805786569082622e-02
9.595072166353304025e-04
-7.453489883192069600e-03
-2.985717372734024086e-02
-4.057795693115454072e-02
-4.835560124796763753e-02
-4.948531489334094535e-02
-4.859353652956435038e-02
-4.373074169261569055e-02
-2.785381741634977704e-02
-1.422253476357491532e-02
5.235913888013097109e-03
8.496522732136142786e-03
1.159817062364509356e-02
1.733348187727404288e-02
1.640149824790149147e-02
1.752896193246158280e-02
2.100224779514336601e-02
1.889716363333427893e-02
1.786246749766777844e-02
1.189897830277930960e-02
9.384569055945993221e-03
-1.390776743318554963e-03
-1.255920463872064151e-02
-1.436354437313794481e-02
-4.242542643297717714e-02
-5.559289335318799707e-02
-5.985725246682630646e-02
-7.826685168780528334e-02
-7.447312198167201081e-02
-7.050422440210044051e-02
-7.212948715730958804e-02
-6.279047217262666292e-02
-6.063396260283449024e-02
-5.832600299853459708e-02
-4.941736554716656682e-02
-5.517647079725503112e-02
-5.856709593139436398e-02
-5.853598936411612969e-02
-7.460680288526304327e-02
-7.300679739428303505e-02
-8.201394788518366619e-02
-8.693479457116304321e-02
-8.438796899092250448e-02
-8.782853330082592003e-02
-8.001787645767619028e-02
-7.154116462580474567e-02
-4.812940396601343013e-02
-4.892144605198318202e-02
-2.884571915031932526e-02
-2.408509034853100264e-02
-1.293477415809805679e-02
-5.249908099445043524e-03
-9.606815296720954550e-03
-7.961498202402414069e-04
-6.374404190425388313e-03
-1.073140115805312766e-02
-1.059053168393766370e-02
-1.805652156940374189e-02
-1.820962178807759499e-02
-2.107776697795658155e-02
-2.375992274228057657e-02
-2.387566219425078101e-02
-2.483386086834870471e-02
-2.441613938675989137e-02
-2.408505940287250513e-02
-2.023121309598897855e-02
-1.993600980872289527e-02
-1.471269530178424996e-02
-8.208707454063985179e-03
-8.031944198114442449e-03
5.970053418081177656e-03
7.621654128453922254e-03
1.009008741957601908e-02
1.985757293600392756e-02
1.270346883992632715e-02
1.582486127217775859e-02
1.497510012441054250e-02
-1.801055630644702232e-04
-4.460565911093354293e-04
-1.508059488443191064e-02
-2.893761211468678929e-02
-3.013640522561840743e-02
-4.378064587001968822e-02
-5.058525940836711143e-02
-4.458325264878320454e-02
-5.009421082184081081e-02
-4.167417202126833670e-02
-2.948342909031147208e-02
-2.451008138025217997e-02
-1.308335386534170350e-02
-6.828997025495844864e-03
9.565289802757601101e-03
1.529777105267382878e-02
1.811103747806259642e-02
2.445543639642023051e-02
2.302786954137232486e-02
2.640136074425978099e-02
2.888940614447274222e-02
2.751240170438836591e-02
3.460606339605757503e-02
3.739091998160160718e-02
4.231317564309253904e-02
4.607663556838480223e-02
4.809358377338295715e-02
5.109951838187719309e-02
5.640350278127415767e-02
5.996744962106472648e-02
6.444853059695690445e-02
6.737146378374470057e-02
6.847175713409843489e-02
7.268629156399021574e-02
7.193336771359072623e-02
7.166934674565422769e-02
7.485560873516550195e-02
6.710401745503868920e-02
6.936762370958396429e-02
6.459922922045306659e-02
5.174472139472408722e-02
5.267771163139368246e-02
2.745455129597018651e-02
1.910323340835762621e-02
2.084200849903105127e-02
8.556190707327684247e-03
2.263998267347574686e-02
3.082395918514518190e-02
4.080882401052960545e-02
4.650643591959734147e-02
5.133721848989306058e-02
5.451162485997085999e-02
5.037881970955952055e-02
5.201339102349088889e-02
5.335905061994770243e-02
3.991361746492949614e-02
5.011306369761090590e-02
4.107617787366162065e-02
2.319511654739444054e-02
4.977042668055547958e-02
6.436647442566442029e-03
1.185357538732638438e-02
1.565428956552979492e-02
4.026545072345885439e-04
7.494686530187845419e-03
9.779533609450339129e-03
6.397525961063331608e-03
1.475485945762148449e-02
2.476404279061490341e-02
1.685777690431352477e-02
3.704575842159673477e-02
3.531388495060180932e-02
1.742804034057073709e-02
2.433837297572718356e-02
1.912500078489606792e-02
1.067343639837478771e-02
1.278053005957143461e-02
4.923644693157376573e-03
-3.074966241604090624e-03
-7.336164152251931818e-04
-2.134275900023964098e-02
-2.362334577003858196e-02
-3.874801818224206384e-02
-8.414077523540605674e-02
-8.767454612006897463e-02
-1.293391506551380132e-01
-1.498017288783128620e-01
-1.485527778203718507e-01
-1.757274092917227581e-01
-1.630354121547598900e-01
-1.555776193260766938e-01
-1.577909617402674103e-01
-1.409707662863701194e-01
-1.346676495434086518e-01
-1.305308748197744895e-01
-1.084023960947573112e-01
-9.990040491157528568e-02
-8.347209239560500482e-02
-5.525380797233007263e-02
-5.307577426641084395e-02
-2.331092238052276389e-02
-1.825536996261750006e-02
-2.182853124581825635e-02
-7.926694653206752331e-03
-2.471514358734025821e-02
-2.438462675795611753e-02
-3.021220336580883459e-02
-4.994228405224980516e-02
-5.250595769573272731e-02
-6.795033209239642602e-02
-7.952332472898607230e-02
-7.940195631768387496e-02
-8.987582450567507819e-02
-8.734916178230711648e-02
-9.336424037745930105e-02
-9.167923157915144894e-02
-8.901786363061449381e-02
-8.916353158873617513e-02
-8.398903018001924181e-02
-8.169522938384927990e-02
-8.021514541937986575e-02
-7.329725114707974498e-02
-7.315751022974767426e-02
-6.837881429369477293e-02
-6.100390527378502653e-02
-6.125541883104006907e-02
-4.755611969314282178e-02
-3.996026587965171434e-02
-3.788613323768176555e-02
3.562697086220348655e-03
9.776206936760983412e-04
9.978911652893463283e-03
2.611787280030155797e-02
2.062838210280846726e-02
3.231839396389791369e-02
3.355005268294916632e-02
3.365081427744167492e-02
3.513513975014893181e-02
3.117491566710417494e-02
3.061352964340696703e-02
2.821859429952717699e-02
2.684586097290179996e-02
2.558069244379753901e-02
2.429281147759315349e-02
2.338529287276869956e-02
2.210701513362692619e-02
2.171495724888772988e-02
1.984339843721760407e-02
1.926292042528274587e-02
1.899860682379208784e-02
1.544511597816894226e-02
1.908000698845549112e-02
1.787393886210850505e-02
2.012911331208351237e-02
3.900279104474427272e-02
3.762084005411610310e-02
5.818985049564696227e-02
8.288474970315766466e-02
7.790164430823301456e-02
1.302144641769285571e-01
1.265983314623685130e-01
1.200231735910761849e-01
1.428173177839964503e-01
1.127278530109102339e-01
1.016650446980933986e-01
1.033074060955450901e-01
4.095041321706200527e-02
4.326117501002355037e-02
2.199234725014044892e-02
2.794702744102902595e-04
9.574276615654452819e-04
-1.452085272802925223e-02
-1.611218465284750337e-02
-1.926009078995215978e-02
-2.386961694179027052e-02
-1.664104782204968436e-02
-1.779615643821983589e-02
-1.469775572173623313e-02
-1.230504835434831357e-02
-1.068987405414146413e-02
-8.574646909128994313e-03
-6.426864900952431597e-03
-3.178066495515123949e-03
-2.633466024367472555e-03
2.487546301181593755e-03
2.800850483120569286e-03
3.607604458589176982e-03
5.666401537336841418e-03
5.367764924538190492e-03
6.394168802099898206e-03
6.753611788534787455e-03
6.851021511577937671e-03
7.251984002773962865e-03
7.297386768981665994e-03
7.416809416697361414e-03
7.519874771955519649e-03
7.538852914374396044e-03
7.593026473052072456e-03
7.612114455416215709e-03
7.625568631150430633e-03
7.640096782397809601e-03
7.634869066980440148e-03
7.648977717137658665e-03
7.629113695698086679e-03
7.616540577406174725e-03
7.641430726281618450e-03
7.527878872814554138e-03
7.586163755205866527e-03
7.542554474437746827e-03
7.238400894133601229e-03
7.658054755415360550e-03
6.982689193363809596e-03
6.842765609197553299e-03
7.235566907480220876e-03
