3.062408995534717654e-02
3.062390387690414398e-02
5.558196048691561170e-02
5.591817236248923517e-02
5.980742281653071701e-02
6.334922813449622714e-02
6.089381081612100372e-02
6.192263836200426891e-02
6.181388450780561650e-02
6.127292499422287014e-02
6.161160605538294754e-02
6.140920806345401273e-02
6.143989048727084568e-02
6.152994567758959116e-02
6.153999522718245352e-02
6.179146177279293967e-02
6.181625936849993036e-02
6.224840842668068197e-02
6.275921900204306514e-02
6.272196754970647825e-02
6.442437918080703985e-02
6.429748941327742551e-02
6.433319949942793714e-02
6.474635291905561640e-02
6.422003311248800084e-02
6.420500724563264761e-02
6.384526406669065179e-02
6.253136414960508427e-02
6.269654450737165152e-02
5.990174264232858009e-02
5.878714427519115410e-02
5.531065482198282285e-02
4.131596795348924100e-02
3.785985382973133806e-02
3.087186995665977193e-02
2.730723476439051584e-02
2.088589760979992979e-02
2.154336621621023157e-02
1.949308455664976181e-02
2.083902685111343328e-02
2.050394495558483313e-02
2.180216587734384870e-02
2.105133714378664561e-02
2.016633741338048555e-02
2.024020301678178951e-02
1.966167904253668386e-02
1.862431547210780317e-02
1.839455200255751127e-02
1.763969537867872070e-02
1.496807750001185287e-02
1.538376241729779749e-02
1.233914445049143216e-02
1.082954037498601481e-02
1.089922668097913216e-02
1.240165043164933537e-03
1.834235004010893429e-03
-7.221085905219476117e-03
-2.581573657761863233e-02
-2.949265854996862765e-02
-8.181528589321805656e-02
-1.035568405796261082e-01
-7.992924629968142791e-02
-8.765062917973663603e-02
-7.948540884657255556e-02
-4.474776433402827269e-02
-4.671179651062930260e-02
-6.013130687617037479e-02
-4.625983500671047854e-02
-4.984856909926405066e-02
-4.740116933343218458e-02
-2.128441390095891020e-02
-2.110701182324505390e-02
-8.442462014108934043e-03
9.241526822564009869e-03
1.325325190742934062e-03
2.062864210631307899e-02
1.364370695077494686e-02
-3.979896916234960101e-04
-2.972066250186574787e-03
-3.670013878170418770e-02
-5.032902049984199627e-02
-7.012791337128272684e-02
-9.948226651883075589e-02
-1.070790970226317002e-01
-1.121688936702012751e-01
-1.176473117630933846e-01
-1.113049879211576304e-01
-1.090021062994607493e-01
-9.647008198229996279e-02
-8.436585072240786187e-02
-8.318082544090944774e-02
-7.107448669808634489e-02
-7.432865772045166297e-02
-7.919234021602850060e-02
-8.056837650843305665e-02
-9.211517875578782710e-02
-9.284870444357946895e-02
-7.230045786931345309e-02
-6.829468516674054579e-02
-5.120500743484832085e-02
-3.756115062424170148e-02
-4.304420903713860463e-02
-4.541488750910278871e-02
-3.472571611230484967e-02
-4.242833383300133321e-02
-4.494281010698456674e-02
-4.929074317048007248e-02
-7.596052892201275719e-02
-7.860566883590093534e-02
-8.723596197335137248e-02
-1.419115050794201860e-01
-1.411388503944882578e-01
-1.557288950253586657e-01
-1.536315729597769741e-01
-1.365619328300069490e-01
-1.343931359821494975e-01
-1.124225576808218913e-01
-1.112974001291916204e-01
-1.016660533098954905e-01
-4.980026959963049921e-02
-2.212435668863105276e-02
5.550418225134958958e-03
7.313889481518435218e-04
-1.138973009714441646e-02
-2.721602528573824689e-02
-3.781071094284912948e-02
-7.508128503251795816e-02
-8.427839615287978370e-02
-1.086010439099730635e-01
-1.202758487361978018e-01
-1.437945482282789733e-01
-1.502753658590303965e-01
-1.464865208344077740e-01
-1.468152289792202803e-01
-1.464835524787110321e-01
-1.336356968401202772e-01
-1.196494526852881907e-01
-1.233314309373674533e-01
-7.412712665044041138e-02
-7.230746309069560618e-02
-1.226965729631059737e-01
-1.222704817442022696e-01
-1.417266346513340047e-01
-1.857047929784416407e-01
-1.822830675204570872e-01
-2.218255678422738075e-01
-2.874625442070075643e-01
-3.172754879703073017e-01
-3.418705317445941971e-01
-3.765660784733508848e-01
-3.535585260302303023e-01
-3.377332782980344561e-01
-3.054372873136472211e-01
-2.396054356432845978e-01
-1.984607337148106831e-01
-1.693006426076155979e-01
-1.331321302627088143e-01
-1.121651351050853701e-01
-1.047178587130909305e-01
-1.026543204865624642e-01
-1.121310912321292069e-01
-1.189457266566580074e-01
-1.275579223607864465e-01
-1.374248702694528534e-01
-1.447655982254520690e-01
-1.377436919254233505e-01
-1.397769840442849021e-01
-1.307792331229865879e-01
-1.242885534764415073e-01
-1.295587112330536250e-01
-1.283110534754051402e-01
-1.359210999265602071e-01
-1.510660720565277781e-01
-1.552686502189790096e-01
-1.603820997037593288e-01
-1.625963453308741091e-01
-1.511837893762985607e-01
-1.345448515802696310e-01
-1.308391955619887248e-01
-1.079297497932844296e-01
-9.640210940895099778e-02
-9.118065850948840756e-03
-1.388362021200442416e-03
5.700285848962136082e-02
6.791339091742092104e-02
4.934438265826565639e-02
6.878280428887598164e-02
6.173770864830906840e-02
3.923583213653977081e-02
4.065249844138673491e-02
2.664913365605381043e-02
9.722747482183994455e-03
3.628900063291105871e-03
-2.426483588856441151e-02
-3.143880304301744505e-02
-4.850447432498278949e-02
-5.050158454815083936e-02
-5.341333513563941565e-02
-5.236122224679318898e-02
-6.245882398922315143e-02
-1.254834674857878696e-01
-1.493505040564904185e-01
-1.856375676668985120e-01
-2.199508997415011435e-01
-2.271284282699962687e-01
-2.568412118487801155e-01
-2.589791921420402931e-01
-2.762531656386087997e-01
-2.865835809108699950e-01
-2.827495928249073032e-01
-2.903055644812604918e-01
-2.731865898209421828e-01
-2.687513047883972050e-01
-2.493886520946798635e-01
-2.387798992735521986e-01
-2.183684313659163267e-01
-1.742797769370653116e-01
-1.563761261897589627e-01
-1.171775136766613351e-01
-3.177071480694997757e-02
-1.935667081362343889e-02
1.313045306600279377e-02
3.337662371154957730e-02
2.578940260513352609e-02
2.626018851963584505e-02
1.947458193477684049e-02
1.541866967709440775e-02
1.274965232123653931e-02
9.805812650162630886e-03
5.505039620240841092e-03
4.406671992011665547e-03
2.878409057963857848e-03
2.681798150602806262e-03
5.311256432230828696e-03
-2.184316856164552831e-03
-1.489711259487521647e-03
-3.494112955018615144e-03
-4.671116647070972655e-03
-5.311360259171953209e-03
-7.374810311044403648e-03
-9.741254560873897211e-03
-1.874105016157401674e-02
-1.930444307266188791e-02
-2.727365162154933576e-02
-5.365179668233498872e-02
-4.804973425481750410e-02
-8.223441757605362556e-02
-7.745755546648762369e-02
-9.897151552025038046e-02
-1.458924395407640295e-01
-1.471522565169746111e-01
-1.714687154651660939e-01
-1.569234660763437206e-01
-1.550533657196065951e-01
-1.530024133134058328e-01
-1.258020055399309001e-01
-1.562587460664817129e-01
-1.345355574629742146e-01
-9.869515281692997632e-02
-1.047237728507330740e-01
1.940351213068217465e-02
2.113742053947614136e-02
2.071088289518814574e-02
2.586745691332662314e-02
1.268430500931039609e-02
1.982748662936701517e-02
-1.823564830042318299e-02
-6.076882321698046270e-03
-6.085762690470732095e-02
-1.164188407404358749e-01
-1.026249865104644082e-01
-1.302853985705507422e-01
-1.214810891949265059e-01
-1.018976683709481718e-01
-1.011490668073967286e-01
-8.048031680469326654e-02
-5.543827633143656036e-02
-5.199691768734655828e-02
-6.098528874375535452e-02
-6.026015012414535216e-02
-5.727145422166012023e-02
-6.001591633383172864e-02
-5.672207042140067074e-02
-5.460182056263502420e-02
-5.113574866742022496e-02
-5.407452014468135115e-02
-5.492246749406257816e-02
-6.132957391842579903e-02
-6.963858508778958400e-02
-7.556512015804175975e-02
-9.175813654791144247e-02
-9.923003139527328265e-02
-1.086261872068448875e-01
-1.197955836466240293e-01
-1.249159809524559017e-01
-1.338112005141570970e-01
-1.403008469518453871e-01
-1.454137544160171991e-01
-1.522343746633091910e-01
-1.578202603591544739e-01
-1.626552290086093477e-01
-1.699802673907431505e-01
-1.773782408486317963e-01
-1.641723182402792247e-01
-1.709748209955373188e-01
-1.623797030811125197e-01
-1.408212436723726424e-01
-1.297617186636085551e-01
-8.486309068036211600e-02
-1.993005058748079442e-02
2.748720854049586243e-02
3.220189091020821126e-02
6.435400432072244103e-02
5.774607970405706142e-02
5.318341561179688176e-02
5.990746917015077333e-02
4.982382207899892224e-02
4.468479326539968183e-02
4.429926936897135570e-02
2.625711551406574931e-02
2.641621943541115278e-02
2.210924708398402661e-02
1.950518069103065327e-02
1.420890070145622297e-02
1.020889536912501262e-02
1.947556424976880710e-02
1.543673699016286267e-02
2.243105739512092286e-02
2.963581725028966579e-02
2.150890304149857823e-02
3.816449953681361196e-02
4.444702337452749452e-02
-5.635803863194740722e-04
4.596022465420236160e-03
2.374662245148071241e-02
1.010078953791520781e-02
4.544884085737115748e-02
4.652489526103558565e-02
3.533297455385497887e-02
3.878819670874701642e-02
-2.119181127559444794e-02
-1.825107605927997825e-02
-5.952356684204865300e-02
-7.259726315700759658e-02
-9.409059376553739751e-02
-1.622395593970505367e-01
-1.630865558929678050e-01
-1.865000363328138677e-01
-1.877110239329570773e-01
-1.682552655042015566e-01
-1.586357075587662424e-01
-1.523654260247194470e-01
-1.354505487751165582e-01
-1.281090160949084344e-01
-1.188546807052093812e-01
-1.045825159863426612e-01
-9.641441911737189119e-02
-8.844146611780433209e-02
-7.446363817568869836e-02
-7.484888547227556976e-02
-6.918421690172349425e-02
-6.565780910106269741e-02
-7.311774921136336702e-02
-6.828213052161355434e-02
-7.827704887329964278e-02
-8.671538855559501879e-02
-8.950952621490518291e-02
-1.130720161889236242e-01
-1.227501707135393860e-01
-1.225956119731167748e-01
-1.359965934133519627e-01
-1.277110651845838052e-01
-1.207185402640415933e-01
-1.122218481595258360e-01
-7.535757455325563237e-02
-5.962912356182131085e-02
-1.860345053981899213e-02
-4.701472759999615267e-03
4.435399511441578957e-02
4.811699352721675316e-02
4.563762773506677140e-02
5.865666299580429149e-02
5.564099466847760578e-02
5.872472145308720720e-02
6.038739022050181732e-02
6.073171443696924465e-02
6.389090321966475750e-02
6.099086397092345208e-02
6.844876947851255555e-02
6.605717784463131792e-02
5.552908750935416776e-02
5.192811135449774962e-02
3.440557193461512425e-02
3.015148024279078534e-02
3.360708700683442268e-02
2.617975373458057697e-02
3.097708554949487117e-02
3.283921219257713436e-02
2.950532719939523429e-02
3.189030398423204488e-02
3.105511757856057112e-02
3.061155598253096494e-02
3.050479898486093550e-02
3.049532941660674720e-02
2.930109813256965082e-02
2.815816420993747307e-02
2.948954978429171175e-02
2.331074966524483011e-02
2.471068952704965488e-02
2.261794945391524050e-02
4.283562837494369301e-03
2.786257852004601302e-03
-5.800757893282431667e-03
7.836096305475849554e-04
5.734731728080773262e-04
3.898274049854133158e-03
6.824302131645201656e-03
8.877990420171582089e-03
1.005278810630098017e-02
1.492779764518829648e-02
1.757847984448768566e-02
1.851060258805547684e-02
3.387040332545574600e-02
3.487316112107161081e-02
3.848205811223862072e-02
4.386372717931356219e-02
4.444030605023444741e-02
4.741524438249210965e-02
5.130690941830088475e-02
5.134208397456721529e-02
5.589727029838710559e-02
5.558076519065678622e-02
5.620536621098817798e-02
5.744145965480847160e-02
5.721447329512188706e-02
5.769805872664349189e-02
5.789965760319799176e-02
5.790417666168550664e-02
5.807881466443349378e-02
5.810179634242224056e-02
5.813637072184593690e-02
5.818081614102916382e-02
5.818607557197843366e-02
5.820032155968137000e-02
5.820787961616145922e-02
5.820957360346459830e-02
5.819926929307452784e-02
5.820411998048910518e-02
5.818486763804021911e-02
5.814350184937845667e-02
5.817401562318621350e-02
5.804093604358596253e-02
5.801857230941145221e-02
5.804716662322523951e-02
5.748996867362606705e-02
5.806003387962486301e-02
5.685036067329440196e-02
5.581452525481731680e-02
5.650279865923352879e-02
