2.891939781711453175e-02
3.114165812209219661e-02
7.121375677240021629e-02
7.279616432797735015e-02
7.014780254961348882e-02
7.630800701720936996e-02
7.115353091559488419e-02
7.235787719558467446e-02
7.264842146008163026e-02
7.135673536506170755e-02
7.203743433882603409e-02
7.168467915623541464e-02
7.153795172079531473e-02
7.168533334272467195e-02
7.151957782523006568e-02
7.154544935336967781e-02
7.154725814877180290e-02
7.150675166088005241e-02
7.152546881857969885e-02
7.152086060610134133e-02
7.151718061649937896e-02
7.153425395306381440e-02
7.154873560819707823e-02
7.155080720021220198e-02
7.161206108404001569e-02
7.163258958519662378e-02
7.166540550426442335e-02
7.186654506455046609e-02
7.180479901103295481e-02
7.210662908469685217e-02
7.251592073159812690e-02
7.219138286338289134e-02
7.377243521195434028e-02
7.370456510126645322e-02
7.382052717802167763e-02
7.962207547896336945e-02
7.872920318289347574e-02
8.236374952217029310e-02
8.048983123702753428e-02
8.062805520918604751e-02
8.217564216005046607e-02
6.909925270511520223e-02
6.945299788389350248e-02
6.225339981188812710e-02
5.948972197862271993e-02
5.882789529464173967e-02
5.369583076484106543e-02
4.936302943803626969e-02
4.819569360803400287e-02
2.494048041973565000e-02
1.982363704890855935e-02
1.040765769012986369e-02
-5.572822559324334089e-03
-6.572764045218328251e-03
-1.121334041073930241e-02
-1.044530053642568103e-02
-7.539820378961667631e-03
-1.234199943445366682e-02
-6.011087761780694108e-03
-1.277825309153365375e-02
-1.373276413382557015e-02
2.865869611221256823e-03
-7.073552565830958138e-04
2.911564164931184154e-02
4.587966599284186431e-02
3.308896105670470350e-02
9.741924342347771382e-02
1.751882941700720064e-01
2.700095575763757361e-01
2.703171368495074223e-01
3.149790518941770201e-01
3.212804518839768586e-01
3.202692492840868432e-01
3.503423723476467022e-01
3.361310496086036270e-01
3.490317300111135390e-01
3.555248680296537733e-01
3.457022464221130575e-01
3.663592107790364372e-01
3.544869832379710095e-01
3.280893075620802124e-01
3.137266228512418653e-01
2.686765774437808729e-01
2.307495483506654121e-01
1.735054290347899930e-01
1.152673494266326371e-01
5.921365932201251570e-02
7.394871336201630507e-02
9.934469817048074969e-02
1.035320662339114794e-01
1.680553214173960419e-01
1.953329344771426723e-01
2.221654562415793510e-01
2.980705956320616745e-01
3.101702011354727229e-01
3.184558311503422057e-01
3.344782040331744644e-01
3.160957987434229177e-01
3.146674087012019672e-01
3.007857516129243680e-01
2.557854927811639145e-01
2.464422684225977545e-01
1.954596676222218887e-01
1.744980675070089138e-01
1.627416032189517026e-01
1.016087330635043057e-01
1.053298580848613802e-01
7.448858420718103279e-02
8.774547250703401691e-02
1.447975336897224519e-01
1.689219155810082751e-01
2.297765452256006757e-01
2.494515755419650926e-01
2.923273500143761527e-01
3.257206660313102242e-01
3.369689273445353184e-01
3.175008135398908471e-01
3.195462131976274378e-01
2.793343774064064866e-01
2.464126021844873782e-01
2.087886225892535974e-01
1.616519131001181164e-01
1.587469176292933826e-01
1.098022548469683585e-01
8.633095483200095566e-02
8.766561862367069913e-02
7.946244805775444509e-02
8.819843601175633707e-02
7.452022491346028954e-02
6.449982260867173633e-02
7.696716187836058487e-02
9.473881202440349869e-02
9.795098888232668666e-02
1.673567350335039838e-01
1.821785200792941650e-01
1.848702538256144501e-01
2.074110274679673571e-01
2.131947877134093283e-01
2.070116188742584240e-01
2.303457797816401698e-01
2.244891739345332982e-01
1.896474335312152426e-01
1.871327090089726919e-01
1.326272213657991028e-01
1.488539488816478518e-01
1.826484159588252776e-01
2.014161334288591398e-01
2.401141949279219090e-01
2.619336493964652401e-01
2.840738977707878421e-01
3.158851064235454476e-01
3.301089858823042511e-01
3.540981864517306898e-01
3.705509749737920244e-01
3.835107473046565074e-01
3.967723047510530177e-01
4.042125062628639798e-01
4.107507380125030583e-01
4.145589407882347976e-01
4.084867761713870116e-01
3.936621280437737069e-01
3.807324184852620697e-01
3.509565776421990635e-01
3.289158336939826399e-01
2.984956618226961012e-01
2.668141964810467615e-01
2.375404909395584796e-01
1.925948710297629152e-01
1.529212692651897576e-01
1.043728107542468281e-01
2.145348280312149927e-02
-2.745366256705225258e-02
-1.760848141948896106e-01
-1.965319851247474270e-01
-2.545642749356884504e-01
-2.581529394221668827e-01
-2.530697431587834445e-01
-2.753283340493211107e-01
-2.380827677894850891e-01
-2.387026459671069967e-01
-2.131417004999297815e-01
-1.685974118561835711e-01
-1.391913358407066981e-01
-1.026723633867488022e-01
-6.307892463640162040e-02
-5.883818405719403594e-02
-2.639306434478368157e-02
-4.523705641277167046e-03
2.814611127969141036e-02
8.695468838074106588e-02
1.184345214017296088e-01
1.961585448122431519e-01
2.055095171892995232e-01
2.267644790550512046e-01
2.366711684286525452e-01
1.794724210460608149e-01
1.740749231312726797e-01
1.429816532208106061e-01
1.004076214525881361e-01
8.550248939425560135e-02
4.290387788028036942e-02
5.882604524437573534e-02
5.791690490518427298e-02
5.905580445177764648e-02
7.442771832278147204e-02
4.856011335148906205e-02
7.564445720580087462e-02
7.807383674863704881e-02
1.317956235757433148e-01
1.996352337112443920e-01
2.187909329907963274e-01
2.211372146939491745e-01
2.513193779036516640e-01
2.247740549423341838e-01
2.206018940233852588e-01
2.023745462266330342e-01
1.591025993019056783e-01
1.368596918127571449e-01
9.203626084652054284e-02
1.310422881447600718e-01
1.123552342809846505e-01
1.194105702345689413e-01
1.274955787657176265e-01
1.079350032446967922e-01
1.147446507219567480e-01
1.137648829360965591e-01
1.046965761872871575e-01
1.169208983079212394e-01
1.071239996171541864e-01
9.692263658888589095e-02
1.032372423784057164e-01
1.075650887248598558e-01
1.145187589587649685e-01
1.459553239402077152e-01
1.720229370166684035e-01
1.566594286979987316e-01
1.490594214572524834e-01
1.246987872793993007e-01
7.993883514335400897e-02
1.137876280572989313e-01
1.120045544001923438e-01
1.884475086923488862e-01
2.181745653671079699e-01
2.290688724410510357e-01
2.163870263218080903e-01
1.922817150012548493e-01
1.637545448790737879e-01
1.336322597464193185e-01
8.562903183624509529e-02
4.270996028702960662e-02
2.950146562701048275e-02
-3.003033825857803069e-02
-3.562258116992052248e-02
-4.927862690018942893e-02
-5.726642009414403128e-02
1.633319284085081461e-03
6.479316338709109960e-03
3.796146780150311262e-02
5.326851943341377044e-02
6.191617831615930934e-02
6.937306979802544682e-02
4.793289359413564765e-02
5.674367399859036459e-02
5.924767405419946453e-02
4.639422682565111367e-02
4.138792707127057074e-02
2.877629857667790211e-02
1.012883711883253920e-02
-1.913670553853071346e-02
-3.930330301027191303e-02
-3.966232989787147473e-02
-4.208499013225491109e-02
-4.415795380286291483e-02
-4.494951858800557559e-02
-3.962079788548080600e-02
-4.110799851242766256e-02
-3.777386909563446027e-02
-1.608245772748346375e-02
-1.623712803314167688e-02
3.967781248300861728e-03
-2.804234737323974946e-03
8.163939629266253953e-03
9.457051465278068850e-03
-2.049670425297660595e-02
-1.781598804874601205e-02
-3.188628461356911997e-02
-3.507153853047760561e-02
-5.266693315427110889e-02
-5.726423595901627972e-02
-6.798252050042770389e-02
-8.405550473576652026e-02
-8.473093831120526165e-02
-1.037260302904510628e-01
-1.036827666842489171e-01
-9.152948130153679140e-02
-8.694027516407151768e-02
-4.747264240737952834e-02
-1.974314881491612272e-02
1.542999035629417405e-02
5.599354118509609207e-02
5.807857714906201202e-02
8.184745148997611686e-02
8.016732832593874425e-02
8.184544866274912067e-02
8.972476971493120734e-02
7.481397925692756523e-02
7.739456563532506883e-02
5.556913560812985070e-02
3.314956522128622435e-02
1.637716412977655023e-02
-4.500098729599213629e-03
-6.219435678392798254e-03
1.131737872493249718e-02
7.797311858839191950e-03
5.110064081857074170e-02
6.288588442965377390e-02
6.682727722878929744e-02
7.834636340217751571e-02
1.093568653521254236e-01
1.157767454043074906e-01
9.466419543271877013e-02
1.039045728937428581e-01
1.252198221823278002e-01
1.224408392215917407e-01
1.665133489191805982e-01
1.848002628986261664e-01
1.725853252373306945e-01
2.133923655958051280e-01
2.162047536377846024e-01
2.258093091922857010e-01
2.987578396756697119e-01
2.907096618802077481e-01
3.061696770577804760e-01
3.207652577797240334e-01
2.831439536022192782e-01
2.953569092667231999e-01
2.472163881855193868e-01
2.200716138581320369e-01
2.019291979742031673e-01
1.297938164856814458e-01
1.128092067887218886e-01
7.272760648567759556e-02
4.998002837001006005e-02
7.586461528045218561e-02
6.199649018399223249e-02
8.439366838337990229e-02
9.246486831502943871e-02
6.820308536686280065e-02
7.299046962040019182e-02
6.988372892302896489e-02
7.131179116975341903e-02
5.105423245680743016e-02
9.842188112785853205e-02
1.351669361947546444e-01
2.099501908934503780e-01
2.771924042900072438e-01
3.028883737599603054e-01
3.148325776329617964e-01
3.064649918996782962e-01
2.961076053451436318e-01
2.695200586626129158e-01
2.176640669239923165e-01
1.674634995970503970e-01
2.991444077381471070e-02
1.083993491529951225e-02
-4.300724806919226789e-02
-7.118352333849517488e-02
-2.307457342022287486e-02
-5.492679848298696182e-02
1.215155549681846275e-02
1.108110840222432530e-01
1.712210981330088144e-01
3.147495115181219161e-01
3.866806077964188293e-01
4.204802288609569283e-01
4.649256354932367885e-01
4.941723884471863615e-01
5.012282716025469043e-01
5.090961105462570302e-01
5.072904961616108155e-01
5.143390291099206868e-01
5.164272729005450202e-01
5.188011172512734248e-01
5.234780090685114962e-01
5.267611018386991750e-01
5.303092854918062260e-01
5.346649252641180183e-01
5.408188887595786198e-01
5.425021011344567379e-01
5.507801463378034779e-01
5.541840526479194784e-01
5.499642436873608542e-01
5.566104918458830708e-01
5.494839004719781483e-01
5.466660442665245423e-01
5.477494298244168780e-01
5.308609610102446030e-01
5.304642016808298610e-01
5.136552377047848283e-01
4.869607719336410123e-01
4.725406046849598418e-01
4.331656296684038843e-01
4.126721720545284966e-01
3.828000102403780192e-01
3.465987887701432735e-01
3.276920657229723255e-01
2.842114604063838423e-01
2.593864667622823306e-01
2.335170013586256310e-01
2.002594377030617323e-01
1.832416418521358170e-01
1.546265755630556737e-01
1.318581072192933634e-01
1.127840534967789604e-01
8.452441516357647733e-02
6.752105580862197143e-02
9.352445125663097492e-02
1.216640128994415787e-01
1.476046916039933099e-01
1.741582891448092141e-01
1.973298742288993879e-01
2.075254593405567172e-01
2.012306792381936271e-01
2.095818917848022989e-01
2.052066340680171463e-01
2.030415576474234041e-01
2.036691640990947461e-01
1.898940189789915522e-01
1.892672246221658583e-01
1.942009633202744223e-01
1.916729576992808604e-01
1.929330737386796835e-01
1.976239593814680118e-01
1.989810095637098708e-01
1.993577625963302569e-01
2.173741408293207444e-01
2.175589152991027342e-01
2.261103634200228585e-01
2.309324269190347889e-01
2.322409286829028030e-01
2.361486232933455442e-01
2.372578257194366269e-01
2.385464232956899244e-01
2.399178059840436084e-01
2.404150120549656267e-01
2.412923490936512150e-01
2.417571626843970645e-01
2.424234178638386139e-01
2.430292069482682948e-01
2.434267509842730492e-01
2.448995798671287083e-01
2.451053324217502272e-01
2.468032487398802155e-01
2.496607039998367528e-01
2.489750006557006345e-01
2.563196364489764290e-01
2.585397848129444287e-01
2.600327506895927510e-01
2.838813017401273231e-01
2.847577142270582562e-01
2.833602011313283708e-01
2.930855979093478503e-01
2.828714854565963499e-01
2.868520920782999251e-01
2.847179828555086445e-01
2.546181617016856080e-01
2.435667806316957340e-01
2.306173584685199951e-01
2.089435736237743590e-01
1.900969164255342791e-01
1.827993191458743560e-01
1.320382194309305812e-01
1.297247284477699991e-01
1.175764277543274727e-01
1.022186104551617014e-01
1.015398830365604604e-01
9.016817445504907158e-02
8.739237639033690941e-02
8.167585913183567081e-02
7.962670144920225290e-02
7.943965510261284668e-02
7.753218885076923472e-02
7.731802939963822174e-02
7.687018306487537755e-02
7.635216701570292364e-02
7.629448972348050473e-02
7.605385843909807930e-02
7.593811382378708175e-02
7.588850257178174352e-02
7.580047879947288125e-02
7.577215452583638267e-02
7.573927233794046365e-02
7.571377693494402150e-02
7.569610806033161277e-02
7.567695442338509548e-02
7.567042539757956598e-02
7.563218347481594217e-02
7.563276795695750288e-02
7.560418884641871562e-02
7.551130110322522293e-02
7.557955955591934283e-02
7.536931607035951552e-02
7.527469964170457883e-02
7.543362263742781071e-02
7.453217274335932618e-02
7.503513042106223219e-02
7.453370891090682626e-02
7.223661194972495758e-02
7.537119640073269844e-02
6.949767620136103330e-02
6.806527919071697630e-02
7.199241267904184227e-02
