3.105418488971305457e-01
3.188088670662284629e-01
4.666018486692796174e-01
4.919987227356637516e-01
4.755338892818212204e-01
5.010210197860884840e-01
4.893923294386341993e-01
4.912126449348675483e-01
4.959207884534180266e-01
4.912566099267559605e-01
4.941354870550588307e-01
4.938378253097274184e-01
4.928908746493568249e-01
4.941398265873715445e-01
4.932984793647333110e-01
4.931687358564534884e-01
4.939375760962837481e-01
4.921572271682266853e-01
4.930346919421521035e-01
4.928405454329159996e-01
4.875102018595744435e-01
4.879367276536602516e-01
4.823230248442867962e-01
4.796527767871408554e-01
4.806466529449562319e-01
4.701905843439022070e-01
4.736329696533784217e-01
4.675180347152768645e-01
4.491057623057745918e-01
4.656780007339810790e-01
4.231415338191241160e-01
4.136228469169748734e-01
4.732232158985474890e-01
4.244729969048752216e-01
4.191938543109552384e-01
4.067006485922677883e-01
2.696390601015962729e-01
2.432481979620398638e-01
1.645285458358242414e-01
6.293945573235144864e-02
4.275915553894615861e-02
-7.125851604063213052e-02
-8.996138245238068099e-02
-8.395512519781628269e-02
-1.185257444602276361e-01
-1.155284152981015389e-01
-1.071507294476481548e-01
-1.188023295991539052e-01
-1.124442365077672895e-01
-5.902285851025369096e-02
-5.937404472688603829e-02
1.981570221984156957e-02
6.467704647569710863e-02
7.951508475164309475e-02
2.137387222239622020e-01
2.760186260414634885e-01
3.257064292224570168e-01
5.596143026381219521e-01
5.565354313228531025e-01
5.053791081196615798e-01
5.184908920957399525e-01
5.022069206170370892e-01
5.297008722833327354e-01
4.811689954608009967e-01
4.405049108810664138e-01
3.958657788226668250e-01
3.609748626638438207e-01
3.492592289717144083e-01
3.104320938126493012e-01
3.302849728036518773e-01
3.359244840444769453e-01
3.588132416353845833e-01
3.868059578483943328e-01
4.005604047097574560e-01
4.428581720745432548e-01
4.680009383943590229e-01
5.020817647939955775e-01
5.598711748216930184e-01
5.918603416390055827e-01
6.456490418778897400e-01
6.954375323568019462e-01
7.331229143214968991e-01
7.978876277385186233e-01
8.417445934555581877e-01
8.930645281351009546e-01
9.535442612925780770e-01
9.958519695091592183e-01
1.052593816725261533e+00
1.108703018812830177e+00
1.148949496444665375e+00
1.168736686613506048e+00
1.194425536638029861e+00
1.189621851882586068e+00
1.177597189191470717e+00
1.091462492797084849e+00
1.043891922769650149e+00
9.938123335137011294e-01
9.036349811993105163e-01
8.555165963876193436e-01
8.081191848040423231e-01
7.646618774442944799e-01
5.856539037180534812e-01
5.360394717380909668e-01
5.051836103348041895e-01
4.276200463605481783e-01
4.252339754349892531e-01
3.638935469059499384e-01
3.841854652852348950e-01
4.380727645058741238e-01
5.614826272900856896e-01
6.665455734558810574e-01
7.229222523014907642e-01
7.575224783267123785e-01
7.860720348361165399e-01
8.120889578087332472e-01
8.137940038003730336e-01
8.058497679020562021e-01
8.031848548546478561e-01
7.913851135530645120e-01
8.155559664123267494e-01
7.531829446980332632e-01
7.625006871355126670e-01
7.592796398388881318e-01
6.949748984151288278e-01
7.102298227687104948e-01
5.715684279688737490e-01
4.632879081946570943e-01
4.220296934501348018e-01
3.929407555786053052e-01
3.806110241644027337e-01
4.348900951787901814e-01
4.644565973840846240e-01
4.783815853918758076e-01
5.127310976903692863e-01
5.279212096882385241e-01
5.418505089155192245e-01
5.817631442028243782e-01
5.876575779649357845e-01
6.160800121458477330e-01
6.424927221246979903e-01
5.805634458256874186e-01
6.420497569056701215e-01
6.988154015106126105e-01
7.376294793198256983e-01
7.929552612490645691e-01
8.343711797438666533e-01
8.837604539029624284e-01
9.279042992907551302e-01
9.664969552648770001e-01
1.009670905247478379e+00
1.045834510786565419e+00
1.086244090446980781e+00
1.120356553768085739e+00
1.159833750964674781e+00
1.190577952830937036e+00
1.219682634793345155e+00
1.251277038681560816e+00
1.271611967789159303e+00
1.302082345711159883e+00
1.322469417603978181e+00
1.342940763062498766e+00
1.378824546999751988e+00
1.391719744533213010e+00
1.424340968177578048e+00
1.447819923339935810e+00
1.426903995012695159e+00
1.447649230935770248e+00
1.409762586504499149e+00
1.343895347192021195e+00
1.327871544610498944e+00
1.247889346633708652e+00
1.230457478808434590e+00
1.194525811475447341e+00
1.134896604386052221e+00
1.139453349358744649e+00
1.074080197357438093e+00
1.050592493887501977e+00
1.054339840550622798e+00
9.669374981751142073e-01
9.726786068568396004e-01
9.143037999373878622e-01
8.465610951555487818e-01
8.434735261429638919e-01
7.343690474923235678e-01
7.312374545085924549e-01
6.625632241577603665e-01
6.156386661395912840e-01
5.848064671174815210e-01
4.152940968202914473e-01
3.139804109028217494e-01
2.951785241608927968e-01
2.043990785499675000e-01
2.397920962278834445e-01
2.442177865778133450e-01
2.375783571297890862e-01
3.263600713291221478e-01
3.458311940208126933e-01
3.679584722608062464e-01
4.178226847443471392e-01
4.155893047587719269e-01
3.339230285625130468e-01
3.760073615451948181e-01
3.887997574792435018e-01
3.668211898663790715e-01
3.914409423187145687e-01
3.670567178608100667e-01
3.782206668843174913e-01
3.841239714207506650e-01
3.533172971738980928e-01
3.745795307182722689e-01
3.342209357200828235e-01
3.126444923239368734e-01
3.102807257343182523e-01
2.668342317789463847e-01
2.831014560549209857e-01
2.555694362604327696e-01
1.929289413117854235e-01
1.855886406837700953e-01
1.881659879384970646e-01
2.766150754813377910e-01
2.749653878390473927e-01
2.362576437311662281e-01
2.445697063854093134e-01
1.430902638516741709e-01
1.051611051750693249e-01
1.007158599083336770e-01
4.352463450465358236e-02
3.524890217077043114e-02
2.243572134823188999e-02
-1.632289161048319781e-02
-1.286794938467734385e-02
-2.888008663323048467e-03
1.748170911468545363e-02
8.953390230146988926e-02
1.635604905663486097e-01
2.163900211362947135e-01
2.393351765229071726e-01
2.875675874784919261e-01
2.997472408071285566e-01
3.162534341130936455e-01
3.281853685992011660e-01
3.186040604312151414e-01
3.304940111971567673e-01
3.434903788026110183e-01
2.859959218403569925e-01
2.908346538230702771e-01
4.570956944210124440e-01
4.805858502621625505e-01
6.121242109630280481e-01
7.376004887364963070e-01
7.710139509451993112e-01
8.342463900226969598e-01
8.580608241322060792e-01
8.832069062212081212e-01
9.156813996853129245e-01
8.899314355676555266e-01
9.144169178493738448e-01
8.793338532349099790e-01
8.461720804430320486e-01
7.943465574515249372e-01
7.123097024847518943e-01
6.783257504598428911e-01
4.551666494632987670e-01
4.452211664061351271e-01
3.527079361445049632e-01
2.774991369873304747e-01
4.321756734599823124e-01
3.930530173883952094e-01
5.837411155906802041e-01
7.189015466878171390e-01
6.443383974860825703e-01
6.322101591384040598e-01
6.886105122089944963e-01
6.309603940236144792e-01
6.657084681901773715e-01
6.195211113696766914e-01
5.626544070433350253e-01
5.459566233547323844e-01
5.187508523128875337e-01
5.010145641389153193e-01
5.165849033495941711e-01
5.252832929248787419e-01
5.433494257139549477e-01
5.427288093415576498e-01
5.457073840990891433e-01
5.471757282081777252e-01
5.462599833927491710e-01
5.503750144284897949e-01
5.496499736895518184e-01
5.528747802538154232e-01
5.575282115082510481e-01
5.598277167797818255e-01
5.620803280543336111e-01
5.642785453300531717e-01
5.661185494222348291e-01
5.677153802649300696e-01
5.691431217960026823e-01
5.714656592302908011e-01
5.716132993893104919e-01
5.740668598070732820e-01
5.749526832403731857e-01
5.737033105677133982e-01
5.756465491372262377e-01
5.010520976788094272e-01
4.757969852824430190e-01
4.114682477355616208e-01
2.800613944890691376e-01
2.063155603582088049e-01
2.506804601935351262e-01
2.282212962699634307e-01
2.799702249528571718e-01
2.213945346710559647e-01
1.459401675602449988e-01
1.232598115273341455e-01
8.283048194606328074e-02
5.006195924750482529e-02
3.842608305261211582e-02
-5.595672355699697446e-03
-9.310148757163825423e-03
-1.977575944676844902e-02
-6.089730548996476547e-03
4.893583399148176971e-02
6.602791632260772425e-02
1.335166581284856768e-01
1.660720941862157962e-01
2.161600586195116525e-01
2.498870781507334660e-01
2.855639229205510499e-01
3.605556380353313051e-01
3.367020215143333162e-01
4.559740805083907778e-01
4.190219845158685286e-01
2.097688262150738669e-01
1.635416117074658116e-01
-4.083916427238803992e-02
-4.198453947363645772e-02
-2.317180046698339921e-02
-3.520447908871383869e-02
1.274022485745182343e-01
1.710736438572931783e-01
1.858535146988484765e-01
2.640749742769303299e-01
2.809186588073449009e-01
3.329540683381271848e-01
3.641468903713500072e-01
4.202165696145716001e-01
4.106856431370964899e-01
4.432193892770684984e-01
4.260359910565784669e-01
3.911185205076519456e-01
3.762972242460474459e-01
3.559057391705183759e-01
3.346575334605741969e-01
3.241081463996446366e-01
3.045711872554972000e-01
2.933172716592344909e-01
2.804520734431554807e-01
2.684959038831770672e-01
2.624481146533750864e-01
2.567588547922527442e-01
2.438922491456484154e-01
2.414183095371508214e-01
2.309377308395004491e-01
2.222480951983714648e-01
2.197715635854802785e-01
2.058708411491780854e-01
2.037138363579942824e-01
1.972634579011411926e-01
1.871994702750640616e-01
2.194061606469758507e-01
2.077735414957315452e-01
2.447290192871224568e-01
2.754260299676054569e-01
3.006186546930504910e-01
3.776208550586862556e-01
4.020910867976560943e-01
5.036220119245010673e-01
5.338625935905912945e-01
5.928528878051245732e-01
6.020710081100103528e-01
5.858480145754865198e-01
6.019778931112328424e-01
5.930248555598305327e-01
5.919354488298042005e-01
5.920232534631962862e-01
5.876547209476392641e-01
5.823936471668583748e-01
5.756750284587313082e-01
5.711776976691966823e-01
5.466374912344339476e-01
5.407661565016849137e-01
5.120622447471053773e-01
3.868940446034563885e-01
3.573772215541267117e-01
3.024401929353592311e-01
2.734718015156146764e-01
2.491419005067491699e-01
2.476284055762530412e-01
2.356362207686389654e-01
2.296346867436367678e-01
2.286456458224633559e-01
2.220998958106595034e-01
2.219602313009585992e-01
2.221663859820899867e-01
2.188200058158772388e-01
2.239534424638738586e-01
2.243636139572925403e-01
2.242926711840593224e-01
2.375399035311236973e-01
2.312697393944311841e-01
2.408875352557278138e-01
2.418218969299666954e-01
2.501864042055234050e-01
2.933220003192075764e-01
3.008054110356249145e-01
3.112490843608455848e-01
3.273523290684864917e-01
3.318373052358793984e-01
3.391759667113706800e-01
3.498681797289908135e-01
3.557724066865580181e-01
3.609593399510900857e-01
3.838558078603204748e-01
3.898505818229410780e-01
4.029335014948712823e-01
4.180642624777973770e-01
4.243150428614766989e-01
4.381105838401709862e-01
4.582376321088533211e-01
4.616927985062097561e-01
4.894143158984172182e-01
4.896464737814565371e-01
4.922152608590524836e-01
4.995706556064502535e-01
4.981973369968087373e-01
5.010561007725879978e-01
5.023582304454521363e-01
5.022565842229367306e-01
5.034543293158845190e-01
5.035544740202150260e-01
5.037242409312119307e-01
5.039650223419449571e-01
5.040531054007759693e-01
5.038177953411722143e-01
5.038845324878564735e-01
5.038904716501027004e-01
5.027130510102144623e-01
5.036077527457422098e-01
5.019606493514769952e-01
5.000353836283043529e-01
5.028926481265654225e-01
4.941065126097649030e-01
4.967619720843833298e-01
4.967351681116707329e-01
4.714725361211450916e-01
4.978302755577425631e-01
4.567055988796223098e-01
4.197541137383942744e-01
4.474731402637636135e-01
