2.108895113368709079e-02
2.142495949739435870e-02
3.983108352341321184e-02
4.010303526748754122e-02
4.260248051438057793e-02
4.515160393971860697e-02
4.332211914291848182e-02
4.427951842258420756e-02
4.424106664097091079e-02
4.391419892054626573e-02
4.421463759581499564e-02
4.407398089725570595e-02
4.407652234749125791e-02
4.412599948370363179e-02
4.407844347712144839e-02
4.409806274109798890e-02
4.409572001341463543e-02
4.408560500908594026e-02
4.408996744169755427e-02
4.408082124109871658e-02
4.407644631954499292e-02
4.406777927050371108e-02
4.405007341010740152e-02
4.404174626420433170e-02
4.400168296983102828e-02
4.396750833101876338e-02
4.393652996579925502e-02
4.379226278360585228e-02
4.376481081073024804e-02
4.357681545924492472e-02
4.318287974496593656e-02
4.327722223581045857e-02
4.224927918422375500e-02
4.168285011401060003e-02
4.175166433848644110e-02
3.752364509556249672e-02
3.739761048247419034e-02
3.604858923514071140e-02
3.510714525367253369e-02
3.444261223301516711e-02
3.433260375319541896e-02
3.403813225853287439e-02
3.270185821934121911e-02
3.369257587331769138e-02
2.912107983616939524e-02
2.983230524421059265e-02
3.425413786831137813e-02
3.384488717343349384e-02
4.536671159651960161e-02
4.032632518581182046e-02
3.141549678963273529e-02
3.042846256763206275e-02
-3.801641979017359504e-03
-1.467481558341167565e-02
-1.930276055505495900e-02
-6.734878506027620892e-02
-7.180937876466686465e-02
-9.812846624394006012e-02
-1.158213270726502486e-01
-1.309757049103157378e-01
-1.453781093467289842e-01
-1.636429321019429728e-01
-1.751021559654766246e-01
-1.690775559563421904e-01
-1.790691442133288958e-01
-1.730786060658596470e-01
-1.771394593767914583e-01
-1.814930931602028175e-01
-1.743805476685722777e-01
-1.800934109123197846e-01
-1.733951776415612878e-01
-1.645888943509868640e-01
-1.609177359934873264e-01
-1.468843581661829212e-01
-1.420339555948716137e-01
-1.328880274997010225e-01
-1.256627436342433735e-01
-1.223411812224586975e-01
-1.147285947619057084e-01
-1.159851497113838642e-01
-1.122387064036866056e-01
-1.063660034851776626e-01
-1.057380150502311572e-01
-9.205089635778841706e-02
-9.197441529581973363e-02
-7.554199040165937573e-02
-5.476708950819990374e-02
-1.418101463768902185e-02
2.836254214995147238e-02
3.056890006573792160e-02
3.844057642484713377e-02
4.343476656763880367e-02
3.470022316831865988e-02
3.411427488119291029e-02
1.085811384545373390e-02
1.238376598212197026e-04
8.453109872936742875e-06
-2.612763648988955870e-02
-3.145802650548257945e-02
-5.202655516221825482e-02
-9.478996367135203438e-02
-1.095286720962097421e-01
-1.118783578027077730e-01
-1.205803376735402471e-01
-1.126307779797139641e-01
-1.178436053366001129e-01
-1.063322587403018465e-01
-1.052569158098199120e-01
-1.045119231996091969e-01
-9.342462370436509234e-02
-9.614344235452801368e-02
-8.976438862465775659e-02
-7.859791826063523834e-02
-8.278036684091677477e-02
-7.049693974853289691e-02
-7.497997435458286786e-02
-8.215386933818392967e-02
-8.502260935096282723e-02
-9.787887232042698227e-02
-1.071422984291162672e-01
-1.166791900290446438e-01
-1.143204872071488798e-01
-1.104712797446771033e-01
-1.083800178761181732e-01
-1.032260921805452369e-01
-9.134332350399360090e-02
-8.133250075776757293e-02
-7.799782778891788115e-02
-7.389519743779941752e-02
-6.591213842901345876e-02
-6.645674446482889575e-02
-6.040921871567652562e-02
-5.842859224474272750e-02
-6.067570198672846832e-02
-5.543049689690851545e-02
-6.107113730083076064e-02
-6.527514781163726298e-02
-6.696987871396815895e-02
-8.145661468148780726e-02
-8.083579415257784173e-02
-3.709990590958659601e-02
-3.541196028889278397e-02
-1.881141298807619336e-02
-7.261317399523082791e-03
-5.223968915439469729e-03
5.297836069906529562e-03
-4.544320071717260733e-03
9.090107894015790266e-03
1.009424821043895419e-04
4.718470861648324521e-03
7.332497176141244272e-03
-1.619083865287712989e-02
-1.556118948161430184e-02
-4.256144126827048763e-02
-4.633793610449289668e-02
-6.093642898604799407e-02
-8.075474133598496695e-02
-8.258637541279141570e-02
-9.071828982463979452e-02
-1.128849135869085668e-01
-1.048059359641932420e-01
-1.212348061155536783e-01
-1.122233828249247639e-01
-1.041525608060827612e-01
-1.098049396103476655e-01
-9.239153722284532133e-02
-1.127002116890375855e-01
-1.370778964244739051e-01
-1.552810857803730571e-01
-2.175237325530186561e-01
-2.539905138959829278e-01
-2.789931174712033668e-01
-3.172858800704952409e-01
-3.309069090139749036e-01
-3.331414420903218154e-01
-3.268644913518770068e-01
-3.085660395008276158e-01
-2.776697119773449129e-01
-2.468206481570778543e-01
-2.264063951842011646e-01
-1.989387868729956266e-01
-1.746153977002603830e-01
-1.617166396268032436e-01
-1.551034590591834905e-01
-1.486525240549564919e-01
-1.470112258264751892e-01
-1.497257877621557265e-01
-1.378060693406449877e-01
-1.386331279320924537e-01
-1.370077993504326130e-01
-1.290363016983493150e-01
-1.335637423835633331e-01
-1.255511545023967057e-01
-1.222515292505868406e-01
-1.224680993761824710e-01
-1.090497435981961083e-01
-1.085557356751316732e-01
-1.049194986356838805e-01
-9.613762333354695933e-02
-1.024431477751244213e-01
-9.652856896162524680e-02
-9.982327173132128639e-02
-1.119375357753288058e-01
-1.147901900996077945e-01
-1.237082121955132147e-01
-1.329359502162388296e-01
-1.355707292887613213e-01
-1.456991059974915015e-01
-1.507780077222794779e-01
-1.535657988146145458e-01
-1.632614244454891339e-01
-1.617902227753802991e-01
-1.640109224038341917e-01
-1.642357274770211151e-01
-1.459913717918286669e-01
-1.466697462270688812e-01
-1.296864573923123265e-01
-1.176118665966992410e-01
-1.069719095985862678e-01
-8.711026617705187880e-02
-7.909221151992971988e-02
-5.285550470687298136e-02
-3.812305505866964150e-02
-1.492294342091035099e-02
-1.231144003175472026e-03
1.330672189750930177e-02
2.265611575567677213e-02
2.099344692913769281e-02
2.304479226864798030e-02
2.093333664019568496e-02
1.667875063399716293e-02
6.584683793195366189e-03
-1.399123070130134285e-03
-2.996590203072588298e-04
-8.501035505905158579e-03
-1.848366072438575869e-02
-2.354171220510194867e-02
-5.599190810734865076e-02
-6.710352068222411037e-02
-7.525575724001165590e-02
-8.928067803539450897e-02
-1.024716860362470394e-01
-1.112185396958057931e-01
-1.183917696554829951e-01
-1.169284569933607687e-01
-1.318682875774408181e-01
-1.262182580248467079e-01
-1.024379227813653620e-01
-9.877584536370405399e-02
-8.913802974499873688e-02
-6.646025095929096460e-02
-5.785390965755237563e-02
-4.016296410804172379e-02
-2.684611932838505341e-02
-2.042266962434565597e-02
-4.755629044883863052e-03
7.241155157477174300e-04
7.696191879836830792e-03
1.008725982034578902e-02
9.822711019491800130e-03
1.240298331645956452e-02
8.206584576214438417e-03
3.785505232952017692e-03
-2.595545494052659777e-03
-1.899148126984804077e-02
-2.998778458431456545e-02
-3.290954192203519174e-02
-2.914958621983712236e-02
-2.689975699931164421e-02
-3.873546531544152377e-02
-4.080114648103426445e-02
-4.796456096478918935e-02
-7.203706316991853598e-02
-8.033295074706663097e-02
-8.628835844738509675e-02
-1.031734936480564191e-01
-1.027776232097291215e-01
-1.094979100573935521e-01
-1.156803639739614059e-01
-1.199751775574403045e-01
-1.276319849196622114e-01
-1.391578939207692434e-01
-1.443145705861793859e-01
-1.454458291860163399e-01
-1.502473627425606195e-01
-1.488795010429534160e-01
-1.510352606377350082e-01
-1.606532294173061703e-01
-1.608121123598835189e-01
-1.680402207574026863e-01
-1.679015874567098554e-01
-1.521084042668177372e-01
-1.491781287005887469e-01
-1.313602812111541451e-01
-1.215280451376957033e-01
-1.196033684786459994e-01
-1.059958705271209223e-01
-1.048583827726663753e-01
-9.808846459842250620e-02
-9.133866181732559764e-02
-8.930224912745704513e-02
-8.132648932811878395e-02
-7.849214943798010768e-02
-7.220407742917979432e-02
-6.670155510593862858e-02
-6.561370106169897576e-02
-5.970539655867719564e-02
-5.993965151412999209e-02
-5.922942689265617289e-02
-4.994834781444330851e-02
-4.911145934156240650e-02
-4.574554062068779403e-02
-3.594359839953437802e-02
-3.296317551655891104e-02
-4.674656519684776239e-03
-1.120785785613428922e-03
2.804353529665378972e-02
3.612712885523160222e-02
4.769317110537938526e-02
4.945701250667798587e-02
4.299640565971447892e-02
4.551960377126437751e-02
4.347285198016884872e-02
3.747206050129549271e-02
3.726221616654273178e-02
3.126134622359486026e-02
1.245654345354124844e-02
6.665460755036344866e-03
6.054319182250738653e-03
1.175211342620609278e-02
1.847899199952189944e-02
3.319036971034952654e-02
4.353472958236571239e-02
4.957155015995385466e-02
7.674300957634848375e-02
8.007636459425095110e-02
8.181432306236759155e-02
9.105787352563148029e-02
9.094611604693070284e-02
9.266027826604528173e-02
9.635675543785138242e-02
9.600559212174825108e-02
9.268525906222400967e-02
9.253927287936615509e-02
9.057756801325025919e-02
8.929765792715192718e-02
8.922740915279972485e-02
8.733451593434574112e-02
8.680923852463739987e-02
8.678197555008336506e-02
8.180551704776736766e-02
8.158349937350518888e-02
7.913233246931905551e-02
7.741112278704656569e-02
7.679080412054373195e-02
7.503656422684913674e-02
7.274004626925943684e-02
7.265669443846677067e-02
6.766450623651920626e-02
6.428018812284479189e-02
6.389091795169979382e-02
4.592275013039054388e-02
4.680228281210797869e-02
4.384467193400876095e-02
3.960939163564004134e-02
4.349816687624138978e-02
4.214339688328587463e-02
4.205791162648647719e-02
4.294971758861489131e-02
4.240535478792659824e-02
4.267959977161509683e-02
4.275296732542890887e-02
4.265230710268864966e-02
4.276115205534149893e-02
4.273858982322237959e-02
4.273920726277484483e-02
4.276363190845264978e-02
4.275230669072697942e-02
4.275956275708009402e-02
4.276240774590274463e-02
4.275694104702500858e-02
4.276201629232261742e-02
4.275735492730606963e-02
4.274867387970688465e-02
4.276132798571593424e-02
4.272863790065045686e-02
4.273063067080668659e-02
4.275119965673673805e-02
4.261486928306887356e-02
4.274856472847469308e-02
4.262059291926514892e-02
4.230584505295854891e-02
4.304868661646787248e-02
4.158777863629359306e-02
4.201712676829239684e-02
4.297463534070903451e-02
