-1.093018255384690463e-03
-1.299872024820775520e-03
-4.202076264486689396e-03
-4.138021759647662022e-03
-5.266442192804950476e-03
-5.971737495377816424e-03
-5.875612852583011678e-03
-6.457341570882221826e-03
-6.563996449158252151e-03
-6.676625884442179484e-03
-6.887722242620675922e-03
-6.917519440266675125e-03
-7.010835408247485280e-03
-7.074623491510918273e-03
-7.098797474990227278e-03
-7.143775890345907889e-03
-7.162764412018152518e-03
-7.178242904368625603e-03
-7.194011920018942262e-03
-7.197837992196924779e-03
-7.202741179009985138e-03
-7.202712426948923267e-03
-7.195533550007732551e-03
-7.191393992633386863e-03
-7.174324823108412311e-03
-7.154408282929624295e-03
-7.138731974239134401e-03
-7.084972164456766058e-03
-7.057765657267620237e-03
-7.001669458295670806e-03
-6.875265476560432805e-03
-6.868394511173166184e-03
-6.643119297470768785e-03
-6.459157680723972943e-03
-6.470722593027594845e-03
-5.719869687323672625e-03
-5.877596644709866779e-03
-5.650528863957071830e-03
-5.764308735642736936e-03
-5.920579838050524409e-03
-5.838523513501218953e-03
-6.869163530331878417e-03
-6.413531385460790983e-03
-6.934092654368811080e-03
-6.288969190772894166e-03
-5.942860446056319815e-03
-7.411646718500321772e-03
-6.736940326988421872e-03
-7.070626034951474001e-03
-7.231485442983753148e-03
-4.378270559618268470e-03
-3.104537171372946745e-03
-9.479569578108946321e-04
6.823441614269418719e-03
1.126873906418780075e-02
1.489179877099749277e-02
2.490383820767149217e-02
2.797545753086246728e-02
3.869224727731110369e-02
4.481793176292994674e-02
5.290267641481689875e-02
6.612765187866295746e-02
7.263677637812658572e-02
9.648528007645415516e-02
1.039876280106098450e-01
1.175326300388145756e-01
1.264290873989356301e-01
1.253065642052983986e-01
1.294045461738523028e-01
1.271540564024672415e-01
1.238972127216960983e-01
1.239112313979043867e-01
1.175455231847378629e-01
1.142469611487675063e-01
1.101720912476339548e-01
1.007239414026396135e-01
9.696236525048627930e-02
8.889932330929621596e-02
8.082775442579173686e-02
7.499806672892533888e-02
6.472105813076821368e-02
5.820340686770056338e-02
4.991500232490699018e-02
4.124036871062215781e-02
2.981404407722858946e-02
1.925017231960791247e-02
1.395436923488131351e-02
2.890824264821354687e-03
8.736228759024961552e-04
8.635210175057536164e-05
-4.519499583985750121e-03
-3.284486539717928425e-03
-3.258964972693041175e-03
-3.757746749886783921e-03
2.860291902612249748e-03
2.636256039921458950e-03
3.392375706255068308e-03
5.042136463872256592e-03
2.586675532399581104e-03
5.109207783409115515e-03
5.251792795639592323e-03
5.360822907439227389e-03
7.325548330345727638e-03
5.859156747292084029e-03
1.786509793125563633e-03
-2.547098434672583327e-03
-1.203506714706207605e-02
-1.584950034730860449e-02
-2.530845274441148596e-02
-3.547998100622298812e-02
-3.806017130693939432e-02
-4.485295003383429208e-02
-4.899338835354191679e-02
-5.187039240328127077e-02
-6.450366756717826333e-02
-6.793985998529797343e-02
-7.525946607214314965e-02
-8.447271575785511577e-02
-8.618155633289971418e-02
-9.683069599478665024e-02
-1.005599285211989241e-01
-1.000405157897143182e-01
-1.017839686724868742e-01
-9.799412003492580236e-02
-9.123232879203216350e-02
-8.996383389314552281e-02
-7.859755257346741353e-02
-7.056525384650140509e-02
-6.762941832018851129e-02
-5.180604023558108007e-02
-4.933714581567309049e-02
-4.365080908751819977e-02
-3.586141909982288462e-02
-3.451816683909962602e-02
-2.813638503290206982e-02
-2.560762208436316231e-02
-2.377548616697618827e-02
-2.008291568772113678e-02
-1.893628007968680554e-02
-1.712846547675139081e-02
-1.493313596488085766e-02
-1.373376490309958717e-02
-1.172912185226856335e-02
-1.001717175297803936e-02
-8.849530289543364528e-03
-7.755063465745473845e-03
-7.017432677506623383e-03
-6.486379352882577776e-03
-5.971603775560388287e-03
-5.380170234261797552e-03
-5.577717939694440581e-03
-5.981719294338351360e-03
-6.881241460592252453e-03
-7.176618569961580596e-03
-7.389796390694122578e-03
-6.866888068038376827e-03
-5.266330969971268726e-03
-4.654770569630412198e-03
-3.199448981568828090e-03
-2.597993378011980489e-03
7.239193910325518371e-06
5.387540479498682637e-04
7.532614549210892669e-04
2.006131692758536707e-03
1.794096095338695504e-03
3.057363026131246914e-03
2.947982901664546445e-03
3.342625167620604573e-03
5.455383727859607068e-03
4.383575691844383664e-03
5.460851396255018454e-03
3.278566932374545311e-03
2.225861157113461983e-03
1.253792566094751688e-03
-5.499883457481534975e-03
-6.042223496838165439e-03
-8.629523760772188357e-03
-8.434243747750517009e-03
-9.208890968744026795e-03
-6.347564852454996333e-03
7.906204811968370588e-04
2.368919919615600830e-03
5.798725162424074424e-03
5.308463262281809363e-03
3.920904318787603315e-03
4.083663710791880612e-03
-4.369398114150542349e-03
-6.307680515994875704e-03
-1.297382028992940563e-02
-1.828417015524688716e-02
-2.083054895202031062e-02
-2.905858260944123306e-02
-2.993806277388749715e-02
-3.440304490489019124e-02
-3.471694906937657782e-02
-3.355597584017129542e-02
-3.481262517286595054e-02
-3.239282552652333197e-02
-3.253101276535369513e-02
-3.321014240284182739e-02
-3.205565558308080820e-02
-3.292466188329465360e-02
-3.276745076853464222e-02
-3.264199106739091444e-02
-3.315605260541739513e-02
-3.317141690744144361e-02
-3.335731051506467953e-02
-3.384550698970108934e-02
-3.441819170526433380e-02
-3.498476147795637203e-02
-3.457840749186858603e-02
-3.466503911330545695e-02
-3.460506819490283964e-02
-3.394569545920435305e-02
-3.321886939876279865e-02
-3.171592650238730382e-02
-3.016584104117878834e-02
-2.814230905382246462e-02
-2.609292987436195518e-02
-2.423622113736050368e-02
-2.043838568566771347e-02
-1.832475234357940075e-02
-1.599616918714059921e-02
-1.333033595725837718e-02
-1.188952492092117813e-02
-1.017679695919343312e-02
-9.957690424088613129e-03
-1.037425929394838499e-02
-9.530487041760281677e-03
-1.032072051400258379e-02
-7.237621331006425900e-03
1.151481482618446281e-03
2.824510433492756142e-03
8.994946186062554444e-03
1.207877255756203624e-02
1.177379824066827375e-02
1.555125466304423804e-02
1.525969926258399084e-02
1.366811024467658869e-02
1.345089510920636361e-02
1.134758998191809191e-02
9.941552627840676351e-03
8.257060232228575006e-03
7.943584455741904346e-03
6.160225943112645347e-03
7.786766433329742401e-03
7.678106335235006935e-03
1.003259515897052430e-02
1.203205860035470344e-02
1.241375294005809572e-02
1.393065491826576789e-02
1.372967561026836036e-02
1.404965372509131387e-02
1.313024233906967889e-02
1.270416043379446816e-02
1.269514404288086921e-02
1.247493626182039940e-02
1.205271000103873974e-02
8.504821927917783492e-03
5.328487595693992204e-03
7.335453825289325186e-03
6.582322909184003951e-03
7.621048838422826883e-03
7.743200606131317443e-03
5.530463924011345088e-03
6.233411241737284170e-03
7.280531094033025966e-03
5.843349689042796197e-03
-3.222754348904267982e-04
-4.833249459011721393e-03
-9.403591845717188327e-03
-1.736836276153470165e-02
-1.836762123647103784e-02
-2.124940492618708834e-02
-2.260300917037804530e-02
-2.271167788212146571e-02
-2.874279928391054381e-02
-2.860159390074467831e-02
-3.037289356659277767e-02
-3.234534245731093133e-02
-3.009334317458117747e-02
-3.075713644372908215e-02
-2.963666709530604279e-02
-2.780933253589954260e-02
-2.728986646157509008e-02
-2.490042247898693190e-02
-2.305492494014595856e-02
-2.159169970453402032e-02
-1.695353116168019786e-02
-1.483024935444090045e-02
-1.017235352988908950e-02
-2.985616004926750378e-03
3.779474947349606862e-03
7.894222456869152971e-03
1.147416645821188429e-02
1.608488849282968189e-02
1.463999113857169555e-02
2.075861558360719145e-02
2.281819761160435930e-02
2.606781845116297111e-02
3.065678382901479426e-02
2.847175769436053466e-02
3.126197289633556031e-02
3.133777627701170299e-02
2.920277241181314445e-02
3.071477157755173396e-02
2.769595250751797494e-02
2.498331413276565563e-02
2.325311485821945912e-02
1.931992308903127120e-02
1.778176203263788502e-02
1.217023513930631795e-02
9.852335821069004712e-03
6.266298715206121764e-03
1.976013663811166179e-03
5.752773784181146755e-04
-2.545678178247401217e-03
-2.739185251035437980e-03
-2.053551743158032756e-03
-2.390957890036713579e-03
-1.083606062395291820e-03
-1.095945875881413267e-03
1.513097383848297905e-03
1.774891350384266318e-03
1.742602329242312880e-03
2.964946139562193821e-03
2.553910373538377260e-03
3.813312098846348766e-03
3.611243205258360314e-03
3.966883280467068014e-03
6.194504725883760200e-03
4.913460319232838651e-03
6.295524579625230883e-03
4.004786484202436589e-03
2.826823088731205552e-03
2.713663980834730115e-03
-5.032196889907480236e-03
-4.665193900384413499e-03
-6.498395057770951777e-03
-8.690948219698473379e-03
-6.980337823947071682e-03
-8.367885476796938990e-03
-6.836455699507674837e-03
-4.590501035035682992e-03
-1.907944773622082587e-03
-1.744224395784229340e-03
-4.112591657532436128e-03
-5.303021545390589238e-03
-8.411890251585351502e-03
-8.101885781526719718e-03
-1.060585896997989254e-02
-8.085404906413648160e-03
-7.319150863992837305e-03
-4.995286736732546320e-03
-1.041768811073348665e-03
2.099032491471829621e-03
8.401893974956586505e-03
1.448116505397054748e-02
1.556220663217984003e-02
2.181245703618938866e-02
2.342785122431154804e-02
2.212188128227582720e-02
2.635930491410598889e-02
2.332003992486974056e-02
2.214008924622717922e-02
2.694899940325053145e-02
2.161446310375777016e-02
2.479817558939014302e-02
3.153122201182178425e-02
3.157261212990877114e-02
3.556678410373621119e-02
3.566342972197318606e-02
3.393664374816330459e-02
3.788218002792788364e-02
3.514262877251674022e-02
3.625557227425688089e-02
3.745203610459802573e-02
2.766244993147504161e-02
2.622889393884824880e-02
2.261436452934462160e-02
1.723541525444440350e-02
1.905077994867276220e-02
1.817724282491380017e-02
2.394393829526907103e-02
2.610533988489037449e-02
2.515334610729115863e-02
2.551800313020438984e-02
2.522333253088420227e-02
2.452133557800496855e-02
2.439089533504651755e-02
2.452855407648548564e-02
2.177947230139776202e-02
2.361829668700776361e-02
2.128716495618091301e-02
1.700290333698976225e-02
2.262243707028727471e-02
1.739946295954791083e-02
1.085760659311798583e-02
1.153987239204159500e-02
5.037618212107253420e-03
-5.349609536578760986e-04
-4.620260234114621084e-03
-5.160865474003188853e-03
1.665596123024431661e-03
2.170446167923341819e-03
5.548355467738469091e-03
7.061783546605493803e-03
4.258964825860485533e-03
4.839489155009055708e-03
1.933323326865847135e-03
-4.804080894624759325e-03
-6.940082880101033913e-03
-7.772309479429244383e-03
-7.242287461989757244e-03
-7.546601751325710851e-03
-6.642752346189792143e-03
-5.500915913172030498e-03
-4.501183184529995197e-03
-2.243979092374340061e-03
-8.665521459768754783e-04
1.783465944554792808e-03
2.646917214265816828e-03
2.259600146620424199e-03
1.778111947798286224e-03
1.445305333123278772e-03
1.711467494221078712e-03
1.573649222939564043e-03
1.954536524909455952e-03
1.960500753726700414e-03
2.462865203753423268e-03
2.619649186218125491e-03
1.654233579819466057e-03
1.695968572384579359e-03
7.204226702548319639e-04
-4.699537908034466028e-04
-9.138449674802113154e-04
-2.303727598237829705e-03
-5.558319819398135431e-04
-7.965323417051107906e-04
-7.255568621304269751e-04
-2.790542431064690042e-03
-3.936666061289078970e-03
-2.841103251630773281e-03
-3.081167038325693854e-03
-3.537706675092140880e-03
-3.094973062163900324e-03
-9.141788788626803051e-04
-2.350508946502059902e-04
1.820353033242581462e-03
2.597952125869313397e-03
4.954806493322139183e-03
5.636594028947868387e-03
2.566667650904972189e-03
-5.811147139204173376e-04
-2.335121023715734136e-03
-3.129245628631799944e-03
-5.238504024316046302e-03
-4.776437519284163977e-03
-6.246795782927689993e-03
-6.572438203098852731e-03
-4.051223362878278271e-03
-3.942005181608028257e-03
-2.990168973660169930e-03
-1.933884237990990494e-03
-1.583941191616124178e-03
-9.539268987670608980e-04
5.520436301924524754e-05
2.225217200397450244e-04
7.747110748674670196e-04
7.662645825481895993e-04
4.504832332694896110e-04
6.133758527851918430e-04
3.984407559061112106e-04
2.924370177943819539e-04
2.458131728541968842e-04
-7.487423997245072594e-05
-1.532506339865343436e-04
-4.823108042173552623e-04
-1.046050545190234512e-03
-1.042867964886786628e-03
-2.190403431692435759e-03
-2.136506704602373664e-03
-2.275584458717491709e-03
-2.772438550727063678e-03
-2.759766861166632664e-03
-2.967119306380901819e-03
-3.095445569165279631e-03
-3.124814046692248656e-03
-3.225190884007702718e-03
-3.257666577874159322e-03
-3.288945805374002447e-03
-3.325568926207582519e-03
-3.337259533673292596e-03
-3.354861658854662882e-03
-3.365547912829832972e-03
-3.369757471369006462e-03
-3.376138852795938349e-03
-3.374710800031865358e-03
-3.373496413494413756e-03
-3.371311795363917188e-03
-3.356916756256927460e-03
-3.353943926508071941e-03
-3.333536510373286826e-03
-3.301198695080772866e-03
-3.302894750826237350e-03
-3.220186473703996483e-03
-3.191286660568559697e-03
-3.172233734718702975e-03
-2.926870657635802404e-03
-3.030966695744831060e-03
-2.750258420233586860e-03
-2.287674212917653951e-03
-2.576222646246786960e-03
