-7.461872807968783061e-04
-8.602297887246082011e-04
-2.870278192977647729e-03
-2.952033117991475272e-03
-3.431413918157801436e-03
-3.741447793579047269e-03
-3.406089819881585098e-03
-3.623585757973293419e-03
-3.589023942194751685e-03
-3.551779906821519919e-03
-3.610252206026419008e-03
-3.581815721541686121e-03
-3.589880772932141622e-03
-3.598017542424076804e-03
-3.590525189729868328e-03
-3.595875144886453208e-03
-3.595357553610538468e-03
-3.594490673436925247e-03
-3.595870126266307015e-03
-3.594970113703696048e-03
-3.594975849765562424e-03
-3.594670402878452284e-03
-3.593576223751450329e-03
-3.593292849638717989e-03
-3.591003604926410343e-03
-3.589127454711025459e-03
-3.587612411814243736e-03
-3.579254590101940865e-03
-3.578259300775472537e-03
-3.567876270174454197e-03
-3.545235744410069490e-03
-3.553266402100178911e-03
-3.493751319374513182e-03
-3.465100723977627452e-03
-3.477722229549562449e-03
-3.223372200124309441e-03
-3.264335948416342576e-03
-3.207339833808515311e-03
-3.254996467985635938e-03
-3.301896283719295364e-03
-3.359654906825727469e-03
-3.690421005780099642e-03
-3.493747876579035225e-03
-3.799807748532631809e-03
-3.272478610182528308e-03
-3.305398907791404738e-03
-4.780680017125904686e-03
-4.694637409550596330e-03
-5.729423455069891473e-03
-6.208750065097442053e-03
-5.176387490775729260e-03
-5.495265327162650315e-03
-4.360504214648236974e-03
-1.562752081795165844e-03
7.331284640313689852e-04
8.542858330143807653e-04
2.935873358888697274e-03
3.131921799006222914e-03
2.750291175674821238e-03
4.002824446756507101e-03
4.614330740011523234e-03
2.414449702754452656e-03
4.770035667262407381e-03
1.067876186271094624e-02
1.303090905582445121e-02
2.371714127740475603e-02
2.849068234342214123e-02
2.747192669923252326e-02
3.144726340831816014e-02
2.951384550771931833e-02
2.754081400722658765e-02
2.828493209985168816e-02
2.404170118393983424e-02
2.190518308718287024e-02
2.044867947565520011e-02
1.302893424731729581e-02
1.203874836465496263e-02
9.248512482044590408e-03
5.768397916764492206e-03
5.248105451492882448e-03
3.342971474185473576e-03
2.208489615084358992e-03
2.057760312749792701e-03
9.382349971754452194e-04
-1.562220843640864214e-03
-2.815231940426047002e-03
-3.691246829686597227e-03
-5.768051299247330642e-03
-5.839666861377212914e-03
-5.082306218300614541e-03
-6.271938153593619933e-03
-5.276138805984278979e-03
-4.248517574146677515e-03
-4.125850464632673832e-03
1.306266951684042490e-03
1.864195952768100441e-03
2.176648184701631371e-03
3.300623054388765552e-03
1.830816569275239662e-03
3.820816389052426876e-03
4.537791875759915328e-03
5.662806925986311329e-03
8.101919348582453662e-03
8.613207143353653061e-03
7.584921380944579378e-03
5.697870260343320531e-03
2.022430169040913620e-03
1.994926780268960285e-03
-1.901809567992357756e-03
-5.820731776302802418e-03
-5.731386073748768149e-03
-7.215403689041002648e-03
-6.435983151246643837e-03
-6.294746873145309028e-03
-1.028255550235034413e-02
-1.086931381946891310e-02
-1.229497416375579209e-02
-1.478029855317612891e-02
-1.493029112918842563e-02
-1.609305007454550282e-02
-1.673779764797831207e-02
-1.461632449742535610e-02
-1.273344991885020511e-02
-1.152404304481937855e-02
-1.003002522974201678e-02
-1.045268770902276975e-02
-9.430694356325031863e-03
-9.833134108030452958e-03
-1.072746536166929027e-02
-8.470870539405794472e-03
-8.335936474895310963e-03
-8.265959521438649010e-03
-6.875436192065856669e-03
-6.685474959005395339e-03
-5.164793255303846628e-03
-4.598334373359296533e-03
-4.154094802503038517e-03
-3.435427515204273786e-03
-3.063091537179846603e-03
-2.907874414312013479e-03
-2.293354652496203388e-03
-1.816993758263155427e-03
-1.357329028104546252e-03
-5.273708047308599527e-04
-2.310655835224330887e-04
-2.360282790112503041e-06
6.314743333771236284e-05
-1.089772765073012919e-04
-1.039829389434827195e-04
-8.377190845588763197e-05
-6.136768822351435122e-04
-1.370108728700497819e-03
-2.559634869431254723e-03
-3.040855811540081523e-03
-4.091550707984418708e-03
-3.798002002820979103e-03
-2.728240606632409502e-03
-2.555490213207882444e-03
-1.537100720735338610e-03
-1.267893711406323795e-03
7.038401921328281581e-04
8.735104462886347136e-04
6.559664209048972133e-04
1.278641771137178917e-03
1.067246576527979213e-03
1.615027573750359938e-03
1.491663745166463316e-03
1.780385918911114081e-03
3.227222535093922807e-03
2.862769102866779148e-03
3.639389090893208143e-03
2.366492078045576933e-03
1.958862900475241264e-03
1.358638915172736975e-03
-3.940538164630545681e-03
-4.488160528952593251e-03
-6.340566268766723891e-03
-6.659004239701979237e-03
-7.251293988027233614e-03
-4.737949413373388451e-03
1.486923002559775546e-03
3.353143448111742860e-03
5.823575500761448906e-03
6.289848336545976644e-03
6.058784717657453647e-03
6.641194680165428757e-03
2.548135549487145005e-03
1.793822722406073584e-03
-8.337681808509784295e-04
-2.556709670716205123e-03
-3.640644631701264820e-03
-7.343003014248244802e-03
-7.280084455804737738e-03
-1.087569490530504793e-02
-1.015442144607837938e-02
-9.075386265914956244e-03
-9.625922838055083960e-03
-7.310983172413482861e-03
-7.386513315826146418e-03
-7.705170823482421043e-03
-6.855693857336211082e-03
-7.435036500369566863e-03
-7.297443395175716614e-03
-7.323562410142667699e-03
-7.609991680656051465e-03
-7.865397606512426754e-03
-8.089314048833746301e-03
-8.562671846649232490e-03
-9.587904076223672731e-03
-1.013283922516056146e-02
-1.011643445477241644e-02
-1.051544888180631042e-02
-1.070774110216738198e-02
-1.065388878327793928e-02
-1.035230304956914413e-02
-9.602200740648592775e-03
-8.911421582266773958e-03
-7.747597180207884369e-03
-6.697791621563060384e-03
-5.830396275516136657e-03
-3.119606075681847102e-03
-2.290576008925660888e-03
-1.142817544843898478e-03
-6.824201261488189183e-05
3.141183625609198209e-04
3.046989203869123570e-04
-1.675290485145700158e-03
-2.681769766872674817e-03
-4.992593894062868909e-03
-6.433354074324394364e-03
-4.880324387049676284e-03
6.639963133020596736e-04
1.815622850481400609e-03
5.147166791995389304e-03
6.483586814203318865e-03
5.361712638230141728e-03
7.030864655429465426e-03
6.685745544747754600e-03
4.333557275478772640e-03
3.917964386215401149e-03
2.550229605413059306e-03
1.320934751349408425e-03
5.033699182043238109e-04
2.685008541233233049e-04
-1.235196813650350257e-03
-1.580676943146387583e-04
1.111769990747596567e-04
1.792004038832439470e-03
3.395707317122177455e-03
4.045829505708772519e-03
4.343644468436791764e-03
4.372331686220322020e-03
4.424118977341062568e-03
3.352368955874151634e-03
3.324018233557507734e-03
3.274105121901309170e-03
3.616682206224910816e-03
3.733380065078849546e-03
1.415331877484986723e-03
-2.197798061913893060e-04
1.811471126743128841e-03
2.062497675634235566e-03
3.310590323272934871e-03
3.790625967322735525e-03
2.686627770307432016e-03
4.438143962539584791e-03
6.372094699914976693e-03
6.404773066946901905e-03
3.093408817846646924e-03
9.824634520898001006e-04
-1.303825834268889641e-03
-5.946216621610589219e-03
-5.970676171100345112e-03
-7.019726170569300441e-03
-6.530681876875154938e-03
-6.374937591947638267e-03
-1.020741780710398248e-02
-1.022785466520152904e-02
-1.163211562632537020e-02
-1.282228034013636192e-02
-1.207184865778435437e-02
-1.242422364176284239e-02
-1.223766380425885154e-02
-1.157493328781245522e-02
-1.152259313631465165e-02
-1.093024863689696750e-02
-1.012282877780547319e-02
-1.034982824301685679e-02
-8.035233072150956349e-03
-7.906314941222992998e-03
-6.206150664112111345e-03
-1.616765626134939512e-03
1.279551316995081959e-03
2.815604795581958582e-03
3.554059395585738249e-03
4.945156546747472848e-03
2.605715532755186956e-03
5.181977680352184250e-03
6.152444594102709705e-03
7.856631655642223877e-03
1.029908519678906197e-02
8.470651117115139683e-03
9.748693099772012816e-03
9.709105964842874859e-03
8.285441441099938853e-03
9.040318774661260798e-03
7.676477707418375741e-03
5.575005449996504533e-03
4.870016615462335191e-03
3.828015044736705376e-03
3.184129825016431426e-03
1.335622908954770026e-03
8.669062275319133109e-04
-5.368195220604339568e-04
-1.976257469552315793e-03
-2.522763497776186505e-03
-3.681037812547088058e-03
-3.472034495684190886e-03
-2.537864768886228476e-03
-2.400148906424187829e-03
-1.425412010187903505e-03
-1.195600669996022642e-03
7.763225910592276829e-04
9.203422952361385882e-04
6.990361235178945819e-04
1.320381064595415200e-03
1.105024493502152795e-03
1.672389233637888804e-03
1.545256404943931745e-03
1.865497771501964342e-03
3.360040156818661257e-03
2.984529140018151241e-03
3.925983752015989488e-03
2.655284667155304035e-03
2.325102245856963158e-03
2.212779982811022457e-03
-3.425990649337747052e-03
-3.246163095800893954e-03
-4.445818753814569611e-03
-5.868371483811206206e-03
-4.697807643269851473e-03
-5.516657821008926973e-03
-4.309689831000397195e-03
-1.753803244449633021e-03
6.664337145157663445e-04
9.475731030638290123e-04
-7.631118396482314964e-04
-1.799031228964019817e-03
-4.009638357820171327e-03
-4.487750829102967257e-03
-6.166866778985802093e-03
-5.516675961745916811e-03
-6.259879730653718395e-03
-5.181565025712722705e-03
-4.740647961541882317e-03
-3.027690378126327974e-03
9.848443094149601437e-04
3.675121429942583649e-03
4.495705069612210975e-03
7.783838434201019278e-03
7.540985956183057261e-03
6.725263259403040268e-03
7.961081951632170695e-03
4.863515443656958072e-03
4.074750794689181894e-03
5.303260317384157763e-03
2.127282373380127035e-03
3.767318851341182849e-03
5.989043965893424588e-03
6.644850638477485180e-03
7.115812301088313141e-03
5.051547112520898830e-03
4.533041498676400327e-03
5.558390752215059197e-03
4.456693483272614054e-03
6.531020875810691559e-03
6.885288395249564673e-03
2.496913478517713211e-03
2.103132040812788657e-03
1.064473886872413858e-03
1.001126238411708123e-04
9.567654699416391429e-04
2.356391143640036712e-03
6.141995427504810118e-03
8.015732002478676357e-03
7.357175918312634788e-03
7.772002039955681202e-03
7.554983381901410160e-03
7.462329296798455788e-03
7.596192565521404753e-03
7.724517414966041752e-03
6.675485868440503637e-03
7.980097655411735533e-03
6.767406971640051519e-03
4.764384330082378945e-03
9.189731160605835517e-03
7.134756955287069845e-03
2.807957282322228777e-03
3.947823185822898345e-03
5.976065639916199913e-04
-3.592105446566122573e-03
-6.461487426940282740e-03
-5.872048346342350136e-03
-2.777875133016960039e-04
9.811512459886222517e-04
3.681344267259716117e-03
4.865493682347597944e-03
3.267397759211267648e-03
3.971683716968963523e-03
2.189406262274647390e-03
-3.212731305867214289e-03
-4.709141495138599413e-03
-5.150475980215295062e-03
-4.678398094544498377e-03
-4.960327908714918903e-03
-4.151560902695568787e-03
-3.276065920372915781e-03
-2.505257713670900471e-03
-7.934968630407197073e-04
1.976342600720993529e-04
2.256188260947786066e-03
2.712627994332727707e-03
2.109039763421536543e-03
1.475248726218642914e-03
1.054811235748846776e-03
1.236744086844724679e-03
1.076800472055264822e-03
1.353389643308203346e-03
1.409879795347960835e-03
1.854441124239366700e-03
2.011672554284959450e-03
1.309565180798093458e-03
1.309589351306458859e-03
6.593096832492586698e-04
-2.982231646271822959e-04
-6.820347979318135958e-04
-1.506180611394085508e-03
-8.188371310537314728e-05
1.794835661723594996e-05
1.488642424071515786e-04
-1.818284568948460699e-03
-2.683557205173849741e-03
-1.838636906096442931e-03
-2.061280800074453273e-03
-2.613453293497195254e-03
-2.376273325818662342e-03
-6.330199599843008926e-04
-7.696604320961349414e-05
1.681740749132113258e-03
2.372508365145428386e-03
4.399683387166650021e-03
5.039594725745725340e-03
2.573451155150054733e-03
2.442048177166824879e-04
-8.533941285947585888e-04
-1.174510505219213607e-03
-2.273856666634739045e-03
-2.012071826976214329e-03
-3.067001443716107015e-03
-3.177265619253619600e-03
-1.734104447883274723e-03
-1.506338334458014313e-03
-9.974681505984731977e-04
-4.799171256989115722e-04
-2.537961957090585858e-04
-1.513331715113737570e-05
6.216463771537224280e-04
7.063677260955312023e-04
9.695042123592254122e-04
8.985811753862676509e-04
6.050653851722970602e-04
6.631390170327170147e-04
5.262932221674481185e-04
4.493049790937415542e-04
4.204889400145993663e-04
2.482058080271211105e-04
2.058953765291159847e-04
1.025151653957215973e-05
-3.575288095017958596e-04
-3.397445949416316637e-04
-1.206700564016919977e-03
-1.111707209860783672e-03
-1.169343733033957741e-03
-1.467833043984359325e-03
-1.445056013324182587e-03
-1.543848454984518602e-03
-1.602761221762208929e-03
-1.607710017727809930e-03
-1.646461871662311229e-03
-1.656295840693949688e-03
-1.664299450483372770e-03
-1.675376973695150021e-03
-1.677585232235827241e-03
-1.681606441339859176e-03
-1.684047127220611581e-03
-1.684546713083757280e-03
-1.685655976729722371e-03
-1.685093788011694446e-03
-1.684227879847823885e-03
-1.683329755176128780e-03
-1.679065521080856183e-03
-1.676920931797083215e-03
-1.670826454590086966e-03
-1.657825251166928542e-03
-1.655642215144338897e-03
-1.625551696649427200e-03
-1.600225570369175543e-03
-1.592109637928751245e-03
-1.469955012074512834e-03
-1.470192914212786360e-03
-1.356014534748922664e-03
-9.898947880654337169e-04
-1.147614052794305095e-03
