-3.456338258436279093e-02
-3.341658315921171990e-02
-4.237259494335669091e-02
-4.615536034382636266e-02
-3.986058376435726996e-02
-4.195797335950220835e-02
-4.060390882830294118e-02
-3.949291841782667095e-02
-3.999235146377397299e-02
-3.925837354423027808e-02
-3.920341889980652472e-02
-3.919000134225800874e-02
-3.897284834576143775e-02
-3.899759291436617759e-02
-3.893976271526471133e-02
-3.889535431320829267e-02
-3.889798624944416222e-02
-3.887059085714223566e-02
-3.886374910242981068e-02
-3.885892167616327580e-02
-3.884911093025245760e-02
-3.884743212301942222e-02
-3.884093039677846693e-02
-3.883596169935215475e-02
-3.883301243552981369e-02
-3.881849358266734051e-02
-3.881657142412330008e-02
-3.879937332047347226e-02
-3.876406970989731970e-02
-3.877471733594990005e-02
-3.868150616524591162e-02
-3.863957337223617589e-02
-3.864512602728372576e-02
-3.828057092183985433e-02
-3.841901051337543588e-02
-3.800716394393451741e-02
-3.665132499627984236e-02
-3.687601812405539442e-02
-3.348439550738520343e-02
-3.173658145267743702e-02
-3.218703107600064117e-02
-1.751099585718030732e-02
-1.509893153968328017e-02
-1.144758602498789288e-02
-1.978275250241399422e-04
-1.106325570768569577e-03
-1.619215793022930547e-03
-2.852715444932533116e-03
-2.401513662296501234e-02
-2.591643297976728086e-02
-2.915090689411966793e-02
-2.495578761320324523e-02
-1.712101218059946042e-02
5.419861746410737681e-03
7.221098203859645757e-03
7.494202988176542485e-03
2.164832156199546220e-02
4.346749371437049099e-03
2.249854778583651113e-02
2.219880854780405949e-02
-3.335102535447151406e-02
-3.259997220117787087e-02
-4.013533348958972513e-02
-5.027645741844799510e-02
-5.948348359204027463e-02
-7.517176553994360522e-02
-8.266826900275794920e-02
-8.748559970456801227e-02
-9.794238575702121641e-02
-1.000640607120176218e-01
-1.073826779269860116e-01
-1.147716640036040431e-01
-1.172816711637099524e-01
-1.283807319562726423e-01
-1.334126045990638443e-01
-1.406236668668668366e-01
-1.541290988903568915e-01
-1.565052368396919469e-01
-1.690648776287962396e-01
-1.725132824565056844e-01
-1.724917417472679737e-01
-1.803520655917239535e-01
-1.767439972383859081e-01
-1.799144185758539405e-01
-1.812187993369423489e-01
-1.754889158516988457e-01
-1.777133531141344702e-01
-1.590045643969091871e-01
-1.506580165550951700e-01
-1.367877664024943207e-01
-1.295020673937393452e-01
-1.199876543625542219e-01
-1.019152150946444346e-01
-8.504107814441345947e-02
-7.442569826782154119e-02
-5.836659905952064353e-02
-5.212005592958257605e-02
-6.072728485570857981e-02
-4.666272636020354220e-02
-4.382761163530727450e-02
-4.699106773068538467e-02
-4.697444618955869816e-02
-3.671257341540480612e-02
-3.466462612104498353e-02
-1.286605083319749231e-02
-7.689130203789432995e-03
-1.315293742374822050e-02
8.461920588314094868e-03
1.857295871936510620e-02
2.169484066081538501e-02
6.389532360264900401e-02
5.381770610730461646e-02
1.007889727913974416e-02
-8.781693967942100524e-04
-3.412738279444413325e-02
-6.754566384373360266e-02
-7.848962491465039104e-02
-9.340154270774864154e-02
-9.912837517990115421e-02
-1.005623399703818727e-01
-1.018046514072567799e-01
-1.023441040167008542e-01
-9.739951026378800003e-02
-1.047409676325580380e-01
-9.834465251673150943e-02
-6.812551356148911774e-02
-6.995522409725270230e-02
-4.492969626491687823e-02
-4.353071768021497812e-02
-5.187538301019736092e-02
-4.526228079280032041e-02
-5.051442291820759656e-02
-5.305535962397383426e-02
-5.393501994991340559e-02
-6.334490422968307166e-02
-7.423862882199612490e-02
-7.322957191436259283e-02
-8.589118626738798112e-02
-9.017083684496979279e-02
-8.206613432040900380e-02
-8.677455888100757408e-02
-1.043305164416409997e-01
-9.679984571146001138e-02
-9.134081383375358687e-02
-8.052240917473826864e-02
-4.643351717661364092e-02
-3.528009964302643298e-02
-1.991998563398505659e-02
-7.515017969182023402e-03
9.967109625873755638e-03
1.839117730622096686e-02
2.890173285924522648e-02
3.973678872266065559e-02
4.376556920977359155e-02
5.321150280437784985e-02
5.837324622095810267e-02
6.127873006273455020e-02
6.953590115942832883e-02
6.995124628836309200e-02
7.425283863998072276e-02
7.941637361426819031e-02
7.626826577946919927e-02
8.222874329399233739e-02
7.894862138509381455e-02
7.227349234321568672e-02
7.042167751798383835e-02
4.745251658953183321e-02
4.173978755338891844e-02
2.749060227316782803e-02
1.105408390020946700e-02
6.048659238415451077e-03
-1.199595311500790788e-02
-2.110558001730423322e-02
-3.289826134280927905e-02
-5.309217558432492018e-02
-6.690504816675919841e-02
-7.511673822805862988e-02
-9.280853000175380563e-02
-9.708526562976052543e-02
-1.003618070057131773e-01
-1.024398872436228652e-01
-1.006781204970787214e-01
-1.040459651181905032e-01
-8.217911595780615086e-02
-8.136162136078010920e-02
-4.223460091480236989e-02
-2.891134397143176396e-02
-1.211486337199701828e-02
4.113364617440672805e-02
6.188756992205352025e-02
1.006291583925963684e-01
9.018216520511569689e-02
1.266308034327854048e-01
1.122233710441040283e-01
1.155485221393628970e-01
1.182629942520916494e-01
1.131259362931606588e-01
1.086827958870474481e-01
1.017145334282564123e-01
1.010573094969905578e-01
6.917317665829131323e-02
6.648561609678123319e-02
6.083833723076566974e-02
4.817410241503933960e-02
4.801436871798849676e-02
4.024614759697988514e-02
3.568447962109821264e-02
3.427230016200703833e-02
2.535071761135331003e-02
1.756573107047968568e-02
1.645204075648203784e-02
-7.148113996684316886e-03
-6.972863197602098898e-03
-1.350134790556480578e-02
-2.163256732552475484e-02
-1.953467029695817384e-02
-2.767014066681049503e-02
-2.988840478156466751e-02
-2.691801215994612737e-02
-4.559664904642574818e-02
-3.398902119883556727e-02
-4.825149944493769411e-02
-9.517102056693031720e-02
-1.074189597483331676e-01
-1.600652628938989686e-01
-1.671459217564335020e-01
-1.724970097705890992e-01
-1.845833293822736476e-01
-1.767382207403428440e-01
-1.821557835481061594e-01
-1.757626465049555997e-01
-1.579507878143040500e-01
-1.033298505752655999e-01
-4.290957582210275234e-02
-3.963034412829657960e-02
3.684719223394453905e-03
4.588740693564958076e-03
6.122078732929551667e-03
2.518022722475441941e-02
4.073901246633913377e-03
8.243212330587831177e-03
8.973677669092483891e-03
-7.141950304903023176e-03
-9.360068446743701961e-03
-2.984648858835764126e-02
-4.599648468733106427e-02
-4.595237894564443981e-02
-3.757313782553843573e-02
-2.708409857957144729e-02
-8.287468327162901896e-03
-2.405214323224602602e-02
-8.719944101812141896e-06
-3.141651544445635269e-02
-7.994167771329821481e-02
-1.102122628870612769e-01
-1.437785136199414004e-01
-1.631810294460118160e-01
-1.982551153398481592e-01
-2.056408755312515435e-01
-2.020270045356328814e-01
-2.029643812031602934e-01
-1.956664646970015797e-01
-1.891036100861726021e-01
-1.895961628102323937e-01
-1.769538513642633371e-01
-1.788376880227103838e-01
-1.797409771192842454e-01
-1.764837312223546395e-01
-1.935874911199957360e-01
-1.934234825821667114e-01
-2.040697145903418164e-01
-2.197364962625514007e-01
-2.204791861335343717e-01
-2.427090797217696105e-01
-2.531777760199304117e-01
-2.657626903497963267e-01
-2.983773107395683022e-01
-3.114273496078908687e-01
-3.271101933377995041e-01
-3.516307851365931270e-01
-3.514155238182231078e-01
-3.664293408360312920e-01
-3.651007141672122924e-01
-3.313353047775902671e-01
-3.289974118398775738e-01
-2.810177068164169678e-01
-2.453473076678966969e-01
-2.104118809470548745e-01
-1.841061420305416252e-01
-1.264997313801371481e-01
-1.087889344602868263e-01
-1.049583739275416761e-01
-7.392923316125334099e-02
-7.361183751502881067e-02
-6.153061227122975235e-02
-3.914626076946330774e-02
-4.118168487790655613e-02
-2.461973413803472330e-02
-2.493309873409127117e-02
-4.180110094033431811e-02
-4.246766366189810155e-02
-4.561100836703070593e-02
-3.254219719431443447e-02
-2.608753436349397700e-02
-8.822989492298748473e-03
2.266878794874675057e-02
3.292001073015383972e-02
5.341742202299071263e-02
6.739548590301444597e-02
9.470446130314889854e-02
1.044529352262045796e-01
1.256429149365127507e-01
1.210351184353484905e-01
8.085440673109978160e-02
6.258295979119209151e-02
2.280862990182644032e-02
-2.358548197652826986e-02
-1.062188442826063478e-01
-1.864690942514964089e-01
-2.041723070125019968e-01
-2.591558134551034676e-01
-2.700045145450666317e-01
-2.919132603252407865e-01
-3.202033237343163141e-01
-3.250338161947023408e-01
-3.491187244312098925e-01
-3.606551003554965829e-01
-3.670463917965790523e-01
-3.646468057327301171e-01
-3.503763893619427638e-01
-3.337158049329785880e-01
-2.973981122344339090e-01
-2.636185247322151981e-01
-2.360905339321955621e-01
-1.481002267008421358e-01
-1.374446322961170308e-01
-1.502800406875268169e-01
-1.370186071177726117e-01
-1.442669851236019207e-01
-1.458704644334225253e-01
-1.373056849870253338e-01
-1.472115309239830638e-01
-1.339948885667047729e-01
-1.295241617980492088e-01
-1.118720022058531105e-01
-8.011615405807569201e-02
-9.349890755712415846e-02
-7.380181436589695887e-02
-4.874753482966884960e-02
-9.748686224504952980e-02
-1.437899076486045813e-01
-1.456742872879125128e-01
-1.529166171756261017e-01
-1.613631805351621595e-01
-1.507070639634371378e-01
-1.558670714813301383e-01
-1.506331504298295820e-01
-1.439392583966052352e-01
-1.301983370877605461e-01
-1.106501333544707699e-01
-9.866035562469917253e-02
-1.087278782077106820e-01
-9.474038925407889111e-02
-1.015743412321673672e-01
-1.068509104293986767e-01
-9.988136319576750022e-02
-1.064870939828941460e-01
-1.010122719726611051e-01
-9.025397232313230045e-02
-8.944176944743208180e-02
-9.066314773620962053e-02
-8.918073590021585728e-02
-9.349712120484326983e-02
-8.920242985827160631e-02
-9.882546959577916124e-02
-8.844347872889640749e-02
-8.847693964590629123e-02
-8.660729651791053418e-02
-5.298599425039918903e-02
-4.616519131350175359e-02
-1.267749604153029473e-02
-3.104420066337720135e-03
1.020637931376364854e-02
2.378304633386108327e-02
2.994293650951240782e-02
3.899621230105047853e-02
4.988312307107203164e-02
5.935412935367637144e-02
5.368167059933404150e-02
6.150135313706223128e-02
6.054585382625711498e-02
6.110538610252854580e-02
6.608263391143619214e-02
6.429462156096379943e-02
5.657108932141555191e-02
7.945314341679242387e-02
7.810895392999907261e-02
1.544733116207237453e-02
1.551440812588090676e-02
-3.955207778832612459e-02
-8.301598805364696076e-02
-8.380786136763415661e-02
-1.195477214073100009e-01
-1.189273377159959649e-01
-1.252368151841919963e-01
-1.459198367098059335e-01
-1.353337542529575166e-01
-1.770273905758439348e-01
-1.742686542169968322e-01
-1.449706424281686501e-01
-1.524021447815631369e-01
-8.448028541045968232e-02
-5.987244043287993922e-02
-6.947768457879277548e-02
-5.589664939987885883e-02
-7.077312076161178245e-02
-6.944993090193757324e-02
-9.790602621009292239e-02
-1.181026998367255276e-01
-1.545007561787528350e-01
-2.035855984695766063e-01
-2.415437368297121690e-01
-2.512263647644299991e-01
-2.904967380767860541e-01
-2.975483282432102028e-01
-3.154703607921128805e-01
-3.458238431366258969e-01
-3.490838882701888246e-01
-3.561413520789036280e-01
-3.607512863513441803e-01
-3.507244944479597781e-01
-3.513544134787023321e-01
-3.360102190517030851e-01
-3.238417260433140710e-01
-3.094307454792794010e-01
-2.824924365742185750e-01
-2.686411230705048059e-01
-2.398443218238085761e-01
-2.254919867655604815e-01
-2.173408722039675556e-01
-1.987941998012496270e-01
-1.949360506688834482e-01
-1.834909439773663997e-01
-1.737638620838576897e-01
-1.695861279715392411e-01
-1.587154948964852319e-01
-1.532047603053096618e-01
-1.463952508319892876e-01
-1.391867222164997475e-01
-1.337213294730977831e-01
-1.266683371087339027e-01
-1.208997620859227629e-01
-1.120045696161450499e-01
-1.050799665183777265e-01
-8.937701217538263077e-02
-7.528326851140544618e-02
-6.230292313723710673e-02
-4.834308908796398907e-02
-3.775195868329662280e-02
-2.418020545571123239e-02
-1.209707173876820550e-02
-2.947038818598781557e-03
1.187484777559319991e-02
1.750751602067861581e-02
2.483874976143016222e-02
2.864395108701069115e-02
2.702755888977712712e-02
2.933314273984873738e-02
2.693082819920920162e-02
2.489813704963952240e-02
2.330532947947501488e-02
1.905708894349656193e-02
1.544175687391958693e-02
1.063120314854980840e-02
4.753659868429840549e-03
-2.425604446345394714e-03
-9.708643156426133639e-03
-2.225548374543852986e-02
-3.138154739498292406e-02
-5.422255128228692378e-02
-6.133624966853869903e-02
-7.030540258703464607e-02
-6.412839311694970568e-02
-3.391593889902953796e-02
-2.079255826897272869e-02
4.161037465609657843e-02
4.957484036449322923e-02
9.367783417887023956e-02
1.348436456867989908e-01
1.440835261611905505e-01
1.938462682937504844e-01
1.966478581807520332e-01
1.951719962434955991e-01
2.052288469468829257e-01
2.045907910917888761e-01
2.068233215829462235e-01
1.931212095971210629e-01
1.885016329685259562e-01
1.828578335820900957e-01
1.766489454319017660e-01
1.709987164925049208e-01
1.685888659243239551e-01
1.588435864179276458e-01
1.511465057986016436e-01
1.496051934504914471e-01
1.177797772530773668e-01
1.150077501267929569e-01
1.026965624537231614e-01
9.223039435028926314e-02
8.451942012573185337e-02
7.773367481172528681e-02
6.573841403886299117e-02
5.080805937137795186e-02
4.819638860144045966e-02
9.234027050589762101e-03
8.340897081718950945e-03
1.713054714471749437e-03
-8.930106858397554581e-03
-9.679543656892101999e-03
-1.480741008818335820e-02
-1.875687310460557103e-02
-2.318833397816949526e-02
-2.492205807492470573e-02
-3.344660992475761985e-02
-3.345360808631260563e-02
-3.465251678229066407e-02
-3.666893018730723458e-02
-3.651351254167068544e-02
-3.733638346135238761e-02
-3.770650582048145488e-02
-3.777313994637816752e-02
-3.807626049955450259e-02
-3.813486973478175113e-02
-3.820994979574802303e-02
-3.829372822901881690e-02
-3.830965507464127728e-02
-3.834592372275347216e-02
-3.836525723648554626e-02
-3.837159058288164282e-02
-3.838400253198397116e-02
-3.838498595056619167e-02
-3.838275641569632163e-02
-3.838643341347363486e-02
-3.836909286874749109e-02
-3.836207436820578826e-02
-3.835568436311309615e-02
-3.828900683455109533e-02
-3.830660049141062368e-02
-3.821902439432692256e-02
-3.806370094637047397e-02
-3.818489595980736895e-02
-3.766790344109893773e-02
-3.761637136164346779e-02
-3.771622914020728023e-02
-3.577406371087051701e-02
-3.719504572206593779e-02
-3.493993036941080849e-02
-3.016776913786769695e-02
-3.186578839289484072e-02
