9.335115906189464779e-04
9.808453176475824369e-04
1.388428897747177523e-03
9.943641569787422564e-04
2.053029845818649113e-03
2.565945561152057144e-03
3.671763945394540627e-03
4.045403989965517047e-03
4.434904003756450809e-03
4.807873741326395937e-03
4.957256627305894892e-03
5.148056531711808076e-03
5.268361513820049927e-03
5.342059467532017138e-03
5.418915230192881093e-03
5.460983936926082707e-03
5.495316379249545052e-03
5.522742099896168350e-03
5.538352777160186757e-03
5.550902764755976347e-03
5.558450013604453871e-03
5.561549903639571857e-03
5.560486935424438330e-03
5.558090265334224116e-03
5.548597106697640037e-03
5.534426964450353190e-03
5.521559063067584677e-03
5.484738741354978561e-03
5.455630573494563845e-03
5.412435592695228996e-03
5.309884158873067438e-03
5.273590122647982791e-03
5.103946122241014884e-03
4.893926183965413047e-03
4.852529842476720721e-03
4.237172090126552909e-03
4.189951264018542190e-03
4.227320423170782826e-03
3.945633590224753226e-03
3.999958156053211658e-03
3.935583991920198199e-03
3.523483377426195762e-03
3.485643772885879069e-03
3.134496391479838634e-03
2.315976864918853090e-03
2.769219620508276119e-03
1.412811892851991271e-03
1.759372100609590903e-03
1.710085383756266859e-03
1.982518893499734495e-04
-3.227955018946490444e-03
-3.776147450783260643e-03
-7.174788845324775975e-03
-8.481747797828592672e-03
-1.337506682164012195e-02
-2.189364173516755371e-02
-2.761542151045969645e-02
-4.329368877031154750e-02
-4.787221033789388486e-02
-6.083766900811285461e-02
-6.980160450524303117e-02
-7.332742126176697295e-02
-8.534046139961064259e-02
-8.109255987822527878e-02
-8.209051729940515518e-02
-8.006760277553690019e-02
-7.127026811985008592e-02
-6.908364482201229118e-02
-6.065024041898559731e-02
-5.073170603873862483e-02
-4.692581344972736324e-02
-3.539505132021789069e-02
-3.173111166997483190e-02
-3.030631576935283525e-02
-2.431218310574295369e-02
-2.461932965940758292e-02
-2.233579137831445682e-02
-2.047791429357778345e-02
-2.110268787430528287e-02
-2.019878664408529534e-02
-2.018176303296161100e-02
-1.673087859931996282e-02
-1.472197868351592803e-02
-1.204136695199963143e-02
-1.218960691589907053e-02
-8.755653671215378811e-03
-5.328963448189814184e-03
1.180559248601930787e-03
1.490312848866312025e-03
1.744632863889372014e-03
1.479466901157236317e-03
2.106159487058373043e-03
-1.129416646332468722e-03
-1.375768899241524212e-03
-2.222872171635805968e-04
-2.941245491379159901e-03
-3.513771225058956883e-03
-5.525740045089009254e-03
-4.742810270971998393e-03
-4.989795358056861065e-03
-1.062863186852512631e-02
-1.037764874344587404e-02
-1.254918520735096021e-02
-1.329705164255220833e-02
-1.339685526796905758e-02
-1.053377023239508888e-02
-4.697818154355070698e-03
-7.310579786538730189e-03
-1.397949133713838939e-03
-1.205696603316394264e-03
-6.315595401677024344e-03
-3.696488789861030258e-03
-9.259661543289176427e-03
-9.502349953649964764e-03
-6.040579757175356182e-03
-6.644749372122561205e-03
-3.438286045862528218e-03
-2.362404195298119930e-03
-5.011665366970802921e-03
-8.454185348515488516e-03
-1.469248830733778204e-02
-1.780265446247742203e-02
-2.412801398140838535e-02
-2.732421686916174791e-02
-3.105499104160812374e-02
-4.018033945776965793e-02
-4.391281056349460171e-02
-4.966194192515626521e-02
-5.419735496619711157e-02
-5.520553031126436416e-02
-5.860833492009950157e-02
-6.006514752216555314e-02
-5.972101547566421864e-02
-6.097874355208924430e-02
-5.977818074793839198e-02
-5.593622397646558220e-02
-5.453654656067801615e-02
-4.684279847969648886e-02
-4.121851759058314801e-02
-3.669678001481418289e-02
-2.354535903794609947e-02
-1.959520037464474937e-02
-1.452141855029024167e-02
-8.671805261322638320e-03
-3.982600710034135856e-03
3.233005558457796233e-03
5.019174959750757545e-03
1.331454869750094486e-02
1.554799183076243860e-02
2.085900963573686026e-02
2.332132679581151724e-02
3.026987093359829670e-02
2.847712441014535120e-02
2.819104676724712780e-02
3.244494616936835496e-02
2.049546162565309484e-02
3.091085527926894574e-02
3.788736006855517729e-02
4.563980137405253962e-02
5.405782665623019151e-02
5.069032092620909258e-02
5.001953934986862194e-02
4.899171793808831249e-02
4.700186975567135356e-02
4.549968263168828464e-02
4.346101751661959889e-02
3.760776027582507508e-02
3.446876077062923510e-02
2.688047086624910376e-02
1.585685550286754231e-02
7.013156464919598904e-03
-7.342167692934851130e-03
-1.790527697172283536e-02
-2.896097529161991910e-02
-4.011998465192373464e-02
-4.694533157462726231e-02
-5.518230906398722407e-02
-6.564554668495650724e-02
-7.197382505908764272e-02
-7.781931523518080540e-02
-8.694619316764580497e-02
-9.018900216512663881e-02
-9.825537048506799431e-02
-1.089449301838889550e-01
-1.138859822395594107e-01
-1.216330010142294554e-01
-1.269738659508731771e-01
-1.302808940015819095e-01
-1.346684264170202039e-01
-1.432510914706430771e-01
-1.450040830132942604e-01
-1.500788025172275775e-01
-1.539904265883337564e-01
-1.541531454273966928e-01
-1.587908711331735556e-01
-1.587402370277568309e-01
-1.604305056175076571e-01
-1.645630691948979374e-01
-1.642111313777376014e-01
-1.674454153318728489e-01
-1.696799487280076513e-01
-1.695465432525677940e-01
-1.736387812167166089e-01
-1.743624845169111093e-01
-1.732560370095427293e-01
-1.764142988616122232e-01
-1.735832749227059213e-01
-1.733578052823813720e-01
-1.745147821145084377e-01
-1.681916806759491956e-01
-1.697946096997721421e-01
-1.640399131813334299e-01
-1.534540943066701191e-01
-1.479043198481759247e-01
-1.312542857245403705e-01
-1.211366368993709031e-01
-1.108833417362486140e-01
-9.518007588451218859e-02
-8.836360762106054700e-02
-7.941314835543993034e-02
-6.936732041208285016e-02
-6.508282085607240697e-02
-5.519173293311972761e-02
-3.992912638629968203e-02
-3.436472394819491127e-02
-1.699500417868233734e-02
-7.240164023513958463e-03
-6.128421144212204026e-03
1.089337686618111227e-03
2.451623865858262256e-03
3.387963253761653529e-03
1.042075605039087700e-02
1.027508208991577930e-02
8.418650862575881993e-03
9.440417915780173475e-03
9.715775102193574195e-03
1.023199315111644921e-02
6.819001736646033984e-03
1.135183057758484739e-03
4.646073062141137418e-03
-4.010701657339557982e-03
-1.037892387908417174e-02
-1.525449615668706023e-02
-3.126508746150128554e-02
-3.180150146983851123e-02
-4.047641822409815682e-02
-4.347699591307550848e-02
-3.745228369382294642e-02
-4.131230887084031550e-02
-3.693390806174940560e-02
-3.290862536862373955e-02
-3.030185554190331990e-02
-1.938196532837477976e-02
-1.175374763382381650e-02
1.412658502771397227e-03
4.846811659614704351e-03
8.540858049151322032e-03
9.437496732186249210e-03
9.384976200496820270e-03
1.058623314748300889e-02
9.230606391361530563e-03
9.775385497869987575e-03
8.794949038464488361e-03
7.490686263539918927e-03
8.933457203967085092e-03
6.227362374412376278e-03
6.454687865637089537e-03
7.889033228214156063e-03
6.832727557782528743e-03
8.122079728558776607e-03
6.923255562827311353e-03
6.688933919626446380e-03
5.548720891872212409e-03
9.547856640408420486e-04
5.043395367466721978e-03
1.530223065733171553e-03
1.143658731763063426e-03
7.806535827052520082e-03
2.090320532006283323e-03
3.459608745421425841e-03
-6.304903905506911146e-04
-1.281642619200454650e-02
-1.912377454933596177e-02
-3.380018619715625255e-02
-4.367297029634250455e-02
-5.635267024338475039e-02
-6.819128574791917530e-02
-7.595342497970727913e-02
-8.678401953491199361e-02
-9.505162493265419121e-02
-1.016849687784166095e-01
-1.071170227591655283e-01
-1.114282475512123893e-01
-1.158348213522703840e-01
-1.190828701986690746e-01
-1.229638475936576519e-01
-1.259030838960258081e-01
-1.282287725665477440e-01
-1.303075158679043999e-01
-1.320341385512080468e-01
-1.324294679464817770e-01
-1.330708596833221624e-01
-1.325200752488360223e-01
-1.293200903259468793e-01
-1.255090347479154433e-01
-1.212645263901764858e-01
-1.147450582431504551e-01
-1.086139804531102843e-01
-1.020444586563770684e-01
-8.825278765573384143e-02
-8.292727169317333502e-02
-7.338527024875217408e-02
-6.173952359489750380e-02
-5.420199729418539308e-02
-3.694655539487648466e-02
-3.113564226491011278e-02
-1.563866985414508193e-02
-9.664685149849102860e-03
-3.182815008051554945e-03
-9.508378332585684309e-04
-1.015387822421725096e-03
1.254456026535107158e-03
1.262371685015496780e-03
2.458390395421676707e-03
2.771418533369300000e-03
3.307263444864628598e-03
6.289239687204342330e-03
9.384819871943539046e-03
9.261314099184504017e-03
1.362376026513489706e-02
1.297765128782022402e-02
8.078160317546196831e-03
7.868048437559173672e-03
3.793185061082678111e-03
-4.394266452899696883e-03
-8.942430179714839708e-03
-1.091462076279197356e-02
-1.659649343336181207e-02
-2.102093024683663464e-02
-1.989752857504971731e-02
-2.797888809361548379e-02
-2.721622879542044682e-02
-2.157711723306329418e-02
-2.020209673635149639e-02
-1.341448075858705201e-02
-9.654913801381824826e-03
-6.014475430210118427e-03
-1.809769798161392582e-03
3.684528639123728182e-03
5.841987834822586802e-03
1.061731164291027096e-02
1.126201469003534558e-02
1.052593075801073683e-02
1.206370968186878077e-02
1.169591444370677961e-02
1.183825510211769343e-02
1.203157890359039285e-02
1.190016134346556960e-02
1.162864620528367664e-02
1.143937548114173919e-02
1.131653085984907041e-02
9.823205648163104570e-03
9.686565669850526888e-03
9.244357187955539942e-03
8.829927583943677702e-03
8.534255448269793820e-03
8.347134255063063529e-03
8.186980405017949686e-03
8.077974387114628466e-03
7.999169862322847227e-03
7.936121312424023258e-03
7.893867809946455982e-03
7.861075008735009598e-03
7.837060362107373460e-03
7.820107409548443522e-03
7.807092050323061541e-03
7.798708816456761256e-03
7.791354737265669857e-03
7.788000963515034035e-03
7.785976717509995870e-03
7.781629412970841528e-03
7.787987207732974607e-03
7.784194088628939613e-03
7.785162360501252099e-03
7.808142250542217735e-03
7.782117288165144378e-03
7.823467210165307648e-03
7.849570166505569907e-03
7.772064612729723265e-03
7.984042586180599074e-03
7.848570337131986416e-03
7.840841955355816462e-03
8.441384366359525743e-03
7.516918800678445457e-03
8.616485712364155627e-03
9.140863145692049510e-03
