-4.587673947830724509e-04
-4.691219187987413775e-04
-1.826826733383729541e-03
-1.968791721316650190e-03
-1.735968640281560903e-03
-1.927644405218490332e-03
-1.167691245395725656e-03
-1.206009455355371539e-03
-1.037796658260457111e-03
-8.123440915011588635e-04
-8.179614317409219550e-04
-6.929847241646731101e-04
-6.387720753146923242e-04
-6.149853118475703036e-04
-5.608007586427601280e-04
-5.460175408696567746e-04
-5.263647800729770020e-04
-5.091757872580651104e-04
-5.042292513961520780e-04
-4.974473176086225985e-04
-4.967016634064270152e-04
-4.990581432637280612e-04
-5.061720675245352710e-04
-5.158388181713397230e-04
-5.305819425545433340e-04
-5.564981344019612371e-04
-5.774981015017929386e-04
-6.225162567362039524e-04
-6.757161320294355952e-04
-7.187705926386860414e-04
-8.428816389528461135e-04
-9.174331821394812823e-04
-1.045286075234913657e-03
-1.334862371960740014e-03
-1.374166771788152500e-03
-1.831648153438165776e-03
-2.037448178569194451e-03
-2.176783904662024823e-03
-2.751955441617381492e-03
-3.029080696476280261e-03
-3.325252469181799644e-03
-4.901589220358664074e-03
-5.430860615417126142e-03
-5.891440578509891425e-03
-6.527087380353825685e-03
-7.683772881021184130e-03
-7.595506678653224895e-03
-8.265933328901192353e-03
-1.355625930313430517e-02
-1.543934241190918037e-02
-1.884260458017734952e-02
-3.044562390519891387e-02
-3.355879857967739022e-02
-4.206703563885249436e-02
-4.734778954340010393e-02
-5.301406044643297566e-02
-5.909683636427313924e-02
-6.042044551728247004e-02
-6.927497125214832074e-02
-6.394728978870210800e-02
-6.534887600755591441e-02
-6.869528402268747225e-02
-6.536514318900610299e-02
-7.108272585039768221e-02
-7.148333440079440715e-02
-6.983344695282199532e-02
-7.347657625405029647e-02
-7.088790549686319054e-02
-6.972963921626160189e-02
-6.913858604001836550e-02
-6.744124317361177567e-02
-6.623636176761801830e-02
-6.620617795700592390e-02
-6.312275801306205247e-02
-6.243399203593283375e-02
-6.410815797911437186e-02
-6.218547797361436563e-02
-6.288080843360069339e-02
-6.208281695053799454e-02
-6.049424897535492229e-02
-5.988039260318082924e-02
-5.710536786209944454e-02
-5.389871993017297108e-02
-5.083638600824289672e-02
-4.571264471703779392e-02
-4.163400867408786205e-02
-3.753029764451359940e-02
-3.003633629541090089e-02
-2.660373878593072158e-02
-2.047179190439985669e-02
-1.600602639555824547e-02
-1.268847817148916791e-02
-1.014372493362315948e-02
-8.445361312062450720e-03
-6.802471373801743937e-03
-7.384691065309213417e-03
-6.717878579102218480e-03
-5.909089616529292210e-03
-6.400302118352249083e-03
-5.491007311412466133e-03
-4.959912065466220467e-03
-4.486822173247079562e-03
-3.699293323061163957e-03
-4.481945332351210988e-03
-2.545070478433733574e-03
-2.808948671444159734e-03
-2.428522083863829308e-03
3.381492825518796815e-03
3.683585432782116205e-03
4.394485526514320048e-03
6.203507423461843313e-03
7.269308607182708125e-03
9.667745284514932605e-03
1.198792531667500563e-02
1.677893752682397405e-02
1.884697250607543506e-02
1.957690433953038905e-02
1.655952365466671281e-02
9.145516886995653377e-03
4.330767922747814046e-03
-3.726642282759679015e-03
-1.116478244134840384e-02
-1.163144907656846888e-02
-1.352313005465821845e-02
-1.181618564734378957e-02
-8.685784428113163189e-03
-1.149102764042677846e-02
-9.537416310333068220e-03
-8.203478430515630249e-03
-9.230787183431286499e-03
-6.374632230289449704e-03
-6.953104032399351313e-03
-7.208421492930424355e-03
-6.952036806282542447e-03
-7.427249707696472955e-03
-8.875320690821635050e-03
-1.002889848363819336e-02
-1.297983688435621653e-02
-1.930071162298774984e-02
-2.156629549966136358e-02
-2.892806903617067826e-02
-3.294997851225881652e-02
-3.548808115751196646e-02
-4.215320280688829996e-02
-4.511563984766471525e-02
-5.108765057143116461e-02
-5.647613101315798745e-02
-5.805611688184389441e-02
-6.614363629806829792e-02
-6.468643560598297260e-02
-6.488065239892618075e-02
-6.883046295738180775e-02
-6.029307449378728395e-02
-6.144179297818740115e-02
-5.331474210378772671e-02
-4.591543993246480215e-02
-4.240707911575243572e-02
-3.372285144011395730e-02
-2.790070140359156292e-02
-2.451842973061268277e-02
-1.678949221633196931e-02
-1.617728040058742309e-02
-1.262389462707433525e-02
-1.011984605177176574e-02
-9.821958905944914997e-03
-3.425695318596833679e-03
-2.503585094855133742e-03
-1.353948460466174956e-03
1.507027368677252548e-03
-1.516000771759176084e-03
5.516520724190674026e-04
1.192178475625006728e-03
-3.895693341772187793e-03
1.305818715952086501e-03
-3.509095104265995847e-03
-1.266091029797133515e-03
1.096004817001299848e-02
1.096063424112082504e-02
2.553143647081822232e-02
2.808629239629812507e-02
3.660950797207040974e-02
3.954170634355615166e-02
3.573858200663196372e-02
3.662416362449788521e-02
2.821224709267356606e-02
2.861301228502783831e-02
2.096888513842506616e-02
1.836959842200456411e-02
1.955893373198077864e-02
1.489116886160070721e-02
1.368829102897019950e-02
9.708044142997583267e-03
5.717851837730710679e-03
5.689640262496752782e-03
1.858434890213324451e-03
1.588851187381028511e-03
-4.537290146648784075e-04
-6.089734814558210238e-05
-1.200283450563580058e-03
-1.111769624356770143e-03
3.641539521906633856e-03
4.542476000992374738e-03
4.854125106402305302e-03
7.174361878026771708e-03
6.511459031050060783e-03
6.647368770725371398e-03
6.996553828368452799e-03
5.952532024363123460e-03
4.461913511912536309e-03
3.267639162712219700e-03
-3.553799787801002232e-04
-5.060964334743392121e-03
-6.031256410595478221e-03
-6.951222140008176884e-03
-7.974183278370305245e-03
-4.350400906407729182e-03
-5.400704243030734521e-03
7.241388170601723798e-04
3.614735279644193649e-03
1.067149943575516555e-02
1.520843299746175645e-02
1.466776172734605282e-02
1.935725892227776329e-02
2.044599416329102859e-02
2.134453101301011027e-02
2.353803399929409179e-02
2.348575806397793647e-02
2.392007021029049843e-02
2.411396483805825289e-02
2.342589847689113131e-02
2.526923585082652482e-02
2.107315380725688359e-02
1.988731907378056205e-02
1.638736099355943970e-02
1.035324295466925372e-02
7.414343320804098886e-03
-2.624319593540079890e-03
-8.899663779596665367e-03
-1.637519460322379994e-02
-3.084287979734749024e-02
-3.474443946123029897e-02
-4.789380309432431787e-02
-5.097347426193035019e-02
-5.349039968146931945e-02
-5.964810047865035103e-02
-5.949891358302973610e-02
-6.313443310487114324e-02
-6.516590613043524161e-02
-6.556159349235587963e-02
-6.887979931847497406e-02
-6.875589744306634388e-02
-7.080213016428475725e-02
-7.297574817039439998e-02
-7.217000108802759661e-02
-7.660082046029192959e-02
-7.561635012243812792e-02
-7.540540359776598534e-02
-7.651228618354091737e-02
-7.276947747959702784e-02
-7.177939594832449810e-02
-6.889795165813947242e-02
-6.187647114796897968e-02
-5.721259326739614598e-02
-4.871963078911702161e-02
-3.859378867413366943e-02
-3.285037664862525131e-02
-2.332734864728292640e-02
-1.878719386168912348e-02
-1.271198822343949132e-02
-8.365495583373174990e-03
-5.201984329620145189e-03
-1.190458403351405152e-03
1.077929702333055035e-03
4.757291239525030316e-03
6.611475740290740505e-03
7.393799639911519984e-03
8.297745963636412453e-03
8.205341994782826970e-03
9.521955111640544381e-03
1.144651705289726970e-02
1.250900594053807463e-02
1.797868755762746865e-02
1.874015253502486766e-02
1.899339736495297970e-02
1.683533745545601548e-02
6.592242068553254980e-03
3.937298868822925596e-03
-4.149288422214305293e-03
-1.118702610120308333e-02
-1.253758327723777238e-02
-2.025581478463006624e-02
-2.154094267354839803e-02
-2.337206439097579830e-02
-2.669461350138112657e-02
-2.642055109776614286e-02
-2.763300374073917806e-02
-2.817978961299644897e-02
-2.732862399037815429e-02
-2.653537371619355337e-02
-2.594950593501332836e-02
-2.285433896740775295e-02
-2.034403849619365393e-02
-1.709664290013080193e-02
-6.041409026545753631e-03
-1.716311119794431848e-03
5.403316055914354765e-03
1.262005250089224227e-02
1.929565408594549614e-02
2.748609305483606241e-02
3.311253538634761906e-02
3.709888450911832253e-02
4.089527927128834561e-02
4.262452845133075929e-02
4.508320011786855902e-02
4.510865325345193161e-02
4.634841749343349138e-02
4.743581315461457837e-02
4.342279524477780928e-02
4.777156694243951673e-02
4.319807609031950379e-02
3.533964689333197323e-02
3.424472636779470058e-02
3.165893186946940052e-02
2.824916037125003304e-02
2.762403517161306221e-02
2.493161049821241218e-02
2.169577268202541737e-02
2.244053562782304459e-02
1.673357788698225448e-02
1.512956484133110707e-02
1.648559129122990907e-02
1.823594417771005069e-03
5.225900709432676136e-03
4.534273034899476661e-03
2.072858854544152359e-03
1.285554957282842269e-02
9.704288583437173724e-03
1.127764841005880064e-02
1.303753380525798922e-02
9.180074408970914299e-03
1.084180813817449927e-02
7.480959524124431922e-03
6.676751135161107867e-03
2.631244242131030968e-03
-6.953993059453390455e-03
-9.466936317046696636e-03
-2.008262426218450011e-02
-2.298279190812288486e-02
-2.552944394104713494e-02
-2.942293851452923090e-02
-2.978708241672083784e-02
-3.268147483691653116e-02
-3.262472558074060169e-02
-3.234525919966504959e-02
-3.216099482607458204e-02
-2.899864106078133691e-02
-2.713087273461081000e-02
-2.586878851185177991e-02
-2.399234280241048164e-02
-2.186918946739000238e-02
-2.134499758545022399e-02
-2.005706852393719306e-02
-1.942709254981890912e-02
-2.002671462614197609e-02
-1.831733217313479684e-02
-1.791161095567233436e-02
-1.664145529845616547e-02
-1.403841974686905261e-02
-1.183197313858505052e-02
-9.196998304871922478e-03
-5.013598756593259584e-03
1.749246128176041486e-03
5.171073583581748886e-03
1.282769586440344299e-02
1.876445650217130681e-02
2.188578879708078656e-02
3.108688559667338591e-02
3.205597514539755555e-02
3.527939048626127505e-02
3.899727600780008435e-02
3.667068323884899866e-02
3.993651626476852484e-02
3.744863177180215996e-02
3.485936952376342962e-02
3.547486721533184284e-02
2.702639713072401556e-02
2.537951899637121839e-02
2.084943677683796098e-02
1.241083126943350740e-02
1.182516662292655389e-02
4.872226112232503140e-03
3.867914083992760738e-03
6.524431493785020492e-03
6.003605767164299500e-03
7.145526665291264054e-03
1.713914179494986992e-02
1.703331166652355400e-02
2.353224127830922524e-02
2.650189897890374569e-02
2.772955493208911076e-02
3.000089204327496123e-02
3.023040376854341932e-02
3.119881955541937285e-02
3.196285386291106145e-02
3.209029042964646472e-02
3.251341336554269823e-02
3.277968441529540561e-02
3.252924073149591339e-02
3.264724543983424376e-02
3.260517123989255250e-02
3.158809392458650223e-02
3.210418011155301982e-02
3.077137836931111842e-02
2.886013431364024134e-02
2.746735849376780864e-02
2.450049003084125987e-02
2.259799622470759495e-02
2.012417254183145043e-02
1.576673719054758407e-02
1.457768930845112186e-02
9.486870984176663454e-03
8.465256159017121515e-03
6.625940473756531703e-03
4.170640371984361480e-03
3.252963916088011213e-03
7.616889994567044124e-04
-4.519197736076998803e-05
-2.057653346151105608e-03
-2.587616176515478931e-03
-2.239147471038176705e-03
-2.976398893025240886e-03
-2.266020252847365107e-03
-2.095482325578625332e-03
-1.686462243378707062e-03
-1.592094554451173836e-04
-9.559711760621252864e-05
1.936404289419357263e-03
2.029411032476734038e-03
1.707484796280021519e-03
2.408253009829439302e-03
2.180149760966395948e-03
2.385545125160871017e-03
2.387791689064067309e-03
2.464453807122650095e-03
2.538831100765067371e-03
2.071977747219351518e-03
1.938963701301168758e-03
2.082839829364453374e-03
1.845691036742636926e-03
1.881183977545739482e-03
2.365746814684615076e-03
2.374307173552620606e-03
2.552117622979885141e-03
2.691328607370061139e-03
2.718624895080941004e-03
2.814157974350877181e-03
2.851606633730122652e-03
2.880140842449569957e-03
2.919245262240821072e-03
2.930613748614066018e-03
2.949063602446317690e-03
2.964043648808368549e-03
2.962009809326233457e-03
2.979674767061273738e-03
2.975900643810419546e-03
2.964244250373976319e-03
3.001474524171221687e-03
2.941629041177039935e-03
2.966445312232427259e-03
3.012687640237418640e-03
2.808960980702903537e-03
3.065716258176064309e-03
2.864606691442456252e-03
2.473510107772835739e-03
2.525406692860276536e-03
