-9.355956760362141539e-05
1.142555473019196688e-04
2.707225321204245229e-03
2.664542865732109043e-03
3.749083392061966068e-03
4.230014072305360306e-03
3.610410353283478521e-03
4.106928514955718833e-03
3.994733582809435572e-03
3.931885503961464121e-03
4.057933742622529989e-03
3.971219371156540189e-03
3.953838021166057072e-03
3.961136667240742343e-03
3.876518979211334218e-03
3.778575966142035895e-03
3.796924658141964237e-03
3.502980613805343948e-03
3.395103617460757013e-03
3.380177154270202350e-03
2.357837561310097141e-03
2.318116394968518235e-03
2.148372482909765516e-03
1.815111376850143000e-03
1.887598709596251863e-03
1.861237647968047668e-03
1.614913115500156253e-03
2.075564463767831658e-03
1.894873276368689045e-03
1.771759137037566111e-03
3.532727156386996931e-03
3.535296443188318347e-03
5.482421921281557461e-03
5.537112270375270200e-03
2.267651322147218058e-03
2.976498623583264617e-03
1.701189677520720386e-03
1.365375817957122226e-03
1.518685647547537597e-03
-2.263636406925843142e-04
2.019724097801516415e-05
-4.612272859759287795e-03
-4.942527659009714365e-03
-4.924114983903820665e-03
-6.541123109771552341e-03
-5.505571968095703331e-03
-5.731532360526388377e-03
-4.989138896196746754e-03
-3.761501507991643969e-03
-3.260311318487474786e-03
-2.448719770093811445e-03
-1.348943076343022416e-03
-1.726057162134549735e-03
1.276568835797535842e-03
3.114530865170753952e-03
5.657800733154240598e-03
9.885639399532644700e-03
7.170717845570228482e-03
1.088845539709985995e-02
1.439340596036825688e-02
1.958247548735647312e-02
2.895266205570057316e-02
3.765939975854391830e-02
4.765931983856103171e-02
4.767575759055410478e-02
5.605576429634887697e-02
6.634653604672011151e-02
7.139552338237140083e-02
8.641874836134277871e-02
9.218445625707225033e-02
1.031420784372774208e-01
1.108002186778919707e-01
1.113038049373503147e-01
1.196173990083417710e-01
1.210793911816503282e-01
1.237822220727743533e-01
1.287582307031768236e-01
1.280250981459912230e-01
1.310212741883543530e-01
1.350434576634928219e-01
1.328075554367864619e-01
1.372666476404834635e-01
1.349897228254866854e-01
1.335712524585535577e-01
1.270993019819288139e-01
1.175285586540464750e-01
1.123648087935004147e-01
9.939023985898935709e-02
8.272438795314075721e-02
7.015568756347123625e-02
5.172440728829012790e-02
4.039505492282390725e-02
2.600946525980738291e-02
1.582359545927849304e-02
1.620397293278589071e-02
9.106087543637151477e-03
7.320888741760876901e-03
7.086467578335661419e-03
2.927121295662357854e-03
-1.599516561157449763e-03
-2.918169408417522863e-03
-9.775722619192041968e-03
-1.308438819802736942e-02
-9.895411981365334272e-03
-1.282765032872238906e-02
-1.384643730869706234e-02
-1.261176846676758875e-02
-1.977203670313447056e-02
-1.484466352698933338e-02
-1.922406865775708878e-02
-2.658224640904026728e-02
-2.157065574728508558e-02
-2.574981002116339887e-02
-2.760210509434659482e-02
-2.994110413321909164e-02
-4.080327025739530905e-02
-4.033623701533201045e-02
-3.757484963770303665e-02
-3.404333880527883605e-02
-1.821628511135701609e-02
-1.707324863809347656e-02
-2.015741317408030128e-03
-7.268212783714249126e-06
-1.362191945346847254e-03
3.526744429220764459e-03
3.243632405491906311e-03
4.858948136051409618e-05
1.444326329844841390e-04
-2.047359936040871881e-03
-6.628934846246147330e-03
-2.658676241467318371e-03
6.128279839913871457e-03
9.924729169636780507e-03
2.775231954892009786e-02
3.847178962166154792e-02
4.882701349987191713e-02
6.116790271998998746e-02
6.846754967849635887e-02
8.591618375361710636e-02
9.384294903136508603e-02
9.999580285493449294e-02
1.076803812806107624e-01
1.095510085800881772e-01
1.167145880843043909e-01
1.195669560474290488e-01
1.234305541569571674e-01
1.281220536898455831e-01
1.288645482318971913e-01
1.334859251400392077e-01
1.313726057880955367e-01
1.230938222553096123e-01
1.187377075724408010e-01
1.035133058746239287e-01
9.021542793063187793e-02
7.355803624194914847e-02
5.965596720345178045e-02
4.164036518767733064e-02
2.982752364302271308e-02
2.741287778332222869e-02
1.492002941827063472e-02
1.297159991766465466e-02
8.466558492176999573e-03
4.686650055907533481e-03
2.649329777623247659e-03
-1.772114786382878717e-03
-4.393056185738698945e-03
-5.924749211309979918e-03
-1.564209269300355712e-02
-1.769292274466372633e-02
-2.189523032857220233e-02
-2.637899692028433662e-02
-2.745437639383100856e-02
-2.873759327178663364e-02
-3.168929443936154000e-02
-2.903046655323201358e-02
-2.844448367430547214e-02
-2.591143171383292199e-02
-1.664804223382222378e-02
-1.492466091068642142e-02
-8.779457630346539782e-03
-5.625987765373541283e-03
-4.155900182020022125e-04
1.471939962457951027e-03
2.968786417270667839e-03
4.539099773456321991e-03
6.161305456734902236e-03
6.749771365396520229e-03
6.989779730993829487e-03
7.396443274175295256e-03
6.065757489746609332e-03
7.172376533928285537e-03
7.631258218091409654e-03
4.202632584795086904e-03
7.444370240509323028e-03
1.197356685685020336e-02
2.063791974497194981e-02
3.808227025205208893e-02
5.610191000592188587e-02
5.408432438901299155e-02
6.055130101012002469e-02
5.761234249315318190e-02
5.434298265008717654e-02
5.551788889613675643e-02
4.716559233106409205e-02
4.757792941640306278e-02
4.192423350694229889e-02
3.445057095756656057e-02
3.322462041068653671e-02
2.153417273611660937e-02
1.857295990148519552e-02
1.236290325946741084e-02
4.154159594500757800e-03
2.561402392130162926e-03
-5.119384380776865161e-03
-9.009056786845652531e-03
-1.132745833983592534e-02
-1.863458483504721111e-02
-1.919400273701149170e-02
-2.414199757456770776e-02
-3.008302273373669039e-02
-3.102538651683418511e-02
-3.672449015468778194e-02
-3.677914149188901000e-02
-3.656202940016619468e-02
-3.923683518597533698e-02
-3.309544363445168086e-02
-3.444318179947093717e-02
-2.921923668001677465e-02
-2.561920228005308553e-02
-2.553676119983296772e-02
-1.399787579803136658e-02
-1.268424955221334437e-02
-1.224053427672597109e-02
-7.208072836073936042e-03
-8.599764123473066166e-03
-1.138969139639807449e-02
-1.104104958012614920e-02
-1.595276855989415446e-02
-1.447968039544028813e-02
-1.362773902065999611e-02
-1.095294660495267289e-02
-5.321519929969377796e-03
-6.610011183034810237e-03
-2.279905179451137149e-03
-6.040174587066383070e-03
-4.146694285931206043e-03
-5.324717028006463980e-03
-7.739053354257400402e-03
8.521352484261202368e-04
-6.619136854129986864e-04
-8.769312366999573337e-04
1.501627240904969103e-03
-1.033613464114330828e-04
5.323333018309050644e-04
-7.277416039322823140e-05
-4.843492793835845931e-04
-1.499519149952421079e-03
-1.468981666648777043e-03
-1.520371759108295499e-03
-1.370316975163054802e-03
-1.356908881797606707e-03
-1.176096793883684008e-03
-9.089930926832932802e-05
-9.043326765697006419e-04
1.228060745924215843e-03
2.181627548739176279e-03
7.479148447416039463e-04
9.098686540012456553e-03
9.064460884161679513e-03
4.352528211776475302e-03
2.605863103462574375e-03
2.002838739086715497e-04
-7.900584222164214535e-03
-9.135749530855555994e-03
-1.674283072296200992e-02
-2.716994965989555019e-02
-3.241406117319713814e-02
-5.010545734557745462e-02
-6.238272212665663119e-02
-6.689051360141894109e-02
-7.780790537060264245e-02
-7.814874125797539872e-02
-8.023215874975435369e-02
-8.410081955891908490e-02
-7.912064583750938462e-02
-7.931061411247807003e-02
-7.077598305077774377e-02
-5.662320082292050111e-02
-4.632127798488751974e-02
-3.269007625692064989e-02
-2.367239679656798004e-02
-1.851083913086320337e-02
-8.150292888556561616e-03
4.049106491703887908e-03
1.513210327336195551e-02
3.570037554131087060e-02
5.143149548182863323e-02
6.417415642257051633e-02
8.429720260969976453e-02
8.964822056449665844e-02
9.829776385474738032e-02
1.052846414119665286e-01
1.046681469011247617e-01
1.104839256380394791e-01
1.054320867166692738e-01
1.037887126660033549e-01
1.043007441948442804e-01
9.473549512292681052e-02
9.516642608195872988e-02
8.661911198375844834e-02
7.539682903213480725e-02
6.982972514795959817e-02
5.315774731873774972e-02
4.552275178941980055e-02
3.570450191250151145e-02
2.345091340212652684e-02
2.170398483615346846e-02
1.189289927588410047e-02
8.317323335225742728e-03
6.497684163787685770e-03
6.955281565778887939e-03
5.787538540853792365e-03
5.001716294838126804e-03
3.812893023064465627e-03
1.806586177929084876e-03
1.475978384647093225e-03
-2.601663448061222825e-03
-3.447274059791409408e-03
-3.771278876154761893e-03
-1.529601868845383017e-02
-2.005448973903707285e-02
-4.080151535061127960e-02
-6.112227402161887757e-02
-7.320476079144794257e-02
-9.676173411945054870e-02
-1.087627408537022722e-01
-1.215352877838935253e-01
-1.418835076301027953e-01
-1.520354025582852375e-01
-1.653095785320171929e-01
-1.830954251700003255e-01
-1.896229906987088321e-01
-2.041942640727282265e-01
-2.042576324038961333e-01
-2.095577025598385490e-01
-2.104373287672257620e-01
-2.060001636138316106e-01
-2.078278971217620286e-01
-1.953959666764215342e-01
-1.920714981677090205e-01
-1.726936968252160975e-01
-1.473050982614535209e-01
-1.327590348727016589e-01
-9.655617573771625717e-02
-8.308277362266681954e-02
-7.543896501604736848e-02
-5.785346230582234794e-02
-6.170237929575494301e-02
-5.162108711933212357e-02
-4.567380180958895836e-02
-5.475710443380039927e-02
-4.835620235582933912e-02
-5.189707440994370535e-02
-5.321124884548403960e-02
-4.795993183693366552e-02
-6.201184448463169935e-02
-5.698711993312608609e-02
-5.201336441739856653e-02
-4.964876434521690168e-02
-3.523717008846755094e-02
-3.283214862929322714e-02
-2.063172699556460252e-02
-1.537746120285753658e-02
-1.655326222551295121e-02
-1.626633555022273872e-02
-1.863304409101658454e-02
-1.851930565173371887e-02
-1.379389412435499777e-02
-1.269040132187946278e-02
-4.012086720559884107e-03
9.112490759825451689e-03
1.811182440468468713e-02
2.863752269278104987e-02
4.477419957105021470e-02
4.726641237866890943e-02
5.755242065420338587e-02
6.108262939439036004e-02
5.978317439051859111e-02
6.271645902736712463e-02
5.987701530134906247e-02
5.906435727703249206e-02
5.914637186124575841e-02
5.348239644057822817e-02
5.445451007245218772e-02
4.931810234999042114e-02
4.401091530850808481e-02
4.463307872241728536e-02
3.236997940033306542e-02
3.082963020917446617e-02
2.708418868934456269e-02
1.633928256535978341e-02
2.001773604513440788e-02
9.886321941799202859e-03
-8.116059466198544082e-04
-6.675266027082663164e-04
-9.804394646453620799e-03
-6.268675781358456697e-03
-1.100442234773433073e-02
-1.492562241443378367e-02
-6.777664984722591747e-03
-7.942297500886786113e-03
-1.615418288819253645e-03
9.398359882820415739e-04
-3.761072154505785839e-04
2.360305890090938497e-03
1.922223856071061292e-03
2.605147463903469823e-03
4.532102811760409418e-03
4.520191580142828534e-03
6.390085809931504018e-03
8.273404157099798276e-03
8.534801715839956601e-03
1.225131691334094275e-02
1.339844135415471128e-02
1.477945904499937228e-02
2.160768048275768516e-02
2.118049096446230489e-02
2.445411174257256307e-02
2.519604094090687613e-02
2.401668931361947840e-02
2.765432842428505039e-02
2.069779199914539500e-02
2.099933335962118897e-02
2.313477219243376473e-02
2.053471834496280179e-02
2.275271237164013319e-02
1.994157009488372115e-02
1.774557903587409974e-02
1.829739032018022626e-02
8.216158935526088336e-03
8.146277671496329406e-03
5.653250291356254516e-03
2.704466134664222903e-03
2.592394908785788411e-03
1.160359795113757734e-03
1.385818768567508713e-04
2.043750086555523905e-05
-4.609827847323683591e-04
-1.790360323102896173e-03
-4.982524324888018509e-04
-2.292039404534509245e-03
-4.319810880409819150e-03
-4.091091169644440681e-03
-1.283348909088438336e-02
-1.139905549244933300e-02
-8.612736990752623348e-03
-1.132546382267293934e-02
-2.875773816190346950e-03
-2.704259996203551165e-03
-1.991328752998753737e-03
1.293541577725047104e-03
8.613772900344515097e-04
2.348815797460040902e-03
3.189535887955633787e-03
3.314016137983024236e-03
4.163760528253748761e-03
4.206834904673947308e-03
4.617947514445780964e-03
4.678106631960866034e-03
4.630434851348677432e-03
5.072539658507338976e-03
4.176887287424591727e-03
4.876909275879766532e-03
5.238511537417204871e-03
5.418175947113100521e-03
7.092480898555176411e-03
6.848993444654146237e-03
8.670592133417021757e-03
8.081032471263181402e-03
8.014045474838469782e-03
7.777803898489297520e-03
6.765052093508874820e-03
6.971880768902558555e-03
4.171493749202581994e-03
4.283755812135838816e-03
3.660427198835063383e-03
2.896539443861585565e-03
3.316009327205183925e-03
2.959284616287024845e-03
2.844748997217377926e-03
2.901449533996803762e-03
2.746548441368226387e-03
2.753572125976997634e-03
2.729711910804613704e-03
2.686442302517671327e-03
2.690253167022064670e-03
2.670235217252459048e-03
2.660839231283995774e-03
2.657769467817558059e-03
2.648730922230583314e-03
2.645751845131713315e-03
2.640686481787570938e-03
2.636906269473579794e-03
2.632156195182019931e-03
2.625268548805880561e-03
2.623141774620730681e-03
2.608011010346274541e-03
2.601304151105406429e-03
2.593302726210438593e-03
2.549738565266093226e-03
2.561194495477098296e-03
2.501929896650531560e-03
2.421217178984828508e-03
2.489092462828137835e-03
2.200595204986774585e-03
2.222546789116921270e-03
2.237688102402504708e-03
1.232929508339794967e-03
1.223998733135747002e-03
