4.737342329541012753e-01
5.021686991052252136e-01
7.980073117636600211e-01
8.300805271091826754e-01
8.287304438091209757e-01
8.732937704864468520e-01
8.463821689225111689e-01
8.592630561700316250e-01
8.637503247100150050e-01
8.560662960182094938e-01
8.638350438405988374e-01
8.613889245134075390e-01
8.613024742079523621e-01
8.634728274404983583e-01
8.620014816457798323e-01
8.629193165717107261e-01
8.630731487332032881e-01
8.627354344429296606e-01
8.631862424633450770e-01
8.630344739871537163e-01
8.630389778021252400e-01
8.631619207980998354e-01
8.630502244912562348e-01
8.630444071136736950e-01
8.630976048823140179e-01
8.628920347444479777e-01
8.629021875515362483e-01
8.628984350988900820e-01
8.623455408624504104e-01
8.627153033177895614e-01
8.620516241812538061e-01
8.612474723236562824e-01
8.623620876241404609e-01
8.590863860149965392e-01
8.598741975246657621e-01
8.591967035033764022e-01
8.471244609996188002e-01
8.377922044313357297e-01
8.201273362102630138e-01
8.091734241650996307e-01
7.841422907847399593e-01
7.884031223929670595e-01
7.428883453218433353e-01
7.238911012591815464e-01
7.133452435091364174e-01
5.658203062387402449e-01
5.348421954126304501e-01
3.936717255159746243e-01
2.898756825763029177e-01
2.528146112239353371e-01
1.188690841712050916e-01
4.313751585157152985e-02
-1.877843859731091573e-03
-2.229330118813041550e-01
-3.033359123700998805e-01
-4.325635304667165282e-01
-6.245486547280396650e-01
-6.964082644768132546e-01
-6.972398618243794699e-01
-6.916052920302774298e-01
-6.277117902063581445e-01
-5.070738378519031864e-01
-3.721013730305187672e-01
-1.208840167127380461e-01
1.563637629918567806e-01
4.553621515916044804e-01
7.236109600297880862e-01
9.903520651478132653e-01
1.181178340404579252e+00
1.153707491483993541e+00
1.111970779821814803e+00
1.077741088504209133e+00
1.050564876756365118e+00
1.020177029961063964e+00
1.001639976443051916e+00
9.623188780635084649e-01
9.473727132591133193e-01
9.077703592775590025e-01
8.540838380273683139e-01
8.442835291525414565e-01
7.371928704985407643e-01
7.095434452168846162e-01
6.353526113367257144e-01
5.484689721814257624e-01
4.812680565251484244e-01
3.520728726692007315e-01
7.602368953914959149e-02
-4.272322256792758233e-01
-8.561005371029433153e-01
-9.207506056092540359e-01
-1.052775995249296992e+00
-1.092488541190596463e+00
-1.127863393205756681e+00
-1.177554224319147913e+00
-1.181165296139373933e+00
-1.177645039678558048e+00
-1.163922730653084159e+00
-1.092974518915759141e+00
-1.006441098246342314e+00
-9.035034141021461851e-01
-7.018813927112603768e-01
-5.582367157241002742e-01
-2.565245224085174192e-01
-1.349504474328087067e-01
-1.581048678168265609e-01
-1.088085160094730691e-01
-1.943778408840358407e-01
-2.736501539116233395e-01
-2.971632746613731002e-01
-5.472058073925469834e-01
-5.856080546537866249e-01
-5.878737977505351653e-01
-6.753476522573834684e-01
-5.960936699915684311e-01
-6.002617799649704322e-01
-5.717839413160163975e-01
-4.069812574553303697e-01
-3.401984384902091985e-01
-1.815812351478069964e-01
-1.917656774858405438e-02
-5.309005402088202985e-02
2.906995923197611131e-02
2.918725558679759625e-03
5.601312597553281813e-03
5.647527114519684116e-02
1.356227159181274539e-02
7.029239534933416633e-02
9.280487131710299376e-02
9.047354655253543598e-02
2.336773333878059689e-01
1.889431507069344041e-01
2.094307417736242516e-01
2.650138790166814973e-01
2.451215182734859943e-01
6.999723426513199120e-01
7.079659682953588495e-01
9.273886076104131959e-01
1.042144278223330778e+00
9.839263147288491718e-01
1.068706197968545046e+00
1.039803894384311089e+00
9.532112523972094964e-01
9.535820706169833016e-01
9.280731038481743189e-01
8.943140636517994402e-01
9.001678706553168929e-01
8.661756158940615569e-01
8.482467548702745663e-01
8.451730112913325987e-01
7.851993939247787768e-01
7.840371840495494737e-01
7.378874299372345513e-01
6.865939182240693439e-01
6.741363243863803811e-01
5.715839405908000881e-01
5.091441671312983974e-01
4.993782439483572810e-01
3.729040431299414093e-01
4.130340888474994254e-01
3.298719470643377560e-01
2.183678022480469438e-01
1.412355085164371804e-01
-2.719125323627534507e-02
-5.997979663743834011e-02
-1.535069631470002971e-01
-2.298778130817860921e-01
-2.299298268622647079e-01
-3.040194264867729923e-01
-3.294226556386777305e-01
-3.966039518389882224e-01
-7.058253581892679485e-01
-8.779609736616995619e-01
-1.171685773114748530e+00
-1.237708501708870923e+00
-1.301748880083248849e+00
-1.354915338331939889e+00
-1.380769754010461980e+00
-1.408582539725276472e+00
-1.448198353167069907e+00
-1.448099604175164590e+00
-1.457364995690343168e+00
-1.462037862631656582e+00
-1.410189122737660616e+00
-1.410853362528264876e+00
-1.360381285027740139e+00
-1.291709128328166978e+00
-1.258634236434333697e+00
-1.165844331726501260e+00
-1.113785342173110537e+00
-1.055001166657285383e+00
-9.598768421285504004e-01
-9.240318694043300196e-01
-8.523101585352462761e-01
-8.264304404770527190e-01
-8.177345513953876432e-01
-8.111566489091477372e-01
-7.932189204518607095e-01
-7.886443929449714618e-01
-7.765265403484860052e-01
-7.483409566527116086e-01
-7.429843116230636646e-01
-7.034263278263979124e-01
-6.627104888747332723e-01
-6.305990929315625770e-01
-5.645971959582972710e-01
-5.324099757448376158e-01
-4.743296085171550547e-01
-4.129822013472237985e-01
-3.795252609954768985e-01
-2.926503416424057202e-01
-2.481940333700937140e-01
-1.188355215555810529e-01
6.701502589496995295e-03
1.194527798828232956e-01
2.519173408017932325e-01
3.764918890340585578e-01
5.043254174570837023e-01
6.807904723245793432e-01
7.771815985139912675e-01
8.199389129373786389e-01
6.536557357190755368e-01
5.467926499760883408e-01
3.805968380551094654e-01
-3.155994621668893885e-01
-4.208637715852979744e-01
-1.012835609205180454e-01
-1.861475559598783358e-01
-1.218216551050977370e-01
-3.350289694728723622e-01
-4.742697788864608244e-01
-5.639109487250802966e-01
-7.508115637177962265e-01
-7.516237793302589232e-01
-8.465405329516967337e-01
-8.972217940439247696e-01
-8.720759182515667174e-01
-9.629219043297446712e-01
-9.247143839640086238e-01
-9.271859642860302841e-01
-9.547177170532639146e-01
-8.608534792492279486e-01
-8.802166072079713466e-01
-8.092826305677153220e-01
-6.174894485905700892e-01
-5.635942243646729910e-01
-2.112665766647747467e-01
3.229315755418290818e-03
3.523106719386546737e-01
6.462294712545054720e-01
7.700045820343071057e-01
7.551146866013808134e-01
4.300394589872960083e-01
4.614158605622955545e-01
6.734827702818390049e-01
6.804911238858285527e-01
8.477754077425629919e-01
8.500607906851049833e-01
9.742882145400703076e-01
9.821944072824295713e-01
9.021377082454714591e-01
9.059266520973026093e-01
8.847361588516180486e-01
8.398105031778517748e-01
8.438510425514906821e-01
7.891981979423751126e-01
7.546074724218890806e-01
7.886296554684530946e-01
7.577466450656602515e-01
7.911351923764162741e-01
6.329012350166084433e-01
5.121950442382378066e-01
4.120400824106382753e-01
3.474710869077154984e-01
2.904125810313578637e-01
2.235948639974938146e-01
1.994001942600657218e-01
1.418404773635686678e-01
9.811941087499102820e-02
1.085190781457879838e-01
6.336771307556822441e-02
2.098940229189445728e-03
-2.580968145434416397e-02
-1.312290826423173351e-01
-1.623982522591097821e-01
-1.780383670192615120e-01
-2.138916183140089633e-01
-2.308456239065529436e-01
-1.991890750121522724e-01
-1.758760027496927281e-01
-4.494032752910741280e-02
2.276430094628471568e-01
3.690330041312231968e-01
4.124602414507322345e-01
6.721097139344657245e-01
6.337991037279113726e-01
6.030359202526440754e-01
5.418441397876025967e-01
4.498270849796320303e-01
4.166546356773705995e-01
3.429604533043908998e-01
3.014878322962740720e-01
2.741734987084567532e-01
2.132994202344113133e-01
1.945794702644131902e-01
1.446635918305111956e-01
9.379070995704032188e-02
6.846596217054019828e-02
1.139558693287374101e-02
-4.164980171257645636e-03
-2.764148552029862746e-02
1.818090746331471087e-03
3.579559989125291608e-02
8.314458430525821508e-02
1.216480047044494472e-01
1.751616103242504274e-01
2.785172383730402101e-01
3.537176398264479937e-01
4.119924892951786211e-01
4.600511493885482417e-01
4.922248131588936038e-01
4.032938041674636875e-01
2.612876926291022306e-01
2.005918872531739228e-01
1.195826712515000445e-01
1.283888279130197992e-02
-1.886293961795460633e-02
-1.554705690813394936e-01
-1.930920683300067220e-01
-2.209201489852918310e-01
-2.998107839666686036e-01
-3.021335036564625764e-01
-3.550710734718274808e-01
-3.991797416259254550e-01
-4.056008775551103729e-01
-4.845559581937372018e-01
-4.970896758440124796e-01
-5.343029469554910760e-01
-5.632915116420262880e-01
-4.382255009475957142e-01
-5.005537175204302081e-01
-9.665808991563429320e-01
-1.059517684883138022e+00
-1.414535737002952098e+00
-1.483618201233736222e+00
-1.498849949440765439e+00
-1.585968531802467441e+00
-1.554393466109561972e+00
-1.569376396826846154e+00
-1.556713275430878340e+00
-1.517172258507995419e+00
-1.515483517785380929e+00
-1.460542029239985107e+00
-1.431599910538097653e+00
-1.396080365518108657e+00
-1.337361099257093899e+00
-1.313357344547243510e+00
-1.248665206104609737e+00
-1.209047079722769258e+00
-1.178870801182097416e+00
-1.088606884930907404e+00
-1.059751834575290541e+00
-9.352294461684961258e-01
-8.151617858544968342e-01
-7.169114383866980189e-01
-3.450272345328782020e-01
-2.958638224651545801e-01
-2.063276363123548451e-01
-1.617488144272609119e-01
-1.176456941963433811e-01
-4.660424579541296713e-02
-2.353171960787847627e-02
3.737038467458697610e-02
9.689006183266750394e-02
1.296207170895986305e-01
2.146103798945480645e-01
2.536558460544113269e-01
3.102840106042378809e-01
3.955401951789041526e-01
4.315705714522151681e-01
5.774804062641227809e-01
7.454206794320089591e-01
8.183840125655963416e-01
7.522962648736993829e-01
7.242010504422041750e-01
3.736892165666802490e-01
4.326702617806994500e-01
4.512924090239536223e-01
6.055133019678428097e-01
7.192473431980100917e-01
8.352818173960032677e-01
9.059471518138683122e-01
9.274688530393082608e-01
8.110598202859865546e-01
8.052550066382749838e-01
7.815314843307492598e-01
7.282711388768686733e-01
7.335779738939154360e-01
6.962333069081955150e-01
6.814208166837155689e-01
6.695692407690490011e-01
6.406408549659438068e-01
6.355536727750240589e-01
6.036032172287547626e-01
5.893363729958096542e-01
5.678531251195686469e-01
5.209517110737653667e-01
5.180426882812205758e-01
4.468481671467368077e-01
4.060713905438617100e-01
3.786814128991339290e-01
2.211411949947305611e-01
2.005274254029337511e-01
1.181279174479744620e-01
4.551021498116232522e-02
3.318399360092998129e-02
-6.936184586759175374e-02
-7.335478719044657980e-02
-1.041708136410140068e-01
-1.106752191230625654e-01
-4.803393479173106995e-02
-6.399902594190218230e-02
-6.475137552059193231e-03
3.628928904586530002e-02
4.768955106817669709e-02
1.745124896596954300e-01
1.997270810539745201e-01
2.466956912147997283e-01
3.255739526451548738e-01
3.389639046220465635e-01
4.076389979603177727e-01
4.725041732031887709e-01
4.905545579631488406e-01
6.061087500008464080e-01
6.255729829299051525e-01
6.582533478395123927e-01
7.277701460893457597e-01
7.288891660287676322e-01
7.814881963213242688e-01
7.853552484122569011e-01
7.880045249901871385e-01
8.049838230937627070e-01
8.020794984154165919e-01
8.081076566394913563e-01
8.118087397113998849e-01
8.113397452106830832e-01
8.145784799390034525e-01
8.149148145852052050e-01
8.154949946595242416e-01
8.165743176155811911e-01
8.165527991558858556e-01
8.170352185234385223e-01
8.172546205996454871e-01
8.173159891312238301e-01
8.174725202560783055e-01
8.174758316983995465e-01
8.175380510244752985e-01
8.173826673257260644e-01
8.174452778804192077e-01
8.172637376738886017e-01
8.168354150849347350e-01
8.171429179417580846e-01
8.159919560571787800e-01
8.158124601393808017e-01
8.159149108176046994e-01
8.124534609218955206e-01
8.145199406461876013e-01
8.107183948775417148e-01
8.053294713050169751e-01
8.121637103776838673e-01
7.925883269318116930e-01
7.967799388028071750e-01
7.982293748895153973e-01
7.454884024972877610e-01
7.956634155423850663e-01
7.205271062182864172e-01
6.475024844672856439e-01
7.007909683939269607e-01
