-2.158159470068747934e-02
-2.126892790839412378e-02
-2.776566027427798677e-02
-2.898052617965697977e-02
-2.439104754529390628e-02
-2.573618811905706988e-02
-2.593561294008226228e-02
-2.507562671932696274e-02
-2.565483461170218332e-02
-2.541829863987011412e-02
-2.535835662311576588e-02
-2.547635616472405246e-02
-2.539248056157857383e-02
-2.541335869466311570e-02
-2.544544228141901870e-02
-2.545586640632436365e-02
-2.543774624159798187e-02
-2.558157760371811140e-02
-2.555607808764063377e-02
-2.557321650316435324e-02
-2.616257314487419744e-02
-2.623489020868491686e-02
-2.614809661731199580e-02
-2.636676585406108955e-02
-2.626254801939292144e-02
-2.595069732105067736e-02
-2.639332198075859323e-02
-2.546879925007577983e-02
-2.523769258882512662e-02
-2.615771319056641245e-02
-2.178583706895133310e-02
-2.345360035647858429e-02
-3.015231940561977075e-02
-3.203628776033889264e-02
-3.756097772727183537e-02
-3.929320570633150489e-02
-4.734786115310831572e-02
-4.770909512553937748e-02
-4.724575109993047611e-02
-4.890631488982115360e-02
-4.848449637268566897e-02
-4.838412267490268398e-02
-4.889144296639033604e-02
-4.922622726550509448e-02
-4.990835012644882773e-02
-4.976186690292772052e-02
-5.162015087112065137e-02
-5.199419270294754203e-02
-5.218811282884439767e-02
-5.886261330731466790e-02
-5.869170666710862849e-02
-5.935080882328924723e-02
-6.248503613462211975e-02
-5.873432173287478769e-02
-6.136114769513681400e-02
-5.335285575694210386e-02
-5.931976173357805804e-02
-8.421127709299887354e-02
-9.999229897199075900e-02
-1.679892830954603233e-01
-2.111774869907958041e-01
-2.102293331415078514e-01
-2.403008622677219042e-01
-2.256193820544427908e-01
-1.791908841270327679e-01
-1.780058417949575145e-01
-1.891707781965480673e-01
-1.853467420348366701e-01
-2.048990488742584715e-01
-2.073839585331501423e-01
-2.113969612583018742e-01
-2.171442515929326578e-01
-2.089751787330145771e-01
-2.109562534234329378e-01
-2.084464617797190666e-01
-2.004886627336969485e-01
-2.037818312643023821e-01
-1.998019919816387269e-01
-2.022246356184704552e-01
-2.156185731552417717e-01
-2.177119583044154483e-01
-2.289185945294162361e-01
-2.381817991629221476e-01
-2.407506966442823360e-01
-2.313464941891459625e-01
-2.302669276416758060e-01
-2.218886036527570604e-01
-2.123991451127901497e-01
-2.038164203028171861e-01
-1.883535123108806275e-01
-1.916075880348439286e-01
-1.823694195539467822e-01
-1.704860595850086202e-01
-1.715810674617223586e-01
-1.321022695413308079e-01
-1.232422516761018244e-01
-1.068881849114657057e-01
-5.211968884232914129e-02
-4.323173172569325790e-02
-3.575260603206033977e-02
-1.661369117693383898e-02
-2.216446081270118107e-02
-4.169289920530399457e-02
-4.288262454105173926e-02
-5.255039477667905468e-02
-5.942287847962370723e-02
-5.930256365596748430e-02
-9.276417007693808781e-02
-1.085674595325220454e-01
-1.639390004764735564e-01
-2.197649194543432050e-01
-2.210793421434586459e-01
-2.212585974536060707e-01
-2.126235764494266989e-01
-1.972736388752969749e-01
-1.813958289054153905e-01
-1.598177457407395086e-01
-1.410442503203294395e-01
-1.245376448860959079e-01
-9.506502344705035357e-02
-5.247618846621939642e-02
-2.843976872283636090e-02
-2.353352165504084964e-02
-1.460717383219918217e-02
-1.257395413802435240e-02
-1.277615667824803965e-02
-2.410150911321676248e-02
-2.644186227497908465e-02
-3.664570913737724006e-02
-3.976301763387538740e-02
-3.912574063421955795e-02
-3.721197161708561518e-02
-3.105549098440161734e-02
-2.813024339746032082e-02
-1.999766019217831536e-02
-2.350634083216374820e-02
-5.576661074644463471e-03
-5.220406735599272818e-03
-1.578890606846500982e-02
-4.061386885214065406e-03
-3.321428718488203535e-02
-1.591684505259493079e-02
1.480473519505703071e-02
6.701792633325496032e-03
4.471405118458699618e-02
4.336598220587036673e-02
-2.098827906697981610e-03
-8.174778207028195534e-03
-4.557133605904720164e-02
-8.753489600828939787e-02
-9.740594232229030092e-02
-1.213295173397618693e-01
-1.275355629716165007e-01
-1.241674706591993915e-01
-1.281464926264273274e-01
-1.301910346822795217e-01
-1.311944810067532385e-01
-1.366496627023497112e-01
-1.378896331247012885e-01
-1.448501290865048530e-01
-1.483383350757799535e-01
-1.542921145638199154e-01
-1.606236049684988954e-01
-1.654337469016368967e-01
-1.749174298456258048e-01
-1.689334237624245394e-01
-1.756900167036420379e-01
-1.716258876095467512e-01
-1.648917366263491224e-01
-1.755825436875082246e-01
-1.682541784042128341e-01
-1.786766993516060720e-01
-1.856916068430320144e-01
-1.825812581363540910e-01
-1.860680012939151806e-01
-1.800692648715822575e-01
-1.704779843764653302e-01
-1.574911392888741490e-01
-1.329189211935025428e-01
-1.115034193671437385e-01
-9.498578361912775325e-02
-6.240662146707746244e-02
-5.448470995160186597e-02
-2.878443054420305389e-02
-2.582211218164748648e-02
-2.378299639029340939e-02
-1.604233777534740113e-02
-1.436664836245220810e-02
-3.518591990124545887e-03
5.195972330725820952e-03
3.302401198664084263e-03
3.564513943024168359e-03
-9.599883683831001184e-04
-1.144857309518449578e-02
-1.052288648204400580e-02
-2.181874169720179543e-02
-1.782790988175421767e-02
-2.141339511210454960e-02
-3.834493106934662443e-02
-4.276557344632504754e-02
-6.246967172011272385e-02
-6.024004454396735680e-02
-4.981984355055568692e-02
-5.090296560984761826e-02
-5.194035001305322835e-02
-5.767950028645230098e-02
-6.172325041329176920e-02
-7.041903940097771208e-02
-7.830762616334968618e-02
-9.110054153850148662e-02
-9.169797881667683670e-02
-9.670693599735113999e-02
-1.006662836127443506e-01
-1.084391918026948731e-01
-1.024717752043322605e-01
-1.197424776359004711e-01
-1.124193706281392674e-01
-1.153055446694719738e-01
-1.061495051282046603e-01
-8.337923284396962786e-02
-7.747619530105431807e-02
-6.924563209885147008e-02
-6.340034036192714051e-02
-5.385831224386213034e-02
-5.376424563875263629e-02
-5.305651874888699798e-02
-5.021266162221143387e-02
-5.034133689326272809e-02
-5.067709470844985326e-02
-4.773341982893127694e-02
-5.015412119365530302e-02
-5.201940893567511687e-02
-5.535964649615504607e-02
-5.671863296792790249e-02
-4.554871101645142917e-02
-4.721710794919429383e-02
-4.391475812137887041e-02
-4.035253374714253827e-02
-5.033814283665120209e-02
-4.707334258549115275e-02
-4.915561280344604711e-02
-5.363917526688520565e-02
-4.366751919388514591e-02
-5.549833641029175424e-02
-5.191682302111095410e-02
-5.513125732508852850e-02
-1.210296876804539956e-01
-1.191512371906775641e-01
-1.692636595262452248e-01
-2.234074962961683786e-01
-2.151153997485105995e-01
-2.128132639862261311e-01
-2.016175804929865034e-01
-1.769795335273525450e-01
-1.578332336971453587e-01
-1.286956353013897492e-01
-9.463623727981662626e-02
-7.732126619167556392e-02
-5.585675318125878780e-02
-4.074597305075946391e-02
-2.735673568711908393e-02
-2.392343466536166197e-02
-7.757445014410143183e-03
-1.347724184636968185e-02
-6.135030177611105161e-03
-1.067216007038589501e-03
-3.175649836182689589e-02
-2.518144473312381587e-02
-6.870832294308157340e-02
-1.185974559155521663e-01
-1.256009900377584310e-01
-1.851986606148428305e-01
-2.104894972762628158e-01
-2.125264841551237627e-01
-2.258904192935489996e-01
-2.112951024191394023e-01
-1.715482014586087456e-01
-1.634815221775935690e-01
-1.797492788802695363e-01
-1.769314014007381808e-01
-1.948553062388334034e-01
-2.093863559285357168e-01
-2.272341255019420803e-01
-2.345563708805304126e-01
-2.457271153820389242e-01
-2.499544635853597485e-01
-2.540119948462268296e-01
-2.581710942073206505e-01
-2.601042292702014924e-01
-2.623736732546409489e-01
-2.605457406710487978e-01
-2.589116759761010966e-01
-2.543854827970475907e-01
-2.498217574094528659e-01
-2.469564729460221875e-01
-2.417354661979130293e-01
-2.365434805372592375e-01
-2.342509870941985040e-01
-2.256674822054663965e-01
-2.213726102185734346e-01
-2.156603870970855152e-01
-2.009156770596281782e-01
-1.954473256973092155e-01
-1.807766320809051086e-01
-1.684963346543558171e-01
-1.618645397937432950e-01
-1.407122314380788441e-01
-1.313800050500660010e-01
-1.207614554224914621e-01
-9.304412112682554359e-02
-8.211980168142933578e-02
-7.861463588572570327e-02
-6.843080484699959332e-02
-7.054597669921675029e-02
-6.949096718005098872e-02
-6.651654700103754037e-02
-6.808390500067096340e-02
-6.372185134725201483e-02
-6.373028669002962776e-02
-6.360016934055211235e-02
-5.967006898315609098e-02
-6.114393428761868976e-02
-5.792210922048451893e-02
-4.599386484834019906e-02
-4.375623945044204016e-02
-3.321984504869959082e-02
-2.727896648206050781e-02
-2.098724921038680816e-02
-1.337522268969631653e-02
-6.962845086245190301e-03
-4.261269736173051159e-03
-7.603517682126260599e-03
8.303494746935572227e-03
4.528396410964773133e-03
-1.573490744699341734e-02
-2.539933560723541678e-02
-4.652519026844401107e-02
-5.434642848465814219e-02
-8.949065612680709436e-02
-9.830003634448113148e-02
-1.081393780833662527e-01
-1.169610849711803791e-01
-1.256720224498965033e-01
-1.271367945028413493e-01
-1.317605255578639945e-01
-1.546916018166463458e-01
-1.520833713833938672e-01
-1.510692728406696494e-01
-1.502453843958487800e-01
-1.329554645014019987e-01
-1.283881488410869021e-01
-1.238784324631570094e-01
-1.134120007923482693e-01
-1.121866933924805521e-01
-1.067082489919660288e-01
-1.000921797451486128e-01
-9.848324507113039028e-02
-9.237691081012566752e-02
-8.461775565773609065e-02
-8.179320339786189109e-02
-7.468066063101982954e-02
-7.064476994162151302e-02
-6.814062559611668013e-02
-6.196527249649656788e-02
-6.150641930560116211e-02
-5.815102041648390063e-02
-5.508259527112649434e-02
-5.820715140999180998e-02
-5.617608361903649733e-02
-6.261995471089899790e-02
-6.673992644992135514e-02
-6.710384373857319895e-02
-7.658394065096205128e-02
-7.568075308520219591e-02
-6.152772955948860450e-02
-6.067690575372675782e-02
-4.358874209249205545e-02
-3.879236766295764138e-02
-2.190347317027751053e-02
-2.005478218901510581e-02
-2.398143967772218416e-02
-1.921998376491825325e-02
-2.047924602509042236e-02
-2.026383164077740981e-02
-1.895650258646323222e-02
-1.947258218244588349e-02
-1.877918929079388718e-02
-1.755194787183624386e-02
-1.844799708835568805e-02
-1.548607858818675312e-02
-1.356056833510059685e-02
-1.156826585615443673e-02
3.254101189270604960e-03
3.113783552112253227e-03
-4.047854768732774521e-03
-1.911308687198366154e-03
-1.053761309842112491e-02
-1.460671066205285369e-02
-3.206295571457335077e-03
-7.821428914769935209e-03
-4.842749462424516572e-03
-2.730405389136010726e-03
-4.112663843031672158e-03
-2.785104753276099535e-03
-2.386027485824023572e-03
-3.331674707861639276e-03
-3.528534186487683206e-03
-2.329351261734278686e-03
-6.583951573451707340e-03
-4.195215275551902011e-03
-3.382626268643395846e-03
-5.668864268517878093e-03
-7.107608622128737917e-03
-2.745163523610799627e-02
-2.822894191777201509e-02
-3.146443965242291113e-02
-3.660789364260291084e-02
-3.554395777627491343e-02
-3.793191405129379273e-02
-3.706955772314374925e-02
-3.581178049870424596e-02
-3.650779088868751771e-02
-2.911540802767849379e-02
-2.919881710595346666e-02
-2.850245716024526338e-02
-2.672665693598754930e-02
-2.694239674539715065e-02
-2.666077985209757903e-02
-2.643292691886344956e-02
-2.650896328853298567e-02
-2.789110160555276566e-02
-2.793518230550370851e-02
-2.803398329520521287e-02
-2.837471296616343036e-02
-2.834199491256557749e-02
-2.844936801899991888e-02
-2.851433965192490261e-02
-2.851678530096270203e-02
-2.855907283929539839e-02
-2.856939956060207744e-02
-2.857612597474752658e-02
-2.858730166869750608e-02
-2.858989633461494692e-02
-2.858758748768441479e-02
-2.859205170463390011e-02
-2.858832909880191023e-02
-2.856963994921001351e-02
-2.858904147144315788e-02
-2.854270871138112758e-02
-2.851893665236460498e-02
-2.857556874551623813e-02
-2.834026689866375390e-02
-2.848101071597039860e-02
-2.841292059443311507e-02
-2.769543830253443778e-02
-2.874690166724743617e-02
-2.711299511403816170e-02
-2.622025492071252198e-02
-2.711921978005917694e-02
