-1.642398325959103884e-03
-1.519553930457620333e-03
-1.705849589048765011e-03
-1.657538850020093876e-03
-1.321036466818512056e-03
-1.273885394514884511e-03
-1.582781871972447057e-03
-1.375520493101360176e-03
-1.486288726267611261e-03
-1.521423408069165093e-03
-1.481274408800396835e-03
-1.528016382579189562e-03
-1.520709283557099322e-03
-1.521324068610642672e-03
-1.532102499147163736e-03
-1.528023691278096712e-03
-1.530913755935512169e-03
-1.531853217891337039e-03
-1.530195797255751037e-03
-1.530501933724718721e-03
-1.528417528362342173e-03
-1.525520243000012734e-03
-1.523149200576915654e-03
-1.515428673845947228e-03
-1.508850379293831968e-03
-1.499278910817170756e-03
-1.474269875268001797e-03
-1.463747961965373946e-03
-1.420277736436490303e-03
-1.356535838312407632e-03
-1.341071107598575552e-03
-1.152325773006244568e-03
-1.063577499605301369e-03
-9.550189550973807104e-04
-3.360186498302178957e-04
-4.700097857902563419e-04
3.148941948062818617e-04
6.745023987137072335e-04
8.230184359266049399e-04
1.654894442203836769e-03
2.732850016488064596e-03
1.665057639807517899e-03
5.886617110894476132e-03
5.912149902021196675e-03
5.543507961196908126e-03
2.165648511687540481e-02
2.342051745494086457e-02
3.504369874937897367e-02
4.417997110362486407e-02
4.679716206984375904e-02
5.593004067709562988e-02
6.855694105760846979e-02
6.474698523414150475e-02
8.901246863358147632e-02
8.775462650104977336e-02
7.354725666604589041e-02
8.946212287210626724e-02
6.680973829029415723e-02
6.344513831037072726e-02
5.687926930911166301e-02
3.300055759523511101e-02
2.339056731917450033e-02
3.663366844534125290e-03
-9.047590603162038430e-04
4.640530252809806750e-04
-4.402043800363814735e-03
6.065422996606869080e-03
1.004468186862190159e-02
1.288347854092438370e-02
5.071386008106095432e-03
1.669165214728205067e-03
-1.028948676651339792e-03
-5.499635600417256609e-05
-2.163151392836469393e-03
-1.694178296492662847e-03
-2.021138509526481351e-03
-3.376039780297920411e-03
-9.180972536965901999e-04
-4.070982982058966165e-03
-1.743879932492723708e-03
3.547582962463771087e-03
5.621100878672668014e-03
2.156897339260047466e-02
2.389752373293456758e-02
3.666235304555093277e-02
5.763236187555635659e-02
6.464784034698857484e-02
9.745777221558567238e-02
1.179597421306240318e-01
1.324617287776401475e-01
1.587563383558001362e-01
1.578090438647086202e-01
1.684787234067303685e-01
1.674835933196367477e-01
1.613597652971114071e-01
1.595766618397664316e-01
1.353039655723298207e-01
1.220558683314892506e-01
9.678028111157857549e-02
7.131846258997640020e-02
5.867904861417715112e-02
3.674026621560214784e-02
6.204327658359517876e-03
9.247517810342734124e-03
9.718507285516294128e-03
2.030630977534524963e-03
1.621183387583114560e-02
6.976872152254606774e-03
1.380779874202186716e-02
1.118934791384080911e-02
1.157968093531415790e-02
2.535675480875352120e-02
1.959199079871484783e-02
1.538725733064360245e-02
9.718071498997572430e-03
-1.133498107711737070e-02
-2.208367305870903574e-02
-4.262523215594174464e-02
-7.140951279611555680e-02
-9.829598158763752647e-02
-1.224375361626015984e-01
-1.381576572826360982e-01
-1.465367124269623955e-01
-1.530285127854727478e-01
-1.535777962958801146e-01
-1.576367008409410020e-01
-1.587798328425039096e-01
-1.480099328525417701e-01
-1.478760866431316767e-01
-1.274143640718046200e-01
-9.488842848779406591e-02
-6.535242230820115239e-02
-3.132129879475091527e-02
-1.225188965898090128e-02
-5.077175213097208026e-03
5.914010481816472931e-03
1.024923929601647375e-02
9.510157342078339598e-03
7.782156443624971970e-03
6.307116020214542478e-03
5.096201463547560435e-03
-4.349395990938925358e-03
-5.595014414647038643e-03
-7.128394095048768038e-03
-1.013391930466873113e-02
-1.107443860478727130e-02
-1.055271651735144658e-02
-1.251154570811521816e-02
-1.263038559819026387e-02
-7.246074972800371425e-03
-5.111593854848501227e-03
-6.612081421112059841e-03
-4.371935300340796908e-03
-4.835012772030787900e-03
-1.676144112895947003e-02
-2.091564034729831087e-02
-3.087883049486879472e-02
-5.851705947021100529e-02
-6.907663864467987469e-02
-7.533640312089477653e-02
-6.742566139242157919e-02
-6.977625236440924972e-02
-7.437838020233940306e-02
-7.564490718670140168e-02
-8.009485550928215070e-02
-7.757551681950904110e-02
-8.446778576701402530e-02
-8.135937233995375883e-02
-5.739223710691007674e-02
-4.331256146567831478e-02
-1.954120194953925041e-02
1.000529195724168818e-02
3.755749070481802232e-02
4.546246090602375917e-02
6.380831236557397979e-02
6.739458669078537967e-02
6.916853046468315891e-02
7.911144110131364260e-02
7.822704545954678457e-02
8.401029903546013144e-02
9.395003453814927685e-02
9.932699480457408969e-02
1.050364595060266221e-01
1.137952659638914732e-01
1.141227956567090196e-01
1.132477718021047547e-01
1.119316239559724896e-01
1.090355790551613691e-01
1.080133239077072094e-01
1.053704314846482526e-01
1.037871488242875229e-01
1.005903503527978415e-01
7.929868388189982575e-02
7.533326636973548818e-02
5.717897637278312323e-02
4.536637955462449051e-02
4.364251850664257332e-02
2.699474475852786312e-02
2.315978871231556477e-02
1.556732711076069288e-02
8.322537032881879154e-04
-3.820230489299667115e-05
-1.291640264450205459e-02
-1.668525937828082076e-02
-2.003458831610012772e-02
-2.790195493734622806e-02
-2.981866736500923126e-02
-3.507354360417542366e-02
-4.104330631705079002e-02
-4.498426115232020267e-02
-5.301945823394747098e-02
-5.177125874960637752e-02
-5.228170968890631654e-02
-5.273758509341629208e-02
-4.573388398406082883e-02
-4.278947553954402794e-02
-3.926681881944305008e-02
-2.517213761563379115e-02
-2.228616623553324877e-02
-1.781160412238321639e-02
-2.760471990302603828e-03
6.141879096452477343e-03
2.420212271796138258e-03
1.808423044057273082e-02
9.920944206448198063e-03
-1.185360301287305754e-03
-7.919212257921259129e-03
-3.328497386614984871e-02
-4.733482635982652620e-02
-2.518121342393101272e-02
-6.231771109408344028e-03
3.406291340773958537e-02
3.978727736652686031e-02
6.358088373409685745e-02
7.565290484700987195e-02
7.013541610223208989e-02
8.718288563628441568e-02
8.099766445812416060e-02
8.076167836202159667e-02
8.783869111971850940e-02
7.362332163696833076e-02
7.445513732839330323e-02
6.574795576191404256e-02
3.457800416786027675e-02
2.871322657846326482e-02
6.905578977144449446e-03
-5.680534709228838089e-03
1.146060787509481415e-03
3.414484823422966712e-03
1.133369710700540128e-02
1.074955102298655665e-02
1.656202024562251213e-02
1.729909617567970334e-02
4.491287379156796294e-03
7.821012697887286605e-03
1.037059994247468281e-02
5.348725783817098386e-03
5.880646933551230034e-03
4.388695607098648879e-03
-3.204356173376485262e-03
-3.980909095152673424e-03
-3.066644262748611377e-03
-5.020048652838012861e-03
-4.001248312200971456e-03
3.113383815498286904e-03
3.460625640146205734e-03
7.602414413746493710e-03
6.607280828232374274e-03
7.091168393872904034e-03
5.055723052450510763e-03
1.555705003741961277e-03
1.307686739428999057e-04
2.226853154285520997e-05
-2.328902548421902391e-04
-1.496637848502734751e-03
8.529211395048092630e-04
1.593432041003032228e-03
3.515044573531469325e-04
9.643291809313484300e-03
1.150506054815880926e-02
8.737373915803522961e-03
1.134505995047259408e-02
1.351334817509481680e-02
1.269821682185852570e-02
1.259302462934278749e-02
6.776696829663230066e-03
9.091936729917362778e-03
-3.580523780193405818e-04
-3.129514649924136551e-03
-1.106846426266848296e-04
-4.192327167736727839e-02
-4.315952101320072454e-02
-6.053998680960059192e-02
-7.174924985709481284e-02
-7.423911784593509311e-02
-7.483192453880595230e-02
-7.984771723197819915e-02
-7.741742540520231419e-02
-8.083664666162337920e-02
-8.327540451668158372e-02
-8.246454436918836117e-02
-8.460284849651171502e-02
-7.735018336980413467e-02
-7.113198519855437607e-02
-6.252863327364906187e-02
-4.484315321608279420e-02
-3.116590697174932006e-02
-2.267881392230848905e-02
-1.229964016047871596e-02
-1.349801541267756609e-02
-1.686386310352455328e-02
-8.931821005465119187e-03
-1.223398545036521491e-02
-1.355016333848184373e-02
-1.173108220492895606e-02
-1.016554106221563038e-02
-8.506757364101140070e-03
-1.038803397809466176e-03
6.080868194396517670e-03
9.750628154303705997e-03
7.535409145110424402e-03
7.815310346314352855e-03
6.425687244705416759e-03
9.377364398651841584e-03
9.924115740888212606e-03
1.005728350429869501e-02
1.672114532156255065e-02
1.660117507861183853e-02
1.754840858150724658e-02
1.948261564568277981e-02
1.868652182187336905e-02
1.918982985704805258e-02
1.972559626286393003e-02
1.768035393785443582e-02
1.962394528374482652e-02
1.938300963077380437e-02
2.580301238269125733e-02
2.723859092297502629e-02
2.065442997507678860e-02
2.571571417540929883e-02
2.266789277677136449e-03
2.550514786561155871e-03
2.837164532331525740e-02
1.524720781091222499e-02
2.527184987789225790e-02
1.478028116796040702e-02
2.154627238306332584e-02
4.005466848410090680e-02
3.982163804244628208e-02
5.604562149986565961e-02
5.721122596646547459e-02
4.918398152041824484e-02
4.784523094730476489e-02
3.307935374278245244e-02
2.583005502398621686e-02
1.520187788314897315e-02
1.986101247644424164e-03
-4.398225076910116695e-03
-1.934761257396328329e-02
-2.328263072417600943e-02
-3.079694617840168097e-02
-4.587568397121018909e-02
-4.665640052273158089e-02
-7.008314448462957258e-02
-1.116690991561117424e-01
-1.182666744842785778e-01
-1.517138572908524607e-01
-1.596442525344559105e-01
-1.628842663059791585e-01
-1.795632609112390032e-01
-1.735819425678883365e-01
-1.803703302986738310e-01
-1.821156725286580957e-01
-1.752853810193024386e-01
-1.831902107915878430e-01
-1.735413036610710391e-01
-1.737580935436832674e-01
-1.693578965210832121e-01
-1.580320315352042038e-01
-1.209083268287134832e-01
-7.316070579224225046e-02
-5.125342312300260744e-02
-3.982269088244839300e-02
-1.784315781455921360e-02
7.307063353917606086e-04
-3.037868844514804000e-03
-2.863170861474237817e-03
-1.391702679322693887e-03
8.207485506126641073e-03
5.989835729588568157e-03
2.104105247803582032e-02
2.667903856139774640e-02
1.977720421814953278e-02
2.479725682333937253e-02
2.996009143384579382e-02
2.851065291548749922e-02
3.243870756901943986e-02
3.340825848590581182e-02
3.377216480688714079e-02
3.580228267036787704e-02
3.638736070408305628e-02
3.714778856313442901e-02
3.964927273479276065e-02
4.026953938760018809e-02
4.260382136742271036e-02
4.795338808201947411e-02
4.760819737382803590e-02
5.811902487209471418e-02
6.604060614410844909e-02
6.748574043252254795e-02
1.012628819498548743e-01
1.017731364612968759e-01
1.108433308665720679e-01
1.248679251358737058e-01
1.205527729619416261e-01
1.339416728517952848e-01
1.342954567075582695e-01
1.242645644759309276e-01
1.240101587597388089e-01
1.058894507050413131e-01
1.028551472311970694e-01
9.021076283783706351e-02
7.408982021263176010e-02
7.194043785249798484e-02
3.939592654571101582e-02
3.720012430065710446e-02
3.396688459649547381e-02
2.295565845884642298e-02
2.270272551502684755e-02
1.810700278871650928e-02
1.058118952944718007e-02
1.078239445482562404e-02
2.483947615246989878e-03
3.027618157987513412e-03
2.134108776252667625e-03
-3.897465976182382130e-04
2.589929935938175090e-04
-2.285841480149834650e-03
-2.532350839497241740e-03
-2.919179369685010513e-03
-3.660242120433712665e-03
-3.676773198176066203e-03
-3.945132973665766568e-03
-4.101479566050532724e-03
-4.136130121685151553e-03
-4.236501599419720612e-03
-4.267867597682815407e-03
-4.293504807043710576e-03
-4.322703105657086167e-03
-4.331423046111507018e-03
-4.343121310624193168e-03
-4.350711089085961859e-03
-4.354189653368555069e-03
-4.358297659921293518e-03
-4.360214606825635157e-03
-4.361574002136926927e-03
-4.362598003650196114e-03
-4.362829388540144862e-03
-4.363048912899710266e-03
-4.362390754195972879e-03
-4.361697551198758828e-03
-4.360629403552292692e-03
-4.357263040223286615e-03
-4.355909910357403866e-03
-4.350075524778939176e-03
-4.341003578021062834e-03
-4.339126395025201359e-03
-4.312615625235142851e-03
-4.299191378712826674e-03
-4.284876106876897919e-03
-4.190314350629301306e-03
-4.208112228265706647e-03
-4.075085360510049756e-03
-3.884242764877539333e-03
-3.984909867296384037e-03
-3.318993137304431396e-03
-3.363663907795551647e-03
