-1.983162205200288304e-03
-2.198088999780083760e-03
-5.219023879531414431e-03
-5.342884589998067764e-03
-6.259918536990299182e-03
-6.807105893413509766e-03
-6.752110459943168157e-03
-7.090968844337146651e-03
-7.137428054710434448e-03
-7.179096599012729438e-03
-7.272262830883322038e-03
-7.276671097180401927e-03
-7.307761205610590477e-03
-7.328462299947229378e-03
-7.332896358151688200e-03
-7.345049712189298183e-03
-7.349397682678190588e-03
-7.352300791609862711e-03
-7.355735393506693774e-03
-7.356604915432923136e-03
-7.357140827049283086e-03
-7.357469475972293858e-03
-7.356469382758363228e-03
-7.354279906157950783e-03
-7.353232299974400699e-03
-7.347262806708392165e-03
-7.341561620448311572e-03
-7.337564936322318702e-03
-7.314422934858589090e-03
-7.309292003742060700e-03
-7.283508548394476700e-03
-7.215544566494448524e-03
-7.234628760198172533e-03
-7.079512333842435945e-03
-6.958053146063602687e-03
-6.995409816886369488e-03
-6.294192549697787825e-03
-5.993641518574187137e-03
-5.553787288973482429e-03
-4.976974078771432414e-03
-4.051168796074478863e-03
-4.317616236930488932e-03
-1.765943855335682560e-03
-8.870744923091819847e-04
-8.712542782790156249e-04
8.998576564815924383e-03
9.684871844371771565e-03
1.419060664056676080e-02
1.856472994733006365e-02
1.896947071849513708e-02
2.340104553366739379e-02
2.694441268787973326e-02
2.588690792750567710e-02
3.554623940605522447e-02
2.782865941283668015e-02
2.387105880176820447e-02
2.056540863121324170e-02
3.773962858497104198e-03
3.934677531652618770e-03
2.814198231400773936e-03
-1.028774416695715614e-02
-1.032450853868761842e-02
-2.074996896405128730e-02
-3.708113003527246931e-02
-4.362267440979061134e-02
-5.973913626823799256e-02
-2.774360763113998402e-02
1.247831096254444980e-02
4.446735470505950444e-02
5.379960962042366901e-02
6.164199273360019410e-02
6.193942453818797322e-02
5.975559411582275632e-02
6.202515186531568081e-02
6.117588519361622651e-02
6.352999041065707231e-02
6.388382461468514184e-02
6.735646798064129359e-02
7.287361621024572578e-02
7.160476740095057802e-02
8.802737653005331120e-02
8.891997905541008940e-02
7.968019051607401482e-02
8.862163318189388017e-02
7.596348552754884909e-02
5.592381859766341196e-02
3.407041796937770178e-02
-7.362169562804700418e-03
-3.740592846053644033e-02
-2.063328017164826195e-02
-1.113982468916478730e-02
1.259298549049425557e-02
2.306333151274419027e-02
3.146572721030998360e-02
5.273893866138292669e-02
4.668990976839428042e-02
5.021622306149742254e-02
4.527854056174698133e-02
1.967325085899925691e-02
1.949005392148346616e-02
8.469503368058401219e-03
-1.589240600539486856e-03
-1.007982208676621617e-02
-1.905711268739420511e-02
-1.901738766263359054e-02
-2.558139165963281558e-02
-2.156654091041753860e-02
-1.568199904591538116e-02
-1.811188109612433400e-02
-2.134813994310266055e-02
-1.938984256679358864e-02
-1.804121729941332575e-02
-1.884264287624523235e-02
-2.921055273449557968e-02
-3.878201659184400685e-02
-5.728329297402588727e-02
-7.405883586610330360e-02
-1.036656082129567141e-01
-1.393424895066477376e-01
-1.749331086216200926e-01
-2.077538281142704280e-01
-2.318428520485210642e-01
-2.472898917489345649e-01
-2.552553014851580149e-01
-2.568615417614245611e-01
-2.630169949899405224e-01
-2.594750865984079002e-01
-2.435638708810865527e-01
-2.393567614926548348e-01
-2.055943981856734881e-01
-1.736304762967236515e-01
-1.389196522880279117e-01
-1.050233192486072081e-01
-8.035099233528014695e-02
-2.158771136844217856e-02
-1.187713993908436419e-02
3.540449381243632870e-02
4.166652702297055089e-02
4.375438858059511882e-02
6.502288987121709884e-02
6.261667440763954429e-02
7.620915233784800180e-02
7.912918220893665200e-02
7.697469276787556602e-02
8.146087037774135675e-02
8.142353835717129618e-02
7.976204139011931760e-02
8.143724373469196642e-02
8.127758839269332014e-02
7.349200652330327432e-02
7.426615775803840913e-02
6.206872070968261906e-02
5.132174673564702388e-02
5.256852746337155324e-02
2.160975466373990864e-02
5.349632764649962270e-03
6.401058230811652611e-04
-6.788370000517396363e-02
-7.006692388569965568e-02
-1.068399282843558312e-01
-1.705712184315186786e-01
-1.882289719088577895e-01
-2.333958612704136182e-01
-2.406350159015941126e-01
-2.487083827231020838e-01
-2.545521494084065361e-01
-2.376446302057232951e-01
-2.289276410691848396e-01
-1.911919644534895990e-01
-1.607719057625379977e-01
-1.203053921872837273e-01
-6.075925141224662596e-02
-4.989544806585520867e-03
1.819458853421689060e-02
5.273838531812941044e-02
6.277228538555805482e-02
6.885040572673806203e-02
7.771880488274165999e-02
7.447023408193259586e-02
7.437153394791104488e-02
7.017161024064180741e-02
6.255296392970365049e-02
7.817002496568802028e-02
7.933074901190982631e-02
8.733784956039507275e-02
9.934043591726517131e-02
1.070593191103495073e-01
7.492964934351122042e-02
7.687561228558544013e-02
5.534611823345659404e-02
1.104760369290554850e-02
1.077600901471199510e-02
-1.945745061652131343e-04
-4.875133042246709847e-03
2.424597635001533857e-02
3.000397550760728477e-02
3.666800962222539068e-02
5.347793876231875243e-02
5.394180389924216334e-02
5.739527139555167246e-02
6.402058377406438794e-02
5.735953198812360210e-02
5.094108223718622069e-02
4.479744604556914339e-02
3.518792690954872238e-02
2.888272322939602205e-02
2.129269710925313711e-02
1.209542572262635625e-02
8.016368833658129786e-03
-1.614337775427390244e-03
-6.357082104918617207e-03
-1.024259684293910531e-02
-1.776533443038920412e-02
-1.896105365289912914e-02
-2.815057574433222146e-02
-3.457077809317982142e-02
-4.022264124611748398e-02
-3.150015669840476595e-02
-3.272761563651153255e-02
-3.370093354032339256e-02
-2.018190209908068966e-02
-1.724393587786503604e-02
-1.205306435992495664e-02
9.540295195641351061e-03
6.903551639386933982e-03
2.118151644741477282e-02
2.383978389203847761e-02
-1.054852127975568514e-03
-5.939576812618390343e-03
-2.444225254063260230e-02
-4.286335915739641206e-02
-5.447725537406813284e-02
-5.845665960831049335e-02
-5.582760121134434927e-02
-4.676829211790976132e-02
-4.718295961126527105e-02
-3.616318635962547517e-02
-3.549934937984376704e-02
-4.106414264162473737e-02
-4.282596314961505807e-02
-4.890662352304694233e-02
-5.541211895657829900e-02
-5.590537830932089391e-02
-5.229763467526665766e-02
-5.205997453577503736e-02
-3.630796458833496221e-02
-3.396680350597414827e-02
-2.678456475375253984e-02
-1.455577724065033191e-02
-9.042918791193387332e-03
-1.106190260086774768e-03
1.528713708688377547e-02
2.569218522568251714e-02
3.352727360473539697e-02
3.826018195895037471e-02
4.437332535645047843e-02
4.471325032967947422e-02
6.427791259248875899e-02
6.349183038709152460e-02
7.812089028688377901e-02
8.258150021990036393e-02
8.100652549811013237e-02
8.931158642985798091e-02
9.056141835360308201e-02
8.944977223746221340e-02
9.386907578705251665e-02
8.451318693965126361e-02
7.571015527675431511e-02
6.805736177329449466e-02
5.230415720601543084e-02
6.265951642431362434e-02
5.689327544505003165e-02
6.765731190462113964e-02
6.587768024872828199e-02
6.690482589128006474e-02
6.619356860724887048e-02
5.690430390981928571e-02
6.012293728041057106e-02
4.003539049829942659e-02
3.823902533218253436e-02
4.252910704424787969e-02
3.740648147725141037e-02
3.488301211545418584e-02
3.425369043518017298e-02
3.041497220378704819e-02
3.076794322557975178e-02
2.955176184928961711e-02
3.065447430147282687e-02
3.507579582345464464e-02
3.346246714026235997e-02
4.788977250868742264e-02
4.902446210770586288e-02
3.936065685509141515e-02
4.105005875954166605e-02
3.313820836135576708e-02
6.662973020483646883e-03
2.044906881065047290e-03
-7.504186918149903691e-03
-1.303215443195420917e-02
-2.298823391719135786e-02
-3.148893991101239798e-02
-3.908685949972272311e-02
-5.388492788397547528e-02
-6.133045599527592318e-02
-7.532119971624427757e-02
-9.336603858318935634e-02
-1.045007893883405509e-01
-1.102619468233545508e-01
-1.120946634353350707e-01
-1.013327684028187126e-01
-8.775766141460887571e-02
-8.520892177024508296e-02
-7.378508117113223574e-02
-7.849599451248245874e-02
-8.196065608939852309e-02
-7.755432451402717586e-02
-8.229941810464055929e-02
-4.626122873086981058e-02
-7.080217167698239604e-03
2.293036827104814185e-02
2.653279434739426804e-02
4.002163993513462026e-02
3.862130445316645788e-02
3.605338976967364245e-02
3.979120852061721059e-02
3.813581206494114084e-02
3.304340525917657395e-02
3.301079635159998027e-02
2.887753040989131728e-02
2.795804998463879629e-02
2.630863344202146598e-02
2.475148744194434133e-02
2.480423400257721414e-02
2.107965354466168756e-02
2.291721714517335612e-02
2.033935426203009253e-02
1.639747721356850721e-02
2.520126477725755099e-02
1.249815389584313721e-02
1.462755362177991202e-02
4.148100903605554668e-02
3.858365984281741240e-02
4.622856681528393630e-02
4.965868684902572522e-02
3.982663606536766820e-02
4.511145258819759807e-02
3.264084760841112764e-02
2.338787698251375974e-02
8.753791885333653960e-03
-5.805233803367765462e-03
-1.691657402258789009e-02
-3.899926146440985120e-02
-3.945535868462112655e-02
-4.482964082489492019e-02
-4.258588248412784050e-02
-2.792063069354611821e-02
-2.923182259870144017e-02
7.001324265999253182e-04
9.833776799585100190e-03
-3.710649091697014457e-03
8.193005062469010599e-03
-1.141749986695271384e-02
-3.034659005443009552e-02
-3.722578533181260252e-02
-8.321844571666155155e-02
-1.043497442870264386e-01
-1.318953037441983889e-01
-1.508945949291398692e-01
-1.544312853911403993e-01
-1.712195691826658706e-01
-1.717743365264305933e-01
-1.781786762981391325e-01
-1.845008926702886021e-01
-1.846840630545899531e-01
-1.965338622502908195e-01
-1.956240496272644291e-01
-2.016226910483417956e-01
-2.031798653732318494e-01
-1.988392349510194335e-01
-1.682773474514781264e-01
-1.326149562933957859e-01
-9.267112966196063006e-02
-8.008893078724667325e-02
-5.151676158318286430e-02
-1.037390274399505041e-02
-1.477434375182849063e-02
7.777108759599669213e-03
1.409897860240125200e-02
1.098281808615704687e-02
1.809563377408944171e-02
5.056851267357437285e-02
6.954809072111867163e-02
7.893831958698109552e-02
8.648681100000230049e-02
9.078231222307127368e-02
9.427653660968643434e-02
9.692553753366234259e-02
9.882340695416486076e-02
1.003366035059366917e-01
1.016774798804830071e-01
1.029681238487489131e-01
1.037344378871899314e-01
1.056122781736310023e-01
1.067706635689181088e-01
1.081164337327261693e-01
1.125933508469947747e-01
1.129151788840111609e-01
1.193677686350661238e-01
1.275303894555313844e-01
1.262799509745610171e-01
1.499014976428968138e-01
1.474448998180362402e-01
1.450464496541347126e-01
1.543560119972454125e-01
1.399941829458468956e-01
1.408376782624897461e-01
1.396512319393072854e-01
1.002504968420810660e-01
9.879127345490901213e-02
7.899365827972518184e-02
6.502527484663603308e-02
5.968971551900895817e-02
4.096046260416244533e-02
3.813039358989262634e-02
2.380048713467627572e-02
2.158758121783187559e-02
2.155036584642468570e-02
1.608589923930377544e-02
1.623970708355416265e-02
1.332831318564048351e-02
9.259087703234428202e-03
9.260881326344816075e-03
9.802253433682881628e-04
8.460607399683417419e-04
3.674210944451664139e-04
-2.531824448302710286e-03
-1.965132416452671903e-03
-2.952705170692491738e-03
-3.144459969523383074e-03
-3.108248248190130427e-03
-3.412154545979583301e-03
-3.390558973566386910e-03
-3.451347134225523933e-03
-3.516992435190635733e-03
-3.512100250122597318e-03
-3.543878161954153085e-03
-3.554620767188391463e-03
-3.558283103516372316e-03
-3.568539685325487244e-03
-3.570335684019259204e-03
-3.573227627873292421e-03
-3.575828206899164981e-03
-3.576451120486119802e-03
-3.577612247953820650e-03
-3.578183587463880898e-03
-3.578435115816269805e-03
-3.578563316873002980e-03
-3.578724376256788020e-03
-3.578385020111081102e-03
-3.577852435914776353e-03
-3.578091436375358848e-03
-3.575740179642660551e-03
-3.575446379717761060e-03
-3.574760651843164258e-03
-3.566216588157947349e-03
-3.571495551945863198e-03
-3.558718986026476391e-03
-3.541043444322496559e-03
-3.566121961736800228e-03
-3.486376364835907377e-03
-3.502490239583515817e-03
-3.526866983527505127e-03
-3.226062398413487992e-03
-3.526584099754731527e-03
-3.166025545115239235e-03
-2.509564529493513423e-03
-2.748607236044346529e-03
