-3.762830991150917194e-04
-3.914572046276614437e-04
2.630611068076709781e-04
4.998431491097571257e-04
-1.250244046199811031e-04
-2.350728867457066093e-04
-1.313518588911835160e-03
-1.449768366367235311e-03
-1.760008544499207846e-03
-2.084392704806797142e-03
-2.128626149195466093e-03
-2.295485613200561829e-03
-2.330170212033574190e-03
-2.336183923090027082e-03
-2.355289012520093463e-03
-2.209409408288212553e-03
-2.201986942901631300e-03
-1.983933470138146953e-03
-1.638257967404526229e-03
-1.694689275721210928e-03
-7.709634730685908629e-04
-8.489447476153204764e-04
-5.435186405677350273e-04
-3.474763708958643598e-04
-3.875963182428695912e-04
-1.778759796183498182e-04
-3.226420416206714735e-04
-2.605842482049964431e-04
-1.657809636981226876e-04
-7.518518505009205537e-04
-5.038425492710604705e-05
-2.163020644656219447e-04
-2.125917945478368945e-03
-4.542350178523068410e-03
-7.372961091305293112e-03
-1.475844778416071819e-02
-1.654084941516232102e-02
-1.856613154075517289e-02
-2.153948235857898463e-02
-2.304736581828264672e-02
-2.241235677145476946e-02
-2.382613869376878565e-02
-2.515306727674290060e-02
-2.428228641964994688e-02
-2.736981607288090090e-02
-2.798065007248177333e-02
-2.678904346910735909e-02
-3.512196261316617024e-02
-3.057002656238677618e-02
-2.936303991337188557e-02
-2.964388603092098923e-02
-1.628348199226281948e-02
-1.470374524564197448e-02
-8.777511153419806367e-03
-3.346685476821985392e-03
-1.169708040819731048e-03
3.065622314921269236e-03
7.180581275778719422e-03
8.640684577900951957e-03
6.997199072924480644e-03
1.996591170080289079e-03
1.166358868376492827e-03
-3.794843548473361781e-03
-4.467242738219591100e-03
-3.386440690678328442e-03
-1.465798360352735209e-03
1.828026905971991177e-03
5.247627664533049616e-03
1.339542313799710338e-02
2.146349320749468825e-02
2.610356576801126441e-02
3.431524503393428710e-02
3.622928530400154612e-02
4.030353421195541352e-02
4.320203662483984575e-02
4.524282649654505495e-02
4.911559467442792176e-02
4.671119812443429858e-02
4.833721652952182452e-02
4.720067744452670355e-02
4.060884308339299253e-02
3.901838303513473910e-02
3.400685502811371524e-02
2.989383409272301437e-02
2.711434436223729774e-02
2.096476812478797330e-02
1.647705321562617856e-02
1.307949644200868608e-02
1.068496762096883893e-02
6.957408844618422072e-03
5.592148044158550858e-03
3.484525535946052330e-03
2.851549036166127482e-03
2.730162327914337130e-03
3.403726438087340423e-03
1.992529000222794701e-03
3.906392461492447406e-03
3.767792560171657600e-03
9.869900298825756702e-04
2.697451845536388750e-03
1.900284916964623504e-03
1.601419870087938523e-03
4.993806937099022451e-03
4.629527971794287870e-03
5.061036655579304044e-03
5.641790538002066334e-03
5.705246481980844747e-03
6.090845022201135141e-03
6.176697920140872440e-03
8.203306357614867025e-03
7.803276811612708079e-03
8.908678178642236156e-03
9.314118267983440697e-03
8.776431678804798298e-03
1.134928690594113124e-02
1.054442980284255732e-02
1.173122002066108102e-02
1.295758412550437021e-02
1.245498455923653436e-02
1.160412427972871800e-02
9.720138479232927342e-03
6.972000299973669067e-03
5.526692500587982240e-03
2.062600769968205884e-03
-4.040696443580501195e-03
-1.030810285681390583e-02
-1.586103194274630229e-02
-2.051685661963878818e-02
-2.615011135832263911e-02
-2.811965780555321370e-02
-2.707283481930821897e-02
-2.718939575034919412e-02
-2.791215144844480522e-02
-2.616691075787879253e-02
-2.723560136823462152e-02
-2.808908324657622205e-02
-2.793270859262005773e-02
-2.899531914779165595e-02
-3.006971362165547501e-02
-3.010611719621361648e-02
-3.206958196760767432e-02
-3.351827844333672701e-02
-3.327998660686283527e-02
-3.877255602439666493e-02
-3.922973912976070870e-02
-3.529580781272449036e-02
-3.515346385980517435e-02
-3.282765804189680808e-02
-2.205602364925002279e-02
-1.864162900335554138e-02
-1.571172985131958494e-02
-8.475748198154295018e-03
-7.474867579113310748e-03
-6.781905691021674308e-03
-2.492162365560217970e-03
-5.328070661540285947e-03
-4.976361598129649434e-03
-4.512857123489722247e-03
-8.504344797153116572e-03
-9.424668467899821947e-03
-9.725759762033235611e-03
-8.867130433512880952e-03
-3.152031215158440126e-03
-7.212803681553581203e-04
4.484536054447168033e-03
1.212188338489916459e-02
1.620000118206485137e-02
2.210129789190536445e-02
2.579549932261401488e-02
3.142131676200958512e-02
3.435605749863415714e-02
3.500963468475932344e-02
3.839835318871529651e-02
3.841812776969856513e-02
4.244451574945220379e-02
4.240532805185191073e-02
4.127785933006919428e-02
4.090998964803575083e-02
3.861778221527068650e-02
4.025852161292992754e-02
3.971065439015812604e-02
4.067435890494125461e-02
4.149033792196014925e-02
4.091500232012112992e-02
4.261539744482519682e-02
4.151410657713676400e-02
4.224458495661338048e-02
4.323187395448412768e-02
3.527875718275274436e-02
3.501998941065969512e-02
3.617960780918920427e-02
3.733470660156951865e-02
3.787004856518522838e-02
3.894130443493068472e-02
4.348494406189961498e-02
4.486696473930639611e-02
4.857885607824740520e-02
5.272723136388438037e-02
5.666451014581660311e-02
6.488015958751180978e-02
7.755180716711618238e-02
8.636592499951827040e-02
9.004693746470671112e-02
9.536932926654713427e-02
9.441311495866186454e-02
9.554505287650574830e-02
9.357582854166753006e-02
9.016916148911734152e-02
8.523902615330194998e-02
7.069220051543215200e-02
5.961656073016960433e-02
3.685308314563175841e-02
2.992033989911284039e-02
1.802722572911016896e-02
9.463369883161923055e-03
9.736651997005867434e-03
4.295008003631130451e-03
-3.839625732497562111e-05
-2.533237080104766819e-03
-5.510144463684085725e-03
-6.644275549141205432e-03
-1.174296780124585264e-02
-1.411677283321868294e-02
-1.443217072960497650e-02
-1.665372816336080711e-02
-1.472225652852888339e-02
-1.002424084331817247e-02
-8.264734232281077328e-03
-5.426754596184245414e-04
1.409865477790134660e-03
7.381996035971684009e-03
9.170256395501888078e-03
1.215844861773572247e-02
1.781497909397859736e-02
2.060240594529185593e-02
2.633944997960890877e-02
2.957645208943974688e-02
3.283990476933522362e-02
3.820484698617678671e-02
4.063814755058293982e-02
4.700845180526214140e-02
4.987317769135133499e-02
5.067348755872065624e-02
5.122816394036824178e-02
4.961142430265959996e-02
4.810859118282672514e-02
4.680585457147999617e-02
4.314228976278323274e-02
4.069134011419698466e-02
3.737134894290629339e-02
3.110072521696893855e-02
2.770769130378315098e-02
2.494060646077239998e-02
2.124355487303122847e-02
1.558279665705961103e-02
1.318958246676234757e-02
1.138122219887014244e-02
7.385414052277780930e-03
6.797651771155022692e-03
5.270334743011947758e-03
4.156031472337809625e-03
3.981244464744279621e-03
1.946148037364272025e-03
1.168129880864670874e-03
7.013796124381019900e-04
-4.891296794540021288e-03
-5.875711246707471767e-03
-8.283653952231491771e-03
-1.104348744287624376e-02
-1.190731983784394654e-02
-1.311644738058245253e-02
-1.606772884766669365e-02
-1.494080684554098711e-02
-1.662047862890413813e-02
-1.590224852766696298e-02
-1.038819997802863451e-02
-1.070365636415276760e-02
-7.220266965499886995e-03
-5.290229909403630117e-03
-4.921378721401367153e-03
-3.525403335312188909e-03
-4.864867551409073933e-03
-6.890835186568064485e-03
-7.404292386005251018e-03
-8.472378000076408525e-03
-8.072368366526310943e-03
-6.603009234930629599e-03
-4.627131281966718676e-03
-1.011917941120206758e-04
3.082946221815425873e-03
3.309545059780026957e-03
2.721638168774657626e-03
-5.647589690965975143e-04
-4.728707685355443800e-03
-5.097366658224085356e-03
-5.997661931790196702e-03
-3.337455336209373298e-03
-3.222209027102342690e-03
1.256746550083515297e-04
5.123328145107109398e-03
8.424093430903884308e-03
1.356415051054450129e-02
1.250798535598477389e-02
2.458550575350176154e-02
3.028706055985162793e-02
4.206262059161983841e-02
6.477376774758906997e-02
7.217807445565452285e-02
8.767870688205481322e-02
9.671684150807804969e-02
1.050516859407396170e-01
1.114587020820259899e-01
1.167503882783660352e-01
1.219314424211218051e-01
1.256795062783443162e-01
1.283547521699008875e-01
1.313596915273236299e-01
1.320259363190050828e-01
1.325394521072413012e-01
1.331848011078820837e-01
1.301945300924958471e-01
1.296058847221703281e-01
1.261003765905386320e-01
1.196968564720617828e-01
1.162615139647531770e-01
1.079536330429210211e-01
1.032230837481962066e-01
9.664400548656645884e-02
8.871162249015794588e-02
8.533424414682118375e-02
7.599804097016156501e-02
7.352353455421337114e-02
6.225583505873767687e-02
4.887624198761574001e-02
3.977959598146383474e-02
1.977693642578922176e-02
1.080878563102685014e-02
-3.020141153548308675e-03
-1.430610812994601022e-02
-2.303617399704119273e-02
-3.282024571997971957e-02
-2.798698779858553240e-02
-2.891622869647927918e-02
-2.829709401307095584e-02
-2.326166417181937951e-02
-2.264845144451213543e-02
-1.916663319161387991e-02
-1.631106820026590951e-02
-1.061147578543472463e-02
-4.198361264624989736e-03
1.968223021508884799e-03
1.479220509383056929e-02
2.116641337634782294e-02
2.710536384863379208e-02
3.252747833548459006e-02
4.132763461031603580e-02
3.934337583132414828e-02
4.658841631098246255e-02
4.627810098165825031e-02
3.919931289318722561e-02
4.357925420352767171e-02
3.490774699486230703e-02
3.691167848102826221e-02
4.726971585985356022e-02
4.801004349715044806e-02
5.008337366781103611e-02
5.132373363940648942e-02
4.918789116487891355e-02
5.340745885441219171e-02
5.239194325319232459e-02
5.377236332017973353e-02
5.469220902010536040e-02
5.387530380866366320e-02
5.507335277168316778e-02
5.487550427798798536e-02
5.478029345417165241e-02
5.542021267578027544e-02
5.521609127828987912e-02
5.558363373107710892e-02
5.517843084192246977e-02
5.484533281327042681e-02
5.467760316014679683e-02
5.388362280985908165e-02
5.339675508327014486e-02
5.272639010987420494e-02
5.154025116328600498e-02
5.086246994066208338e-02
4.948299974749961055e-02
4.796223106281609361e-02
4.695460314699283905e-02
4.449733025122069863e-02
4.298283282151010160e-02
4.095391481815744555e-02
3.741426895960989901e-02
3.615111036808283523e-02
3.174131674152463195e-02
2.819504815096537942e-02
2.618089625866618433e-02
1.850749701024109739e-02
1.718509726645271740e-02
1.383287300684838891e-02
1.050239135341778096e-02
1.090810719227208909e-02
7.682234090242412092e-03
7.980203894559920880e-03
7.216669805623750211e-03
4.352588453111071350e-03
4.697333607656187238e-03
3.089272770962028705e-03
2.951893907256265479e-03
2.369440631633954776e-03
1.918552176630084274e-03
3.399637140036594358e-03
3.419147158174277046e-03
3.432171378766385363e-03
3.889787978164679916e-03
3.705208612132514148e-03
3.788085684779965434e-03
3.827521485661017440e-03
3.508979416155708596e-03
3.550889969592702783e-03
3.199894448980870280e-03
2.552175918118366766e-03
2.717573311374372937e-03
1.085667743446076198e-03
4.732857539147818332e-04
1.743166655835612909e-04
-5.316732634554305163e-03
-6.062450089216253786e-03
-8.635308210865786163e-03
-1.084633445775478981e-02
-1.184013793583462565e-02
-1.333408148600188914e-02
-1.479773823319061390e-02
-1.558305105638320594e-02
-1.640837188800396695e-02
-1.856440533942189247e-02
-1.783826644331818270e-02
-1.958377492669179099e-02
-1.802878231637758052e-02
-1.691173053423108280e-02
-1.807481239866295941e-02
-1.680806922964548158e-02
-1.683228698230787926e-02
-1.660573380427115414e-02
-1.594550009612602168e-02
-1.560198228978813655e-02
-1.491409296827179119e-02
-1.435926331960463327e-02
-1.313259636450405006e-02
-1.246892273148535353e-02
-1.110443888989053225e-02
-8.794139845288560797e-03
-8.584418383344658010e-03
-4.589173810745265404e-03
-4.500612502439252718e-03
-3.786718432653378083e-03
-2.618402386236214595e-03
-2.602774148829425319e-03
-2.209567842131015918e-03
-2.060055429667410898e-03
-1.926992846561267686e-03
-2.520746044192394460e-03
-2.442847171117059051e-03
-2.698906795208745688e-03
-2.859632061055071995e-03
-2.904519914321575420e-03
-3.074041008403043031e-03
-3.142102904112155284e-03
-3.279723298119257592e-03
-3.415622058975974814e-03
-3.531217786212842782e-03
-3.838736738958277526e-03
-3.956003235650545555e-03
-4.334476393363913792e-03
-4.772493166328436315e-03
-4.649730911445424698e-03
-5.574773229686098147e-03
-5.511715487685092327e-03
-5.646959229573209407e-03
-5.898323426152190380e-03
-5.866019508830028553e-03
-5.983726346342746992e-03
-6.035276584109396276e-03
-6.046766880406070389e-03
-6.096963766381436126e-03
-6.107320142785840726e-03
-6.123094709139464964e-03
-6.138723901551883071e-03
-6.143499200768265042e-03
-6.152985752862705042e-03
-6.154853424289624328e-03
-6.161663190214993445e-03
-6.163033433870288708e-03
-6.159314453204246635e-03
-6.176202712068681357e-03
-6.155039970398531665e-03
-6.166342780944434991e-03
-6.192340736257379019e-03
-6.109408455182900252e-03
-6.224811996565622792e-03
-6.160372653333788875e-03
-6.024393212792379486e-03
-6.450163067838603735e-03
-5.821847016974301091e-03
-6.125753118462077228e-03
-6.473978515929131906e-03
