-5.344774807892132412e-02
-5.130491554849665042e-02
-5.774019296507752752e-02
-6.399756417132490549e-02
-6.008402047313038397e-02
-6.211143552979956489e-02
-6.287901774719785453e-02
-6.119510242433004454e-02
-6.216878359798640175e-02
-6.180757040256826956e-02
-6.156796581295002901e-02
-6.181391149215943043e-02
-6.160838549120491170e-02
-6.163465233477160438e-02
-6.165244847838414338e-02
-6.159592535375595784e-02
-6.161723172106728375e-02
-6.160344019405251254e-02
-6.159282199977594852e-02
-6.159366393052751604e-02
-6.158245208827093503e-02
-6.157499016191220892e-02
-6.156158620012192051e-02
-6.154782388476254945e-02
-6.152150699863903616e-02
-6.148629214663980935e-02
-6.145252903303778658e-02
-6.136077231663111808e-02
-6.128775472343570008e-02
-6.116468081475576191e-02
-6.089932634845636461e-02
-6.077623056514930289e-02
-6.033228913698454599e-02
-5.990795188572625718e-02
-5.971582103968354344e-02
-5.970277332079864524e-02
-6.111635996946482990e-02
-6.119642337477618210e-02
-6.589610331609944971e-02
-6.700359814521925084e-02
-7.006051423518912247e-02
-8.549125202919577449e-02
-8.361456204925689362e-02
-1.003903856781643289e-01
-1.104669884066970253e-01
-1.086334620857302563e-01
-1.635819957823601012e-01
-1.612263036955423334e-01
-1.929153787756936744e-01
-2.011883314557464664e-01
-2.077726459935483327e-01
-2.234625550684327111e-01
-2.202101379679697879e-01
-2.356567837484402350e-01
-2.262989555699324584e-01
-2.244769412317907664e-01
-2.417803123785581543e-01
-2.521819122749431874e-01
-1.851894148869084600e-01
-1.668867281969942939e-01
-1.475153390144731957e-01
-1.222751369179779779e-01
-1.255874720536831191e-01
-1.024557799926093665e-01
-1.026201203377463400e-01
-8.735192261887603227e-02
-7.477916547564281147e-02
-6.839927970331557971e-02
-5.124638639211005764e-02
-3.493600301235103706e-02
-3.837482929859626496e-02
-3.126266275587880755e-02
-3.759683101163793090e-02
-1.260519269716788848e-01
-1.452923065733250085e-01
-1.982517573753454776e-01
-2.014134583560047431e-01
-1.933992035688223143e-01
-1.880590145307255989e-01
-1.397087953481690181e-01
-9.998558835224491403e-02
-3.194365177551930501e-02
4.698352684626075360e-02
9.264125897507421992e-02
1.695844962630597141e-01
2.226657803067268460e-01
2.606639489025126544e-01
3.121884154619399276e-01
3.232383247903987677e-01
2.957443473314217974e-01
2.856938881758591120e-01
2.246830525604598949e-01
1.944840925320550640e-01
1.395603232282859596e-01
9.507015962296257172e-02
3.712237912747218260e-02
-1.843073168563581429e-02
-1.178555884379139593e-02
-8.622148186765267452e-02
-8.499681324489213874e-02
-7.775724084418486615e-02
-8.407851668888743912e-02
-5.347242684422313236e-02
-4.776363515590893033e-02
-4.879341265158457230e-02
5.963788589125099647e-03
5.458146724779376797e-03
-2.649513269148428760e-02
-1.404450570627643197e-02
-1.074086488377632397e-02
-3.461759677562666060e-02
-1.485765595085506915e-02
-1.185963269921522581e-02
-3.688439127021755914e-02
2.591849147886736426e-02
-7.642784917459798100e-02
-1.172965103608058640e-01
-1.826304438808585284e-01
-1.114662515886639393e-01
-3.382821528172565151e-02
2.816740765059398688e-02
8.505999812859098286e-02
7.347537164019733724e-02
1.417367736816944890e-01
1.199212483156315290e-01
1.316851632928362215e-01
2.187883541263948572e-01
2.126296789728742975e-01
2.745976263694835384e-01
2.610579544253167628e-01
2.143022431616208312e-01
1.868504481063606171e-01
1.509070493377653310e-01
1.211530279051022396e-01
9.090729010047178538e-02
8.029073349101303880e-02
7.829780737664118750e-02
7.750996929120669565e-02
1.701694129645371922e-01
1.537414984681808594e-01
1.770998851455961587e-01
2.446122747058230851e-01
1.599882275496797845e-01
2.425048598101854636e-01
2.776118224033423121e-01
2.692772575395074863e-01
4.171586864772997560e-01
4.066937882311215668e-01
4.382073372394413857e-01
4.756121375429854803e-01
4.082208243870001363e-01
4.589483225922883491e-01
4.222820105107449873e-01
3.963160036590262503e-01
4.354873977192529888e-01
3.544013550288278025e-01
3.861894377624834895e-01
3.199309084857063223e-01
2.581526930500936401e-01
2.575434178115642569e-01
1.300466476506942082e-01
1.060233132175132098e-01
1.378020000186133409e-01
8.148679011150378182e-02
9.232789790711913580e-02
1.622314458326746534e-01
1.441015986170132157e-01
1.312035217474974147e-01
1.412555051094001313e-01
5.748809332450280363e-02
4.762826512116552502e-02
3.892851607059173713e-02
-1.258969397208685968e-02
8.267908528813384603e-03
4.611172577747126022e-02
7.205940733211102511e-02
1.219117675046008792e-01
1.364277579987395184e-01
2.173883354342777408e-01
1.801719753485039599e-01
2.421255361434671571e-01
2.308056574579244458e-01
-1.563251167691756885e-02
6.576428976165803186e-03
-4.585106477123162411e-02
-8.353602456188957692e-02
3.585958372695043431e-03
-2.630914339250546227e-02
-3.668656016635144651e-02
-2.262326110615231825e-02
-9.942225094166851074e-02
-1.126762894523578862e-01
-1.547109723401719483e-01
-1.448225393345339840e-01
-9.670201290633116675e-02
-7.260961424285984622e-02
-6.474418244696103497e-02
-4.646487400049947869e-02
7.699695047802266375e-04
5.868493911043830454e-03
-8.028134606933171394e-03
-1.702033791179841452e-02
1.559609493894968842e-02
-6.278127390167941024e-03
-3.589351116879762466e-02
-4.555923998249671036e-02
-2.026765748402958311e-01
-1.966803996243691732e-01
-6.218305718255026128e-03
-1.876526947063488718e-03
5.204175742209186939e-02
1.149627518624442429e-01
1.096498869911570473e-01
1.629869773841779723e-01
1.773861015002252683e-01
1.762018410905525356e-01
2.106454270690404917e-01
1.839216330964486279e-01
1.763109445000589359e-01
1.323214381479786983e-01
5.790764375083929522e-02
4.550429254210234392e-02
-1.816923262996199273e-02
-3.066943709132141302e-02
-3.939483318165919179e-02
-6.933840966218306201e-02
-5.788780931942107827e-02
-7.344134202778793141e-02
-6.841533987856329713e-02
-5.472266716070917775e-02
-5.192792706804811448e-02
-3.032837688024474579e-02
-3.521822705977357276e-02
-1.972408535701314358e-02
-3.646354011971335903e-03
-3.769931786590085404e-02
-1.030378966980746019e-02
-3.748971063586474008e-03
1.052036647835602294e-02
6.920330874018758294e-02
8.131053646626924813e-02
1.289547062491454565e-01
1.414130239565090097e-01
1.545565403613780309e-01
1.787839025665991233e-01
1.785474378500336856e-01
1.901606652238539419e-01
1.951042752586129303e-01
1.919014866457954827e-01
1.919355534962903787e-01
1.880499466520740570e-01
1.770688950924059202e-01
1.690578765996236799e-01
1.593516204655652524e-01
1.385370996678833566e-01
1.308021878355184742e-01
1.188149038218080378e-01
1.062762551939769318e-01
1.050391915819699762e-01
9.457438701357587241e-02
9.324756721846344520e-02
9.074368951071823397e-02
8.270111255365089620e-02
4.885887312314925873e-02
1.232920596550521504e-02
-3.416403306636975334e-02
-1.094715825841633544e-01
-1.505608107703200749e-01
-1.700850792103237585e-01
-2.186520840668729759e-01
-2.093030072373446571e-01
-1.809034324416672335e-01
-1.752221367266040275e-01
-1.338784600312282191e-01
-1.198270913753085726e-01
-5.320786311850613653e-02
-3.732353617392724504e-02
-6.231260621475271516e-02
-1.664530830350814672e-02
-3.078052737772310823e-02
-4.671027217531387860e-02
8.062884301749707883e-03
-1.001095311515715625e-01
-1.373101528173588659e-01
-2.434697046885234140e-01
-1.628922780412148386e-01
-1.248423597322277923e-01
-1.111045795550225923e-01
-7.659185097295219402e-02
-7.693796229537884501e-02
-6.787960160673536802e-02
-6.203706430092499613e-02
-5.765132674458289114e-02
-4.982011585207275078e-02
-4.486028991796021242e-02
-3.933767245554657677e-02
-3.307692475710963254e-02
-2.781920345984829901e-02
-2.452190779105917207e-02
-1.864940160544115502e-02
-1.772952168668956441e-02
-1.773102893047834999e-02
-1.555652131591849299e-02
-5.953279235945931752e-02
-7.545608266831332900e-02
-9.792487720487588754e-02
-1.091265403402411349e-01
-4.094932450017933767e-02
1.590711742318503749e-02
9.105787946877316741e-02
1.142768803051987109e-01
1.776949304059017298e-01
1.850189241877783775e-01
1.877259829322564244e-01
2.093578172645256530e-01
1.904014470885011245e-01
2.330569593765618730e-01
1.909634262625200252e-01
1.971807892609712398e-01
2.179111443881760757e-01
4.665467700940825746e-03
1.937243413142299697e-01
2.571759034812307609e-01
1.291516308071030128e-01
2.401507566357388712e-01
1.965845768705261898e-01
1.509485296080521344e-01
1.762133244062403514e-01
1.285955037220108677e-01
4.853342681380448664e-02
8.901832518585833798e-02
-6.437390999823994729e-03
1.954627266716880973e-02
1.406434532375826219e-01
1.065072872121188424e-01
1.714483861364053674e-01
1.662216758572511999e-01
1.275117974923322961e-01
1.656102393150231389e-01
4.596122713732775367e-02
5.650856570934815158e-03
-6.485712017107645409e-03
-1.875000080326201801e-01
-1.417469547907183880e-01
-6.275563387174062403e-03
-3.344613884826996147e-02
8.104938497016828114e-02
8.873615608480366068e-02
9.221198650855185613e-03
3.253106871127696420e-02
-2.923325740704812645e-02
-8.143195234771156976e-02
-7.945841704163167374e-02
-1.205994147777541409e-01
-1.144664218816854595e-01
-9.571612145656371862e-02
-9.451831878824591693e-02
-5.906161660130411495e-02
-3.952197927352485429e-02
-1.517006342756157221e-02
2.388575401758721850e-02
3.810660648152906088e-02
6.675693654258364751e-02
8.993364841079240501e-02
9.970505186312822454e-02
1.239459138153609502e-01
1.279104460701912804e-01
1.308539720708240262e-01
9.144388876958563228e-02
8.520080650205648365e-02
5.517130518427963010e-02
2.052903893707511227e-03
-4.484219186415405040e-02
-1.082587763678123371e-01
-1.854568386725022888e-01
-2.124984926580100741e-01
-2.638381562681280101e-01
-2.754426762194686629e-01
-2.879387113311315805e-01
-3.098438533672077111e-01
-3.041055490981484088e-01
-3.209085959134472810e-01
-3.195064628687694919e-01
-3.199317214288850408e-01
-3.271579592806854175e-01
-3.133188285484466706e-01
-3.167040985978289980e-01
-2.781226701021972114e-01
-2.687268767827232230e-01
-2.456384817111306185e-01
-1.790181715687969577e-01
-1.732844288837956104e-01
-1.447520613599495298e-01
-1.011705272494406171e-01
-1.031510787115783312e-01
-1.993040253757069613e-02
-9.044855321073852483e-03
4.601764300310056538e-02
7.614675141776516831e-02
1.145369641787011006e-01
1.384054353746572430e-01
1.518992141007327046e-01
1.701091634563079436e-01
1.784003483892022679e-01
1.871077829097565759e-01
1.948867941597444420e-01
2.003381156164118215e-01
2.068152700448838699e-01
2.126041218656755660e-01
2.203481784881990424e-01
2.277490845092171312e-01
2.378956557423319296e-01
2.494503015270356228e-01
2.575810435587460034e-01
2.629908750252413219e-01
2.217338351258278939e-01
2.211001891145059350e-01
2.056071889040119172e-01
1.971152607530853862e-01
1.771683205021695184e-01
1.859995014347461395e-01
1.657359040907216696e-01
1.823748102790832548e-01
1.794218378067120034e-01
1.443393116101461537e-01
1.147509592889432994e-01
1.103915424538085555e-01
-2.684582162897854174e-02
-2.783931536591625552e-02
-7.534493266139689893e-02
-1.216232348258845936e-01
-1.263314500496235393e-01
-1.573873620279096774e-01
-1.700205546978487414e-01
-1.823842942718486293e-01
-1.941478004254816869e-01
-2.009342205212927557e-01
-2.022761651784118209e-01
-1.985456406413501074e-01
-1.988739140753277013e-01
-1.887615726347534051e-01
-1.889441330758535320e-01
-1.722070256853571735e-01
-1.565978556619881112e-01
-1.561148668986615251e-01
-9.944976467723880276e-02
-9.757364308429097854e-02
-8.670706323732879639e-02
-7.015413798638088505e-02
-7.120352815224355314e-02
-7.089211793528442385e-02
-6.849401709755675860e-02
-6.968276660805755585e-02
-6.971919022028773283e-02
-6.931506526374034416e-02
-6.979265848648577575e-02
-6.965585186521446037e-02
-6.966134603079693344e-02
-6.976542612134106758e-02
-6.968211339587997155e-02
-6.970968214777131799e-02
-6.969828964631241686e-02
-6.959557053477724575e-02
-6.963046215632258396e-02
-6.946883082805495324e-02
-6.928086304394437400e-02
-6.939132845005327455e-02
-6.860955271211284512e-02
-6.865340634972386114e-02
-6.844200206154518740e-02
-6.592871664700986067e-02
-6.810900065834067652e-02
-6.372220103423342774e-02
-6.015125285256491677e-02
-6.329573305161077801e-02
