1.104703062441369414e-03
1.429946602653602667e-03
4.252160920922559185e-03
3.936038542780516923e-03
5.841463506828083706e-03
6.741995354532990398e-03
6.606294462901091992e-03
7.574871273327158164e-03
7.559555384697365030e-03
7.660153289592816148e-03
7.924141014268616667e-03
7.860161352567897677e-03
7.947580681417246509e-03
7.988961163543759417e-03
7.978224655422217274e-03
8.012647890491426603e-03
8.014725626974174288e-03
8.018766936228128098e-03
8.027641808374437124e-03
8.026726275310629849e-03
8.030769122882152472e-03
8.030196139126142760e-03
8.030445746769816762e-03
8.033366154038103571e-03
8.023247115641059940e-03
8.032569061338437622e-03
8.024667512742656578e-03
7.998695850065367166e-03
8.042182762486032796e-03
7.960998116952099427e-03
7.950883245787658191e-03
8.028141381081075473e-03
7.696378170404045288e-03
7.895335091843029562e-03
7.722438316634184022e-03
7.009028461853665168e-03
7.482040818620120173e-03
6.962812430091980774e-03
8.249140871650776155e-03
8.573319830890727133e-03
8.682882391846419301e-03
1.372757681998948258e-02
1.325748055372506957e-02
1.768262839345641213e-02
2.078870683877572997e-02
1.873141411623742772e-02
2.752771694095530741e-02
2.332570952438074025e-02
2.209053421075302115e-02
2.542920902606499861e-02
1.160139453980613654e-02
1.350542370438327297e-02
7.818229501374566320e-03
-3.351355969475736107e-03
-4.829056626045706568e-03
-1.748812529334393961e-02
-2.124766959496366542e-02
-2.837089879936291470e-02
-3.908293148056247307e-02
-3.816801384021189375e-02
-5.459203966852380074e-02
-5.366233339232694827e-02
-4.662138705806511546e-02
-4.988169758259358016e-02
-4.864321128598552563e-02
-5.623759152315742360e-02
-5.779843434228191384e-02
-6.139413527351497007e-02
-6.710574953194038683e-02
-6.705632891327195644e-02
-7.169994104904975352e-02
-7.297394152007903589e-02
-7.293971162552616294e-02
-7.613480517349852095e-02
-7.443866455554876138e-02
-7.564843251373379318e-02
-7.764789409820907484e-02
-7.469637007493477865e-02
-8.011600054247863811e-02
-7.816542414724035603e-02
-7.266566784247574518e-02
-7.273110821848281782e-02
-6.536588987261511552e-02
-5.884001793495164528e-02
-5.647104829820800975e-02
-4.446158426813245218e-02
-3.944351632631139942e-02
-3.421176225655633840e-02
-2.365004210250314098e-02
-2.146883724499321425e-02
-1.765184156025194351e-02
-1.411047995194304044e-02
-1.207258037265777385e-02
-7.948639586429209411e-03
-7.399071133938732621e-03
1.589284404437373835e-03
3.587174346872568260e-03
8.287244330658862955e-04
5.248850827237801914e-03
3.158402705179939006e-03
-5.153643668423303972e-03
-4.457593508097338654e-03
-1.260827617881219581e-02
-1.427514712602402473e-02
-9.806991604370511248e-03
-1.400439071620813124e-02
-1.223328502237481206e-02
-1.584627342152040291e-02
-1.669707536605549367e-02
-2.166028534449509699e-02
-2.587733761839044327e-02
-2.594051382164285977e-02
-3.094453688774990302e-02
-2.400037876755053284e-02
-2.650420522433044948e-02
-4.034216748431319194e-02
-3.878764635826109641e-02
-5.362873864999674611e-02
-5.281030313205176824e-02
-4.843205514379168158e-02
-5.154073483188879173e-02
-3.641132160173202181e-02
-3.295196354080397877e-02
-2.566616934330315930e-02
-1.274185499561492768e-02
-3.919649940535881692e-03
1.086352605197286230e-03
1.065591723146797065e-02
1.130477715342884104e-02
9.153379981616761515e-03
1.271496959179581505e-02
6.733313340711866157e-03
4.349118188307916043e-03
3.029828574756632947e-03
-1.426687728998590754e-02
-2.286300433430235590e-02
-2.337121470968182152e-02
-4.315472901026840696e-02
-3.129861473963255203e-02
-2.515537436528226742e-02
-2.451575028858915539e-02
1.579843309845312821e-02
2.675378708133885342e-02
5.122656664337459087e-02
7.527775143401280178e-02
9.116360458069978911e-02
9.869698010410415945e-02
1.205169034778239695e-01
1.218937264501117751e-01
1.268514808134794114e-01
1.282011631262922891e-01
1.261490652571730930e-01
1.283335191121954821e-01
1.260329945809182395e-01
1.253358419636314003e-01
1.253120956733450864e-01
1.227136242538652833e-01
1.228383081203775345e-01
1.212345314073583202e-01
1.196028734746086702e-01
1.196738370362584319e-01
1.170112920423840713e-01
1.166580838779232021e-01
1.153072225126922090e-01
1.118286233331740598e-01
1.114740682856597415e-01
1.032886115914177644e-01
1.000843228589292783e-01
9.551526493830680975e-02
8.475044188282271351e-02
8.213865088099388256e-02
7.087689936255242573e-02
5.969692334225840807e-02
5.555401550518307419e-02
3.663048912328470408e-02
3.024000457546284840e-02
2.379328185087625086e-02
8.944920808896316550e-03
1.098911418629101161e-02
2.764827457672665040e-03
-1.362989454354665434e-04
5.068902434893931760e-03
-1.787463066618200959e-03
3.446394487734505754e-03
1.796854950073532072e-03
-5.378607470380454732e-03
-6.988477159011773250e-03
-6.887435210896524114e-03
-9.676786052154901646e-03
-3.433599244792584926e-03
4.462464838536662169e-03
3.762907861431945104e-03
2.204622631137200667e-02
2.297482619362689951e-02
2.718313954985311642e-02
3.573181535060090258e-02
3.583725235156771938e-02
3.509967234779866330e-02
4.282729362493409991e-02
3.510845760447794256e-02
2.987125008841706383e-02
3.332609271298216796e-02
1.053418151374800778e-02
9.499441895263180391e-03
2.089472283080778467e-02
1.382826271377700887e-02
1.628864259010483900e-02
1.989734003132721807e-02
1.562332309783904388e-02
1.704708369563139383e-02
1.698876556815647268e-02
1.148453487969392992e-02
1.211621602676519679e-02
1.020366859952169351e-02
8.062270958862983658e-03
8.316521624762967385e-03
6.600021590528486540e-03
5.353494030301620028e-03
5.798475404406976640e-03
2.781526693761025935e-03
2.269892858820574903e-03
1.918635233583728663e-03
-4.139646696001606473e-03
-3.638019625241825910e-03
-4.829827585648526281e-03
-9.511562232501144249e-05
1.005923312185465126e-03
8.750135768903455694e-03
1.402724100959694409e-02
1.884497509276191959e-02
3.260220644240345578e-02
3.828124507041142516e-02
5.097481739937811257e-02
6.175194761682567535e-02
6.433880635581125385e-02
6.968706180201836298e-02
7.172392074378353133e-02
6.987002109129790417e-02
7.165574942037367112e-02
6.955568270110429330e-02
6.447595865624411449e-02
6.010224270486226594e-02
4.816165528148955155e-02
3.064858947944779435e-02
1.845383557230785912e-02
-1.099062390055788384e-04
-9.150683740550256268e-03
-1.823163537107598889e-02
-2.427550473807503148e-02
-2.741779075755602577e-02
-2.939262593642888097e-02
-2.562395483888196476e-02
-2.558628921330641584e-02
-2.571113321329396642e-02
-2.488566461107548713e-02
-2.903800603835293703e-02
-3.082771348613020171e-02
-3.504495173180962458e-02
-3.957007940928229661e-02
-4.516765515177421225e-02
-4.876924175646386861e-02
-5.352316631603088598e-02
-5.749807583582115106e-02
-6.129412092945887847e-02
-6.675892297355477678e-02
-6.912933075697036411e-02
-7.436026920409781471e-02
-7.829540820697394876e-02
-7.859966143347911494e-02
-8.462403765510419229e-02
-8.407019258783220150e-02
-8.552419935506731796e-02
-8.939331990581265985e-02
-8.400634898029929465e-02
-8.714468479320483518e-02
-8.304752473202108021e-02
-7.327112631852089608e-02
-7.001055752474721894e-02
-5.430651225801820525e-02
-4.426876091003593972e-02
-3.681715784625598509e-02
-2.075977174480020740e-02
-1.463266328816982022e-02
-9.803270128579457190e-03
3.276173451129687787e-05
9.885132873817346205e-04
5.581854301777982620e-03
1.201166451060852076e-02
1.268400840773306268e-02
1.538362887798616456e-02
1.623135191140544914e-02
1.750213290727619872e-02
1.432704554977564174e-02
1.480056618578312437e-02
1.316349368051757118e-02
6.001563311864200820e-03
7.237360286393068089e-03
4.210891692061540480e-03
4.355367163976867420e-03
1.165524977511887654e-02
1.107230056525530804e-02
1.556613894475470175e-02
1.355554912964486436e-02
1.269589353353755418e-02
9.025571628094688700e-03
-3.298122397699693609e-03
-7.501509988501577422e-03
-1.233976737543536484e-02
-1.775227191876436322e-02
-1.652253433638962987e-02
-1.886314526181742321e-02
-1.759203100351328097e-02
-1.571804873561002958e-02
-1.744281146860525086e-02
-1.436661391929872425e-02
-1.449114561417267667e-02
-1.223125282673828175e-02
-9.401118219049601349e-03
-4.755027498549605457e-03
-4.878740572424840501e-03
-4.461463917395702521e-03
-5.087992805217383604e-03
-5.530155504107725321e-03
-5.501928914698633356e-03
-5.652116648160651451e-03
-4.706441590291067338e-03
-2.665145072525343210e-03
2.560399917432374956e-03
6.607578122334794440e-03
1.522601128770301529e-02
2.276381465443567606e-02
2.816813209229333120e-02
4.392799018273209344e-02
4.586414000683729925e-02
5.277207721424161113e-02
5.756726370162065787e-02
5.227137002880082733e-02
5.659455271949295069e-02
5.387204049733807648e-02
4.949871104969813529e-02
5.266287810250398771e-02
4.412472646599165105e-02
4.286873731071796229e-02
3.967798023749948694e-02
2.510299137292022059e-02
2.368863155657778552e-02
1.027623268086470115e-02
1.355845466156411323e-04
-5.973555124551944463e-03
-9.438004357624407356e-03
-1.004706216497355635e-02
-1.911972501412473237e-03
-2.105261353563165922e-03
4.603483157268607219e-03
8.041429640255070427e-03
1.509736099790415578e-02
2.200513571655867209e-02
2.983213489781185931e-02
4.345106250518489255e-02
4.433101622062429747e-02
5.410705074041636392e-02
5.441541871720033396e-02
5.415465812383666450e-02
5.666089162845271837e-02
5.253591545075591424e-02
5.123511295469102694e-02
4.530393207778159181e-02
3.984782508400021989e-02
2.836211830016511365e-02
2.160523182288754188e-02
1.645767280775099761e-02
6.531017578231473192e-03
5.718878688696449851e-03
-3.193865648379794458e-03
-8.008063507999233985e-03
-1.420373727640076439e-02
-2.340394237516881318e-02
-2.421472929522553580e-02
-2.826401566843986593e-02
-3.160656077686543886e-02
-1.577344228333542667e-02
-1.915390995555785875e-02
-2.151023893037755375e-02
-1.563815483154657252e-02
-1.999057621387077474e-02
-1.820621782201787761e-02
-1.478153754977796185e-02
-1.509312104523059805e-02
-1.189868415402936704e-02
-1.340539569599303107e-02
-1.352407483625238556e-02
-1.407047675768205615e-02
-1.788679004441165801e-02
-1.742391863774253938e-02
-1.881152859612082728e-02
-2.773948740897017040e-02
-2.415698137372531210e-02
-2.981847056694527515e-02
-2.924499672563281305e-02
-2.530602871292524092e-02
-3.548701603375518931e-02
-4.164367524250805336e-02
-4.609041430665812566e-02
-5.077266549103633814e-02
-4.713645048366622847e-02
-4.234919950686805157e-02
-3.722010471099087420e-02
-3.017084467992717928e-02
-2.208849959071677166e-02
-1.258541463018083596e-02
-7.374067298403399855e-03
2.597040857924514095e-03
7.089432338150431813e-03
3.242029248912368586e-03
-2.294059093456307132e-03
-1.083517744574819322e-02
-1.345357767695728145e-02
-1.582254914534551166e-02
-1.605255991884593780e-02
-1.212079490235611588e-02
-1.082413786481944799e-02
-9.455765739087490518e-03
-1.598814168307567674e-02
-2.027511247711504330e-02
-2.983015468396619380e-02
-3.111783111720681921e-02
-3.169338065066210075e-02
-3.292535794392725118e-02
-2.871544829550535735e-02
-2.838947782444104645e-02
-2.509728180453462201e-02
-2.235222424229951071e-02
-1.928403416222515543e-02
-1.590226950068622871e-02
-1.276604566161702349e-02
-7.556829460358470245e-03
-6.117512943280811397e-03
-5.636159977446256924e-04
9.554552693835562799e-04
1.281581717967596786e-03
4.959354751292603669e-03
2.668687780230586618e-03
4.110949377586312070e-03
3.896577496196999748e-03
4.617905003380790008e-05
5.515555152432480377e-04
-3.684895366611826931e-03
-5.525463912073872580e-03
-6.791209363438953719e-03
-1.035498268433002189e-02
-1.027729648893623178e-02
-1.261948850780294368e-02
-1.303740080068428557e-02
-1.252314964652199644e-02
-1.177391465655061413e-02
-7.000783825642706119e-03
-5.375174132314622724e-03
-2.041150498428475832e-03
1.260981171945661262e-03
2.902886906679482282e-03
6.726236484358248842e-03
7.618793126666370541e-03
1.022192234008163780e-02
1.173676836841046692e-02
1.118757717011416644e-02
1.291652968109276156e-02
1.071484142427971652e-02
1.109326392646652580e-02
1.107163086737319307e-02
9.022347742483555547e-03
1.078400029162701092e-02
9.230355464625215889e-03
8.971918324920908488e-03
1.091335336675309901e-02
7.997127954501628486e-03
1.011743665134772797e-02
9.413084050306733119e-03
3.414728538487075363e-03
4.590534233309707772e-03
2.127216260295516827e-03
-1.630565899444322460e-03
2.629508662387238394e-03
3.502742736439657507e-04
-5.582927357425969579e-03
-4.301969544542241265e-03
-8.177058772358403865e-03
-9.518851254018679403e-03
-4.692598807513446817e-03
-3.406751249226844420e-03
1.571732100667702636e-03
1.038906993159641190e-02
1.265508074529218471e-02
1.601230509257265539e-02
1.979724499774816043e-02
2.255220859938649250e-02
2.393252025751938308e-02
2.515738602391830517e-02
2.491028880426844269e-02
2.407418098871335482e-02
2.424583688874277013e-02
2.245933195556161152e-02
2.230187747191593808e-02
2.010813106513035034e-02
1.760332383123191721e-02
1.755566216226621054e-02
1.061388719889524296e-02
1.055946613150551133e-02
8.693260302334223158e-03
6.600815328440859039e-03
6.258423098333386510e-03
4.887723477928347139e-03
4.457610977851205261e-03
3.262711566648341267e-03
2.980014419023674713e-03
2.600412293596453001e-03
2.548187123521603471e-03
3.057229706306991042e-03
2.902915242205921387e-03
3.123751619780637968e-03
3.319236612142532124e-03
3.187520846271302277e-03
3.337798574061253288e-03
3.365396027578320803e-03
3.000967670963814241e-03
3.043177335879138946e-03
2.798567795795690264e-03
2.695633888783528342e-03
2.648793986253883230e-03
2.540921066483999968e-03
2.514750729246251985e-03
2.477472806495039682e-03
2.445828240213120380e-03
2.435586527435420427e-03
2.419783751835120206e-03
2.411678807494466257e-03
2.406981854743805559e-03
2.402024610200488661e-03
2.399809591006260134e-03
2.398422861498323080e-03
2.397543312638355986e-03
2.397032891037766903e-03
2.398957698795668638e-03
2.399033106015871931e-03
2.401152966874921420e-03
2.409219018907665134e-03
2.405929890003804823e-03
2.422886968394801811e-03
2.437705223910872996e-03
2.425615709387649206e-03
2.507335218641825857e-03
2.490113789099703510e-03
2.513483162307943511e-03
2.771110453247860924e-03
2.540072292594068321e-03
2.935941674868364389e-03
3.325412042051385623e-03
2.598623875341009738e-03
4.454131709804301335e-03
4.723610158778101392e-03
