1.101479872187166933e-03
1.428175806027048118e-03
4.255691885069533102e-03
3.938239927432283377e-03
5.848242022683535629e-03
6.751670908493908989e-03
6.613573796336604492e-03
7.583298324736276533e-03
7.567064736880894926e-03
7.666775599974320898e-03
7.930613811325456022e-03
7.866354802660718154e-03
7.953561587357863352e-03
7.994875741452928813e-03
7.984104691194385262e-03
8.018468874703430296e-03
8.020540610637214018e-03
8.024570936748102665e-03
8.033431061434160442e-03
8.032516806546744284e-03
8.036552627717583400e-03
8.035980458878395211e-03
8.036230914875749920e-03
8.039146532488973540e-03
8.029044142818237209e-03
8.038366256045871919e-03
8.030470883118208392e-03
8.004558126724991771e-03
8.048086354980448984e-03
7.966914694966556812e-03
7.957018543395295504e-03
8.034460267861394736e-03
7.702356687615471119e-03
7.901806411757708593e-03
7.728330251006710477e-03
7.013538620858741739e-03
7.485562789919984750e-03
6.965391555988412024e-03
8.252049001788653443e-03
8.575101880299093940e-03
8.684453627128106354e-03
1.373437797643938321e-02
1.326462146332712567e-02
1.769701316752386733e-02
2.080827738578772124e-02
1.875120435811940961e-02
2.757070979681024853e-02
2.336281815437017684e-02
2.212815965872926699e-02
2.547578444165906827e-02
1.161871609265910203e-02
1.352690486978334709e-02
7.833244504442289646e-03
-3.352982826873779527e-03
-4.830780615207622489e-03
-1.748616059832477226e-02
-2.124676362441707544e-02
-2.837028853495032407e-02
-3.908276704408506635e-02
-3.817054861756209033e-02
-5.461795173922658758e-02
-5.367612998808801716e-02
-4.661585365171533324e-02
-4.987708149037472366e-02
-4.863941840486365326e-02
-5.628330981237965325e-02
-5.784233354207077987e-02
-6.146268780852067598e-02
-6.719654923476858777e-02
-6.714586124960948699e-02
-7.180526965241314230e-02
-7.307792722093962856e-02
-7.304489887993916020e-02
-7.623063768870942669e-02
-7.453406128066471237e-02
-7.572777593323805345e-02
-7.771136788869745238e-02
-7.475616447324302805e-02
-8.014346340950891101e-02
-7.819337119160016392e-02
-7.266825291408812726e-02
-7.271923454940368292e-02
-6.535126346244429785e-02
-5.880137190932852725e-02
-5.643794712031519056e-02
-4.441555691531030858e-02
-3.939031561796549341e-02
-3.416950395531494211e-02
-2.360468150332826337e-02
-2.142903888993403366e-02
-1.764022458796495746e-02
-1.410354591141201042e-02
-1.207036357876622827e-02
-7.956120834919814394e-03
-7.404554441654952017e-03
1.606242514921770934e-03
3.607752033755985081e-03
8.431736951810404586e-04
5.273965246839324404e-03
3.178769251979152079e-03
-5.156510188932920090e-03
-4.463457298133084727e-03
-1.262870883367966761e-02
-1.429745381293312002e-02
-9.807422365524455857e-03
-1.400402863632286589e-02
-1.222714313667129689e-02
-1.584527729287743200e-02
-1.669664700415686778e-02
-2.167317798939348908e-02
-2.588693282961105485e-02
-2.595443467662561510e-02
-3.094214371846595868e-02
-2.397267508909178835e-02
-2.646926019568527841e-02
-4.033002113825973761e-02
-3.878576729368167497e-02
-5.365258093639712483e-02
-5.283907480868207940e-02
-4.845720521816011817e-02
-5.156717500465302778e-02
-3.641539276296455740e-02
-3.294818527997175894e-02
-2.565976323185679628e-02
-1.272493978925681550e-02
-3.897370176641253535e-03
1.110048066994488714e-03
1.069821748992274418e-02
1.134488727429966946e-02
9.188223757533911171e-03
1.275976560097674510e-02
6.764347045557872126e-03
4.383813545151390469e-03
3.054104495565570111e-03
-1.427371704239640930e-02
-2.289558116477203448e-02
-2.341676236150225590e-02
-4.322581556773045369e-02
-3.136282173485817337e-02
-2.521815632377089056e-02
-2.458627047825258025e-02
1.577555785913546324e-02
2.673627609493907722e-02
5.120173973341059226e-02
7.525996708470866770e-02
9.115850886157791932e-02
9.868066868411845549e-02
1.205212806642385892e-01
1.218889831486262842e-01
1.268418660749629501e-01
1.281872163392402120e-01
1.261265134249080488e-01
1.283049292071931913e-01
1.259974468552105820e-01
1.252936640683888769e-01
1.252654197967860983e-01
1.226639232024073767e-01
1.227857470782868499e-01
1.211825326072238918e-01
1.195517111648706637e-01
1.196234210995940628e-01
1.169654365102491267e-01
1.166142741577356617e-01
1.152673191258582475e-01
1.117946292090644667e-01
1.114453584293038507e-01
1.032650811054210971e-01
1.000692902833445058e-01
9.550371381416036809e-02
8.473900959530802912e-02
8.213469362679283459e-02
7.086584324297630355e-02
5.967721955840349368e-02
5.553893707613782871e-02
3.658982641931226437e-02
3.019926583889401620e-02
2.375350434634667524e-02
8.890757004669676972e-03
1.095121347007592047e-02
2.729357040358168594e-03
-1.636254662888652733e-04
5.063864244882179157e-03
-1.789616757860460318e-03
3.460440643100394075e-03
1.805923754347092897e-03
-5.386154860059240608e-03
-7.009302428871693608e-03
-6.914188352441091867e-03
-9.707957784234203316e-03
-3.459953573305246579e-03
4.447027413029038152e-03
3.746732856698435730e-03
2.205196179383228650e-02
2.297421337646173012e-02
2.718237480817872406e-02
3.572948807709452196e-02
3.583315862879071778e-02
3.509947344119315055e-02
4.283648414038026403e-02
3.511060695444350593e-02
2.988170366222462140e-02
3.333306451615479504e-02
1.049028727756721319e-02
9.453803958903410007e-03
2.089619874349044407e-02
1.382841749210300501e-02
1.628957697559442475e-02
1.991302146272042051e-02
1.563604422910000805e-02
1.705919375313793770e-02
1.700328073635775164e-02
1.148912644197713426e-02
1.212038770097941150e-02
1.020648729088833619e-02
8.063647290274844268e-03
8.318601994422353610e-03
6.602640658730746064e-03
5.356981474437922351e-03
5.804826743521146470e-03
2.783760639423302641e-03
2.271343416940659835e-03
1.919899516471640063e-03
-4.162062331168918904e-03
-3.666042337592267941e-03
-4.869515211100195959e-03
-1.337043333843067664e-04
9.653617355163186158e-04
8.717930359365638412e-03
1.400421281162908191e-02
1.882293603104417262e-02
3.260331979052331214e-02
3.828470711466765153e-02
5.098859701720438037e-02
6.177134015033716730e-02
6.434892304413042385e-02
6.969010552937122960e-02
7.172687151168112563e-02
6.986702589633482507e-02
7.165464891801538727e-02
6.956322977187909262e-02
6.448351359448099840e-02
6.012484092537963287e-02
4.818099068718641187e-02
3.065374780988155273e-02
1.845256439570150397e-02
-1.380914474622538983e-04
-9.183558263032612703e-03
-1.827048656350960601e-02
-2.431314049822783790e-02
-2.745062512638884317e-02
-2.941075490987183141e-02
-2.562207544622746580e-02
-2.557385376724870263e-02
-2.568676764974532276e-02
-2.485337232085412656e-02
-2.900643833157315332e-02
-3.079239702711025414e-02
-3.500477320601794867e-02
-3.953038627460016968e-02
-4.512385149344393109e-02
-4.872449084479389680e-02
-5.347901257839086236e-02
-5.744872864202587442e-02
-6.124940768852926709e-02
-6.671467615749125668e-02
-6.908388622385072675e-02
-7.432660518078568201e-02
-7.826221331874562426e-02
-7.857059422007085792e-02
-8.460935982800350807e-02
-8.405509315192385977e-02
-8.552023520304850857e-02
-8.940280042006870653e-02
-8.401192614384722646e-02
-8.716325896863144629e-02
-8.306369101150212764e-02
-7.327475301698435639e-02
-7.001372761102968301e-02
-5.428483681382076376e-02
-4.422947022148786267e-02
-3.677456247217045920e-02
-2.069746510952805846e-02
-1.457300880070486540e-02
-9.768773567737858154e-03
6.611785498607853533e-05
1.002100834060080893e-03
5.582553420507771480e-03
1.202836299675248861e-02
1.269593189516781372e-02
1.540293358498565253e-02
1.625462649457551367e-02
1.752752450209632551e-02
1.434901641181337770e-02
1.482202938302909674e-02
1.317847930117880748e-02
5.991334998236765887e-03
7.226201282038391578e-03
4.191590791485532742e-03
4.336879587916154209e-03
1.166990013992549348e-02
1.109733080962673792e-02
1.560691872283897878e-02
1.359789060777351691e-02
1.273666142146413598e-02
9.056554537695358370e-03
-3.300398467553017964e-03
-7.518982661823437642e-03
-1.236133713206472549e-02
-1.777799330104970835e-02
-1.653717532419122019e-02
-1.887123841791289725e-02
-1.758519857633013272e-02
-1.570864880228497323e-02
-1.743580970215135792e-02
-1.435958677991943516e-02
-1.448998377762181732e-02
-1.222962031738985579e-02
-9.395757015419512262e-03
-4.738748304006593429e-03
-4.866260729792900447e-03
-4.451010475632690387e-03
-5.084038676629515363e-03
-5.532456227868898062e-03
-5.509116898162923909e-03
-5.668609036194975637e-03
-4.726824311063589079e-03
-2.687539247043379750e-03
2.535857817020020517e-03
6.584213696631856585e-03
1.521078963549227399e-02
2.275353262943421995e-02
2.816029450184000249e-02
4.394750603580855480e-02
4.587977442596020972e-02
5.278816628940526806e-02
5.758463396868595402e-02
5.226974141755524883e-02
5.659251146981339464e-02
5.386294487896317595e-02
4.948470483415227938e-02
5.265756047976417886e-02
4.411587852674156429e-02
4.286913543733701648e-02
3.968702609317032587e-02
2.509858554889659449e-02
2.369056413709861100e-02
1.026757410178713581e-02
1.043165486260474192e-04
-6.019869390036252169e-03
-9.476427461443238595e-03
-1.010099671684952169e-02
-1.938448721611936388e-03
-2.137743784623865554e-03
4.568696774721783815e-03
8.014982478247377820e-03
1.507717979611193984e-02
2.198001656798258263e-02
2.983062950422815662e-02
4.346735038937751122e-02
4.433914418855343376e-02
5.414435230396306281e-02
5.444422410816521229e-02
5.418160814340373249e-02
5.669851661899923817e-02
5.255915736201770966e-02
5.125652326041335582e-02
4.531733174331154662e-02
3.985192777632599187e-02
2.834794725079108763e-02
2.158677756526602987e-02
1.644483494111668304e-02
6.510813269624089392e-03
5.714457503198174144e-03
-3.193536204564499745e-03
-8.004102392996559692e-03
-1.420896301207165251e-02
-2.341151989108833029e-02
-2.422636164058879563e-02
-2.828267051429665321e-02
-3.161762377734636531e-02
-1.575008594974465145e-02
-1.912990720588930368e-02
-2.150578482363752972e-02
-1.563258448765685385e-02
-1.998866302821435126e-02
-1.820932873830171522e-02
-1.477679780455975686e-02
-1.508344739285687186e-02
-1.188672467570894321e-02
-1.340335438415537518e-02
-1.351992016463791912e-02
-1.407246093123324521e-02
-1.789114331641304331e-02
-1.742415905738646520e-02
-1.881469214485847335e-02
-2.774945724570835465e-02
-2.415994330128646422e-02
-2.982057810590594757e-02
-2.922786212390789465e-02
-2.527444530923052268e-02
-3.546925510602122467e-02
-4.164952517277874244e-02
-4.610424215970768125e-02
-5.079829603867142690e-02
-4.716471936522104169e-02
-4.236575865289819026e-02
-3.722790781106801589e-02
-3.018100173767688729e-02
-2.208383926601097114e-02
-1.257235746126822949e-02
-7.354629906873629691e-03
2.636665343699681838e-03
7.141443187378857145e-03
3.276391009329774825e-03
-2.281729117995184939e-03
-1.085068734639314282e-02
-1.348049865559987522e-02
-1.584522415093296902e-02
-1.606909464859830258e-02
-1.211149063663134740e-02
-1.079773511369148432e-02
-9.410150632981454516e-03
-1.595604072639216289e-02
-2.025088275939075991e-02
-2.983580295106641120e-02
-3.112444308623406666e-02
-3.171181364501455408e-02
-3.294659544680807878e-02
-2.872873724821548708e-02
-2.840557934987180191e-02
-2.510720270053997186e-02
-2.235985258833810344e-02
-1.928992449468413389e-02
-1.590694027173449390e-02
-1.276690086255095370e-02
-7.551315136844115317e-03
-6.113057989272622887e-03
-5.479395376756202810e-04
9.711600225922206210e-04
1.297225655516374412e-03
4.982838635575355217e-03
2.684033717106775168e-03
4.128017116261094820e-03
3.912485943946333693e-03
5.249754715456507329e-05
5.592775636158414491e-04
-3.683666779374876205e-03
-5.528771179925648198e-03
-6.795198852449289666e-03
-1.036598396333208126e-02
-1.029208991274713041e-02
-1.264111190192970455e-02
-1.306219041548039445e-02
-1.254880388736331724e-02
-1.179940328359760718e-02
-7.017266784157118013e-03
-5.389361231260868593e-03
-2.046473950433016185e-03
1.263207413324818730e-03
2.908920809980736297e-03
6.741286406731247620e-03
7.633940010600337098e-03
1.024178275605929292e-02
1.175618346670221151e-02
1.120388373705493747e-02
1.293377215118258865e-02
1.072365719720797320e-02
1.110242795929912950e-02
1.107630356976831154e-02
9.022615112488368769e-03
1.078871881580085665e-02
9.230123072479987090e-03
8.975391633712671846e-03
1.092136996071855354e-02
7.999885718809485874e-03
1.012734690373508738e-02
9.420746717820623062e-03
3.410802789340697944e-03
4.589886761022632551e-03
2.122684865627417518e-03
-1.639868225963600750e-03
2.636985246581065138e-03
3.560078204377122696e-04
-5.603422176860505671e-03
-4.318453121857692215e-03
-8.204732591980623546e-03
-9.556027443539854074e-03
-4.714149706154182815e-03
-3.425706988089537858e-03
1.560024041068376914e-03
1.039600264407720617e-02
1.266108372180349204e-02
1.601303761620734636e-02
1.980036203601270861e-02
2.255906978933478260e-02
2.393684454153573865e-02
2.517120756148094260e-02
2.492176555402124752e-02
2.408355038007647594e-02
2.425689311917890445e-02
2.247017758482747207e-02
2.231307160852651766e-02
2.011862219450205255e-02
1.761372816294299454e-02
1.756694502956373735e-02
1.061476860296799857e-02
1.056140786285284308e-02
8.694214153530027689e-03
6.600616614519568166e-03
6.258195968951910278e-03
4.887369214397822327e-03
4.457508284399802102e-03
3.259998159497077500e-03
2.977692805214578707e-03
2.597584069573736099e-03
2.546218863673511447e-03
3.057264306529100355e-03
2.903063787825859235e-03
3.124794038204075069e-03
3.320880152825852246e-03
3.189025595372158971e-03
3.339630215846197802e-03
3.367389740252522187e-03
3.001910608243826828e-03
3.044117811733700919e-03
2.798928410020895714e-03
2.695783367190947560e-03
2.648841509580437178e-03
2.540892206928359320e-03
2.514720280582799419e-03
2.477454375616744333e-03
2.445833695656562858e-03
2.435605621318375630e-03
2.419823061576772093e-03
2.411730112093143745e-03
2.407040887580635773e-03
2.402091565280992883e-03
2.399880286895156572e-03
2.398495903533299882e-03
2.397617820247774974e-03
2.397108286112855854e-03
2.399029806047105369e-03
2.399104961167841926e-03
2.401221500430424788e-03
2.409273495123357214e-03
2.405988842917667920e-03
2.422921716296466341e-03
2.437707524239530587e-03
2.425636873992130949e-03
2.507267506763698368e-03
2.489983091364957567e-03
2.513425821297812866e-03
2.770935549468928668e-03
2.539619257982056195e-03
2.936342837191481710e-03
3.325876489784111018e-03
2.598054674357815064e-03
4.458675537580569087e-03
4.728658451802311875e-03
