8.182493690207262539e-04
1.188040701923162622e-03
1.003799008768714064e-02
1.015345824507417685e-02
1.078631787548065338e-02
1.210703815891356512e-02
1.088245818979744969e-02
1.143724495814103792e-02
1.140423268278070029e-02
1.117682223063073965e-02
1.134107782650637698e-02
1.123544044091590553e-02
1.114789878762872249e-02
1.116465514926647667e-02
1.101693243586038089e-02
1.079013160043691515e-02
1.085510876567522508e-02
1.020004187181357096e-02
9.900464621353249547e-03
9.939130473158638152e-03
7.194245219638096926e-03
7.225356165737739991e-03
6.236039440084196160e-03
5.723510729432466047e-03
5.542804052913710873e-03
4.851858194671276187e-03
5.313711880505424257e-03
4.095171297752918556e-03
4.143011718215276577e-03
4.978200675046319523e-03
-7.857506568004928894e-04
-2.802325672351438455e-03
-6.398516695334504310e-03
-1.442287745579218239e-02
-1.447329133742687908e-02
-1.939808542317877221e-02
-1.897009898062589420e-02
-1.328369700339398184e-02
-1.257605588843515101e-02
-1.075500233795406713e-02
-2.390872179517854624e-03
-2.628974887318244122e-03
-8.205622763636627980e-04
1.311353196985716061e-03
1.027448664309658964e-03
2.185841471539368749e-03
2.237417828488653775e-03
1.648442180946932747e-03
-7.330967712315457786e-04
-3.343311939999578462e-03
-3.930321450223444972e-03
-1.423080185117046176e-02
-1.586003296584320363e-02
-1.056860049953930666e-02
-1.072853780528482993e-02
-9.518871953888678045e-03
-5.661976859115622381e-03
-2.029400143778681016e-03
1.478963197136104555e-03
1.378081160283174504e-03
-1.314849465935809779e-02
-1.364311263843933503e-02
-9.326660665180728713e-03
-9.486142528355492529e-03
-7.422552710075845141e-03
-1.189942100948121993e-02
-1.506338281039586342e-02
-2.800715442100761357e-02
-4.615471436458516014e-02
-6.360736890642693098e-02
-6.796036660358238668e-02
-7.442531358849638345e-02
-7.723432633028989858e-02
-8.048648155405388471e-02
-8.527860507221449171e-02
-9.337873326943585406e-02
-1.007820296782283020e-01
-1.022341742232150269e-01
-1.085137711266963151e-01
-1.111047494587389245e-01
-1.081918639328503795e-01
-1.098671543352513075e-01
-1.007421610467260642e-01
-9.239243533720002677e-02
-8.629427898787679629e-02
-8.009323814266748609e-02
-6.536149085581743901e-02
-5.793648483473935740e-02
-4.116755954330942463e-02
-2.453180735113091177e-02
-1.908503341790543373e-02
5.530256485874595652e-03
7.294083005282698574e-03
4.131952196880145367e-03
1.484351682707218262e-02
1.078886643943049485e-02
7.859310976090109341e-03
7.123646520345954664e-03
-1.174601948193397874e-02
-1.455230816561077847e-02
-1.147811532783764125e-02
-1.634846705235429992e-02
-1.663572059876878423e-02
-1.833791932347526507e-02
-2.798529347073059476e-02
-2.922329234547978161e-02
-3.473266879334696577e-02
-4.602423422712112466e-02
-4.907769037841330090e-02
-5.638729936660667741e-02
-5.912245194465277909e-02
-6.643686633376612305e-02
-6.693532029758121615e-02
-7.207201878804642137e-02
-7.361288202263525926e-02
-7.217298026743500239e-02
-7.731421328922012670e-02
-7.889904157502783399e-02
-8.375767701791454745e-02
-8.407069363646704763e-02
-7.744589564552947780e-02
-7.920689498976293819e-02
-7.913613187944906757e-02
-7.927737881850392687e-02
-8.412521723791165085e-02
-8.331550987649745388e-02
-9.365712788247633480e-02
-9.739280660672308687e-02
-1.022470880722280151e-01
-7.986681887168342597e-02
-5.032174220373914625e-02
-2.274658834810697541e-02
-2.402379897115794818e-02
-8.413919946334641464e-03
-1.075486408785244000e-02
-1.222197929466086949e-02
-7.498904622317465601e-03
-1.003688901444891625e-02
-8.057600944556335756e-03
-6.861400631255770016e-03
-7.827831641157604811e-03
-4.091509327729044541e-03
-5.210287469365327932e-03
-4.372988691749068145e-03
-3.445971713263230960e-03
-1.161402279799808070e-02
-1.126413462516802876e-02
-1.439291678746369360e-02
-3.284455748052795415e-02
-3.519465612615467476e-02
-4.452343983071793687e-02
-4.178625056554963191e-02
-4.258747428302445820e-02
-4.238192131304473892e-02
-3.803618109288978838e-02
-3.957780756832801616e-02
-3.454629311847131484e-02
-3.730340015523708752e-02
-3.753482835154901831e-02
-4.151756930469339968e-02
-4.504531812747703673e-02
-4.539400318123387040e-02
-3.574170147531117309e-02
-3.660821508810713915e-02
-4.779420156636879358e-02
-5.153936541280178252e-02
-6.117901902123466795e-02
-6.462266070546932029e-02
-6.487288389277287570e-02
-7.049104401058899072e-02
-6.466276804674739309e-02
-6.123090019067362055e-02
-5.928447778949186980e-02
-5.680819503283882077e-02
-4.976522760623339203e-02
-4.415313924611618396e-02
-3.972340868403483743e-02
-3.582414171473452535e-02
-3.738065658496334681e-02
-3.737320040867294496e-02
-3.858467301482669531e-02
-3.926624299418726705e-02
-3.915485958453471943e-02
-4.175474987655298370e-02
-4.053929333710120514e-02
-4.277724617558093662e-02
-4.636492787830173018e-02
-4.681361017709616268e-02
-5.475308610709001683e-02
-5.463097610668555398e-02
-5.506831202257828767e-02
-5.755490281399814473e-02
-4.708297282806232081e-02
-4.603304995744718353e-02
-4.641654790746254505e-02
-3.842419280174975277e-02
-3.495503499355565730e-02
-2.900490109656817320e-02
-1.612943973763773797e-02
-7.666863079787327243e-03
-1.027594649141684406e-02
-1.141946428211509934e-02
-8.002414181232809370e-03
-1.229029834073725770e-02
-1.418550163677971543e-02
-1.527772177434963755e-02
-2.141171804231722237e-02
-2.390704254765535497e-02
-2.883410220849120381e-02
-4.514893414288809886e-02
-5.126256435291162011e-02
-5.794517176879850073e-02
-5.533961758557653932e-02
-5.304413576217345550e-02
-5.372367616703091486e-02
-5.386285630900890242e-02
-5.451081576492305958e-02
-5.887340176803339958e-02
-6.186957647555461903e-02
-5.558482122685109994e-02
-5.615525062679637552e-02
-6.906608781879322589e-02
-7.013442830427754626e-02
-7.337812891491465872e-02
-7.795589422293766613e-02
-7.798429083358789093e-02
-7.302430901617497361e-02
-7.484542761719856219e-02
-7.408466687523743155e-02
-7.335797640566774080e-02
-8.030323863622114422e-02
-8.089595173985202059e-02
-8.732613277436848676e-02
-9.397500883878300015e-02
-9.584057632997472487e-02
-1.014481377298355608e-01
-1.030801879531501319e-01
-1.072112655028106265e-01
-1.030584061498223125e-01
-1.011883912596797663e-01
-9.912188219689264945e-02
-1.001940721510513332e-01
-1.022911150860847107e-01
-1.045128944379521002e-01
-1.054792055679094620e-01
-1.081785886687604420e-01
-1.089359232136126732e-01
-1.095376269167156746e-01
-1.121177169210864910e-01
-1.096817396795979616e-01
-1.103933144714271258e-01
-1.071798481615540977e-01
-9.287107868277770517e-02
-8.928066874578029222e-02
-7.265417298959719883e-02
-6.116439803134683662e-02
-4.618452377588373042e-02
-2.836090524207172947e-02
-2.025509456104630096e-02
-1.453395719100224583e-03
-3.910169552910948703e-04
-2.109010724954369677e-03
-8.800680029395974765e-04
-2.051104980811439219e-03
-2.408550252080673363e-03
-1.602419855023301531e-02
-1.992523592939211136e-02
-2.347787854799537888e-02
-3.093503668778710067e-02
-3.122148662639032124e-02
-3.574529512031138917e-02
-4.309450765067131262e-02
-3.851254860835531119e-02
-5.370260567327224399e-02
-5.362198853391818287e-02
-3.364801250171699926e-02
-3.694993791168695724e-02
-2.781107996718025846e-02
-2.420218917796539138e-02
-2.176139326123928755e-02
-1.995687872267127433e-02
-1.929206496431026818e-02
-1.587277215645416240e-02
-1.344348309666802861e-02
-1.378595312557201469e-02
-2.533289983794228054e-02
-3.810170991855765105e-02
-4.124765172814778141e-02
-5.899821705462735683e-02
-6.717486618401238840e-02
-7.547269541939127802e-02
-8.127769127313404229e-02
-8.069837246169732359e-02
-7.827735197697771596e-02
-7.701285202680681341e-02
-7.246075062753515317e-02
-6.225518523049034664e-02
-5.477620522390212049e-02
-5.424025267942374912e-02
-2.323608987346574908e-02
-2.297680520816428734e-02
-3.528487456335476641e-02
-2.528655848446197812e-02
-4.798136405853387770e-02
-6.534812968370937170e-02
-8.408656840962380752e-02
-1.140622773269250878e-01
-1.211144689256170026e-01
-1.382562127322722323e-01
-1.447947330088486806e-01
-1.430440221609518281e-01
-1.448805561056842606e-01
-1.423972907496138807e-01
-1.408775973710131024e-01
-1.410589406021877656e-01
-1.379147799348821590e-01
-1.385604598781041419e-01
-1.369113560796991758e-01
-1.350476847381122392e-01
-1.364269879782873396e-01
-1.323353033124237688e-01
-1.330441450812026305e-01
-1.313741525021413226e-01
-1.242309132440900798e-01
-1.233564094128073579e-01
-1.184955272332510606e-01
-1.136785128382742094e-01
-1.141962358111638653e-01
-1.061710562174778688e-01
-1.058865721919231700e-01
-1.036661026386927753e-01
-9.479401570418793943e-02
-9.765892089266410558e-02
-8.852639928024595706e-02
-8.500861981946630785e-02
-1.100134008186295226e-01
-1.046730008213069968e-01
-1.163276393185421892e-01
-1.288305980039202991e-01
-1.152090371853864148e-01
-1.297042330554672995e-01
-9.069580250419173595e-02
-7.111896535144379694e-02
-5.860498340854233823e-02
-3.984632939222091524e-02
-3.798017163049606515e-02
-3.010598691620361769e-02
-2.687753098555674749e-02
-2.893638825620658064e-02
-2.993503259057443341e-02
-2.813090920040245760e-02
-2.555137347723530905e-02
-2.863510453811576872e-02
-3.121501147536791601e-02
-3.454558335510893308e-02
-5.000976867197858694e-02
-5.704245138083122862e-02
-6.046691255599003639e-02
-6.360821058688860552e-02
-7.210299748263382380e-02
-7.189293486065932715e-02
-6.342450029190700722e-02
-5.787569871785754744e-02
-5.585487349205577046e-02
-5.136601627849108481e-02
-5.983824651050895921e-02
-7.275717961077550477e-02
-7.687704440972444042e-02
-8.368785507929718537e-02
-8.644653794049747542e-02
-8.377230047669098623e-02
-8.418915854561215273e-02
-8.248113091363286353e-02
-8.024616192034371431e-02
-8.021709805974397423e-02
-7.732699201920237297e-02
-7.682488935434747535e-02
-7.618562036638545920e-02
-7.503386365454840778e-02
-7.665660849287653233e-02
-7.587360608331358836e-02
-7.643973385130523046e-02
-7.708686491040471489e-02
-7.644064641270080507e-02
-7.733233805076318579e-02
-7.691782810631156431e-02
-7.683833310762980262e-02
-7.718155571449109020e-02
-7.631281556399820143e-02
-7.664837236207037996e-02
-7.601093617702886496e-02
-7.534324408393806849e-02
-7.548592718840169136e-02
-7.392592351822042940e-02
-7.388744914614064907e-02
-7.296447245707006479e-02
-7.125796651889351740e-02
-7.177495032806781305e-02
-6.948442046438189912e-02
-6.973739827468938834e-02
-6.971144632136375141e-02
-6.839236724285280289e-02
-7.040912920651455631e-02
-6.930715483591970427e-02
-6.819656706959616177e-02
-6.695455775885500449e-02
-5.272322094960294608e-02
-4.884816163030761271e-02
-4.161733525868348271e-02
-3.297492527642753579e-02
-2.080938712040850472e-02
-1.546867854856425264e-02
1.455077641271201655e-03
2.283261710945452654e-03
-8.799086994496087928e-04
3.356200553607600022e-03
1.088923276087088842e-03
1.508674127005610668e-03
2.236256723533647760e-03
9.968342735428730762e-04
1.928887737240224604e-03
1.216851392872466027e-03
4.075204938314713494e-04
1.876439443851758010e-03
-1.926179627856983287e-03
-7.722646153720097960e-04
-1.848519584703933565e-03
-1.622883965631720035e-02
-1.897272373292666417e-02
-2.390240062931784509e-02
-2.970221910614716590e-02
-3.141072848582920213e-02
-3.575650325817187475e-02
-3.988571555421134562e-02
-4.210991028694616861e-02
-4.940796474009589989e-02
-5.464282664557270491e-02
-6.020969176470618300e-02
-7.763241786307749359e-02
-7.878029531611184522e-02
-8.055768011494937597e-02
-8.354051089545627695e-02
-8.319276561489742650e-02
-8.418448928192723280e-02
-8.442863394485435047e-02
-8.423036855259548317e-02
-8.320118433909752531e-02
-8.304285315791148925e-02
-8.131277278340992565e-02
-7.801572644762153064e-02
-7.875537361357413946e-02
-7.080227680951317604e-02
-6.786989338415090611e-02
-6.686685451129793789e-02
-4.194143782409762850e-02
-3.995574232335118853e-02
-3.010229723393808773e-02
-2.042399454650970642e-02
-1.848842811958135296e-02
-1.008668304716126701e-02
-3.013278057602329901e-03
-8.668762964585070884e-04
1.319908387341120308e-02
1.364017655027318851e-02
1.344398771671007770e-02
1.705395854570729286e-02
1.611934035822755115e-02
1.720420721164427416e-02
1.749971465108673963e-02
1.718013797364156825e-02
1.807550421515363021e-02
1.632687539645463412e-02
1.753702782323207296e-02
1.676549446301591265e-02
1.070197355645719287e-02
9.594957557546300239e-03
9.246124455712829981e-03
9.962331950277300910e-03
1.023812335641127030e-02
1.013927990694400705e-02
1.039923143151849118e-02
1.040252716482113066e-02
1.043227461687452548e-02
1.049765728504906993e-02
1.049300614402926685e-02
1.051620640958852125e-02
1.052837324543084985e-02
1.053003510349341879e-02
1.053815275138327880e-02
1.054007217327194816e-02
1.054200286012232750e-02
1.054212581806922289e-02
1.054395458702415272e-02
1.054214572173241271e-02
1.053727594401635860e-02
1.054484566387944161e-02
1.052519756572434934e-02
1.052640115299241334e-02
1.053907894615848696e-02
1.045566142842117505e-02
1.053624791806564466e-02
1.046003121646136604e-02
1.026811410432236851e-02
1.066992651682418386e-02
9.924329127306927983e-03
1.005455649473897123e-02
1.055502457396577561e-02
