-2.597186662208144509e-02
-2.467867822787185583e-02
-2.587703317088242000e-02
-3.010411092070579275e-02
-2.516949736514122876e-02
-2.603550809345577324e-02
-2.665759213829239568e-02
-2.540222905180867033e-02
-2.604752682354751978e-02
-2.581667009948434080e-02
-2.565347647533817999e-02
-2.581588298652357297e-02
-2.568128798096633303e-02
-2.569816858639980758e-02
-2.570966532202305366e-02
-2.567240769556899602e-02
-2.568593398643614217e-02
-2.567626834329557114e-02
-2.566862990436373504e-02
-2.566781554627203810e-02
-2.565881306995645983e-02
-2.565186425084734975e-02
-2.563874345097344118e-02
-2.562587287547896109e-02
-2.560137360019626787e-02
-2.556603874336237439e-02
-2.553499803555568659e-02
-2.544748052556052367e-02
-2.537172893756370687e-02
-2.526159127434917523e-02
-2.498670734539910551e-02
-2.486165173354161831e-02
-2.437950002183520565e-02
-2.371162573728517742e-02
-2.349569454404542429e-02
-2.170792576146954658e-02
-2.208867178068803575e-02
-2.196032482314560011e-02
-2.289933438565682280e-02
-2.291102162358165870e-02
-2.308100255775063364e-02
-2.811186140891056007e-02
-2.798170683944423837e-02
-2.731212430885334927e-02
-2.588251927528659180e-02
-2.471429615615116163e-02
-2.075699545920038983e-02
-1.509392086326029857e-02
-2.797786817170988018e-03
-5.021695969016515965e-03
2.685470771456102343e-02
2.028374646450209831e-02
4.603914521346558208e-02
6.883085867358015864e-02
8.857691787664603855e-02
7.624815046893992920e-02
4.501301171657061395e-02
4.658034237193675597e-02
-9.182217137527495798e-03
9.108859212118049220e-03
-2.113751211278042108e-02
-1.452461488010264867e-01
-1.259901351049800278e-01
-1.586961949385489179e-01
-1.179072489111628180e-01
-3.832261108597535045e-03
7.517883719831623679e-02
6.912379808230158240e-02
1.034274845745531829e-01
8.912964302806390682e-02
1.009005143891215511e-01
1.095922896392634849e-01
1.038486871266399575e-01
1.199538941806853887e-01
1.176964987259862538e-01
1.274575109088189329e-01
1.362980147477166337e-01
1.354555262556292050e-01
1.365077609719764218e-01
1.349993835333018755e-01
1.076588173857136593e-01
1.007835108432418442e-01
8.064125690652086675e-02
5.979909621072882625e-02
4.391827973569278898e-02
1.081510397958711754e-02
2.843708444593374615e-03
-2.141238110863448452e-02
-2.602442786060678998e-02
-6.272005063019833911e-03
-1.235377962514515489e-02
-8.830136426058211863e-03
3.285945026373128519e-02
2.936865506923992328e-02
8.294514822215839911e-03
5.165399571143257894e-03
1.765451718936542069e-02
5.459926282217307178e-03
-1.751144531135841523e-02
5.804432162876238532e-03
8.748532746823984435e-04
-1.212603147079634701e-02
4.219279806988952136e-02
-4.292349444650573470e-02
-8.706643155991306005e-02
-1.539236915550606100e-01
-1.266925827905574786e-01
-3.151205699925204579e-02
-2.066861823598463866e-03
2.266548777494154648e-02
2.819228318077507747e-02
1.905001870855407148e-02
-4.250882899209198519e-03
-3.668740000938651435e-02
-5.620690574098111125e-02
-6.195194276684196782e-02
-8.589841361088831895e-02
-8.859772744026234159e-02
-1.020981246807929343e-01
-1.206891942738857054e-01
-1.247577976037210490e-01
-1.419329648067750860e-01
-1.438641125134668408e-01
-1.520664189114176446e-01
-1.588277387525214301e-01
-1.566467167741471267e-01
-1.717889527966293406e-01
-1.680106063004379313e-01
-1.705184735111559824e-01
-1.778731263803685347e-01
-1.937688322509849570e-01
-2.204672679469834862e-01
-2.542503786450592829e-01
-2.626025536166157748e-01
-2.827385804540334946e-01
-2.839439878564710695e-01
-2.767087989328320674e-01
-2.841478126413314875e-01
-2.662525041695736339e-01
-2.637247274995104251e-01
-2.530851324480316022e-01
-2.258126089528059710e-01
-2.143631057860268252e-01
-1.916522916218190153e-01
-1.725135531191064053e-01
-1.583972548582877615e-01
-1.385722704693250207e-01
-1.423667689059287533e-01
-1.322561569612340504e-01
-1.451711189364000010e-01
-1.594508109096607895e-01
-1.325019343481562140e-01
-1.131751199376718614e-01
-1.045703306064610927e-01
6.969720843861662400e-03
1.783338582792792781e-02
4.249831676530928942e-02
8.387514723927570748e-02
9.949651631928324580e-02
1.160826653672459158e-01
1.616045995094652910e-01
1.651531299738648595e-01
1.734297948136284961e-01
1.874620602701818350e-01
1.918587849680072621e-01
1.904081745447497864e-01
2.085041823703456809e-01
2.035704840786805858e-01
1.863118713665701809e-01
1.755511844112639386e-01
7.053524216947107406e-02
6.688067534022801297e-02
3.909310139602785450e-02
1.277964585087459090e-03
-5.018739653617372825e-04
-1.945345953311260895e-02
-4.423721620236810946e-03
3.099305831971968517e-02
3.723969562727013488e-02
6.604627514227454088e-02
9.377568793726613616e-02
9.688683189554189723e-02
1.437704740286463445e-01
1.232126060062571776e-01
1.553965475332580448e-01
1.582500764186359488e-01
5.846355995551625467e-02
4.388882171385451864e-02
-4.858600101195623133e-02
-1.020287434773994306e-01
-1.320057478063988154e-01
-2.426554574960279043e-01
-2.631658609970451423e-01
-3.197492231999303769e-01
-3.273898408883542666e-01
-3.642616791110954155e-01
-3.819473364492161904e-01
-3.986946109261279014e-01
-4.110093202961163650e-01
-4.155438319942051928e-01
-4.248605168760284378e-01
-4.288379463963725713e-01
-4.338136050785343367e-01
-4.389895882858886877e-01
-4.435291184519019048e-01
-4.476660965916818280e-01
-4.507065125468982525e-01
-4.533358696573283608e-01
-4.465438641389150587e-01
-4.359836001163418517e-01
-4.049401064566508501e-01
-3.720704360862959748e-01
-3.339341078387415562e-01
-2.800493596590969969e-01
-2.076444014021712192e-01
-1.271764905722069516e-01
-5.685110547022758504e-02
3.129432839711432379e-02
1.104196115704830644e-01
1.705697976032036767e-01
2.667450346528312255e-01
3.031103236390477185e-01
2.791374773786036712e-01
3.077290632446644802e-01
2.222445116375569296e-01
1.781433246765680711e-01
1.342655369020529510e-01
8.486271839034199849e-02
5.147668382585762759e-02
3.897465162082512646e-02
5.666083023932192569e-02
9.861499457503435095e-02
1.012079205399481624e-01
1.208376259821028892e-01
1.373938282390580190e-01
1.033335078894662140e-01
1.356736225320534506e-01
1.101891629697635266e-01
2.671722506800018604e-02
1.987809301453816527e-02
-9.544493009293857078e-02
-8.614388742705109125e-02
-1.198204222269802499e-01
-1.113514395658553591e-01
-6.194446384111846476e-02
-4.961676950216796500e-02
-5.528120241581847144e-02
-4.361672501432709709e-02
-5.849568419245811113e-02
-9.465926203105524961e-02
-1.690155972067163559e-01
-2.412356685930120148e-01
-2.442613217314414942e-01
-2.742906606635342470e-01
-2.645352069597814437e-01
-2.583405517579068222e-01
-2.542140803902877000e-01
-2.244855678050543257e-01
-1.996106558136073739e-01
-1.525222428323849411e-01
-9.564909435223402367e-02
-5.874388252299066193e-02
-3.116388344718075409e-02
-1.050999587873782323e-02
-3.377838710402560063e-02
4.107093494314486941e-03
-2.433244519963071936e-04
-8.775568231038199940e-02
-9.093215744625694763e-02
9.435571324039470839e-03
5.318444423384955516e-02
8.717837049303883701e-02
8.881662282852656465e-02
1.232833906677164026e-01
9.874064823391719148e-02
1.002826807529547670e-01
1.745566340144558137e-01
1.805849483218550378e-01
2.351143029923816741e-01
2.315554022687899838e-01
1.846788982896979403e-01
1.679087877838918719e-01
1.448904489717502964e-01
1.233069806606671842e-01
1.140390493818367879e-01
1.063252409833623374e-01
1.297121920389419092e-01
1.563340157529502783e-01
1.888879244974544513e-01
2.338841311927260802e-01
2.571183631964119587e-01
2.825841136766151784e-01
3.159723281837499287e-01
2.775337793810028209e-01
2.835980782794457200e-01
2.482569970255241454e-01
1.836083849882907959e-01
1.704427572796714252e-01
1.453049360294384196e-01
1.370857385789774063e-01
1.411739493302255621e-01
1.280633411525543552e-01
1.407901755365817131e-01
1.374029768575438515e-01
1.407198325904899239e-01
1.566196059372464144e-01
1.496720981727159283e-01
1.717944758414448325e-01
1.761503188320316104e-01
1.419344783993978787e-01
1.469913863088971595e-01
8.891786356963432558e-02
6.097016580161312982e-02
8.754045594547624209e-02
4.022875624905022929e-02
4.957838123160862587e-02
6.237444219817525615e-02
6.914403506381429365e-02
8.930494829188097283e-02
1.012025477319879047e-01
1.231430746275475330e-01
1.295711188921704615e-01
1.694074344393201315e-01
1.741779563449669110e-01
1.777246664544857024e-01
1.914080059775414844e-01
1.950462778129610775e-01
1.926909132202866970e-01
2.103824356203603252e-01
2.054344206885347635e-01
1.888568946419772188e-01
1.759117866600447000e-01
7.583888035420739693e-02
6.937073290063153208e-02
4.107038142034709349e-02
1.620571482654287188e-02
-3.237365610491354812e-03
-2.643082758632208859e-03
1.739035929784723405e-02
5.826141789166199361e-03
5.255235257889936951e-02
5.306251961120048155e-02
8.150952696080353277e-02
1.619764662386253828e-01
1.979860363713379090e-01
2.007855352084655376e-01
2.348516189556402733e-01
2.009460745454123842e-01
1.922190077126797181e-01
1.618765766593517619e-01
5.517667509757619854e-02
-6.614912843120095143e-02
-7.141592373005974104e-02
-7.110581316131396601e-02
-6.143739336602767852e-03
1.316517956100480245e-02
3.856146998367693257e-02
5.763754909302611085e-02
6.855857279252250414e-02
8.928299828549429717e-02
9.468873840963422384e-02
1.113989924235945228e-01
1.234834191471911174e-01
1.320049411301903175e-01
1.539892109940742826e-01
1.257901689269085299e-01
1.283053838354227261e-01
1.022990370417180828e-01
5.113784647359415070e-02
1.985331101589257741e-02
-2.852308698124533110e-02
-7.212570529898434946e-02
-9.271155599542739434e-02
-1.505236919350675107e-01
-1.649068082941879676e-01
-1.933266591706032933e-01
-2.197620017605494969e-01
-1.664616791504721638e-01
-1.678834300096384013e-01
-1.262774304609160791e-01
-9.574772563875898201e-02
-7.838843760714328535e-02
-4.374663000821000375e-02
-1.987172380829107035e-02
9.033520761417916309e-03
2.959683081718236797e-02
8.882591660863413396e-02
9.679570238176170294e-02
9.534978745203230577e-02
1.159359283836179227e-01
1.105968631298379218e-01
1.189871257467769450e-01
1.244511351109979375e-01
1.169234965461415920e-01
1.329284836070268594e-01
1.023183650115952054e-01
3.753306515094034790e-02
4.024219151513398762e-02
2.921189018125708108e-04
-2.021129491740317891e-02
-9.371816631082090926e-03
-1.897380622920950138e-02
2.258980572240682980e-02
8.000601281710555124e-02
7.807628009375168487e-02
1.146163759893493589e-01
9.628263450313478966e-02
-4.698043533009045591e-03
-1.186252313758766469e-01
-8.276711577445211576e-02
-3.507697810568215918e-02
4.028655566384713865e-02
3.676823586469009364e-02
5.595732209000477825e-02
5.558562774919117294e-02
4.616002990396294442e-02
5.074892138307483119e-02
2.238073439919728222e-02
-4.279714125659526622e-03
-4.190193567322077206e-02
-1.421101301804475192e-01
-2.146497794383264990e-01
-2.433522546861031643e-01
-3.084388844811449260e-01
-3.104900622901619056e-01
-3.274453232955852333e-01
-3.440056809641178770e-01
-3.326219203884859810e-01
-3.453057851595597860e-01
-3.328792702693195160e-01
-3.278016023455999073e-01
-3.380456517352294910e-01
-3.256890693424209782e-01
-3.341819320730901044e-01
-3.348298384725060250e-01
-3.266483170727806917e-01
-3.094424556331671905e-01
-2.770730529420413757e-01
-2.282009729473768733e-01
-2.051543013842742069e-01
-1.487089894338079199e-01
-1.267958766673841775e-01
-1.178488551194009082e-01
-8.130090333431383431e-02
-6.761021285518400981e-02
-5.414179632948085130e-02
3.602254744171747708e-02
4.236986147412074438e-02
6.974522852708411880e-02
9.742624559418243402e-02
1.050571133566864379e-01
1.270549348291893921e-01
1.307346796525069577e-01
1.205933549779452663e-01
1.196951496100834428e-01
1.098679443854454901e-01
1.062104781070087878e-01
1.046137806557145833e-01
9.820984680153320434e-02
9.876724159172110828e-02
9.785515833688396281e-02
9.754300931016540721e-02
9.070976120787946351e-02
8.511639065672807480e-02
8.394726207804398266e-02
7.054294586850860804e-02
6.159785110051711060e-02
5.935603579837826077e-02
1.833219623293244269e-02
1.683693765818496807e-02
5.547410385989404516e-03
-6.712699892611216634e-03
-7.572939863411809816e-03
-1.556758451418648395e-02
-1.809084919944075817e-02
-2.079868372620487238e-02
-2.577529631749464131e-02
-2.461772801005415734e-02
-3.203723263738694066e-02
-3.252640234145220272e-02
-2.835126008798538946e-02
-2.835172403562392571e-02
-2.345169952514500680e-02
-3.014964236270083545e-02
-2.950780341124479428e-02
-2.933499359622558297e-02
-3.110016032283276569e-02
-3.051497039937628789e-02
-3.098038944094402489e-02
-3.125540248384935799e-02
-3.113797685127665457e-02
-3.135541240468264074e-02
-3.136077039705670311e-02
-3.137440500269658011e-02
-3.143073144530801610e-02
-3.141789887558346650e-02
-3.143535916968487332e-02
-3.142801147477506524e-02
-3.142069399865913409e-02
-3.141452915545726171e-02
-3.135471710201470641e-02
-3.136913266257820160e-02
-3.126715705069733203e-02
-3.114328920475460671e-02
-3.121424173724339501e-02
-3.070401212578015987e-02
-3.072343908946081198e-02
-3.059206099598165210e-02
-2.891430063607353454e-02
-3.021360973198132516e-02
-2.748797318063241762e-02
-2.430761836771517040e-02
-2.632086465597392386e-02
