5.219196445697078801e-02
5.216391141883486987e-02
5.910125146814682734e-02
5.706180350938674234e-02
5.426197695666370308e-02
5.480717291709161221e-02
5.454997924725552699e-02
5.391943279001912975e-02
5.418136806672543826e-02
5.398334443243866382e-02
5.394717423229299091e-02
5.402849194326733717e-02
5.413598073889178824e-02
5.416270420871507202e-02
5.445806752827016955e-02
5.492085043867597771e-02
5.483348567116715783e-02
5.632042091304951398e-02
5.678731886421607006e-02
5.718714859159550884e-02
6.285705081215363366e-02
6.278418812295445683e-02
6.394121481395374784e-02
6.455134547868097983e-02
6.419762161003010614e-02
6.617098126565978955e-02
6.225225797756539503e-02
6.597336759991236088e-02
6.502245474914358780e-02
5.630805811287684787e-02
7.755332470553849555e-02
7.408727635908832210e-02
3.998844132054216877e-02
3.987007990599105572e-02
4.002807932799730406e-02
6.825291269759707624e-02
7.871929177964261115e-02
9.870361796175954050e-02
1.314665602454983817e-01
1.354757251542179353e-01
1.806709920655343582e-01
1.804011488582954736e-01
1.704696824443934777e-01
1.904581856644700644e-01
1.685406593285441457e-01
1.753637514635507100e-01
1.775217353508505569e-01
1.205200730740363102e-01
1.209130929300660795e-01
8.168888300788511303e-02
7.116655660722626120e-02
6.589239084741399521e-02
4.341074906438215086e-02
1.281746355106112567e-01
1.130477510414407277e-01
1.035369209457503853e-01
1.223442092179053142e-01
9.445730309260857993e-02
1.002801550909955403e-01
9.946670401990970189e-02
1.193332471095233521e-01
1.420584131238829262e-01
1.000571239809418395e-01
1.126028128978711074e-01
6.100573735924490204e-02
-3.728145911055835704e-02
-9.748243177109992830e-02
-1.252507249846935011e-01
-1.520838614094226771e-01
-1.499388642934429694e-01
-1.685564586474475046e-01
-1.438184233511764221e-01
-1.443637232527541781e-01
-1.459530914726940576e-01
-1.330929964857255343e-01
-1.443389463885915436e-01
-1.460517236156521903e-01
-1.331295989993560025e-01
-1.441629380581505027e-01
-1.307068094585643603e-01
-1.188122140553087014e-01
-1.166925353917213914e-01
-6.171304514109424849e-02
-3.227491468980266814e-02
2.212975728450436441e-02
5.663154797476121355e-02
1.150911519917979520e-01
1.571599693582965696e-01
1.531166633841059277e-01
1.790808784330586434e-01
1.769892995964736648e-01
1.201311698485215268e-01
1.159201055196645014e-01
1.140092780982589482e-01
9.354070450535807713e-02
9.261646347899764320e-02
9.893686310534571815e-02
9.186759484323804570e-02
3.962305533932786866e-02
3.215668194243894579e-02
5.437722778420450709e-02
3.605345150761995326e-02
1.614140632468704512e-02
6.117552735059925313e-03
-1.159075128552767772e-02
-3.630612276335955929e-02
-3.832162281101712809e-02
-5.403855828214882556e-02
-5.743972255137198835e-02
-8.060126525966446187e-02
-1.053926155535291342e-01
-1.153012764841723076e-01
-1.498442844585964051e-01
-9.935790633817924433e-02
-7.017889928923952414e-02
-3.963555652309427857e-02
-2.186610129209998199e-02
-5.211961834565016077e-02
-6.405003065523233452e-02
-1.250189546336837043e-01
-2.318493403079956439e-01
-2.763858820593501631e-01
-2.593716517437918423e-01
-2.913850540755291707e-01
-2.241642575471520238e-01
-1.731248621389474274e-01
-1.332413026701211312e-01
-6.618791819075600658e-02
-3.242673952777214152e-02
-2.714813735692842359e-02
2.463323139179995902e-02
4.447362103012783563e-02
1.153943612983143602e-01
2.091118115682912837e-01
2.301687211007251710e-01
2.290402826847783568e-01
2.591438206926850452e-01
2.521926648957057426e-01
2.521140218721317772e-01
2.660121476731062140e-01
2.387275531998314382e-01
2.436130623781767035e-01
2.394987868337848935e-01
1.493548745065446381e-01
1.334593353370557012e-01
7.738821523636435495e-02
3.972729331042148399e-02
9.875124898794907305e-03
-1.268655664519056751e-02
-4.478621346570347411e-02
-3.411922791120007570e-02
3.054164372427457461e-02
-2.954693334853187052e-04
2.443139509166237025e-02
8.040356538660125424e-03
-6.816565138562834247e-02
-6.266111841695763685e-02
-1.136926465422867100e-01
-1.342073133330238532e-01
-1.268633465505487057e-01
-1.684967781800142117e-01
-1.724881374179247917e-01
-2.559913475969621266e-01
-2.848245403598345660e-01
-2.967685976469576770e-01
-3.327677567203281006e-01
-3.196453055382776909e-01
-3.125929785820420470e-01
-3.143008957000751336e-01
-2.760739960025651585e-01
-2.662975868585600869e-01
-2.230502301593178804e-01
-1.625355574211652943e-01
-9.780424010683387570e-02
-1.739439369278557648e-02
5.815591613046750680e-02
1.123420251732678704e-01
1.833275457110306039e-01
2.560232798247426556e-01
2.979466576192959515e-01
3.387931315690737022e-01
3.634933137697630157e-01
3.479929568457184041e-01
3.591744305156758799e-01
3.473625451727579416e-01
3.133352039279953538e-01
3.022080471892428233e-01
2.332788792235649666e-01
1.544180646043442073e-01
7.990302015891755094e-02
-8.236729950696400349e-02
-1.436646853301760396e-01
-2.532084140598980238e-01
-3.412595748472015411e-01
-3.474612807480286780e-01
-4.113702169523995034e-01
-4.093358583428856612e-01
-4.107839810236748046e-01
-4.108363147384875846e-01
-3.447201054425036992e-01
-2.370052614255747925e-01
-9.033385859049239408e-02
-7.139276322853020662e-02
-2.706431810260573681e-02
-1.545821692590053191e-02
-1.449612121071443271e-02
5.432492624861379356e-03
-2.223291256949322999e-03
-6.782609477644597692e-03
-2.913934448472225991e-02
-7.227369529607831355e-02
-1.396298484437480392e-01
-1.335485945650189687e-01
-1.939734677625295778e-01
-2.018367857796403431e-01
-9.704053301338554094e-02
-1.018923571688517410e-01
-1.087060155845663706e-01
-8.797198285847958321e-02
-1.318743210018877565e-01
-1.240431822529967643e-01
-1.537056915250138156e-01
-1.548219949490404757e-01
-1.216975447381921094e-01
-1.201238551142177896e-01
-9.890766494785682705e-02
-6.096615791438919629e-02
-8.653672598009874706e-02
-1.062385405211185296e-01
-1.360940467769851114e-01
-1.981787005716996175e-01
-2.256913020031764694e-01
-2.180734726912180732e-01
-2.227168870845883664e-01
-1.963919357905316854e-01
-1.731722485556229651e-01
-1.377118738114720686e-01
-8.713227894218153469e-02
-9.124103694574613177e-02
-6.147272151371438453e-02
-6.929953735577520924e-02
-8.486880097974106030e-02
-8.612227027996084694e-02
-1.116988494636278334e-01
-1.033340397287552670e-01
-1.180772246736462028e-01
-1.257974650886996559e-01
-1.139218293916644392e-01
-1.361682994589210605e-01
-1.138226538406506977e-01
-1.087978148463178696e-01
-1.013633820982902251e-01
-2.399471582029278835e-02
-9.373093667780978827e-03
4.670379765239188879e-02
9.527874729682328514e-02
5.665552531870784309e-02
2.513972538815300445e-02
1.459770021008666499e-02
-9.060363654034260528e-02
-8.016602163873953746e-02
-8.815910640363690265e-02
-1.039774475148469851e-01
-8.815729879604970731e-02
-9.543908243361917676e-02
-5.576772970837187010e-02
-4.480955857634703193e-02
-4.343844242195437494e-02
-2.814266953266734983e-02
-1.510813102855763576e-02
-2.413018164538025326e-02
1.417800651700776770e-03
1.165238378445278104e-02
-3.920814870604701768e-02
-4.433245489284989849e-02
-9.972068860736195417e-02
-9.508420572805674487e-02
-3.031160399296752711e-02
-4.741669350180435089e-02
-5.357702195069913992e-03
1.977816316187998649e-02
-1.938506723348976460e-02
8.059819047757885505e-03
-1.621906837767089424e-02
-1.165971621378207868e-01
-8.725925930248516760e-02
-1.279664031700772364e-01
-2.442129277146028177e-01
-2.268189253759381463e-01
-2.480161812596621274e-01
-2.354194338317653901e-01
-1.656629257245226250e-01
-1.308813375349529573e-01
-4.946448358729377964e-02
1.602771610502628022e-02
6.684309480883718346e-02
5.980368925381691209e-02
1.011359994549712038e-01
8.587017067714380891e-02
3.252256991151513538e-02
1.827574961334697823e-02
-1.165194366429392336e-02
1.509691174613920356e-02
7.738465459954282921e-03
1.207824953453357913e-01
4.528173333222590413e-02
-7.560484752975904499e-02
-8.332239911938998933e-02
-2.020735214675505043e-01
-2.164485219353725343e-01
-2.067957298750611739e-01
-2.167336077479679046e-01
-1.769358247650992255e-01
-1.656523660785699514e-01
-1.433348146282968638e-01
-1.164589182499741055e-01
-1.000154525029911950e-01
-7.699747217037239411e-02
-6.005922896121343446e-02
-3.415025102438883770e-02
-2.721227707682047359e-02
-3.441784892418831791e-03
5.824338413102136784e-03
-1.138111253009167941e-02
-8.039727383388303728e-03
-5.739622855217664521e-02
-8.560367395571580329e-02
-9.121868322294494902e-02
-1.426178372991044885e-01
-1.363100655795273508e-01
-1.243120870929630556e-01
-1.403967872578127107e-01
-9.967992651251501857e-02
-8.871650436874950474e-02
-7.127125486367526241e-02
6.455680393250104454e-02
6.958472231431239718e-02
8.977610611186014056e-02
1.464700153098500157e-01
7.409295329048748435e-02
8.479655372766604915e-02
6.963054469748253261e-02
-3.246077296497505704e-02
-3.049378303855058980e-02
3.458935325449397774e-02
9.568183700985851900e-03
3.924057711075569499e-02
4.614956172390595468e-02
1.713983264701078590e-02
4.139576033836669423e-03
-1.036091227253048939e-02
-7.009423253415372757e-03
2.724053359186125872e-02
6.459046826577426181e-02
8.471056613352823117e-02
1.815878865474105097e-01
1.708537509778445818e-01
1.799958219698689632e-01
1.618047044666210410e-01
1.154706034847058915e-01
7.474121262982019731e-02
-1.068975156341521286e-02
-8.301589607259111936e-02
-2.156429181714378529e-01
-3.157966294994034584e-01
-3.690026482027421451e-01
-4.656172706282843410e-01
-4.903683828365122954e-01
-5.333783608303118706e-01
-5.608000380057681644e-01
-5.593465077496159177e-01
-5.729094477467575608e-01
-5.732905899238548431e-01
-5.706823306142028152e-01
-5.697847755433242956e-01
-5.614882915898365967e-01
-5.519959309304683925e-01
-5.350229153250587455e-01
-5.191245008326914601e-01
-5.072779159934612814e-01
-4.903335551410238913e-01
-4.784471634460878420e-01
-4.663265972023447614e-01
-4.531443386440248688e-01
-4.439549846807169797e-01
-4.331280510335666634e-01
-4.233188666781504961e-01
-4.156570518924717073e-01
-4.063539202970913311e-01
-3.987183433944648803e-01
-3.921735530383044233e-01
-3.836818803205184203e-01
-3.779183040531156057e-01
-3.715806530622808856e-01
-3.635464978405976155e-01
-3.596731514274971730e-01
-3.517179778480196140e-01
-3.447975983011372647e-01
-3.400503277566284122e-01
-3.256557629820752142e-01
-3.041527748395028152e-01
-2.775605814887842082e-01
-2.393261237211241621e-01
-2.119780657508456012e-01
-1.508044471752457705e-01
-1.127456899524087314e-01
-9.227490528045807772e-02
-7.162363265101016896e-02
-6.057111659757525440e-02
-6.597589059033909242e-02
-6.753236881388660628e-02
-7.264555175917562779e-02
-1.185855013543307135e-01
-1.206843373419645565e-01
-1.219481981433164081e-01
-1.359209286637303171e-01
-1.317947758723716223e-01
-1.359633484408958037e-01
-1.384037465892452023e-01
-1.349945187053023243e-01
-1.375387569279236388e-01
-1.346821251941804909e-01
-1.294641542938535228e-01
-1.318594176529418183e-01
-1.177397674096661295e-01
-1.127693874923585277e-01
-1.088111302742135050e-01
-6.388265129290841837e-02
-5.832076589974374142e-02
-5.003786885533340056e-02
-3.641127057629670039e-02
-3.084368465794790765e-02
-2.862137695278125712e-02
-1.906255262728033528e-02
-8.825721470296350388e-03
-2.050470770201745854e-02
1.553260513296385835e-02
3.230918597217914603e-03
-2.256479008194352959e-02
-1.794179896077553737e-02
-8.154223206964439363e-02
-4.745603597368863030e-02
-6.750119090450863724e-02
-7.735512106510605834e-02
-7.132633329034686331e-02
-8.434481447192282433e-02
-8.983423260481288031e-02
-9.537005806458073720e-02
-1.059408822300260816e-01
-1.251556982555667719e-01
-1.308533172422917112e-01
-1.629991783928145532e-01
-2.003626838308540381e-01
-2.052739687930917045e-01
-3.121448170797642696e-01
-3.185916773927427448e-01
-3.343938432918063808e-01
-3.623518377111928368e-01
-3.699653378509273893e-01
-3.597149806702039099e-01
-3.769704128477147087e-01
-3.753772046734070722e-01
-2.980114273666197855e-01
-2.907778656225313840e-01
-2.333199511965468043e-01
-2.075615322575559696e-01
-1.900797493078100475e-01
-1.575305144356915765e-01
-1.484676160705960257e-01
-1.184055229516603330e-01
-9.849882042647019331e-02
-7.693817536639473154e-02
-2.173087239809245660e-02
-1.199427501281341048e-02
5.157676612270792327e-02
5.879720829562034429e-02
5.028833596602932249e-02
6.694956368098259336e-02
5.995938728222532238e-02
6.182875095420636152e-02
6.466301283891789931e-02
6.244124407554440398e-02
6.408714784716729174e-02
6.405890176473313935e-02
6.379683084931923875e-02
6.432068830077074251e-02
6.414345959030449962e-02
6.422295478444849104e-02
6.431717308677821487e-02
6.426220134445922993e-02
6.431622052777476173e-02
6.431822468738976339e-02
6.430616608492266406e-02
6.432353854022698769e-02
6.430775460132916177e-02
6.429064896451897049e-02
6.430069492169897261e-02
6.423658747127991564e-02
6.422101359731112458e-02
6.421219647869876035e-02
6.398904838054397803e-02
6.409745206626699110e-02
6.381788884203219714e-02
6.342393690630809822e-02
6.372033176034122559e-02
6.217067295004092414e-02
6.223203457780811937e-02
