4.601762381491370651e-02
4.538563833530818992e-02
5.490803297494045027e-02
5.378557466345461335e-02
5.250658714108468600e-02
5.331323918316582117e-02
5.299279621893650261e-02
5.241845824428169320e-02
5.267726042667884162e-02
5.247239817402437473e-02
5.243747936555274991e-02
5.251969582602100672e-02
5.262917690726609532e-02
5.265642400062096190e-02
5.295696888695430177e-02
5.343108999939330528e-02
5.334072936573028972e-02
5.486596537282809743e-02
5.540696917767025387e-02
5.576550719176431858e-02
6.188419106963482380e-02
6.177744447179027432e-02
6.305928163730688263e-02
6.369246021909774624e-02
6.332779312496718271e-02
6.536004878265964935e-02
6.139750573193117344e-02
6.514497608778506421e-02
6.471205092481976950e-02
5.581960635808064924e-02
7.662488370127168436e-02
7.313454761525109427e-02
4.131841920866585749e-02
4.208875293205944362e-02
4.173064159563693448e-02
6.944141445519669276e-02
7.982299812419493823e-02
9.992300853467836474e-02
1.328051887772110085e-01
1.364709628857622703e-01
1.795713076666448083e-01
1.794727061661149370e-01
1.701610017834506439e-01
1.903507743379313777e-01
1.682090625030547293e-01
1.744365021850828590e-01
1.763406531033171742e-01
1.219546407112860609e-01
1.228045663907538498e-01
8.332274058540334316e-02
7.322239097081771619e-02
6.970455361223240609e-02
4.662872902348182830e-02
1.264130625499087779e-01
1.109683503063856325e-01
1.024043026312346644e-01
1.215985648249381240e-01
9.423855333354334840e-02
1.011319314580721163e-01
9.967605683500663227e-02
1.183481012201676036e-01
1.400584271228272892e-01
9.835854984057106065e-02
1.092665241138385257e-01
5.870729888669361934e-02
-3.594756906796296031e-02
-9.419724657064973417e-02
-1.234272997035832514e-01
-1.505213890608546323e-01
-1.482941347388602171e-01
-1.664705358946080294e-01
-1.442750387307281945e-01
-1.446999687875630269e-01
-1.473562402466090104e-01
-1.341810283922408586e-01
-1.443535538277415931e-01
-1.450069788016355443e-01
-1.322377058145141893e-01
-1.417325639680277194e-01
-1.272772606533086881e-01
-1.154789802809144811e-01
-1.114667067506247139e-01
-6.048760087765778226e-02
-3.381697359468879838e-02
1.751937243826684823e-02
5.455580254197634621e-02
1.126102375700007291e-01
1.566075282872545493e-01
1.549597472425248978e-01
1.801681563211914028e-01
1.781130096442004040e-01
1.190712783785787404e-01
1.153640160811770787e-01
1.132268525162550971e-01
9.322771345934982579e-02
9.171236154448311750e-02
9.576696712579073345e-02
8.918521484363586826e-02
4.157070650693575620e-02
3.398118971592925530e-02
5.458953865985102794e-02
3.587247086550989644e-02
1.665804702544622720e-02
6.768176620811744773e-03
-1.119533151714416017e-02
-3.543820639893142249e-02
-3.800197214349715358e-02
-5.478641152567797351e-02
-5.836966960652670289e-02
-8.337746041482579917e-02
-1.058557483105839886e-01
-1.111930942309172221e-01
-1.412628391714379483e-01
-9.580212483504864374e-02
-7.185931143567508839e-02
-4.584234903583369464e-02
-2.778901837605581016e-02
-5.851303891787406480e-02
-7.735741650138495962e-02
-1.303015996992254177e-01
-2.228786119550948686e-01
-2.622378615292236259e-01
-2.517069217255860081e-01
-2.823197628830744210e-01
-2.203676859371448138e-01
-1.755870533894347552e-01
-1.376978800256259128e-01
-6.940695479799710577e-02
-3.528167979646426589e-02
-2.705351190659456909e-02
2.666064353152175839e-02
4.703081816435296381e-02
1.157378155435855732e-01
2.052189670145797562e-01
2.265610471706823170e-01
2.277274252656072973e-01
2.581875131640385956e-01
2.512562030981150829e-01
2.512172864539036765e-01
2.652498885817574092e-01
2.376512390449672385e-01
2.415210855676193924e-01
2.370540672556733230e-01
1.510271599082607108e-01
1.354113782038070257e-01
7.909853603987156145e-02
4.083915663795751466e-02
1.092874320790359309e-02
-1.053020552745186425e-02
-4.110905890946646435e-02
-3.177880414191572994e-02
2.913027035415491003e-02
-2.911211958278613066e-03
2.009211781684397402e-02
4.418593567602485152e-03
-6.797039118110663469e-02
-6.134661574195747480e-02
-1.112262768468787189e-01
-1.326557009689722511e-01
-1.276935570937864917e-01
-1.725448488852414086e-01
-1.770243426144727794e-01
-2.550662271056537422e-01
-2.848570401668837349e-01
-2.948432224872135632e-01
-3.291445536623602841e-01
-3.154804559679909026e-01
-3.106079188519280110e-01
-3.118278824742831135e-01
-2.742576634997601626e-01
-2.635226680532294918e-01
-2.198493563778954052e-01
-1.595753434821198247e-01
-9.569320543959025649e-02
-1.696950182092878470e-02
5.855922978551619806e-02
1.139349115386736749e-01
1.837844191226518376e-01
2.543033682316289124e-01
2.928155995959745295e-01
3.298449629508964365e-01
3.544945085060351442e-01
3.421208741211498316e-01
3.530385887189401162e-01
3.411877250048658272e-01
3.076672341567318614e-01
2.966355806089626679e-01
2.289236485739493399e-01
1.488935347338735116e-01
7.526173630492749567e-02
-8.117492650763000195e-02
-1.400321392702275902e-01
-2.487793674094978813e-01
-3.366527569903657868e-01
-3.453863832474889928e-01
-4.091312242092687845e-01
-4.066648675898678622e-01
-4.068053852359075351e-01
-4.025027493680883861e-01
-3.373380507579861742e-01
-2.396893264613995933e-01
-9.754747558894900916e-02
-7.492332284029096234e-02
-3.235821453125357211e-02
-1.926244903937306824e-02
-1.748152496487730828e-02
1.725835502485273875e-03
-4.995483581866928119e-03
-1.024458845105082408e-02
-3.147968885821338797e-02
-7.128792064735690881e-02
-1.377248220428692882e-01
-1.323210077641130133e-01
-1.879905223462548236e-01
-1.968120232841362727e-01
-9.904294853496765916e-02
-1.059209464193739542e-01
-1.103752332736735453e-01
-8.917235524172212324e-02
-1.327455495862765733e-01
-1.239485067891307607e-01
-1.517136796359468132e-01
-1.532020764562393722e-01
-1.210521407295194057e-01
-1.192999729573612361e-01
-9.990487747901617699e-02
-6.539581829927285095e-02
-9.101921917231539649e-02
-1.109779769474263794e-01
-1.387029163649241836e-01
-1.950161723115574619e-01
-2.196310669003875560e-01
-2.138032498320768526e-01
-2.187741923337712946e-01
-1.913072658719290886e-01
-1.717007302821627057e-01
-1.398140686552220013e-01
-9.325119236404791345e-02
-9.557811911998588539e-02
-6.659633350548492536e-02
-7.363894286343536377e-02
-8.605344566288515573e-02
-8.587673330174071251e-02
-1.108537317526251537e-01
-1.022918037351377984e-01
-1.163831366520646643e-01
-1.241250436385612499e-01
-1.114632128772122255e-01
-1.318011608037893967e-01
-1.099403756727607012e-01
-1.035735518351814793e-01
-9.751703191403593429e-02
-2.702150924184722192e-02
-1.472111524620749179e-02
4.354977288702750748e-02
9.314256919038332860e-02
5.677691814700602801e-02
2.433639474452929663e-02
1.403606927106904566e-02
-8.904217596032430737e-02
-7.821343978142250575e-02
-8.698261809659958710e-02
-1.030382291102528575e-01
-8.648784964473109349e-02
-9.408048931710145946e-02
-5.626660522567548950e-02
-4.538703127500983564e-02
-4.372000679620185321e-02
-2.831126960294390663e-02
-1.516910961147889883e-02
-2.428318764328174853e-02
-4.590208933748239671e-04
8.751873053466578678e-03
-4.009354166038590211e-02
-4.289601927218998634e-02
-9.659680440348071551e-02
-9.269304433216211947e-02
-2.966525983543163297e-02
-4.748987126018153204e-02
-6.505697540440029056e-03
1.835359128096055933e-02
-2.114382462966080817e-02
5.236171613981407784e-03
-1.753057903511461707e-02
-1.160752353745619775e-01
-9.128251392767915140e-02
-1.324888165783224547e-01
-2.397995843503343549e-01
-2.189007496022778720e-01
-2.391431867806163847e-01
-2.274696399898218369e-01
-1.621179835101635713e-01
-1.326618118251142453e-01
-5.457363770217823346e-02
1.038439962472456624e-02
6.235017316422261646e-02
5.797727927274930887e-02
9.734885943323177970e-02
8.263730547701111928e-02
3.310441720833573465e-02
2.052587985868497070e-02
-8.123274756630383120e-03
1.827107951122505097e-02
6.252042494328708365e-03
1.089008037577202243e-01
3.479096265434613450e-02
-7.752635411544714361e-02
-8.213102619123263670e-02
-1.942807981728793820e-01
-2.071715632162775822e-01
-1.999461350065137033e-01
-2.124232989908116653e-01
-1.757253695843182806e-01
-1.656940988193139341e-01
-1.441831353084234713e-01
-1.173621720384021988e-01
-1.007690675369010830e-01
-7.724461994159183276e-02
-6.053000494526164510e-02
-3.538353406831405701e-02
-2.843913415974219649e-02
-7.512207965485380792e-03
1.289183409480186907e-03
-1.525213153247909417e-02
-1.097772201247150178e-02
-5.711474778013286846e-02
-8.496106423234822680e-02
-8.993646283040110379e-02
-1.391088459908010888e-01
-1.332814851813709511e-01
-1.198596777203320973e-01
-1.358940432749135563e-01
-9.584901890003720559e-02
-8.225851440215038723e-02
-6.745492294623835206e-02
5.641925809291072763e-02
6.047103780992405669e-02
8.029618186681101999e-02
1.364177280235819578e-01
7.129273257590884594e-02
8.427519945868393314e-02
6.881868887628435350e-02
-2.618949630646968604e-02
-2.405263461205502107e-02
3.506826969213251016e-02
8.970182455979688191e-03
3.880532820077305101e-02
4.543374930967285924e-02
1.726609924286254261e-02
5.988824710982492729e-03
-7.886761464037668479e-03
-4.997364366528788023e-03
2.914442761540407198e-02
6.742119811860050604e-02
8.698400795746119574e-02
1.813179028664183012e-01
1.691606104426380541e-01
1.762079961206625411e-01
1.572519072747734781e-01
1.140356115900108963e-01
7.327644460608891130e-02
-2.010707185779372214e-02
-9.219285522587655768e-02
-2.172889410096899010e-01
-3.133065128376430475e-01
-3.652815930730193839e-01
-4.587528238778539880e-01
-4.843124006463069842e-01
-5.309925380289615138e-01
-5.589407737946958665e-01
-5.599842811853753544e-01
-5.750229067599613719e-01
-5.745322173127578314e-01
-5.716808961400893230e-01
-5.706270393117407469e-01
-5.598283295683960104e-01
-5.510937608976608226e-01
-5.341591808522294649e-01
-5.186614830924817232e-01
-5.079913856031776920e-01
-4.914507345489234069e-01
-4.801812857264824985e-01
-4.683871410736890617e-01
-4.552406591247095125e-01
-4.460894557377469427e-01
-4.351320926625524277e-01
-4.251779204950431046e-01
-4.173619474713434196e-01
-4.079175370752312624e-01
-4.001235220139716109e-01
-3.934942190542781160e-01
-3.849630729173733612e-01
-3.791289419281473339e-01
-3.729800577321297217e-01
-3.650055824366894575e-01
-3.613582039509053989e-01
-3.537854610785050591e-01
-3.468334583724062559e-01
-3.425393386607949453e-01
-3.281050391930818710e-01
-3.050160215505740013e-01
-2.787755752078314164e-01
-2.404608675777143156e-01
-2.133555786461387438e-01
-1.554242376397021730e-01
-1.166791360211247991e-01
-9.328334099104422517e-02
-7.233690030474738963e-02
-6.103872898851759460e-02
-6.646667158027402822e-02
-6.864615636230171625e-02
-7.363343032411048816e-02
-1.179310947161102824e-01
-1.197883185728493283e-01
-1.214258361633760719e-01
-1.355532698678061088e-01
-1.313811143636027523e-01
-1.356381951680544207e-01
-1.381181238910225983e-01
-1.346486109020157695e-01
-1.372370769576854999e-01
-1.343348586310241788e-01
-1.290045648137403411e-01
-1.314013888525127349e-01
-1.171258883004397261e-01
-1.115619021327395460e-01
-1.076890122268984451e-01
-6.453082592753231483e-02
-5.913820710317067852e-02
-5.044802789565416140e-02
-3.667532760958677751e-02
-3.099021836993103018e-02
-2.870176295854476312e-02
-1.904769436014661782e-02
-8.731041392062110357e-03
-2.053266551696462244e-02
1.386348508857908161e-02
1.290055160935475904e-03
-2.295186733793974643e-02
-1.744948425655962546e-02
-7.998121409613617727e-02
-4.705507582228174446e-02
-6.736274672470075886e-02
-7.739708724367554138e-02
-7.131881950035963424e-02
-8.456134888355766599e-02
-9.015150815582322064e-02
-9.578869704265795260e-02
-1.065503189670362338e-01
-1.261036935048654717e-01
-1.319125562313812339e-01
-1.645042632170333752e-01
-2.021722462763467787e-01
-2.068969250789033931e-01
-3.110171834278522285e-01
-3.177162575654417509e-01
-3.343537464813716720e-01
-3.626533410632792331e-01
-3.703679733441082589e-01
-3.600378927471791779e-01
-3.760910772482644604e-01
-3.738877633586971116e-01
-2.988167706065956164e-01
-2.921627813125447504e-01
-2.350276444070970583e-01
-2.089255637953011113e-01
-1.911596442389307537e-01
-1.580536663422772714e-01
-1.488089970467016965e-01
-1.182314477952437215e-01
-9.798936205053512816e-02
-7.614905058916551783e-02
-2.114732320034991633e-02
-1.183019330632444077e-02
4.941077741246872879e-02
5.690110344458607083e-02
4.947766244787060730e-02
6.516957744605887670e-02
5.830573484608795459e-02
6.021262277950941572e-02
6.305070124762821027e-02
6.080534417940816616e-02
6.247869999031151894e-02
6.244924146240846130e-02
6.218290806728211245e-02
6.271613619105140258e-02
6.253570240998514163e-02
6.261664480760445461e-02
6.271256607700127772e-02
6.265659948260618450e-02
6.271159675817068735e-02
6.271363714451948235e-02
6.270136067394765922e-02
6.271904566780206469e-02
6.270297932097239346e-02
6.268557574672223298e-02
6.269571361096465401e-02
6.263073902332154386e-02
6.261482715823431244e-02
6.260364586048841606e-02
6.238895928186592027e-02
6.248083349182086133e-02
6.218461743923267560e-02
6.202132672544583003e-02
6.169298882271289503e-02
6.066322721403039075e-02
6.109018223212259180e-02
