-1.358471418255412753e-02
-1.293283021611480073e-02
-1.324785760559814285e-02
-1.422933872291845710e-02
-7.756010990544968779e-03
-7.894569753901367268e-03
-8.359689270180017256e-03
-6.519251134585099354e-03
-7.039560101246655419e-03
-6.625605500710866555e-03
-6.268699901114463402e-03
-6.390535305469157920e-03
-6.152103580980916066e-03
-6.118293030051265638e-03
-6.103527614790650764e-03
-6.027028020332688037e-03
-6.029688287097225395e-03
-6.010121779187565377e-03
-5.996735870778897338e-03
-6.001834666971657753e-03
-6.004868439144128191e-03
-6.013544766276309773e-03
-6.034364756204440607e-03
-6.067892395231684263e-03
-6.092865781533429378e-03
-6.170024995827775791e-03
-6.242991207914516151e-03
-6.314597378653741960e-03
-6.556306098246435753e-03
-6.642332354262701563e-03
-6.951893733164828983e-03
-7.539154098646646575e-03
-7.524500223653539203e-03
-8.898595201886256439e-03
-9.678944178088986355e-03
-9.840904428981963811e-03
-1.488398367443018178e-02
-1.551580282396083747e-02
-1.722141326891708096e-02
-1.916694736553900894e-02
-2.056775542055471612e-02
-2.128026928393147305e-02
-2.441045260915324436e-02
-2.621241742127045429e-02
-2.690307250965612643e-02
-3.676439274872426999e-02
-3.590987799092045657e-02
-4.614276191502906382e-02
-4.979661064524962266e-02
-5.047972280526929340e-02
-6.527730040223769792e-02
-5.926282808569066640e-02
-7.121939354153217216e-02
-9.099004725764817114e-02
-7.981647340785605338e-02
-1.139577377671039393e-01
-9.708166216363897649e-02
-9.296610499713077458e-02
-1.045047308917661649e-01
-9.515742422873704753e-02
-1.134943252508882755e-01
-1.210596208669607737e-01
-1.265524942069087277e-01
-1.361900593542976767e-01
-1.154474634693355289e-01
-1.171600865807535669e-01
-8.724282662212046180e-02
-4.876247041625370732e-02
-1.408076124387636074e-02
-9.020551723094953622e-03
2.274769915271604090e-02
2.342838788330516356e-02
3.003196720501156644e-02
3.942240919231570356e-02
3.846767740230434829e-02
4.098851130136964976e-02
4.340670848158040968e-02
3.925044520200164644e-02
3.706656893645954298e-02
3.799824177553608878e-02
2.235206278782580352e-02
2.833222966928654329e-02
1.547839747572479947e-02
1.599291846883836229e-02
1.959969334514984063e-02
6.437147937633868168e-04
1.392047553367672420e-02
4.318699582349863619e-02
8.217427504652090320e-02
8.268893291255385858e-02
1.062894302562865934e-01
1.077087719717227388e-01
1.017089344148241481e-01
1.185442674089034892e-01
1.043918419074533060e-01
1.107674811497109529e-01
1.189361462812186521e-01
1.018071217022722130e-01
1.203929392847967184e-01
1.056767592613399170e-01
6.326425319428523319e-02
6.037211548440972464e-02
3.578413559973314673e-02
3.362384687329135480e-02
4.145151612437866090e-02
3.719615057755748522e-02
4.069718983103115528e-02
2.320315921507220408e-02
1.455423349300457442e-02
1.896272268227284022e-02
1.219604876245986361e-02
-1.825667488503505661e-03
-8.617932968765031759e-03
-2.042896913365046738e-02
-3.749455088329909508e-02
-4.761480514272049824e-02
-7.820669107972710865e-02
-8.711324756199137487e-02
-1.047512385432948778e-01
-1.211745428799097246e-01
-1.270688613248628362e-01
-1.379672799971189134e-01
-1.374012726839784204e-01
-1.419283699811858535e-01
-1.415888827068453870e-01
-1.398405180541040516e-01
-1.412198531077576424e-01
-1.327073168087350707e-01
-1.333797866883378591e-01
-1.307437521178766993e-01
-1.291531966369221518e-01
-1.299287234748868480e-01
-8.985926614648688526e-02
-8.403222883045770308e-02
-7.479538988362377516e-02
-5.872126998282322513e-02
-5.437186785933099953e-02
-4.716238019068249437e-02
-4.723412139492691453e-02
-4.195288493958171383e-02
-4.031686404051409295e-02
-3.531053321860385535e-02
-3.330779728845416343e-02
-3.121811841005587077e-02
-2.822550528478664014e-02
-2.689735554762069311e-02
-2.483642642076127477e-02
-2.181750002562029417e-02
-2.129804703203933003e-02
-1.779202222031209604e-02
-1.820361629253757635e-02
-2.352927123802175946e-02
-2.781967207115984900e-02
-2.983575953400457656e-02
-4.312001357201242918e-02
-5.580055025196675733e-02
-5.928627363707630188e-02
-9.303313574761146176e-02
-9.800107415095841989e-02
-1.123295667490434302e-01
-1.589501373607193346e-01
-1.607292990551215661e-01
-1.722434342342860636e-01
-1.741081835272006439e-01
-1.752935723780421895e-01
-1.800510210703657465e-01
-1.695412036139742895e-01
-1.706576506040420882e-01
-1.688633770296438519e-01
-1.642480979032549249e-01
-1.600906236577349095e-01
-1.540270038896968674e-01
-1.467289981009551880e-01
-1.405424166704935529e-01
-1.307530240252212927e-01
-1.234633533234494041e-01
-1.258512697892423537e-01
-1.179274555858059598e-01
-1.195134953247388165e-01
-1.187851107542889084e-01
-1.166118500419475318e-01
-1.258210189850117733e-01
-9.053773538937787135e-02
-8.676811664242507771e-02
-5.804452079128057801e-02
-4.881626953834854871e-03
2.108917975533381589e-02
7.220135871237058633e-02
1.135507029487095310e-01
1.442809384218404489e-01
1.891261984308515443e-01
2.097496503343743157e-01
2.222344324779165770e-01
2.403728947054801501e-01
2.451050095740784640e-01
2.549217696340686512e-01
2.749165738085492805e-01
2.814989445948488656e-01
2.958521144657415558e-01
3.039460137109137872e-01
3.134550872865262683e-01
3.152850273418735805e-01
3.185483914449418474e-01
3.158719572013983234e-01
2.988642477284934595e-01
2.957539485549890990e-01
2.735975206393816417e-01
2.563831235281777698e-01
2.411922045440776929e-01
2.020290734137520361e-01
1.794174653981278345e-01
1.389464840571189574e-01
9.417136272945482445e-02
6.438002943474796513e-02
3.298944123274696882e-02
5.264278245677060999e-04
-1.450377901335731141e-02
-1.186319226658374450e-02
-1.611736111140880598e-02
-2.202623201232634109e-02
-3.126561708557635405e-02
-3.236467169570172303e-02
-3.619124503459787007e-02
-3.666106574374893012e-02
-3.409942497995028382e-02
-2.473749978610996839e-02
-1.471901067002464106e-02
-6.018817075378813525e-03
2.365194727665792529e-02
7.179178111221432013e-02
1.031671054292739448e-01
1.566680922024398792e-01
1.566558825803785471e-01
1.728796460780382127e-01
1.791765925487448230e-01
1.704805996461690176e-01
1.808140450198147120e-01
1.756417794520863940e-01
1.717685530722790621e-01
1.811514730085466707e-01
1.646808845037982805e-01
1.636900874542544515e-01
1.552078360457066764e-01
1.138978753479081701e-01
1.044747993693454780e-01
7.867940501484879667e-02
4.748723323347892045e-02
5.341307259522901779e-02
1.053587621176709649e-02
-3.165764427464899688e-04
2.710856353435293822e-03
-1.525199743811164049e-02
-4.471050699656391701e-03
2.066643014313941304e-02
4.052220348847364664e-03
-2.108228674519188953e-03
-4.874311848518948775e-03
-7.610746581790879192e-03
-1.000314641884572815e-02
-7.839893314371475588e-03
-8.879086884320951112e-03
-6.458096059818350769e-03
-3.501581546634457021e-03
-1.183255407147649823e-03
6.764278000565534903e-03
1.766614189109716807e-02
1.606178875179951893e-02
1.609375920310318619e-02
6.032422287649845741e-03
-4.530385738252102300e-03
3.037877639616625748e-03
-1.399336077116750425e-03
2.703676802073533367e-03
-6.065341935515720581e-04
-8.056935958851850661e-04
-5.807371884410133210e-03
-1.422442260055621112e-02
-1.226391178439845825e-02
-3.650988906040050774e-02
-3.638341863252876618e-02
-2.889556441007559012e-02
-3.591980696530741590e-02
-2.986026904544512167e-02
-2.909817912002026982e-02
-2.991994262450705169e-02
-2.547496135553242030e-02
-2.444411201018861779e-02
-2.100370720572057592e-02
-1.303653577003194980e-02
-2.080610287976819919e-02
-2.354212065039220855e-02
-2.798092795790028606e-02
-5.752364096814593236e-02
-7.468820033713030604e-02
-8.600223864763187342e-02
-1.491650204783897538e-01
-1.468791333887679296e-01
-1.541492415208804700e-01
-1.637666030558037333e-01
-1.475787825265414133e-01
-1.535214028109058992e-01
-1.524036575320132925e-01
-1.450428485341325457e-01
-1.549702939203145835e-01
-1.478260603942938567e-01
-1.493472006566319843e-01
-1.550716236197557385e-01
-1.459467716426213479e-01
-1.539343250318220280e-01
-1.572591798326350987e-01
-1.760130169520714161e-01
-1.821763564873334629e-01
-1.899066265780972873e-01
-1.889691706558858930e-01
-1.906532339587548031e-01
-1.762570278628090015e-01
-1.704283182084285753e-01
-1.389637231566052400e-01
-9.384847715070197827e-02
-6.344380041055221187e-02
-6.669116082486575836e-02
-5.095991076253873070e-02
-5.402533297990074618e-02
-5.039693413732861116e-02
-4.549521227855344435e-02
-4.649909346936685617e-02
-4.063259550441049306e-02
-3.991347565043968509e-02
-3.948388663719053920e-02
-3.666105755405429933e-02
-3.747291223360738055e-02
-3.552411960166955429e-02
-3.437079345878712999e-02
-3.596110972214484197e-02
-3.066394938388573160e-02
-3.349920738556209920e-02
-3.079007639737291191e-02
-3.184098436454736031e-02
-6.028225905616777652e-02
-6.007766676798960426e-02
-6.269069296574722450e-02
-7.762221688081313853e-02
-4.370917094342074982e-02
-5.285993591205477571e-02
-7.774028007587088784e-02
-7.700968718391185130e-02
-1.172943887029818666e-01
-1.373218891136429587e-01
-1.536626966109279901e-01
-1.713256474609173019e-01
-1.715193103399296204e-01
-1.781893453119985371e-01
-1.730642546134241733e-01
-1.694268498515415222e-01
-1.690403334040107841e-01
-1.581338422002485089e-01
-1.576973242708170908e-01
-1.522094512132539101e-01
-1.467598583152966707e-01
-1.554196365536792135e-01
-1.514143989432711612e-01
-1.606287487432302430e-01
-1.734139155836245672e-01
-1.817553911983356141e-01
-2.330220461909819074e-01
-2.337087031161605155e-01
-2.464057530754137082e-01
-2.489968212213113929e-01
-2.454762103944538032e-01
-2.491665954011615114e-01
-2.420177231107002169e-01
-2.385324513998093587e-01
-2.311707079011591504e-01
-2.206523637190144771e-01
-2.131433481163621246e-01
-2.005309068675995843e-01
-1.906040785769496926e-01
-1.761065151656175387e-01
-1.609873601523184039e-01
-1.355646671612517340e-01
-1.125780151089304376e-01
-1.012408172043649385e-01
-1.013772800532842244e-01
-8.884525899278690464e-02
-7.407006306819734209e-02
-8.854961517283285732e-02
-6.846751937337675065e-02
-7.266814058787635089e-02
-8.815967279003671109e-02
-7.789846293773831920e-02
-8.372615361903888720e-02
-8.217507216674331538e-02
-7.767237793303745363e-02
-8.113422146237929400e-02
-7.484036141705742440e-02
-7.476387933131169172e-02
-7.379311649369289794e-02
-7.086907246626095169e-02
-7.086126708704765242e-02
-6.880710309530740920e-02
-6.728471754675589833e-02
-6.644936160623646226e-02
-6.361317835602950388e-02
-6.257209961208669291e-02
-6.005438880638769295e-02
-5.585205750225500504e-02
-5.547033602153104287e-02
-4.792676239868572802e-02
-4.400521129369898421e-02
-4.211260761548916987e-02
-2.269447038133982214e-02
-2.122425699349615030e-02
-1.367272884979239128e-02
-5.412022114082325891e-03
-5.826794099252901628e-03
3.349073785113846919e-03
4.504118380441972727e-03
2.520242530989844770e-03
3.215869130349544198e-03
-3.675768158923562075e-03
-4.461925291083634025e-03
-7.560262976262522097e-03
-1.310340336322184801e-02
-1.364888721765805842e-02
-2.041717916727971843e-02
-2.095855874413309061e-02
-1.946429396881875842e-02
-2.134639106267775116e-02
-2.066110039107368901e-02
-1.972576765356436751e-02
-1.969855492600737501e-02
-1.902112063405927284e-02
-1.529206804567781290e-02
-1.491657434964495897e-02
-1.364489598195619234e-02
-1.150086803049697910e-02
-1.153993526057763529e-02
-8.544357988810683327e-03
-8.434900543258344943e-03
-7.859036305125334521e-03
-7.032172698988095431e-03
-7.010920547054394318e-03
-6.629314623810102398e-03
-6.440711326262497927e-03
-6.373585552534564297e-03
-6.221004236609280376e-03
-6.174629949886400494e-03
-6.124229946809536286e-03
-6.074947319343865400e-03
-6.057216995193934021e-03
-6.032568096791881239e-03
-6.017488754766087827e-03
-6.008638589182236159e-03
-5.998784252303442956e-03
-5.993683438338148414e-03
-5.989378435885516112e-03
-5.985475015991989500e-03
-5.983592679623165288e-03
-5.981190841384607763e-03
-5.979090542512253276e-03
-5.978873127236022933e-03
-5.975200228208187546e-03
-5.974698744229380888e-03
-5.974566464584640454e-03
-5.964486479363774116e-03
-5.972291690108533918e-03
-5.960353485262295456e-03
-5.942941466398632584e-03
-5.975674393307200440e-03
-5.900052067512218286e-03
-5.925571670893304589e-03
-5.964897974730039992e-03
-5.703220102862380236e-03
-6.021861145877485319e-03
-5.714692638940263927e-03
-5.178335635445944184e-03
-5.283795283404757112e-03
