8.928650518601421136e-04
1.115769714239522523e-03
4.358887968889962709e-03
4.219859837015418197e-03
5.514703339673893319e-03
6.390723749013928201e-03
6.433029982923035330e-03
7.122079197535241546e-03
7.317463706391738251e-03
7.499917490880244481e-03
7.767351012625585936e-03
7.842310308536513952e-03
7.971819592207865859e-03
8.064589837505228842e-03
8.111961031428704255e-03
8.175146930151389393e-03
8.208870240702548227e-03
8.235595411672217217e-03
8.259343293429335237e-03
8.270807426615206515e-03
8.278385704053991406e-03
8.281157270705684359e-03
8.277703181938262170e-03
8.266008681606833511e-03
8.254738477262223845e-03
8.228978865335488668e-03
8.194174095275803121e-03
8.166279916047687604e-03
8.089631178158418479e-03
8.033530195269379323e-03
7.957181332468202944e-03
7.771907165451393679e-03
7.725585127125908849e-03
7.451898708225034376e-03
7.131064460303112792e-03
7.126666604890091392e-03
6.207151404044598288e-03
6.217289891421711595e-03
6.065369816883267769e-03
5.801510123783105467e-03
5.876718547792526143e-03
5.815137498609323705e-03
5.730734180372121234e-03
5.991703553723798717e-03
5.893332754851389119e-03
5.871208235019219519e-03
5.688604560012253467e-03
4.970556774030035485e-03
4.938464578488343214e-03
4.347227342138419541e-03
4.086412113461081012e-03
3.779952596880102253e-03
2.924648806909332932e-03
3.306828225768325847e-03
3.404094881283238963e-03
2.158596109016829023e-03
3.327271812032332569e-03
2.346188896736971924e-03
2.469574740321291671e-03
1.686740943155315073e-03
-2.080224366691679934e-03
-4.674011398868957445e-03
-9.756218332370954205e-03
-1.307361946687335061e-02
-1.367830607265051526e-02
-1.822174722788643883e-02
-1.957473882471404136e-02
-1.917508829879499208e-02
-1.916858105698103151e-02
-1.981666722393954361e-02
-1.961801538422803734e-02
-2.042158250270120073e-02
-2.001763611079291488e-02
-2.018562871571262171e-02
-2.010818069632902202e-02
-2.001143790149573914e-02
-1.984344074185872414e-02
-1.946033276368471648e-02
-1.965514114043243749e-02
-1.858373859555373375e-02
-1.877923976412082877e-02
-1.900979590455022239e-02
-1.504552230991957479e-02
-1.416862668335523538e-02
-1.319947295502137130e-02
-3.892898743181561535e-03
-2.840013296704178760e-03
-7.612401197300074258e-04
5.716330575769454836e-04
-1.365012022493293335e-03
-2.012394093187461902e-03
-2.400631771178193211e-03
-4.244787453182274559e-03
-3.985093031792892419e-03
-5.188440274819430993e-03
-6.805144803200068038e-03
-5.558940870552800916e-03
-8.336606674368897407e-03
-8.981507105594227491e-03
-9.794303427099143242e-03
-1.456253901696103956e-02
-1.495775988512752959e-02
-1.821821507457829781e-02
-2.240885351833948880e-02
-2.512192229794761242e-02
-2.735444834033497197e-02
-2.970331790119551396e-02
-2.678254396927450334e-02
-2.831831045920759488e-02
-2.867792016525251564e-02
-2.804281693499792102e-02
-3.322795088835810151e-02
-3.304551607802259927e-02
-3.547896388256088773e-02
-3.972541499884794242e-02
-4.068295253111803983e-02
-4.884699695602991165e-02
-5.111508418298923995e-02
-5.627741732778213796e-02
-6.027325640090956671e-02
-6.239275585073043862e-02
-6.795877166707703365e-02
-6.693497365194434057e-02
-6.831130449807770733e-02
-6.816791206182559737e-02
-6.512575693338591709e-02
-6.570505004791861448e-02
-5.977815647494870432e-02
-5.759900267272079211e-02
-5.385292681453512920e-02
-4.503531304054181339e-02
-4.160318929506033603e-02
-3.503783997188184007e-02
-3.174190674237951232e-02
-3.060901071125416914e-02
-2.672643575455344034e-02
-3.058216847783065337e-02
-2.956892757141046241e-02
-2.756813301208731887e-02
-2.896215865867265635e-02
-2.715812440783952481e-02
-2.419369278134358633e-02
-2.348918302704714606e-02
-2.218436978328069964e-02
-2.034365758617551895e-02
-1.997728613123528341e-02
-1.806565769150764861e-02
-1.676178736524010573e-02
-1.650327520675114526e-02
-1.280104379451302114e-02
-1.193031981539543346e-02
-1.261233505747179004e-02
-1.068568113932759009e-02
-1.179305526111688353e-02
-1.456390022069628878e-02
-1.479953685110178482e-02
-1.329396936598861538e-02
-1.119261849186890985e-02
-1.045179065880967421e-02
-1.153806051098457686e-02
-1.175820413155677022e-02
-1.321729495293038487e-02
-1.516495005797750123e-02
-1.644515226996135990e-02
-1.694760827064178271e-02
-1.765852441127256992e-02
-1.978825977880509929e-02
-1.986541908307025081e-02
-2.009688784430374575e-02
-2.006825241091676065e-02
-1.971448995523792519e-02
-2.005052874947604175e-02
-1.890601159107054008e-02
-1.603224226528639565e-02
-1.266883231271613043e-02
-8.292259287065211620e-03
-6.351450383003309427e-03
-2.036930479296615148e-03
1.839342225740917816e-03
4.286989322521981075e-03
1.026360359246696746e-02
1.319032035913201249e-02
1.654417525754914992e-02
2.168221600289109777e-02
2.337210989413697135e-02
2.694574547623596744e-02
2.949351670206217316e-02
2.837541177055410979e-02
3.042398329490716632e-02
3.073993209233037011e-02
2.803948266155090185e-02
2.980342807197638305e-02
2.902247658967207003e-02
2.882798901852122106e-02
3.201775380027686857e-02
3.187230489093126340e-02
3.284124561502568124e-02
3.419738057025752814e-02
3.382257402737811475e-02
3.425465203193567981e-02
3.477126289216377064e-02
3.344826057705617417e-02
3.314646614443895328e-02
3.149926636464731033e-02
2.898879832367944054e-02
2.787307572869967068e-02
2.451272194677475008e-02
2.186790706292936898e-02
1.985602449503027361e-02
1.486758147151190715e-02
1.304398821031010902e-02
9.777875600869678774e-03
6.952334092212172911e-03
5.721113293833952722e-03
5.015613785260323275e-03
4.394490368483672423e-03
5.095347143030564893e-03
8.145662666750611014e-03
9.274267422798940924e-03
1.019143602150398772e-02
7.802199062384771941e-03
9.093354377145002401e-03
8.651121434859014581e-03
1.035106672570478351e-02
1.081733946731332219e-02
1.901882877155177537e-02
2.246909767563239416e-02
2.905149730977001077e-02
3.569078333478960946e-02
3.652901794595856538e-02
4.162452459270023913e-02
4.055139873338566014e-02
4.275561192527754101e-02
4.185183444993178375e-02
4.181305869970233097e-02
3.908725658481794485e-02
3.760754672783552660e-02
3.560380701643085788e-02
3.102256964971844555e-02
2.928904965032549240e-02
2.707109928074146604e-02
2.420369557016440604e-02
2.375830238527969901e-02
1.741236847595144938e-02
1.609392519130949800e-02
1.506644205255248253e-02
1.257621815788692414e-02
1.676059117404833654e-02
1.383267911740235917e-02
1.491426589915610494e-02
1.163719316965572230e-02
5.429603720942886846e-03
2.485046235363495924e-03
-2.566074739916426959e-03
-6.386377102407641768e-03
-5.068656320494182785e-03
-6.631698823274146011e-03
-1.707627524763461607e-02
-1.742672958777972958e-02
-1.757461258698783321e-02
-2.106537788585637408e-02
-2.203338648725380530e-02
-2.451730990990326833e-02
-2.596615451414660894e-02
-2.968266202480819571e-02
-3.113272488931116341e-02
-3.413267441772892957e-02
-3.498695578235484077e-02
-3.630041775715786567e-02
-3.606046871888682337e-02
-3.962579890133659938e-02
-3.972440285768345791e-02
-4.139619634480161403e-02
-4.107843763447806967e-02
-4.058369481808563051e-02
-3.890610433884664904e-02
-3.618824795531674909e-02
-3.452229880890497760e-02
-2.875456985735997881e-02
-2.829067435112229620e-02
-1.965321373933600485e-02
-1.724048580815297493e-02
-1.825693642060487176e-02
-1.500048274502376738e-02
-1.520805020170398064e-02
-1.504577064453764892e-02
-1.455236162826422167e-02
-1.433539672754969956e-02
-1.546124854363600809e-02
-1.532967841736356841e-02
-1.744053945081036269e-02
-1.804011881801089942e-02
-2.011395987797316362e-02
-2.121522535415009195e-02
-2.477076916686312205e-02
-2.885842957831573352e-02
-3.283352154439296566e-02
-3.922997808118880436e-02
-4.250502609717818348e-02
-4.735109362126053295e-02
-5.110250909268407304e-02
-5.577762303358040769e-02
-5.894049759026818297e-02
-6.119110703792590700e-02
-6.346034721852150673e-02
-6.480428717942300632e-02
-6.529019639112766671e-02
-6.338895091201666998e-02
-6.280895647740333820e-02
-5.745155027835924244e-02
-5.329736173188590054e-02
-5.025792993250119411e-02
-4.551096546182425290e-02
-4.134309416736862974e-02
-3.888926484228393682e-02
-3.385650837672125879e-02
-3.150206079016257266e-02
-2.931439881963732175e-02
-2.106650452606616958e-02
-1.898793088217793495e-02
-1.648449658025884224e-02
-1.295595846034204059e-02
-1.211163083191576020e-02
-1.059336952079152107e-02
-9.054104834403674945e-03
-8.434669879283859806e-03
-8.309397972282073913e-03
-7.613173973935669948e-03
-7.410893301776905542e-03
-6.850983918946063067e-03
-6.059456751180671875e-03
-5.915576315758492784e-03
-4.399652249718929986e-03
-3.793743140609812884e-03
-3.225506571578886164e-03
4.046598119015013548e-04
3.098246290029124661e-04
3.881234083664859662e-03
6.623778829726778908e-03
7.614009641006082990e-03
1.496052405820604697e-02
1.706982472052717692e-02
1.455478234542131877e-02
1.699189413997487588e-02
2.168157753222399106e-02
2.331739251097601079e-02
2.512935074158195725e-02
2.716640775205522024e-02
2.662203262474144294e-02
2.718411866326147369e-02
2.643497502122505241e-02
2.442370551242195598e-02
2.279359173558941076e-02
2.001913353758686884e-02
1.799352725438721143e-02
1.449279616759274573e-02
1.255623619268434604e-02
9.427134090023731733e-03
7.196236899555339891e-03
6.390161067742860905e-03
3.063740997343320470e-03
8.561785048289130215e-04
-2.307341334629796608e-03
-6.755466591412451899e-03
-1.221748351372614096e-02
-1.562473574321913798e-02
-2.222664457372761776e-02
-2.478011287271836630e-02
-2.819470573944625469e-02
-3.121065243221919638e-02
-3.254450747714163206e-02
-3.507855482926605650e-02
-3.460268217080650355e-02
-3.531746092835461731e-02
-3.501395618896021439e-02
-3.270106700644901526e-02
-3.326117018079817467e-02
-2.912573138122133420e-02
-2.711318257080602354e-02
-2.468059614021881482e-02
-1.561425015261994932e-02
-1.454570573420386689e-02
-1.244825990291465075e-02
-9.150516821285479760e-03
-1.111840590706167711e-02
-8.271601283769833973e-03
-9.176801036524755498e-03
-1.000573779785225714e-02
1.861507938925341648e-03
-3.687945958969705276e-04
7.238747660655709196e-03
1.586583203975952885e-02
1.316089270323441210e-02
1.982018165590243922e-02
2.266999964507065979e-02
2.396051372694258524e-02
2.909577420593584610e-02
3.085961544751893854e-02
3.387841595215889540e-02
3.758939060887337563e-02
3.995872760947213886e-02
4.306165955210987384e-02
4.679440565316428380e-02
4.918580804936596024e-02
5.243609132822434765e-02
5.679292465938340362e-02
5.777362266250696266e-02
6.293386528943005487e-02
6.599667636742899413e-02
6.559650887414564258e-02
7.527221608696936517e-02
7.419165528118623620e-02
7.345622998310158414e-02
7.743336710248738264e-02
6.999590279691422778e-02
6.863351550276972080e-02
6.740704661517125940e-02
5.022409073681646796e-02
4.944672225859969572e-02
4.115414130697601924e-02
3.464164566841244214e-02
3.198421887082188164e-02
2.438015836890254986e-02
2.242316303743477346e-02
1.630208022087550543e-02
1.434339930946306255e-02
1.342017435887470425e-02
1.077431812542332598e-02
1.025208218387991220e-02
9.124005496439401008e-03
7.890848463518753547e-03
7.657071503428775766e-03
6.518247633524831136e-03
6.348467328013886884e-03
5.899592482720537531e-03
5.607754057687399513e-03
5.477019916398578187e-03
5.185639963567799035e-03
5.032298667680883825e-03
4.920116052971675209e-03
4.795720003562169501e-03
4.734036639925672842e-03
4.671766413818933053e-03
4.623002943318773109e-03
4.593191218392864497e-03
4.563481133416185526e-03
4.543727897912020787e-03
4.528696032947185368e-03
4.515605418329703136e-03
4.506939822918196864e-03
4.499562425065549084e-03
4.493870576819104269e-03
4.489770361172840465e-03
4.486080917166642042e-03
4.483557792221769950e-03
4.481226500211842913e-03
4.479046636930582477e-03
4.477994691520183028e-03
4.475375379191147418e-03
4.474192862236843655e-03
4.473253107163827243e-03
4.467886396271205859e-03
4.469919978843383233e-03
4.463766166443910825e-03
4.455401343915171841e-03
4.465413632694063481e-03
4.435402711941869788e-03
4.441751937218969826e-03
4.449244111556774003e-03
4.360119360244584137e-03
4.455682380931526645e-03
4.350206251487911784e-03
4.231175828587369937e-03
4.547848717612105324e-03
3.919916260936523976e-03
4.283278264837399145e-03
4.749678186154532127e-03
