3.678398200503047474e-04
4.740430434164044789e-04
1.209575913061295034e-03
1.223118760976375482e-03
1.977860849332720161e-03
2.077592262511879055e-03
2.072217554659176991e-03
2.284063901544129520e-03
2.269861014247919872e-03
2.318155900589907465e-03
2.364009628080138495e-03
2.362684813387383800e-03
2.386399865080869338e-03
2.394410421141094682e-03
2.398052641736956887e-03
2.405788505259738846e-03
2.407729793078445743e-03
2.410465254518665782e-03
2.412947251302759773e-03
2.414783226539927215e-03
2.416436405412711753e-03
2.419013502364739891e-03
2.422601404422241710e-03
2.424066675759920571e-03
2.433089656219952334e-03
2.438779460490070414e-03
2.444389180810386131e-03
2.476182649057635278e-03
2.474260931034529248e-03
2.517195606260231103e-03
2.597141612343454014e-03
2.552891290709815436e-03
2.799704292342286311e-03
2.861879198276101599e-03
2.820026678690143365e-03
3.871159076895512845e-03
3.862152012630205682e-03
4.304673369201390994e-03
4.581601249330038636e-03
4.609181198968873884e-03
4.995081510749974606e-03
4.968047808812826351e-03
4.811722755020114185e-03
7.397222783245133854e-03
8.216603072035012778e-03
8.648852887111986576e-03
1.742945880125027283e-02
1.850348198086294166e-02
2.053567165904799166e-02
2.426184341954086901e-02
2.423021969996800098e-02
2.528477012899883747e-02
2.679605955801263664e-02
2.648985413873573488e-02
2.726768610724116665e-02
2.686527911502173058e-02
2.599054326207355173e-02
2.593549542426645815e-02
2.441087871609182169e-02
2.288464199894861550e-02
2.213997313204921560e-02
1.735425800824179354e-02
1.580112570279454051e-02
1.360364978939074092e-02
1.533430275671802609e-02
8.096206992636193617e-03
1.524690710756485164e-02
3.434199665028164067e-02
5.001365011322913418e-02
5.004892623992947959e-02
5.771253412867986821e-02
5.766947893397723207e-02
5.306551495282654102e-02
5.508852491382979638e-02
5.062630328315264466e-02
4.329774988894218718e-02
4.486060911949499991e-02
3.263695452836239130e-02
2.768213562957232490e-02
2.019666090454212345e-02
-1.289123748550552364e-03
-5.760184522813451176e-03
-1.304364125206410908e-02
-1.588978934935397422e-02
-1.589508221871043306e-02
-1.919169153758229496e-02
-1.418412217323136368e-02
-1.001689283292483273e-02
-1.258837101541199731e-02
-1.072290170983148001e-02
-1.452427762598694147e-02
-1.406331430214882022e-02
-1.620401070339984317e-02
-1.706936428646982362e-02
-1.723092499824141130e-02
-2.157125125321914666e-02
-2.061498572435560908e-02
-2.324516608314412466e-02
-2.475237210160788348e-02
-2.738840183147567275e-02
-3.229451630916006788e-02
-3.026880707427354739e-02
-2.988427325060590001e-02
-3.022318950743464044e-02
-2.429961918508671825e-02
-1.417297058812185678e-02
-1.299912640439414291e-02
9.388211934871317551e-04
1.288150735772013254e-03
-1.080848204807888582e-02
-1.051016498419405504e-02
-2.123343452785366944e-02
-2.057243355013970570e-02
-2.510255300970988535e-02
-3.161346382395315707e-02
-3.150291725589011993e-02
-2.989122858808136718e-02
-3.286265976546019069e-02
-2.862716634767560608e-02
-2.608968132177795149e-02
-2.016118571974963997e-02
-9.807258881514381577e-03
-3.925973060613287095e-03
4.327486032628138218e-03
1.058940631481906230e-02
9.945213629299350100e-03
2.013778163216888017e-02
2.093006316146876419e-02
2.325055244556675782e-02
3.063767288117301424e-02
2.910786232628046269e-02
2.895842927148031473e-02
3.024081871717256703e-02
2.393707517773781615e-02
2.347142301336908876e-02
2.264647907478890138e-02
2.079740668083967722e-02
2.057234606099874602e-02
1.936005249887629356e-02
1.915454274824378994e-02
1.730003880611693731e-02
1.692350152109109440e-02
1.689200385297142532e-02
8.047397548406734491e-03
9.795159407767433865e-03
8.608009550458851911e-03
1.159871004712645370e-02
1.560926068079845734e-02
2.478177160016144590e-02
1.973853147198929500e-02
1.912197633257229842e-02
1.659992874790327741e-02
8.950234614370077002e-03
1.105539914051180232e-02
5.989323276125330456e-03
5.152085119874460009e-03
9.307015199842229650e-03
3.856850168687383715e-03
7.858390047338971104e-03
7.511445802906599120e-03
3.929568518034404906e-03
9.488459601828149251e-03
9.327680511309036429e-03
1.322635259388538209e-02
1.705480053505855492e-02
1.556275420749327933e-02
1.457086985156235553e-02
8.520238692102171871e-03
1.755558053093289259e-03
-4.404676971316676994e-03
-1.458654505321910731e-02
-2.262878044010997042e-02
-3.388704792779964614e-02
-3.918125976308838715e-02
-5.233890448122616168e-02
-5.435153525314967426e-02
-5.673033600550993899e-02
-6.231007224625279700e-02
-5.756495247096003742e-02
-5.995276343617155640e-02
-5.962090963230810142e-02
-5.332347051102671875e-02
-4.688552012898283133e-02
-4.195582977533571928e-02
-3.284878962845476369e-02
-3.740527598463463249e-02
-3.483875495941731598e-02
-3.397683735272161165e-02
-3.442490170671897581e-02
-2.429054574678100875e-02
-2.652213512875729526e-02
-2.193819535811716501e-02
-2.008838506233272259e-02
-2.454551186059493115e-02
-2.304103308519972818e-02
-2.524704910617382378e-02
-2.887312911237396168e-02
-3.200207534871726822e-02
-3.654291149581451181e-02
-4.390012984366171989e-02
-4.227498313734266017e-02
-5.810385581724263060e-02
-5.354538683094018509e-02
-3.472535571225581624e-02
-2.379604533635487629e-02
-1.311399496506039652e-02
-2.613299230596109832e-03
8.797938527858467379e-04
-1.372003054613811675e-02
-1.389362050622641037e-02
-1.617770377097481685e-02
-1.594347252663896874e-02
-1.640138405678064071e-02
-1.993173649258593236e-02
-1.997201184889575709e-02
-2.436744383089884877e-02
-2.102225804481127128e-02
-1.704989457850983325e-02
-1.374327366790118257e-02
-7.691455504877397521e-04
4.578106826937310917e-04
7.138160007591846587e-03
7.416732145467052999e-03
8.865856093506091842e-03
1.026109826087609651e-02
1.129403123267955916e-02
1.772034592284322391e-02
2.157793507121850279e-02
2.201381354488219158e-02
2.170715773421052000e-02
2.004704586361685803e-02
1.795217264710727290e-02
1.709226111972915116e-02
1.609419504464011316e-02
1.678079348513517380e-02
1.404957626330403421e-02
1.322055778645948518e-02
1.316063490028783999e-02
3.733772173646202129e-04
3.155296638944227530e-03
-1.608034334956983747e-03
-5.820103044072572063e-03
-2.001328297343704163e-07
-1.005243289829583532e-02
-1.440218005760841857e-02
-1.037884631632728615e-02
-1.914200857360963404e-02
-1.591219447042586596e-02
-1.684882032962386339e-02
-2.542455532932466969e-02
-2.275424092755575292e-02
-1.875444393319076336e-02
-1.616563235463744710e-02
-1.793358100756913768e-03
5.197992088609614458e-04
1.109309292626713996e-02
1.391537525252561046e-02
1.442829992179944266e-02
1.742849968521424306e-02
2.351200037828906492e-02
2.527997228458921802e-02
2.432623289715322989e-02
2.462818369093740245e-02
2.325616358501608402e-02
1.648312337127560284e-02
1.612328987387780244e-02
1.782297635554590948e-02
1.759327163029028238e-02
2.179964037047051745e-02
2.020039569633484342e-02
2.054065270851213390e-02
2.150314686998336042e-02
2.099835206243966593e-02
2.086268728229463687e-02
2.197680281298225805e-02
2.085796855768489583e-02
2.071739456731470225e-02
2.426816035193125193e-02
2.167001236345087942e-02
2.289335103743627906e-02
1.941973572661903971e-02
1.273116767768348555e-02
1.038466869923805949e-02
-8.258648296770866939e-03
-1.787324844223515258e-02
-2.019206268660507855e-02
-3.267835192046105591e-02
-3.170056697589793138e-02
-3.637095970840097114e-02
-4.196114534060570167e-02
-3.933129541631998766e-02
-4.578099713836073642e-02
-4.680079831306030447e-02
-4.753358489621406502e-02
-5.214989403785694200e-02
-4.912739276805718619e-02
-4.257775594176207296e-02
-3.802105319010119777e-02
-2.758164510494148444e-02
-1.940243566846253098e-02
-1.677574232214507424e-02
-1.001838620641683393e-02
-9.598800495263534391e-03
-8.741083491336589656e-03
-7.187993793417276484e-03
-9.403097333626011384e-03
-1.035362129685625174e-02
-1.661304216549483459e-02
-2.193773523985078147e-02
-2.173128687895376290e-02
-1.863263337416506613e-02
-1.648168403062051299e-02
-7.490395143879688064e-03
-5.651463978342393009e-03
2.490587913809077288e-03
5.036343460396697745e-03
3.198816021117503305e-03
6.556744149931058654e-03
1.022195763708263865e-02
1.087765630359745390e-02
1.664228266428955522e-02
1.613786974063973617e-02
1.713899560056257598e-02
1.815112654941123879e-02
1.415536433258888539e-02
1.433427441424569779e-02
8.839443202598126423e-03
6.028173582549189828e-03
8.273228990629688182e-03
4.946816065281655662e-03
3.300405250389508351e-03
1.072902136240057140e-03
-1.164387163340605685e-02
-1.384488315099352551e-02
-1.781253972422941131e-02
-2.310341098590975098e-02
-1.798587587739342020e-02
-2.090580507882377342e-02
-2.011632319862810547e-02
-1.951944443079419236e-02
-1.995484234766881429e-02
-8.446687994996806767e-03
-6.579752724045727363e-03
-1.449152854837465129e-03
3.874977469702324279e-03
1.213688044105007240e-02
1.420091962798421779e-02
1.610294059381307819e-02
1.949471814592395463e-02
2.131621306880177036e-02
2.111689773650239632e-02
2.348247201618313199e-02
1.293463376064449451e-02
2.606828704382630076e-04
-1.463940314784993417e-02
-2.488240640893754629e-02
-3.381449127895078122e-02
-3.369838336888603819e-02
-3.268070908933910085e-02
-4.054967256708269518e-02
-3.560218284098372321e-02
-3.837402695084619203e-02
-4.655601437538518100e-02
-5.059692797716336399e-02
-5.579768730433375123e-02
-5.328284292415354229e-02
-4.979806969900633928e-02
-5.217086404209876627e-02
-4.645152329784745654e-02
-4.703802790420859303e-02
-5.065440311859916583e-02
-4.547149220111654233e-02
-4.289396386881813572e-02
-3.696536675739298117e-02
-2.171638475965012582e-02
-1.865555832238754291e-02
-1.388478564427846236e-02
-9.869683435048648770e-03
-1.376925365466460764e-02
-1.405140209666669304e-02
-1.587007698673827821e-02
-1.940649723431257107e-02
-1.989318836931027248e-02
-2.269668720075748367e-02
-2.529995334690728417e-02
-2.612944847590485675e-02
-2.990860777317806696e-02
-3.220641179371321050e-02
-3.414100748842133215e-02
-4.018481238993464738e-02
-4.247513520047319080e-02
-4.280625961766266335e-02
-4.682299884105313448e-02
-4.592594967113059617e-02
-4.692613190296900799e-02
-4.926479658184688970e-02
-4.614669497562918360e-02
-4.848659103440912388e-02
-4.655260455798886782e-02
-4.058203855959139489e-02
-3.948026961566315080e-02
-3.340953281320650781e-02
-2.997894228734587427e-02
-2.855265646553895725e-02
-2.250837415972920322e-02
-2.306325139282690631e-02
-2.162220968453418615e-02
-2.164490863299638884e-02
-2.344617288390690377e-02
-2.201927553228839873e-02
-2.412353921652938410e-02
-2.364751208692903936e-02
-2.301934322202221078e-02
-2.505702213475838672e-02
-2.144352139590231104e-02
-2.228966088300807225e-02
-1.087365175694149193e-02
6.116501129926223308e-03
1.666196106589913628e-02
1.700148071264076521e-02
2.056613654584865322e-02
1.914298481153848056e-02
2.003654033582114025e-02
2.079265419966248862e-02
2.054261510392289478e-02
2.194979421722570087e-02
2.206186184366708963e-02
2.272025101143227213e-02
2.263401767851056998e-02
2.174214195988687440e-02
2.190266855660883208e-02
2.133988627643882904e-02
2.147564080349899374e-02
2.081710871798915855e-02
2.067229693064779467e-02
2.161439776800579832e-02
2.178021529804709255e-02
2.261624538912714727e-02
2.287351660054234848e-02
2.309234408376195646e-02
2.337229594002033714e-02
2.344289463280795072e-02
2.354010106396864713e-02
2.360396462294029815e-02
2.359421735024681485e-02
2.356514070915853923e-02
2.354589929002887799e-02
2.338472529271415704e-02
2.325522382670358601e-02
2.312465709882606177e-02
2.258225973369790140e-02
2.248174944586074642e-02
2.179814635144165791e-02
2.056822575832092936e-02
2.082164708960966906e-02
1.772643028458647380e-02
1.653015798198039302e-02
1.635308063604869189e-02
5.483451432048763383e-03
5.194938517630870965e-03
1.855724324168275124e-03
-1.636277506745829760e-03
-1.222413987922704249e-03
-3.724909805276011877e-03
-4.334026108001235063e-03
-2.420095874970574872e-03
-2.658344531034301152e-03
-1.635574452917208394e-03
-1.049497127085539504e-03
-5.008749793115722677e-04
-1.422885850191475362e-04
9.412019398386538586e-04
9.575863167451270511e-04
9.462655442194630676e-04
1.215658293152570247e-03
1.045910806871145574e-03
9.999036905317215500e-04
1.051176143600029240e-03
4.940400816273135846e-04
5.338763946168431857e-04
4.563844890663490503e-04
3.337101669338367912e-04
3.509328474548362663e-04
2.999974620423643645e-04
2.802091810513380522e-04
2.773998402223749166e-04
2.598544386999538150e-04
2.571815252658706647e-04
2.530825445065537920e-04
2.485435145910497800e-04
2.477625222619990594e-04
2.458340514135286584e-04
2.448192675879975653e-04
2.443366560271494330e-04
2.438245452051823129e-04
2.434744023673991449e-04
2.433029348804693806e-04
2.435891989613738536e-04
2.427802564626643951e-04
2.437993481756336165e-04
2.441241066284329669e-04
2.418480969559631615e-04
2.480049561731448586e-04
2.428120210902936474e-04
2.429683829817352284e-04
2.621669694412445488e-04
2.274982579683065430e-04
2.696387433167221886e-04
2.831259586227655427e-04
1.775380399140641938e-04
4.690911250943420423e-04
5.578089293240475356e-04
