4.091927540488837800e-04
4.228405306403107823e-04
-5.962332877317798579e-04
-8.423245755260582151e-04
-1.942761025411210830e-04
-1.720958793336637566e-04
9.760966536614152245e-04
1.090079158148251313e-03
1.396281954339211690e-03
1.741339488823078320e-03
1.771814579977549521e-03
1.946724751625192144e-03
1.983807205190134173e-03
1.983484408605207163e-03
2.011017718478912142e-03
1.859533587280179368e-03
1.847680512810436024e-03
1.645542524399155014e-03
1.272937277399210834e-03
1.345588727503097687e-03
4.534243262424250166e-04
5.312631935577109008e-04
2.593944176901398307e-04
4.719923905280185234e-05
1.096770288554850320e-04
-3.761853781487853332e-05
-7.238897156570123592e-07
1.283802017524304502e-04
3.555359592491185767e-06
4.080511037780817094e-04
5.398689387221570699e-04
6.614143466399806425e-04
2.961320612080954855e-03
5.403950401095197233e-03
8.309781071144805784e-03
1.630193278287851710e-02
1.856307318701091308e-02
2.017959443270758713e-02
2.444034787361328703e-02
2.555299784182319886e-02
2.547704921812508558e-02
2.669317666395568459e-02
2.777748294273197499e-02
2.735957397681686859e-02
2.973987692419946538e-02
3.068924463631484204e-02
2.968442508905085042e-02
3.632551033626670728e-02
3.294769618789480936e-02
3.041648719270560741e-02
3.077103447020778162e-02
1.978807658109329667e-02
1.766490348606697403e-02
1.413257427818622597e-02
8.403433715345628302e-03
5.142607880224137930e-03
1.690306683911842233e-03
-4.546086141434453089e-03
-6.466794382007413217e-03
-4.673329991194671851e-03
6.237707231085394901e-05
1.332022300637622199e-03
7.756990970294114218e-03
8.601516431742345023e-03
8.957910565922645035e-03
7.621372132997995819e-03
5.978784756512742216e-03
1.985134927311245096e-03
-5.975444554044491603e-03
-1.466696423082523154e-02
-1.788862278228524338e-02
-2.331928601998104963e-02
-2.422172831987812192e-02
-2.513761132762608666e-02
-2.718191153429824064e-02
-2.760264160429709568e-02
-3.009991174205291220e-02
-2.927929591845680052e-02
-2.988402292171597405e-02
-2.978692166515752374e-02
-2.593501209752646641e-02
-2.495070271793909875e-02
-2.266155842448775923e-02
-2.040140683055231136e-02
-1.953527270033572974e-02
-1.625041056084230995e-02
-1.417695993340515118e-02
-1.241589395774547223e-02
-9.424459369435306613e-03
-6.952870109623023216e-03
-5.439166591627814934e-03
-2.582185937779086886e-03
-2.022747147245029190e-03
-2.235736470548974671e-03
-2.785235918060000471e-03
-1.109961032918229795e-03
-3.418419897406295774e-03
-3.132041963911409797e-03
7.811572549991049365e-04
-1.040038318956738265e-03
4.316161813096163640e-04
8.938648037321713855e-04
-2.768010684357401913e-03
-1.925854720955850639e-03
-3.856127736464036448e-03
-4.320217256945781820e-03
-5.171381975050332210e-03
-8.360017253313790919e-03
-8.713491715479243852e-03
-1.240917452593824633e-02
-1.282867526158305155e-02
-1.395489600344103874e-02
-1.452705959814977292e-02
-1.385610846897365744e-02
-1.626397038820586588e-02
-1.579377221017867761e-02
-1.731434873846263156e-02
-1.796579591994123745e-02
-1.751893552146930461e-02
-1.655788923352409861e-02
-1.450651559194473389e-02
-1.209606844431255525e-02
-1.296953206886827629e-02
-1.064607872860925605e-02
-4.420717127766326388e-03
8.757811842645032150e-05
3.684061849127881916e-03
7.150849806611034830e-03
1.228772224430086692e-02
2.121875382989475353e-02
2.561202562640095548e-02
3.141318155388869715e-02
3.185809505265375929e-02
3.181791287938422891e-02
3.307137626643325001e-02
3.335593915382954744e-02
3.390164624061265536e-02
3.448508975581651009e-02
3.525727853617146440e-02
3.550346827750667372e-02
3.641441288769486917e-02
3.764365531880618093e-02
3.713255174684816640e-02
4.009328402823320037e-02
3.993408803593445633e-02
3.480673540839583635e-02
3.334531558398706741e-02
3.034732100059260237e-02
1.978118045662443161e-02
1.700848292183209862e-02
1.278136463863768432e-02
6.147807649102848652e-03
3.273283350297376271e-03
2.502413314386931192e-04
-3.049445223232032706e-03
-5.467240677262741495e-03
-3.649895341160347591e-03
-5.483195192766506486e-03
-3.977329209150759146e-03
-2.461583196507342777e-03
-4.780282367915428439e-03
-5.008188431190774281e-03
-7.905689224842875687e-03
-9.862755030478054935e-03
-1.519431968055507710e-02
-2.297470897536002532e-02
-2.757223078998490701e-02
-3.344023127272415657e-02
-3.721506173074803220e-02
-4.159631020660191358e-02
-4.381530094476394216e-02
-4.381879047783114600e-02
-4.618407906754859460e-02
-4.608181912512686329e-02
-4.829085693089961440e-02
-4.764367706826218296e-02
-4.452300878603758505e-02
-4.178319338234166153e-02
-3.805178239901067794e-02
-3.760713175918826978e-02
-3.506556407645639029e-02
-3.489992626825178662e-02
-3.450207789393990032e-02
-3.343656251737338325e-02
-3.420898846918255659e-02
-3.281820820654948040e-02
-3.413413910835968318e-02
-3.480730531073327610e-02
-2.922126444420259511e-02
-2.973270835293230149e-02
-3.075091365415491204e-02
-3.216092578801837965e-02
-3.318917609624356946e-02
-3.430020211880092929e-02
-3.865456233434599875e-02
-3.893701432154779429e-02
-4.156601798704075840e-02
-4.404008991618396651e-02
-4.578851991759089191e-02
-5.179981397917501201e-02
-5.950698400714946046e-02
-6.281111423766151669e-02
-6.602430805903335143e-02
-6.662745377224406351e-02
-6.609897493897390341e-02
-6.778316856714766692e-02
-6.498141558479764157e-02
-6.499863600592201140e-02
-6.166462270217179520e-02
-5.191203387567225325e-02
-4.636415625052187767e-02
-3.264432595626822614e-02
-2.759710853961069854e-02
-2.116076458699469101e-02
-1.515109789597745768e-02
-1.282204430692722268e-02
-9.235623303888808311e-03
-5.059441089817344125e-03
-2.277967597621396913e-03
-1.317020743004466456e-03
3.100969459746300569e-04
3.439109403849469147e-03
6.146692873340671957e-03
5.599483054273029364e-03
8.921707562327780769e-03
7.477815174099038641e-03
2.970970236080866956e-03
2.189425305659544168e-03
-4.250227412207424962e-03
-5.418343795892180230e-03
-8.179639824983446841e-03
-8.800567280133942544e-03
-9.553544114512108748e-03
-1.168726179018610492e-02
-1.301767328902232561e-02
-1.634103722024796840e-02
-1.868543257809645447e-02
-2.082697466857674762e-02
-2.466468697414263972e-02
-2.742012857505047099e-02
-3.163340082992101288e-02
-3.442397499937364935e-02
-3.464880139742858300e-02
-3.389196946130344779e-02
-3.409739530133163582e-02
-3.205953969102405543e-02
-3.139685563914785399e-02
-2.947619680190137134e-02
-2.694924528722589599e-02
-2.571401336265543083e-02
-2.149852736631709463e-02
-1.947414620492571996e-02
-1.924064801577299658e-02
-1.672499701010812800e-02
-1.460252290261194325e-02
-1.354889015258227240e-02
-1.087108077769301760e-02
-8.949603391033216643e-03
-7.840739700881459856e-03
-5.433835582143019260e-03
-4.069982205234011843e-03
-3.581298275793589041e-03
-9.219799150841610780e-04
6.685399213013556302e-04
1.234646739511455595e-03
8.602003099912375675e-03
9.555473178849624438e-03
1.190826150898673802e-02
1.505622948862643182e-02
1.583105444890523655e-02
1.651097968268352631e-02
1.954917458771369618e-02
1.801618483693227107e-02
1.790676914452919363e-02
1.709426325154757634e-02
9.680092505781254936e-03
1.042342924319436363e-02
7.266178700555483289e-03
5.155460451789796276e-03
6.874686362911340380e-03
6.241363040821066785e-03
8.001436198789173282e-03
1.129068908288099679e-02
1.212839425274843050e-02
1.353585004147447347e-02
1.097659283085917863e-02
6.165315094358540284e-03
4.893888926412884657e-04
-7.532081512263883588e-03
-1.315207093422943868e-02
-1.412157225502543717e-02
-1.421486242120206453e-02
-1.008049981379339349e-02
-5.980593468950868782e-03
-4.403466309287493163e-03
-1.885983042928273063e-03
-3.845982610254138415e-03
-2.637865881001606391e-03
-4.848113897605091198e-03
-8.713941236620328587e-03
-1.090816618055064080e-02
-1.371118560520006267e-02
-1.250636677478116944e-02
-2.276776142051105400e-02
-2.780814700682114268e-02
-3.909070311762433136e-02
-5.853276735939738629e-02
-6.623745020338031586e-02
-8.078118280886850688e-02
-8.951697862109520010e-02
-9.888083360820928980e-02
-1.058793076063136579e-01
-1.113112996838814261e-01
-1.177007095962321476e-01
-1.217855287339861120e-01
-1.254249311343834938e-01
-1.293180424172175880e-01
-1.306359383727143386e-01
-1.323575632730751017e-01
-1.335434678449067547e-01
-1.317834556341302421e-01
-1.320649680702785655e-01
-1.293944567091555586e-01
-1.250040344170227913e-01
-1.229132019127863740e-01
-1.171052242655187259e-01
-1.139192250353582014e-01
-1.092193600513340496e-01
-1.023198135478472215e-01
-1.006443246376313022e-01
-9.212991241542500820e-02
-8.982018034053679267e-02
-8.061697431797786029e-02
-6.618986580242749995e-02
-5.915246357904535568e-02
-4.099323279572652384e-02
-3.282946774775622606e-02
-2.512079940691028246e-02
-1.449890988902579649e-02
-9.575253959464350567e-03
-2.771948056673521118e-03
2.232091140587644674e-03
5.976320294342494198e-03
9.543419250815716320e-03
1.304405523606533279e-02
1.284189216588100396e-02
1.279021535846242182e-02
1.241531004120078642e-02
6.253850078845916809e-03
1.703797027631276991e-03
-2.732222144971214149e-03
-1.276591906918371142e-02
-1.752553552601963591e-02
-2.227428443659597995e-02
-2.667113495286089001e-02
-3.485438361962534676e-02
-3.426811717501260929e-02
-3.989236862036077413e-02
-4.065506175025507263e-02
-3.556090571478542905e-02
-3.905363109255600984e-02
-3.405841005380973174e-02
-3.414963170839772910e-02
-3.923162422818646244e-02
-3.829902190864754863e-02
-4.200011955776788986e-02
-4.550056821710306287e-02
-4.632475129715351442e-02
-5.139253936271564321e-02
-5.242639554348817177e-02
-5.487948508384628277e-02
-5.654719564183709885e-02
-5.687327533764172105e-02
-5.850848212628634998e-02
-5.915889391244910644e-02
-5.979264399250184409e-02
-6.086958655147071268e-02
-6.169053978229363522e-02
-6.252859664793951333e-02
-6.289767861167101792e-02
-6.328987740693176045e-02
-6.361897504469309073e-02
-6.355476255947664632e-02
-6.364120068596368363e-02
-6.352695854990905722e-02
-6.302080435718940277e-02
-6.291630107234692793e-02
-6.213246978482499239e-02
-6.133965315178960265e-02
-6.092040461424343828e-02
-5.913840538122310669e-02
-5.846049434053240262e-02
-5.696894671216955891e-02
-5.431661124716648248e-02
-5.388822761543640011e-02
-4.991986097123879418e-02
-4.754797289278044070e-02
-4.579234934846523192e-02
-3.806123414845759279e-02
-3.636157510865349607e-02
-3.158690095656695868e-02
-2.738438573044890342e-02
-2.646411928567632410e-02
-2.208548769023154293e-02
-2.025041840175153401e-02
-1.805813420906056399e-02
-1.412115229256936250e-02
-1.296999003975477308e-02
-1.073869071652407484e-02
-9.325945170278650970e-03
-7.703778435541976284e-03
-6.822594794355572173e-03
-6.056329013276687094e-03
-5.817087645398182245e-03
-5.335752519622214210e-03
-5.090680416154526843e-03
-4.822013597514472789e-03
-4.510199245240147960e-03
-4.345248235406848868e-03
-3.824214801516760773e-03
-3.604271108668692571e-03
-3.101340379266898008e-03
-1.993485676027695330e-03
-1.994032776583608800e-03
1.659870457982702140e-04
1.692110884051576877e-03
1.986034093083732799e-03
9.401831866864036533e-03
1.010231958580667770e-02
1.272864409046275090e-02
1.547965382570414515e-02
1.630281869000806821e-02
1.773078811899641422e-02
1.917915717967593608e-02
1.971642111798803734e-02
1.983647635867862719e-02
2.206033259023646928e-02
2.020390048565235547e-02
2.065948904237685513e-02
1.864461422120854833e-02
1.672681734119694716e-02
1.814605215335282976e-02
1.645546035470950644e-02
1.635481866508461946e-02
1.616299082228036393e-02
1.529233278035613437e-02
1.500975888196167535e-02
1.432810049646564624e-02
1.375811190440910659e-02
1.271424567548169043e-02
1.213603745994377980e-02
1.094552652060091884e-02
9.086712856577472408e-03
8.965707833691690179e-03
5.607821859170612072e-03
5.611380394002470420e-03
5.038024811758347495e-03
4.387949080015509339e-03
4.384035242087533715e-03
4.649230617859109217e-03
4.946052053665608676e-03
4.948826440259347995e-03
7.378310080928689868e-03
7.394102206736893716e-03
7.696262536642969367e-03
8.403410204712202097e-03
8.251102494378239477e-03
8.555684587646376904e-03
8.580727156690455548e-03
8.402627407305353693e-03
8.579924951301380609e-03
8.025568321186131795e-03
7.925677167105068394e-03
7.815021577932531813e-03
6.027983386369496939e-03
6.127543132603319870e-03
5.908686056300337455e-03
6.067129519446439953e-03
6.105438326787795099e-03
6.043677284647636094e-03
6.115093250500650869e-03
6.097186399086608477e-03
6.099340717825270548e-03
6.117410270403553056e-03
6.108493294553624109e-03
6.115514912283941812e-03
6.117026276586893380e-03
6.115585792457050272e-03
6.117496790766651857e-03
6.115875418932577648e-03
6.116395161833031516e-03
6.112273086751602094e-03
6.112050978292536338e-03
6.109769046823886052e-03
6.096798145263279331e-03
6.105740733535342836e-03
6.082912871588547210e-03
6.066994360895971126e-03
6.093945387612023992e-03
5.993239580085780657e-03
6.042718786247286769e-03
6.026303088299383645e-03
5.762805195069312450e-03
6.117825243335847478e-03
5.618641808486071233e-03
5.352450269192184952e-03
5.655219237594164353e-03
