-1.035991899553882984e-03
-1.166690897221491505e-03
-3.766545637919044461e-03
-3.807930656038321059e-03
-4.445747410457437897e-03
-4.914082785099879377e-03
-4.448464208338226075e-03
-4.755181746642587852e-03
-4.717504908228962492e-03
-4.664785637736065631e-03
-4.750606911570418207e-03
-4.712799210173419621e-03
-4.723993316368576417e-03
-4.740467585784365404e-03
-4.725909535284503714e-03
-4.738925963342839262e-03
-4.745134709551174571e-03
-4.725606613419995605e-03
-4.766160956520706579e-03
-4.743032405248155670e-03
-4.699936561052246373e-03
-4.680939228578484546e-03
-4.822079332492783255e-03
-4.817200360076332247e-03
-4.899247244115043955e-03
-5.117107667734755588e-03
-5.074247441215058024e-03
-5.505533880137847974e-03
-5.887796040254490541e-03
-5.784734376706964810e-03
-7.736797757350564325e-03
-7.936380048041400542e-03
-8.060792886997536835e-03
-7.437475852327870424e-03
-5.577321649823320689e-03
-2.321438849532950384e-03
-1.411289733670607806e-03
-1.746655254923681075e-03
2.469321832011659888e-04
1.832062485380820088e-04
-1.786426373517371034e-04
-1.001047036883036338e-04
-1.463664789473540169e-05
-2.248440662375237708e-04
6.595556304975540513e-04
9.368389754423508660e-04
9.855083335284556788e-04
4.357827426896167602e-03
3.124619623120961868e-03
1.741667951697818120e-03
2.224650862327779820e-03
-3.977665021752356880e-03
-4.924097939893380682e-03
-5.293179977725070463e-03
-7.904427866346807122e-03
-9.238331072877204939e-03
-1.078739030704481405e-02
-1.410935308702316107e-02
-1.529410965722428385e-02
-1.339276493269488631e-02
-9.269152555270568361e-03
-7.715336226975459850e-03
-3.704213412066421820e-03
-2.373153435119316687e-03
-2.124694269798350216e-03
-2.888121398973680920e-03
-2.815103836121355101e-03
-5.229257865178230449e-03
-1.011034105012885431e-02
-1.547030431007711399e-02
-1.692516323949345286e-02
-1.965016343752004624e-02
-1.955992735354215167e-02
-1.908402884717078085e-02
-1.986962087356310483e-02
-1.992898280559643812e-02
-2.133709687911676187e-02
-2.063159679194167401e-02
-2.127746028264490899e-02
-2.103183476601068469e-02
-1.853999811238743120e-02
-1.776758384354593795e-02
-1.669503304945148606e-02
-1.585443083599871392e-02
-1.567534641421431188e-02
-1.434172531095642342e-02
-1.336729174920071699e-02
-1.282872082530343155e-02
-1.119334212188537528e-02
-9.654284942152010010e-03
-9.122729592375044411e-03
-6.365611858285167950e-03
-6.362156781639064125e-03
-6.718329380497091614e-03
-6.630487240772733361e-03
-6.253285189481817309e-03
-7.267039014275291330e-03
-7.096847818786760492e-03
-5.386875271500079533e-03
-5.961579430444644175e-03
-6.068094135143126296e-03
-5.914075669835440995e-03
-8.397692623041111762e-03
-8.300187379993695033e-03
-9.142476894993926267e-03
-9.275436949256294847e-03
-9.705342601010401651e-03
-1.165351294422633729e-02
-1.191703980917352065e-02
-1.430157841076127104e-02
-1.445575298607567304e-02
-1.518068048357199863e-02
-1.525421708071199658e-02
-1.475868820232367762e-02
-1.670190375358479237e-02
-1.635202078349208901e-02
-1.808129165701400851e-02
-1.878136946947917343e-02
-1.902355644949147925e-02
-1.862754721120476326e-02
-1.711432244779219347e-02
-1.604789313071677825e-02
-1.790894977574270311e-02
-1.693095334798140270e-02
-1.339552441346514820e-02
-1.058857221754793548e-02
-9.854399162220736641e-03
-1.026252840064573700e-02
-7.883416493126111854e-03
-4.450098993390508295e-03
-9.616197389761704404e-04
1.541911210486115492e-03
1.971575135316604155e-04
8.861521356522442886e-04
5.025985061437508684e-04
6.558661359855178343e-04
8.406509512518341078e-04
8.265728311097317359e-04
1.164676888816153612e-03
1.254218903225847717e-03
1.719510473526845388e-03
2.310515482373755487e-03
2.507343369562979596e-03
4.332720480591542231e-03
4.847359939619023950e-03
1.909023095634664394e-03
2.056053681743386530e-03
1.117115265352218618e-03
-5.229302844235349940e-03
-5.750946878612234886e-03
-7.318755645208624080e-03
-9.673729583467495508e-03
-1.080154175529438043e-02
-1.109389283439525878e-02
-1.280338296945045425e-02
-1.358914502207623880e-02
-1.161208538198062537e-02
-1.216187738122426892e-02
-1.003204023173872618e-02
-7.906324233050645786e-03
-8.630718269227247164e-03
-7.785836440389404603e-03
-8.087218519275308701e-03
-7.711308697048761644e-03
-1.083101965631193958e-02
-1.522931692453438103e-02
-1.785788682183832993e-02
-2.117594481004340598e-02
-2.278031208367667371e-02
-2.545388181124736554e-02
-2.566330240649727576e-02
-2.490984553057739095e-02
-2.570979853276227078e-02
-2.516958895692492787e-02
-2.718962510168130772e-02
-2.650950901460463402e-02
-2.409898873445812800e-02
-2.195493043752082957e-02
-1.944134038989646027e-02
-1.950631400265965057e-02
-1.813809152671798028e-02
-1.834655626460357167e-02
-1.839037971916844191e-02
-1.812851322626223005e-02
-1.872230158920172235e-02
-1.811425211286775763e-02
-1.957770745036305909e-02
-2.019262212041309998e-02
-1.557122514527516793e-02
-1.552909725626865078e-02
-1.648441474998115636e-02
-1.685410625079091299e-02
-1.764772345048756449e-02
-1.814111799638575689e-02
-1.991703497746916823e-02
-1.936523196074797781e-02
-2.017922130281780274e-02
-2.015781927292248366e-02
-2.065209307586050522e-02
-2.393921190104616667e-02
-2.867356319784428523e-02
-3.058464450206661855e-02
-3.140486030923431149e-02
-3.224835271747993753e-02
-3.176851307537783414e-02
-3.284450021266700076e-02
-3.229089529608311637e-02
-3.253306626941364355e-02
-3.192499791750107174e-02
-2.728411755706901948e-02
-2.482174714375043334e-02
-1.878712555723493008e-02
-1.695638997560005787e-02
-1.407685518039845582e-02
-1.209197645772103376e-02
-1.134447816255966697e-02
-1.068130697124461924e-02
-8.673352622349228200e-03
-7.807133723885023059e-03
-9.017520016773899333e-03
-8.542524331978610524e-03
-7.563997120936558766e-03
-6.430553241280529721e-03
-6.725124180666570105e-03
-4.458407838240999350e-03
-5.007437866712426654e-03
-6.847891505501985804e-03
-7.426795572952368633e-03
-1.047381112947764169e-02
-1.063402361684547340e-02
-1.184785610280199471e-02
-1.121606904315662102e-02
-1.126212866126373099e-02
-1.180965164931047084e-02
-1.217861597386368268e-02
-1.412132586523713075e-02
-1.490282076602808363e-02
-1.591650455428193431e-02
-1.804165821936212777e-02
-1.951777779570156371e-02
-2.248717902009945285e-02
-2.403325144654599663e-02
-2.385727242830914391e-02
-2.288417838178840105e-02
-2.278923599565686048e-02
-2.136154723423380405e-02
-2.092862989229343773e-02
-1.973482975527544869e-02
-1.823866635667509284e-02
-1.768568332486894490e-02
-1.485578623227102983e-02
-1.397658808337751309e-02
-1.493591326947185140e-02
-1.390093395550719493e-02
-1.326235561251472468e-02
-1.336022446919895440e-02
-1.195213616324818963e-02
-1.126001616921015747e-02
-1.103232872217783066e-02
-9.107150833170549534e-03
-8.879369250951342843e-03
-8.560558368914188490e-03
-7.464376675352532575e-03
-7.046860452971686478e-03
-6.738168507768213002e-03
-3.804386364550487332e-03
-3.487364887138592363e-03
-3.301732425681601444e-03
-2.284031917099502845e-03
-2.029320844771845614e-03
-2.244754618819725777e-03
-6.481051493105131206e-04
-1.182956753603731483e-03
-2.097585751294472282e-03
-2.674491415597673224e-03
-7.021628663158347057e-03
-6.671562978938426654e-03
-7.984263928832458987e-03
-9.116287153656572537e-03
-6.689057509012770290e-03
-6.853782477391105916e-03
-4.992574899361988151e-03
-2.796449917697971764e-03
-1.172158724362904695e-03
-4.424187634279750573e-04
-6.948658165246568300e-04
-3.794333987726886820e-03
-8.201026456892376512e-03
-1.404402781383395395e-02
-1.888341889947488944e-02
-1.937881929167021774e-02
-1.851951716423083649e-02
-1.479381826224590926e-02
-1.060002772223506834e-02
-8.783576780935265643e-03
-6.604100806491905278e-03
-7.240953643384901404e-03
-5.706451321343304801e-03
-5.882477591230408920e-03
-7.902080284942488569e-03
-8.017506182159229305e-03
-7.153114249652748474e-03
-5.585661528495514290e-03
-9.611374576806401906e-03
-1.085261154941014224e-02
-1.447344408054474646e-02
-2.410898432421150830e-02
-2.472118908617093949e-02
-2.833808083688478877e-02
-3.024268306169316384e-02
-2.544403848762457482e-02
-2.525946845722355089e-02
-2.325440982935368314e-02
-2.075290303273559164e-02
-2.076082473960760150e-02
-1.860338365104809849e-02
-1.805447744999934614e-02
-1.750248168869787679e-02
-1.606187010088759234e-02
-1.630470396434048966e-02
-1.503013844830188017e-02
-1.457515927288633058e-02
-1.454736440807139625e-02
-1.242701584731694016e-02
-1.259980532254192237e-02
-1.334241814064215069e-02
-1.287577132894127639e-02
-1.518487483924962043e-02
-1.599730479241595268e-02
-1.796920976253280067e-02
-2.213906145790337301e-02
-2.395441286937390751e-02
-2.280038814172208675e-02
-2.011554968946749691e-02
-1.769970639601551807e-02
-1.274598752450450435e-02
-1.089435922419549826e-02
-8.688485018991914943e-03
-6.762316045005099460e-03
-4.814459741357156319e-03
-4.036707449265359779e-03
-3.483577588093826963e-03
-2.384260249239226939e-03
-2.255424055693127858e-03
-4.001218287431087791e-04
-9.791881033669608009e-04
-8.591114509766719894e-04
-5.547817291636201759e-04
-4.043602374460843717e-03
-6.003531638209432669e-03
-7.786784911380274787e-03
-1.397264973741096580e-02
-1.565903959508744420e-02
-1.759482176658239486e-02
-1.958856527436176817e-02
-2.360322614347265188e-02
-2.307744628929638692e-02
-2.581539527099644890e-02
-2.571072370868469903e-02
-2.196439446180900937e-02
-2.299449189756454931e-02
-1.983945221047278204e-02
-1.924928800802466755e-02
-2.253126118054457269e-02
-2.203016919488951300e-02
-2.379771659948959339e-02
-2.671678301263846755e-02
-2.695777180062985251e-02
-3.040358902724938847e-02
-3.110382235803338044e-02
-3.223068617638805144e-02
-3.306125496383973544e-02
-3.292026791221808191e-02
-3.352361598364708012e-02
-3.381924674257152930e-02
-3.388458701817603780e-02
-3.439473296493271437e-02
-3.504393114575076601e-02
-3.543703425442401578e-02
-3.565766966110191921e-02
-3.594724895840176182e-02
-3.608894075634606208e-02
-3.615046483105822245e-02
-3.625007724973106082e-02
-3.625975363455419265e-02
-3.612606219580440092e-02
-3.618076800744958466e-02
-3.592630630107889605e-02
-3.567762723125475488e-02
-3.566171625764592151e-02
-3.489699632681021041e-02
-3.478368930944920195e-02
-3.422795632113941749e-02
-3.292629408086229781e-02
-3.307139040552353054e-02
-3.090799566614080285e-02
-2.971231144161997489e-02
-2.902814453115384191e-02
-2.390996156589397792e-02
-2.309896810024801919e-02
-2.047533544302621716e-02
-1.808263768795074014e-02
-1.778535798163651330e-02
-1.565668451898610466e-02
-1.458998781570162127e-02
-1.383965801903046244e-02
-1.242437094176143328e-02
-1.191807552527473189e-02
-1.128509538047085294e-02
-1.077310259690895250e-02
-9.842541355985013826e-03
-9.758849164754465275e-03
-8.884298104701458115e-03
-8.990475148760990881e-03
-8.726147689673446894e-03
-8.554837462571428242e-03
-8.543625278295430975e-03
-8.408589013012687449e-03
-8.373968724569825009e-03
-8.256908871810986553e-03
-8.204202913419654866e-03
-8.079800647915495390e-03
-7.784749142213072577e-03
-7.819675494378397484e-03
-7.120462068367155832e-03
-6.670169931302812744e-03
-6.569424529584208874e-03
-3.698528376960512256e-03
-3.512973236876111138e-03
-3.323818809528953505e-03
-2.555145027199847828e-03
-2.477065860280550872e-03
-2.400965718096793097e-03
-2.012457924355473722e-03
-1.793546585217035668e-03
-2.306565856869435653e-03
-8.564896603088980459e-04
-1.757861492603713131e-03
-2.838228710807687814e-03
-3.092714916112096219e-03
-4.629388901047947966e-03
-3.544787379634710585e-03
-4.076022433629769570e-03
-4.162060524511393932e-03
-3.951902286794654190e-03
-4.198260175963731966e-03
-4.153685899991450131e-03
-4.213845077454315448e-03
-4.286497619393868017e-03
-4.401156413526638098e-03
-4.502320879441842026e-03
-4.610097857517859304e-03
-5.054548076832587021e-03
-5.010720871586786009e-03
-5.532760175184949294e-03
-5.434757265323837683e-03
-5.370026698595579788e-03
-5.299499528263614326e-03
-5.266907753250438945e-03
-4.810489217714952227e-03
-4.518199824879811678e-03
-4.450374860710188014e-03
-2.449021596026906659e-03
-2.408186980391249180e-03
-2.238073283851040908e-03
-1.756092803999968061e-03
-1.828616597197122622e-03
-1.652480595376240721e-03
-1.614578880189761981e-03
-1.647042638534722747e-03
-1.540284445616553694e-03
-1.783857391728302594e-03
-1.672316657939084371e-03
-1.772020276131143143e-03
-2.674086889648178474e-03
-2.677980584279156685e-03
-2.654244219703432144e-03
-2.494846341765289029e-03
-2.461785137114238554e-03
-2.447631711362456813e-03
-2.402364156437743550e-03
-2.398962759119201670e-03
-2.385861621399278359e-03
-2.375336183135327676e-03
-2.373531522840693821e-03
-2.368030889338553022e-03
-2.365880524356380257e-03
-2.364727951672838252e-03
-2.362966589078108973e-03
-2.362836444023495158e-03
-2.362387730842846825e-03
-2.361977035758183654e-03
-2.363468239034705737e-03
-2.362561814139195731e-03
-2.364385681641993815e-03
-2.368535554145740751e-03
-2.363861077780089314e-03
-2.377708075331889243e-03
-2.378906298223391804e-03
-2.370326646425270373e-03
-2.429616688516531876e-03
-2.379971247037290620e-03
-2.429280329286580449e-03
-2.575318681354331514e-03
-2.308597263781327416e-03
-2.832529414581193890e-03
-2.976407471724764643e-03
