8.331834335544929473e-06
-1.012893791638554088e-04
-2.855618914199385336e-03
-2.570931988832166580e-03
-2.783107802371081411e-03
-4.113708619465265316e-03
-3.133802157817935138e-03
-3.886598656474618812e-03
-3.909391938421860960e-03
-3.645590745154782264e-03
-3.916002860916806619e-03
-3.768796083937535780e-03
-3.709924839135109783e-03
-3.737068643043363857e-03
-3.620615870258699076e-03
-3.466308645825799933e-03
-3.478257065525945137e-03
-3.166143839764551469e-03
-2.886574925133530371e-03
-2.962053394061905584e-03
-2.151790217393536112e-03
-2.159304183352455959e-03
-2.258733012404282210e-03
-1.961800874586407291e-03
-2.213839601077563154e-03
-3.036456495375400300e-03
-2.505062180992950836e-03
-4.127269259399560242e-03
-5.454480732611286138e-03
-4.090790151961338876e-03
-9.631099283938113209e-03
-9.472177155897603881e-03
-6.163363817643863901e-03
-4.110037942506620905e-03
-1.609950724178148404e-03
1.086982038342892802e-02
1.235774402593512941e-02
1.920971868201093793e-02
2.645126254133518817e-02
2.665050858553444368e-02
3.441185044972572965e-02
3.453079534661507299e-02
3.579863993286151735e-02
3.934974917210920520e-02
3.621046730208778847e-02
3.838484948216651371e-02
3.770454137870932892e-02
3.059380721470475115e-02
3.077876525553504758e-02
2.391202786064161590e-02
2.259486974791636085e-02
1.979550260598314515e-02
1.571139534825157294e-02
1.545568001565531153e-02
1.152602266802826847e-02
6.630566792502606138e-03
5.797180430095580546e-03
-7.555168065741103660e-04
-5.745798747539734852e-03
7.922279190492560264e-04
2.494017898219516409e-03
5.482047379860558248e-03
2.595119016777238524e-02
2.961491369881937355e-02
3.926021569595380956e-02
4.297877422710080081e-02
4.158771306515371413e-02
3.613225661145251510e-02
3.508864644085379902e-02
2.360763919413192205e-02
2.834024794497411529e-02
2.591043159242367028e-02
2.565140633079392163e-02
3.633232827315143604e-02
3.215739975003436418e-02
3.906340832697290794e-02
4.353619087403656079e-02
3.464069361924974194e-02
4.194060818172232891e-02
3.172843236215334983e-02
2.220283452006784411e-02
1.777995276245921547e-02
-6.049808525730002336e-03
-1.197395508260906336e-02
-2.653999086863438259e-02
-3.070435357109210089e-02
-3.209411187864016218e-02
-3.541247145039248118e-02
-2.889595893008926192e-02
-2.904294658436114285e-02
-2.665520912243974500e-02
-1.856671204717482565e-02
-1.825570460662278779e-02
-1.526050703989790744e-02
-1.228640508222283642e-02
-1.174367170337799714e-02
-7.024536605155199884e-03
-8.675255969275983900e-03
-5.760798253479401665e-03
-6.168576428123486582e-03
-1.468349705641451043e-02
-1.367630479661464254e-02
-2.184297006393224119e-02
-2.529540861809067426e-02
-3.418518417265250381e-02
-4.042863567311328482e-02
-4.649046709128090704e-02
-5.912505299567239608e-02
-6.421286817396401614e-02
-7.049902443004392449e-02
-7.660757896875283746e-02
-8.098279360238516689e-02
-8.461513703458437008e-02
-8.662041884649564205e-02
-9.060075134836832744e-02
-8.987913213287568315e-02
-9.404086646522397119e-02
-9.167978262290485403e-02
-9.291820854865952273e-02
-8.898464027691410649e-02
-7.999748205787068911e-02
-7.770140944450315557e-02
-6.722694754532286543e-02
-6.370277518962591534e-02
-6.005082877932873403e-02
-5.060209416283550921e-02
-5.060018283401584299e-02
-3.823903224939784878e-02
-2.853725016572716822e-02
-9.027802701132422655e-03
1.287399073701746624e-02
3.001026688095259284e-02
3.105128466072499746e-02
4.204007778522748234e-02
4.152053243725174758e-02
4.247695421930357262e-02
4.563120427441155064e-02
4.379000480134279810e-02
4.424040765543711673e-02
4.574847208100828178e-02
4.170916411948125818e-02
4.252644567615855575e-02
4.167458833928011641e-02
3.167150997550485791e-02
3.197431585660388820e-02
2.595145062219270451e-02
2.154801994593538023e-02
2.137414481641806974e-02
1.205050928826117800e-02
1.006483948794545565e-02
1.593942253191215708e-03
-1.563890967202169122e-02
-1.486650651233210538e-02
-3.672633115362611278e-02
-4.057194110934234793e-02
-4.386109807823204004e-02
-5.716394049073492828e-02
-5.146246985490046666e-02
-5.875802091395048582e-02
-5.961850375562323390e-02
-5.459498346525553519e-02
-6.539993725724965734e-02
-5.539973257333789813e-02
-6.568235819703957534e-02
-6.216189716493358136e-02
-5.508971434384783705e-02
-5.731763879095547187e-02
-4.980288038381759652e-02
-4.878993619952168986e-02
-4.963662232955502046e-02
-4.994820552835058797e-02
-4.974587162413249275e-02
-5.203569845662569388e-02
-4.695955781127871681e-02
-4.021146598220085022e-02
-3.234188807239462421e-02
-2.642490815787265634e-02
-2.200012121176212962e-02
-2.143300288442452975e-02
-2.316205536639200091e-02
-2.643389669183635743e-02
-2.963572523592447258e-02
-3.078185345251052349e-02
-3.591731071609905596e-02
-3.605892683846208258e-02
-3.967827695855169479e-02
-4.380071952759624632e-02
-4.224942374444873305e-02
-4.918627759367188296e-02
-4.590192145804941615e-02
-4.474246273544948971e-02
-4.908882980668726609e-02
-3.681915519275250070e-02
-3.986654685088721062e-02
-4.141368909453790881e-02
-3.724862532979921620e-02
-4.207235020744511111e-02
-3.783948714705877292e-02
-3.770876332090472571e-02
-3.309555034242207122e-02
-2.751372859806230919e-02
-1.543494250260095402e-02
-1.139036669581594725e-02
-1.512140537061893797e-03
-8.659569566115407147e-04
-4.398120756812994372e-03
-1.046171841742886584e-03
-1.261352738460729157e-02
-1.611523347114785995e-02
-2.331007463424590587e-02
-3.475424744685835093e-02
-3.692660023625512350e-02
-3.918617700375909979e-02
-4.131402225763991520e-02
-3.815509908098253800e-02
-4.158152843329016718e-02
-4.024374725172055745e-02
-3.761190550132131188e-02
-4.073936114331278002e-02
-3.269672700232381657e-02
-3.246640822216118050e-02
-3.946315482837559063e-02
-3.537034123918594147e-02
-4.139930401630144419e-02
-4.138909221877340450e-02
-4.319207030245800216e-02
-4.619169728988822138e-02
-4.853737636829332652e-02
-5.394891594054290057e-02
-5.854926490765045843e-02
-5.649207946461658192e-02
-5.947546808893094256e-02
-5.282329838314946124e-02
-4.263317974075475636e-02
-3.709591562427375089e-02
-2.061656815701647799e-02
-1.220864287302166930e-02
-1.448239923916923473e-03
1.519799107581954259e-02
1.906143977693750685e-02
3.379732265523896495e-02
4.491286252131556495e-02
4.444891469122820571e-02
5.783174992315228552e-02
5.099566156052555421e-02
5.072595914955452256e-02
5.376728291711108110e-02
3.722156097277598552e-02
3.950884610245932599e-02
2.727166387715371579e-02
8.078085862029030229e-03
4.919328203888298327e-03
-1.860751398613280302e-02
-2.722681424634984526e-02
-2.492943965347606608e-02
-3.707861306156681747e-02
-2.817531790503287337e-02
-2.890498818993418942e-02
-2.853256842621315625e-02
-1.979231004495449892e-02
-1.920953923540505426e-02
-1.621073849475550277e-02
-1.318981632648172191e-02
-1.044808037372476836e-02
-9.299469614850362775e-03
-6.385823515630343651e-03
-5.949299843036662955e-03
-8.042491776987042984e-03
-7.101790798195312983e-03
-7.994857283725138181e-03
-9.165795214339501895e-03
-9.721300477811636170e-03
-8.797887938145317402e-03
-1.102937580416837350e-02
-1.097821820641076661e-02
-4.662814198606693092e-03
-4.535897232613994579e-03
-6.209908454339196568e-03
-5.116233996323850224e-03
-1.203481276553918606e-03
-3.369142333640533487e-03
2.532681990068769325e-03
8.091349889778682442e-03
7.517204116859321252e-03
2.203534511716969541e-02
2.656380805380587767e-02
3.356887785630358056e-02
4.885461707217548383e-02
4.160452849630476291e-02
4.282598101563491605e-02
3.242223832806749584e-02
1.476432239455246695e-02
-6.381837074971779883e-04
-2.453817620850359468e-02
-3.483360045124728188e-02
-4.294959217910409438e-02
-4.132238411148559526e-02
-4.023950152522118989e-02
-3.300115599723361243e-02
-1.886152659600663986e-02
-1.282581855336240029e-02
2.817114859167933749e-03
-8.782312806260164986e-04
1.889608536002757022e-02
2.343789478297114356e-02
3.216434084602239063e-02
7.656989096843928866e-02
7.607227406919600532e-02
9.672826146182336715e-02
1.095948095144994583e-01
1.004464034677253481e-01
1.086196429706764582e-01
1.046829906829825768e-01
9.786155202962559807e-02
1.021598284576892834e-01
9.128473356520293291e-02
9.203421145236283241e-02
8.865235508288908661e-02
8.027401803102693356e-02
8.319743671113670469e-02
7.151330783330024643e-02
6.941285106234483526e-02
6.433965516812531482e-02
4.836381338806434310e-02
4.596647199788206350e-02
2.976450676398980505e-02
2.074763101261363485e-02
1.606905537992359134e-02
3.203109918536898660e-04
-4.061010469422531651e-04
-1.069754758733560199e-02
-2.032733044941271647e-02
-2.261203374441486669e-02
-3.891452125640264964e-02
-4.171057634457341762e-02
-3.793396241542165009e-02
-4.183085818507720904e-02
-3.453844256568307236e-02
-3.403908189481062024e-02
-3.026078490365209650e-02
-2.820459728350630316e-02
-1.585862548560985560e-02
-4.372480353452952440e-03
4.541944225683924364e-04
1.497824415307415571e-02
1.407496477403354790e-02
1.101194364084400606e-02
1.663116284605936288e-02
-6.277846087804028708e-04
-3.950389080446605437e-03
-9.281395122299489556e-03
-3.528017075571285299e-02
-3.107215391234812579e-02
-3.994447568424962236e-02
-4.349499194209841685e-02
-3.000587199502337613e-02
-2.628546871989374811e-02
-1.770539847476522780e-02
-5.324458005380413791e-03
3.272765630486463781e-03
1.534171820537381936e-02
3.547849517238454986e-02
4.544361117679657225e-02
5.812673454954962737e-02
7.365454073235622179e-02
7.676908990559495882e-02
8.732890070096385737e-02
8.991794287629183147e-02
9.167446131043016644e-02
9.483155427225659073e-02
9.483784034299316823e-02
9.573414547725817014e-02
9.413341981423416216e-02
9.403934833757522649e-02
9.149530347895724891e-02
8.843485789125821173e-02
8.764434858254321892e-02
8.075744499004458565e-02
8.000960568039743037e-02
7.703477009519817120e-02
7.371953378521062250e-02
7.379284134339521295e-02
7.066778111899293946e-02
7.001011981316655752e-02
6.928990408035448634e-02
6.681364573507381222e-02
6.730820846547933001e-02
6.503362050082857337e-02
6.365783059100436903e-02
6.361359052250624424e-02
5.948501771335891475e-02
5.946272477601621115e-02
5.624451428679737991e-02
5.134428751312955508e-02
5.120602989346190875e-02
4.254881473220403082e-02
3.935142917864802026e-02
3.427920936300415944e-02
2.097806025046683107e-02
1.723497170069968054e-02
4.203263210044529997e-03
-3.754413916027941282e-03
-7.322153704659943758e-03
-1.790749981834260582e-02
-1.839852754309549698e-02
-2.357904360561071180e-02
-2.252729794412529005e-02
-2.358228040293712177e-02
-2.565610805174832823e-02
-2.308302117792897581e-02
-2.620762067839715534e-02
-2.541358605350333907e-02
-2.097735019397152859e-02
-2.106839712840784598e-02
-1.899089818234185600e-02
-1.785539785758433889e-02
-1.731125524213325204e-02
-1.617134673722828847e-02
-1.576807871641427647e-02
-1.505118898669481273e-02
-1.417146469689080715e-02
-1.382623781131497344e-02
-1.233135448096593645e-02
-1.145538946015075416e-02
-1.054988185786056611e-02
-7.611990390427344870e-03
-8.002530370916726907e-03
-5.312097761995506623e-03
-5.523496395208920412e-03
-8.598466316147676536e-03
-7.693578450367274252e-03
-1.024504223516381485e-02
-1.184733793593968285e-02
-1.329025224582585686e-02
-1.630779218017208362e-02
-1.867742127312326667e-02
-2.328022215563732567e-02
-2.775404348104081043e-02
-3.340878015634508175e-02
-4.528265775997464965e-02
-4.542094620331383475e-02
-5.375858363881819840e-02
-5.713564755651304172e-02
-5.865510446330811367e-02
-6.287373871197682318e-02
-6.368385181065294720e-02
-6.510675894948668441e-02
-6.733751325304225543e-02
-6.733959476404290101e-02
-6.872087852458566570e-02
-7.084632859589914955e-02
-6.889191658499130289e-02
-7.156626712215485853e-02
-7.112242708784956291e-02
-6.349589488246816515e-02
-6.263852915919626563e-02
-5.806355640522953970e-02
-5.277225172249015023e-02
-5.080728839893431520e-02
-4.454151480605904323e-02
-3.642551004704378675e-02
-3.628578340938794222e-02
-2.078097346575472071e-02
-2.103437755956912014e-02
-1.701542413779805196e-02
-1.248394578546964048e-02
-1.237150964112881078e-02
-9.929366282453055970e-03
-8.731765588376154061e-03
-7.770210444490659174e-03
-6.816828564742909158e-03
-5.306095246514553818e-03
-3.971305377642766511e-03
-3.400632281003504107e-03
-4.427650024300072387e-06
3.797820208501219257e-04
2.624802628767514481e-04
1.122019458387111179e-03
7.182885777768053268e-04
9.645964011076575782e-04
1.026545127513984633e-03
9.187547199548089108e-04
1.016074386385577020e-03
9.798536668879803159e-04
9.775042629557783788e-04
9.965341196156774807e-04
9.824073962682471940e-04
9.894565389609341448e-04
9.912631023639782279e-04
9.912725533905077536e-04
9.944594077665896460e-04
9.995934528090951333e-04
1.005557218765170714e-03
1.008095324906723572e-03
1.032526224670381665e-03
1.036546261614979631e-03
1.057360216837987914e-03
1.133883874498972828e-03
1.103474665299711928e-03
1.244564514938727162e-03
1.390675164378192986e-03
1.266953731889379747e-03
1.851698836863743813e-03
1.874050234445386216e-03
1.710765509141261428e-03
3.306869227030116969e-03
3.316484021637196994e-03
