2.385013918678932903e-03
2.833557695989249742e-03
7.013605283206882438e-03
6.664944391735512855e-03
9.746937108203472880e-03
1.107431098125745590e-02
1.202510398410605759e-02
1.344781203365873722e-02
1.397960191460087022e-02
1.467448858524156990e-02
1.524001614133913343e-02
1.554685443888609644e-02
1.592102970011164201e-02
1.615428389642366985e-02
1.633603265397862853e-02
1.650831159956430566e-02
1.661156782868325466e-02
1.670284574210264758e-02
1.677112870057989591e-02
1.680689591563503532e-02
1.683638026005575619e-02
1.684441443444987391e-02
1.682569784592647874e-02
1.681296407371774340e-02
1.675570782619840993e-02
1.668127658069240571e-02
1.662645123371781289e-02
1.644159312558772512e-02
1.633423895519233587e-02
1.615920625995288101e-02
1.573473644459292067e-02
1.569551656835412382e-02
1.503767279435418852e-02
1.441319633901405432e-02
1.449885431951747003e-02
1.238146651049445296e-02
1.279205578059390558e-02
1.217698980313662235e-02
1.198892005530487366e-02
1.272849818344955544e-02
1.203912528063959958e-02
1.381777565191933711e-02
1.396316304795387070e-02
1.299509286059650180e-02
1.315822378455124876e-02
1.358523903656218799e-02
8.847907808383757844e-03
1.003291580329291298e-02
8.536873294527673461e-03
7.247418335563177334e-03
1.024298691709879701e-02
8.883564615847213547e-03
1.058374816826555993e-02
1.306106125611742816e-02
1.368480161634265217e-02
2.057622216296932025e-02
2.075551861384668240e-02
2.589297503729606070e-02
3.075996047882710929e-02
2.984635194423177276e-02
4.105988899505437495e-02
4.015773045043224271e-02
4.063823333048967312e-02
4.576643970146172802e-02
3.944725287741960434e-02
4.842140357199373885e-02
3.903650288288770115e-02
3.850737241501430569e-02
3.593963879978714221e-02
2.347217166085703924e-02
2.202029094398430531e-02
9.077540142190610242e-03
2.177144449956659495e-04
-6.461687911871218971e-03
-2.064996692245703661e-02
-2.453071503795619876e-02
-3.498056429424772906e-02
-4.100373096095611541e-02
-4.161167702999762907e-02
-4.700220864897503709e-02
-4.467107595028767947e-02
-4.616522068623533925e-02
-4.594243332163971266e-02
-4.273398616365565311e-02
-4.358599277553391188e-02
-3.824280777572516138e-02
-3.597355479488127672e-02
-3.012301436237222949e-02
-2.116696485912669332e-02
-1.829760226471575935e-02
-7.595475275056114139e-03
-3.500655405297246805e-03
-4.234743612285933340e-04
3.717902047859407769e-03
5.065307878388877055e-03
8.189568368200667373e-03
1.084715028192131427e-02
1.057896296125229382e-02
1.274836083597610630e-02
1.321412584153659059e-02
8.596014444031909243e-03
8.073871098630027582e-03
6.183587253859026620e-03
4.015770618055653635e-03
2.942932339960824782e-03
4.915936356129509653e-04
1.377230960319890353e-03
-4.052649360807074829e-04
-3.885881765417829154e-04
-1.078197356932638533e-03
-2.024220523304331044e-03
-1.158489195156476876e-03
-1.495520840410504608e-03
-3.720206653524221925e-03
-8.607455765506189654e-03
-1.198305942072401022e-02
-1.556568924246962138e-02
-1.609070913239990866e-02
-1.462464435408909053e-02
-1.513081580306645246e-02
-1.205939375382724700e-02
-9.826387461981602942e-03
-7.801478436628032920e-03
-2.852626849298733804e-03
-9.133298249805332650e-04
5.681317301107454906e-03
7.686895077512228419e-03
1.142045506246261444e-02
1.264834242434915296e-02
1.143597418445095430e-02
1.289320056375067511e-02
1.159914682511690824e-02
1.157496695764809701e-02
1.102142862547250170e-02
7.230742005681356499e-03
3.939748507939431696e-03
3.103563094815524944e-03
-1.311614346992811446e-03
-1.211115565612390496e-03
-1.822366095788300212e-03
-4.753303602386441465e-03
-2.906531950829632435e-03
-7.013922720600192923e-03
-1.082980004650311093e-02
-1.373777469762497462e-02
-2.241272636160471926e-02
-2.453285401166499513e-02
-3.107338035765444539e-02
-3.480219140995938210e-02
-3.685351385990581069e-02
-3.955974802241216115e-02
-4.051522956998968722e-02
-4.230722561289419759e-02
-4.395607520822165937e-02
-4.546977864833548488e-02
-4.701612790871370628e-02
-4.904958679210047467e-02
-5.081003350952637693e-02
-5.241185261247362920e-02
-5.557815573544425819e-02
-5.674853108679388247e-02
-5.988567369873057378e-02
-6.350081317765772504e-02
-6.403909181628980596e-02
-7.015904898411262636e-02
-7.052826417754461119e-02
-7.064979308316780837e-02
-7.166176202055661582e-02
-6.847760213430108267e-02
-6.521800134644190061e-02
-6.224078353733041025e-02
-5.511492564159583413e-02
-4.890902290322061280e-02
-4.324949374612659103e-02
-3.200014230670511495e-02
-2.730669390705813687e-02
-2.187981134752004647e-02
-1.729377505563216288e-02
-1.361975005140030059e-02
-1.170115816526765863e-02
-8.145986859274886513e-03
-2.218768407126649102e-03
-6.477709951233028658e-04
6.480062885343913608e-03
8.274612897769406325e-03
5.492959566983867357e-03
7.007392690484059994e-03
8.412545217465816627e-03
9.666347867047848930e-03
1.475077654575301066e-02
1.910179587829652706e-02
2.591638151831545181e-02
3.439031971891148148e-02
3.693750989204407781e-02
4.346703219814388591e-02
4.402395295634727035e-02
4.675934742670519867e-02
4.782558397667573125e-02
4.271745670227670294e-02
4.711435470916288532e-02
3.720405132225650113e-02
3.485452953654735037e-02
4.306851509930296334e-02
3.872816200674447651e-02
3.017167406440396729e-02
3.054980928698099521e-02
2.725170465990936833e-02
2.456875502822489232e-02
2.420686750250111360e-02
2.182382435340918594e-02
2.101179219665739659e-02
2.029471492015912440e-02
1.909307528651637068e-02
1.821649619092834821e-02
1.693025912976209996e-02
1.610228587447180490e-02
1.467952129176852000e-02
1.280249734840519654e-02
1.224656926346108163e-02
8.495174022333481720e-03
6.918690018933673115e-03
5.026620386956352250e-03
-3.958602744681832125e-03
-4.945277536585227299e-03
-1.108885745728232369e-02
-1.309187308957750033e-02
-1.415698002556375207e-02
-1.682608129379261838e-02
-1.624003440882199750e-02
-1.847798335060010441e-02
-1.846119250561282718e-02
-1.764121216541114992e-02
-1.609713229159837750e-02
-1.129234473231091433e-02
-1.200821236459972442e-02
-6.511596286550725560e-03
-6.662972372304320698e-03
-7.566126705874085152e-03
-3.872013524468369879e-03
-7.901913175650927823e-03
-5.679794023211583859e-03
-2.893088685595157725e-03
-3.409835897085912882e-03
1.420758909955960889e-03
-1.162409200299605126e-03
-4.444638460257137845e-03
-4.824648306607213534e-03
-1.172647017120201016e-02
-1.367461849081889370e-02
-1.433847401353704684e-02
-1.832987692986739678e-02
-1.779304850242772323e-02
-1.997077359071841932e-02
-2.390628062364701795e-02
-2.324528924195288365e-02
-2.461412783720533237e-02
-2.319452501465678676e-02
-2.218573621601015872e-02
-2.184044532558009066e-02
-1.477908388714285932e-02
-1.392080226479380095e-02
-1.232730209848117986e-02
-8.731015965217863925e-03
-9.936203441889614532e-03
-7.600927970779523118e-03
-7.360220094760463148e-03
-9.909793680038095354e-03
-9.459639972704009941e-03
-1.141894185590730526e-02
-1.253110771822953627e-02
-1.275215934160023150e-02
-1.446448624201916028e-02
-1.474052054809270491e-02
-1.539820956493810622e-02
-1.662475326567785031e-02
-1.637033416250422563e-02
-1.715327010587779089e-02
-1.678388834788142880e-02
-1.560756932567762198e-02
-1.516011764524256671e-02
-1.362458750165191843e-02
-1.228399314387460146e-02
-1.104857196180304181e-02
-8.495912226528392827e-03
-7.272683697840382107e-03
-3.656377246962962384e-03
-5.952934396025496688e-04
2.485376904792851397e-03
6.232816400631139772e-03
1.082827488244286762e-02
1.495264199949202476e-02
1.729470976615680305e-02
1.499931387488893236e-02
1.624032468967305173e-02
1.447084598718061631e-02
1.083857114761761081e-02
1.134039632030166798e-02
1.104762675893517995e-02
1.191257857035297844e-02
1.589048105391963409e-02
1.662963549305975300e-02
1.897044322021320534e-02
1.668287691154907160e-02
1.688838978245122899e-02
1.425564570851383696e-02
7.202393805022385201e-03
4.873297319475979918e-03
9.787268579236620483e-03
7.240610129284411056e-03
1.135243932988693263e-02
1.118687370143643493e-02
1.011076056071118050e-02
1.013742313874891471e-02
3.861740501276584268e-03
9.501604934557157656e-04
-3.903964599160212115e-03
-1.028051930078461261e-02
-1.695654275762431204e-02
-2.602401927629510031e-02
-2.896128820804906578e-02
-3.378742270128656799e-02
-3.589734259416597212e-02
-3.737073218722687662e-02
-4.035199861330333870e-02
-4.155814890310226967e-02
-4.391016961417514713e-02
-4.566581610979469213e-02
-4.659015570667856404e-02
-5.067260528028123823e-02
-5.339660988271466985e-02
-5.438262731693541130e-02
-5.890211255817322938e-02
-6.267854681181209142e-02
-6.356162971133984263e-02
-7.385895327082733774e-02
-7.428748731692193241e-02
-7.324079556761653453e-02
-7.520283661340432246e-02
-7.135170961474654461e-02
-6.967599373513043426e-02
-6.715179458047225436e-02
-6.091026102055115826e-02
-5.720351828778732356e-02
-4.950294869691009708e-02
-3.898077168274370619e-02
-3.227655735159591643e-02
-2.295544776284823632e-02
-2.300404171889460989e-02
-1.918140976422941929e-02
-2.194956616011402295e-02
-2.106708059963422613e-02
-2.005786950617600289e-02
-2.040114318191951423e-02
-2.129011106012239363e-02
-2.161923144105509439e-02
-2.049799275976767893e-02
-2.069344350519217862e-02
-2.025379384761137255e-02
-1.700456253362331999e-02
-1.591137465825828365e-02
-1.366835754840154543e-02
-1.293574553551928887e-02
-1.181838863908962062e-02
-8.610476931080043514e-03
-7.564841054324348939e-03
-2.350563087319083345e-03
1.357930265676635020e-03
5.146566379440910971e-03
1.654710317510159345e-02
2.160740656685190136e-02
3.204635208772615984e-02
4.446067454719182521e-02
5.041705588662595550e-02
6.594411537064406859e-02
7.215620541873313254e-02
7.716367033188707703e-02
8.247981554214768585e-02
8.264525596686926601e-02
8.086415226698571990e-02
7.912908369944340881e-02
7.736220303987877134e-02
7.424088329016878540e-02
6.425386582255218637e-02
6.149031862362367568e-02
5.208779096699890643e-02
4.626747602674403936e-02
4.010533517415691696e-02
3.058235182240362504e-02
3.004356988842323342e-02
1.946597392569770699e-02
1.789303707442425201e-02
1.429865453904917948e-02
1.130622689239069341e-02
9.676452544054327948e-03
7.190755387740225407e-03
8.430777292221735067e-03
5.551844293490627857e-03
6.716311270889317037e-03
5.789353232736473877e-03
-2.482375123481802680e-03
-6.594320385902569318e-03
-1.062540078078211617e-02
-1.194940564187944691e-02
-1.149983227252684807e-02
-1.200270906093528316e-02
-9.655426165968105517e-03
-8.658586276250556518e-03
-6.594199276016747893e-03
-4.066328983447962085e-03
2.776683414088541618e-04
2.062016033883359942e-03
6.543317101256251531e-03
8.209544863864498207e-03
5.657948565468979250e-03
2.651297300938287253e-03
-1.767194125380763857e-03
-4.694390858867535793e-03
-9.629471251986810448e-03
-1.457408428588233100e-02
-1.948307400067535861e-02
-2.161063500542433069e-02
-3.184457104440207437e-02
-3.296548786611794291e-02
-4.359889205272080015e-02
-4.858622822550832943e-02
-5.089298599210465707e-02
-6.597320619461305435e-02
-6.667381320439490222e-02
-7.516728593653139445e-02
-7.927533177560057431e-02
-7.906889114914376904e-02
-8.331022109843638779e-02
-7.833727018895467187e-02
-7.876482264080941764e-02
-7.316628024709014022e-02
-6.507430613322191804e-02
-6.329668484989506294e-02
-4.651235683115571146e-02
-4.338362142554345879e-02
-3.765620048379349910e-02
-2.908989327534181740e-02
-2.956944136781551949e-02
-2.473075781171950316e-02
-2.234628013926138329e-02
-2.480865352195526022e-02
-2.156461626479943411e-02
-2.287285383674310044e-02
-2.381117031924279495e-02
-2.305742060572443103e-02
-2.519857604537356979e-02
-2.665776710810313643e-02
-2.729077601642211637e-02
-3.066701228558310621e-02
-3.289871934792452240e-02
-3.321690615629985244e-02
-3.810917535649009646e-02
-3.672041154329468843e-02
-3.768120446216612768e-02
-3.843062771330739424e-02
-3.547352990122853988e-02
-3.628755749625365429e-02
-3.293902559144768621e-02
-3.027743958625816328e-02
-2.912943413340202820e-02
-2.264860483946437228e-02
-2.150955806648742474e-02
-1.935724787278222253e-02
-1.659183031744766376e-02
-1.650998276742917867e-02
-1.440854677224435131e-02
-1.422835631513413163e-02
-1.344520875093394886e-02
-1.286837657721421474e-02
-1.343269122400907178e-02
-1.217197499856124271e-02
-1.383851939203160214e-02
-1.319084955278975076e-02
-9.317631515503967468e-03
-8.807096920811600949e-03
-4.895514106403568363e-03
-3.671673157204235604e-03
2.946206719720032095e-03
3.756830898564633356e-03
3.459234913503410769e-03
5.238897865878481067e-03
-4.858978351618564468e-04
-1.345736773628599704e-03
9.445533093825769517e-04
-1.502082619611715955e-03
2.466012665844644243e-03
6.541930043431793372e-03
6.740291486235861287e-03
9.173893245615967473e-03
8.776676212155547219e-03
8.990418628582939192e-03
9.960561442325576928e-03
5.094693410083579038e-03
5.628061979086319139e-03
4.855195882120979210e-03
3.622222455998325499e-03
4.474989183924529650e-03
3.536902119981968993e-03
4.750695732080417212e-03
5.103865596543857679e-03
5.113497936818985068e-03
9.308860729421280719e-03
9.475630197062637552e-03
1.044207400390013973e-02
1.171471534073604062e-02
1.165712742054736233e-02
1.258013384870517760e-02
1.231285562221107188e-02
1.275410248990426626e-02
1.291037704400927952e-02
1.125990408620817541e-02
1.120344484716709853e-02
1.077671167271992449e-02
1.029852963584671627e-02
1.031246844678027769e-02
9.952686556897068909e-03
1.008097599300111953e-02
9.923767871644052080e-03
9.849631709024045390e-03
1.060165073852988721e-02
1.064124555693052657e-02
1.091180395845514975e-02
1.115576885416876517e-02
1.120689627017026034e-02
1.136897509639598139e-02
1.144291237281362499e-02
1.149620038123774779e-02
1.156735213386172328e-02
1.159676882572946433e-02
1.163172796380187481e-02
1.165983703730790605e-02
1.167504495610440299e-02
1.169313692074026509e-02
1.170407817299125817e-02
1.171120949062424456e-02
1.172035162466655324e-02
1.172202558027659290e-02
1.172469135144481658e-02
1.173022873712281818e-02
1.172003840335368759e-02
1.172790826968993574e-02
1.172332161324187751e-02
1.169718972179717952e-02
1.173278857174809425e-02
1.167377524653749089e-02
1.166567468070429762e-02
1.173766698461646205e-02
1.151018242709862804e-02
1.171049615803420631e-02
1.162627397196386303e-02
1.117131323757617617e-02
1.205172220863253568e-02
1.084973797198533589e-02
1.092157428814905830e-02
1.161700167674844554e-02
