-1.023022600472706664e-03
-1.098825025074788488e-03
-4.537730177072931315e-04
-2.665305738244029901e-04
-1.264941110161971454e-03
-7.646308650345795327e-04
-2.210450073958182115e-03
-1.510749797548359202e-03
-1.659954598172338862e-03
-1.932231800593028903e-03
-1.524780086746496807e-03
-1.733820726050703566e-03
-1.677028011026049543e-03
-1.578927155524203476e-03
-1.656565051740587760e-03
-1.553328664056296150e-03
-1.521174714642639257e-03
-1.453432593752384443e-03
-1.193177212675043284e-03
-1.192230705283918576e-03
-4.636626894536579496e-04
-4.858431431014048748e-04
-4.324177835833950729e-06
2.509682976990757451e-04
5.086301224010792224e-04
1.334898801595102089e-03
1.415909737286482435e-03
2.351878850114163047e-03
3.462785345949636901e-03
3.110975750795681033e-03
5.316759254480332535e-03
5.421914155839951087e-03
3.266010659400947654e-03
7.173050956313664368e-04
-4.253534000428671642e-03
-1.686068410672271131e-02
-2.265401252126102161e-02
-2.421310227253947386e-02
-3.466990665698226753e-02
-3.459654987110506730e-02
-3.490378424392603929e-02
-3.650394286502916391e-02
-3.594198429306492276e-02
-3.562714822869555986e-02
-3.712862295926062234e-02
-3.816436161397719629e-02
-3.660172974532675122e-02
-4.118417401438737024e-02
-3.845721857834611540e-02
-3.199725273635326689e-02
-3.326222283243291528e-02
-2.152675497453241174e-02
-1.663550214221510073e-02
-1.290018540491468836e-02
-2.088738536794068536e-03
4.700291436506594429e-03
1.013018400466504307e-02
1.927466840032104889e-02
2.215773901654442130e-02
1.799921907875678961e-02
8.435774126271316370e-03
4.915950482745099631e-03
-9.333831253076650680e-03
-1.444955643855801858e-02
-1.828834253346245733e-02
-1.887393584885135867e-02
-1.733721258550389652e-02
-1.142636428030443900e-02
-3.058456208932280960e-03
9.013511411757492778e-03
1.005633732521783036e-02
1.329773639155423445e-02
1.276581154926291831e-02
9.302227012202582412e-03
1.010988376633061361e-02
6.632243312273775754e-03
7.265980250522410117e-03
6.446590727909071866e-03
5.580756783703211786e-03
6.602428882497167820e-03
5.011483804483491712e-03
6.466506752692134652e-03
6.483615335714940087e-03
8.187928524058175894e-03
1.087042585015016508e-02
1.194659141915482489e-02
1.629814528307245089e-02
1.795908154638063345e-02
1.453977063644799547e-02
1.506783447657918107e-02
1.314758214616719087e-02
7.935892187183954047e-03
7.845432909751598113e-03
6.468793344960076588e-03
6.778702119353339876e-03
3.815338345143845945e-03
4.504076509923615572e-03
4.736095047080402139e-03
-2.315588738561259394e-03
-3.268222765029085643e-04
-6.458337700081570164e-04
-3.304172305396395424e-03
3.756107078998855917e-03
3.250077284627810991e-03
4.683447842354448651e-03
8.458886293581727167e-03
8.121663885746092243e-03
1.103193653839653655e-02
1.130795615319337213e-02
1.378328120260051935e-02
1.432494550740290133e-02
1.530706797543960121e-02
1.761106918597329582e-02
1.666268383064998734e-02
2.091152344367135096e-02
2.183294394311102032e-02
2.332526952890388514e-02
2.641939478573820249e-02
2.432844767140475081e-02
2.413172607741925421e-02
2.265426684394253320e-02
1.820995257403722201e-02
1.914630139306701395e-02
1.441398947587022028e-02
4.802404288514054362e-03
-1.204570687474181825e-03
-6.448546542924265754e-03
-9.323788037655178842e-03
-1.664020548025609350e-02
-2.538714772188761792e-02
-3.066299167727893835e-02
-3.941327459330811606e-02
-3.801497541617758491e-02
-4.252983615518327043e-02
-4.283096832248670105e-02
-4.274101005388873664e-02
-4.500194118564776469e-02
-4.437452993761004105e-02
-4.545110255004116556e-02
-4.642265969565853578e-02
-4.590637842630254650e-02
-4.771999305465501884e-02
-4.690825046641010354e-02
-4.549767651650719197e-02
-4.581755350725458253e-02
-3.713190968281258886e-02
-3.449582292050927534e-02
-2.973001322324351006e-02
-1.926428819621190183e-02
-1.639111615559549553e-02
-1.090537925556447560e-02
-9.407159671325745001e-03
-5.224538459263280109e-03
-3.931521708603738507e-03
-7.346820757001592921e-03
5.301198603918438283e-04
-1.197666902496749911e-02
-8.087851451259375421e-03
-1.137259031442131377e-02
-1.749228244042027106e-02
-1.164242326490893924e-02
-1.475403514197972527e-02
-6.143199497759492707e-03
-2.999477294461608701e-03
5.711924843104947136e-03
1.858097785229877869e-02
2.567026817271943900e-02
3.651393873278776375e-02
4.289830773988878576e-02
4.950046339205182305e-02
5.364867462244989754e-02
5.379345406706476096e-02
5.638113910182993016e-02
5.402885823837410423e-02
5.393286198989894614e-02
4.906256640150740561e-02
4.274770613744813264e-02
3.594553701653227518e-02
2.698454153723318580e-02
2.349006390654028581e-02
1.608880906283927104e-02
1.332640459182950557e-02
1.126866363674832242e-02
6.574334941497738533e-03
6.979057938045937250e-03
4.170331210133140266e-03
3.033833732763781613e-03
5.344070883773024624e-03
1.439916324294790093e-03
3.012660593098083137e-03
8.234867701682713551e-03
9.630176847129995332e-03
1.273037009989354436e-02
1.537170391241376131e-02
1.840823813624735406e-02
1.722835438825562684e-02
1.964836219247101737e-02
1.906820171659422136e-02
1.839557401395458189e-02
2.268860732073709960e-02
2.869055537215633653e-02
2.642205692502734571e-02
3.054394878848993786e-02
2.832056173124323714e-02
2.534910618719731640e-02
3.109052109773229391e-02
2.406870341450785891e-02
2.693588896323692583e-02
2.680376859836730921e-02
1.603473102355266675e-02
2.018315865385751987e-02
1.129478871398492679e-02
7.552272697707659507e-03
8.934099531434890051e-03
2.015829617491715110e-03
6.834419668973275210e-04
-2.255036343484131522e-04
-7.349281223876332446e-03
-8.574002476873579526e-03
-6.550482172124854133e-03
-9.657967266393100228e-03
-1.076298549655532039e-02
-1.321561676435078700e-02
-1.405993285166555300e-02
-1.773116248071175682e-02
-1.753331648704187923e-02
-1.529480702716330340e-02
-1.608675355909319066e-02
-1.188118473897705786e-02
-1.183666905250381485e-02
-1.230363779886182139e-02
-1.145464136161074287e-02
-1.329670726760135736e-02
-1.465810247172434286e-02
-1.250915379742921149e-02
-1.295081258212153925e-02
-8.129537265020931464e-03
-5.509959253953193581e-03
-3.305607021025979038e-03
5.795853869582567527e-03
5.563270278748960046e-03
1.123500178689838466e-02
1.199083938158441824e-02
6.198733655994062564e-03
1.248451826242385695e-02
5.443003456735185340e-03
5.492914494761100795e-03
6.848419605737527532e-03
-5.547483389681384788e-04
4.739042325477157112e-03
1.047306252845844107e-03
8.543837551806678999e-04
9.010599113511855510e-03
5.335590613247536383e-03
1.511692707929109328e-02
1.834067929490613980e-02
1.521647596989723038e-02
1.955793999767685767e-02
1.788054057613273906e-02
1.280123648678554472e-02
1.205344250318511959e-02
9.669676214328581237e-03
5.060776997043593857e-03
2.136297108267109363e-03
7.358179905892252770e-04
-1.001470234662476914e-02
-1.210564413828434799e-02
-1.435456679200405872e-02
-1.969221753459672597e-02
-2.047841613549005596e-02
-1.913655803176825612e-02
-2.361691112974801179e-02
-1.954084481026000311e-02
-1.554399179013452037e-02
-1.588731902202388316e-02
-2.013755900057734392e-03
-5.902799336787993567e-03
-3.780613557830660946e-03
-9.786339743810491733e-04
-1.298835351706026896e-02
-1.491487320320199726e-02
-2.068495608375386582e-02
-3.335553460323239378e-02
-3.552144724348052507e-02
-3.955415403109523859e-02
-3.423342337961053639e-02
-1.977203402216202652e-02
-1.069410419495955659e-02
4.363027456722261797e-03
1.590519626914385989e-02
1.521002505341264438e-02
1.942239709593573949e-02
1.199200798808240133e-02
5.953559940206592897e-03
4.431780136687261083e-03
-6.255167157475093574e-03
-3.853661990687840769e-03
-6.694770288617904810e-03
-9.449195452109560370e-03
-8.863363842987255926e-04
-1.599705857834529199e-03
-1.691715025127859748e-03
-2.525152429553906893e-03
3.495392514230867467e-03
7.979768595781455351e-03
1.382354462527801350e-02
2.954606446955711924e-02
2.823658962809650133e-02
3.475555771387014992e-02
3.706949652820155233e-02
2.662093462633146473e-02
2.715361178759919530e-02
1.911635009285670914e-02
1.022213470905321449e-02
8.244766209427378811e-03
-2.482158607447416086e-03
-6.660677253240823541e-03
-1.061042432687580271e-02
-1.803254702544629731e-02
-1.870180963272666946e-02
-2.211166846339231162e-02
-2.476159149739644294e-02
-2.252393290625618813e-02
-2.340475801748925777e-02
-2.072091183466292022e-02
-1.301683290462694181e-02
-9.809510570845845004e-03
-8.921736085537680444e-04
7.581424382532396186e-03
1.295955741536896667e-02
2.183639191122400958e-02
2.659281271354232978e-02
2.350528046184871545e-02
2.039791144255093461e-02
1.522937617021948888e-02
4.361329187063282885e-04
-4.300758856212070005e-03
-1.155155315235987384e-02
-1.953955176067381783e-02
-2.265319318840038065e-02
-2.549039201589999720e-02
-2.945944300344150585e-02
-2.998437354609144803e-02
-3.057977413221569726e-02
-3.877154852888688163e-02
-3.373541450343149617e-02
-3.082580567270370303e-02
-3.183518770377163909e-02
-1.601891890698892151e-02
-8.013161787651908521e-03
-3.310834992307300911e-03
1.589010017980021020e-02
1.902582544675241252e-02
2.723936128916286739e-02
3.385284731671769909e-02
3.901575334936915190e-02
3.772931575512035451e-02
4.077799399261449603e-02
3.931453731675607632e-02
3.264353089327141910e-02
3.344279819428388340e-02
2.682763486783796766e-02
2.410484933264585988e-02
2.886016546557839541e-02
3.018390790499837772e-02
3.911572471181362642e-02
5.326578136732883911e-02
5.906164183642324123e-02
7.196257073161835272e-02
7.992397605635685742e-02
8.647777245498143583e-02
9.436483808371233517e-02
9.675314756949753014e-02
1.018107001526593891e-01
1.054348426278443190e-01
1.070026138093693735e-01
1.104819289846084851e-01
1.121470413455000897e-01
1.137521878423284755e-01
1.155261727272355876e-01
1.158666760750664965e-01
1.170690346858413028e-01
1.170935653414996586e-01
1.171738655156452785e-01
1.174799599010179912e-01
1.161891144782333657e-01
1.164064732279608411e-01
1.148481841880367726e-01
1.130217041924928556e-01
1.126757331269962192e-01
1.083360851315862128e-01
1.070511361675806350e-01
1.037790977301685513e-01
9.732344703322742818e-02
9.655631658568063214e-02
8.738940165334821430e-02
8.205373789492854952e-02
7.826295174192522686e-02
6.272506162486980730e-02
6.031823700175254627e-02
5.026182806378787227e-02
4.277193878332184729e-02
4.229241328804390215e-02
3.315674978862471339e-02
3.334432633484860770e-02
2.959296885628901960e-02
2.647158429623527182e-02
2.527736606576387948e-02
2.295006625048598425e-02
2.161310931166295080e-02
1.861433038355206349e-02
1.840823056249237671e-02
1.460291276713045899e-02
1.457552527655035270e-02
1.331623617119502903e-02
1.225928497996972392e-02
1.203682012188687749e-02
1.114146712857898291e-02
1.084776154350818901e-02
9.919767517179392535e-03
9.432151667809854020e-03
8.562188671369165213e-03
6.435053199219660340e-03
6.433749724650406412e-03
2.705648100454366347e-03
-1.498274038849767601e-04
-2.772595908431797437e-04
-1.107352707695575741e-02
-1.217073713307746836e-02
-1.448745601077557066e-02
-1.895367325248939125e-02
-1.905573315738835413e-02
-1.950439934041958701e-02
-2.094487575783491803e-02
-2.080978244692121074e-02
-1.770341077758490200e-02
-2.038301609752965135e-02
-1.498353716483774405e-02
-1.148600177630065139e-02
-9.394996428680886871e-03
-3.613855472725712760e-03
-5.759983103845417278e-03
-2.682739419519485080e-03
-1.877961960485169954e-03
-2.343562090461297296e-03
-8.403293937966359360e-04
-1.011557915678436455e-03
-6.963090843225982650e-04
-2.311530598514575582e-04
4.510988399640367033e-05
2.595885481494331201e-04
7.503905459269011010e-04
1.382003990370047177e-03
1.186829336884704300e-03
2.323799690406119084e-03
1.955852129182868940e-03
1.654550184387605302e-03
1.039959308791418049e-04
-3.985727585103122092e-05
-3.394785463568752819e-03
-6.317929792634468383e-03
-6.636407042981426127e-03
-1.539672232171617437e-02
-1.576206846092689101e-02
-1.773780503632713113e-02
-2.126060141551112948e-02
-2.071604484020539080e-02
-2.233139948569788300e-02
-2.260983611736768276e-02
-2.182915778270471535e-02
-2.250882889030650369e-02
-2.040557722718491784e-02
-1.948353994563407909e-02
-1.904196888190062137e-02
-1.389939676482203866e-02
-1.358350946837479437e-02
-1.288008848879555225e-02
-1.165209970526987111e-02
-1.192378280991274707e-02
-1.151309215727868741e-02
-1.133563976793674002e-02
-1.144843486855240053e-02
-1.132284788617842451e-02
-1.134767702366242317e-02
-1.136957855674861420e-02
-1.134699174182201252e-02
-1.136738616161035893e-02
-1.136700912193797791e-02
-1.136694641135337774e-02
-1.136946959819180522e-02
-1.136810431854214272e-02
-1.136802887934488387e-02
-1.135534759581180268e-02
-1.136268618155061340e-02
-1.134173019737240440e-02
-1.131369708475604523e-02
-1.134449564591433722e-02
-1.122787414488446607e-02
-1.123979691704156923e-02
-1.123550684898241489e-02
-1.089849356959004742e-02
-1.114739734792297675e-02
-1.066914392090677344e-02
-1.044726288500697452e-02
-1.063199108313409198e-02
-9.125941427949542384e-03
-9.050379095495482071e-03
