3.075952926426569860e-03
3.255764399919136402e-03
6.571543154526148824e-03
5.952114651872057738e-03
8.735339438243026888e-03
9.652461482361311684e-03
1.093442547827941543e-02
1.102753296095647546e-02
1.126116804342262856e-02
1.143101031770983773e-02
1.130759512147757294e-02
1.139977094612759818e-02
1.137486218872748797e-02
1.134903209916439046e-02
1.137200562988001720e-02
1.135246060121224143e-02
1.135312025423592698e-02
1.135484643607639378e-02
1.134913302958266701e-02
1.135072630073521993e-02
1.134935164709154412e-02
1.134858221319935863e-02
1.134858634454005526e-02
1.134734314906040396e-02
1.134824604616080368e-02
1.134537011419142066e-02
1.134540123643433367e-02
1.134314031371593673e-02
1.133201650962045205e-02
1.133064384937721922e-02
1.127581505746958965e-02
1.126102202109045478e-02
1.111529999506649657e-02
1.077613080121199961e-02
1.083068724527085948e-02
9.379375312066730655e-03
9.301890450383681896e-03
9.073873809779319649e-03
8.688927460231806593e-03
8.630287965112667242e-03
8.425517998438606521e-03
8.808967132857553964e-03
8.700278808052856055e-03
7.788679051963208651e-03
7.304026872198445333e-03
6.927976463959192865e-03
5.132308767741123635e-03
5.398258368582520804e-03
4.527993126100958790e-03
4.632450492108294848e-03
8.363448310400026968e-04
1.656608934034497485e-03
1.512191859377216060e-03
-2.551154396845294395e-04
-3.096476490134953373e-03
-1.541770970926348294e-02
-1.965597513781897065e-02
-2.807699234032836472e-02
-3.627831227728252339e-02
-4.058043868584664676e-02
-4.944330955565942598e-02
-5.676438611666809880e-02
-6.927462467752808217e-02
-7.015797427900280492e-02
-7.678742428162808886e-02
-7.757889363585494802e-02
-7.720192317776626567e-02
-7.936936664734581259e-02
-7.843408096932548423e-02
-7.798464316999685619e-02
-7.908569570213301592e-02
-7.859579875267418136e-02
-7.935070734889104749e-02
-8.139458523747988838e-02
-7.974336647924691601e-02
-8.195216540034670760e-02
-8.051322407178086726e-02
-7.842215676355780707e-02
-7.989835671205020029e-02
-7.240354440259230695e-02
-7.118263248501564833e-02
-6.427510007101736034e-02
-5.241228724516704129e-02
-4.587292477755110925e-02
-3.351435144440996494e-02
-2.185835004205382778e-02
-1.241791548191377957e-02
-5.652836796066121501e-03
1.154747070731283482e-03
1.761204661474642360e-03
2.014792459058631878e-03
4.381855127628718830e-03
1.271640854232042404e-03
2.237278926464336334e-03
4.679549592101685251e-03
3.582626371682661424e-03
6.882692533546767898e-04
-5.999172597736752988e-03
-1.117154304970814811e-02
-1.923292469871677735e-02
-2.701802960652260194e-02
-3.140747110565226402e-02
-4.138128148461579781e-02
-4.224643849315824068e-02
-4.122083978778217500e-02
-4.759645007155032664e-02
-4.489812149028567234e-02
-4.299436837633696662e-02
-4.491597622454526761e-02
-3.869562948901417859e-02
-3.583968028530964967e-02
-3.323152699169654861e-02
-2.701304292286344985e-02
-2.661165962781353658e-02
-2.293140704313733139e-02
-2.097332459426580475e-02
-2.296313925143614668e-02
-2.175922010170057083e-02
-2.469040346987062470e-02
-2.978050027987872925e-02
-3.004056514800626174e-02
-3.264013033508127160e-02
-3.535161471299439612e-02
-3.286637772609744129e-02
-3.589626116051912452e-02
-2.699174819229692435e-02
-2.433645932481834362e-02
-2.391064432615096907e-02
-2.366303541271224872e-02
-2.139585011672364562e-02
-2.118333618689113157e-02
-2.177389610999858754e-02
-1.916939876671520937e-02
-1.878992052389515111e-02
-1.671457143546284385e-02
-7.076530685681810089e-03
-5.612575291644857425e-03
-2.997603701524073367e-03
1.929133267987220282e-03
6.364236828106916702e-04
4.282506622040909393e-03
4.330102428913631778e-03
5.403493562970203973e-03
6.364646874957916728e-03
3.767435861762420939e-03
4.816871924643084668e-03
4.557663274980755172e-03
6.787805486596459360e-03
7.458165213256429983e-03
5.691116691379468837e-03
7.356575571406107072e-03
6.974519717049020191e-03
6.481141191205954874e-03
1.030514766281844831e-02
4.260435174665579659e-03
7.719303051168017148e-03
2.931707193728909627e-03
-5.027834476533305126e-03
-1.194161209304902627e-03
-5.520364374910727290e-03
-4.600425997608999749e-03
-8.051419631389010933e-04
-2.619835987664448102e-03
1.293954038669540381e-03
1.191378518175690389e-03
-2.131149596062016356e-04
9.597979803158777088e-04
-2.274566670704155410e-03
-2.886752478562687983e-03
-4.194364788959781092e-03
-8.801438897597515382e-03
-1.029724257204248615e-02
-1.626480646771047769e-02
-2.367351820271435675e-02
-2.975942036568504645e-02
-4.124291209389593232e-02
-4.300471242219899154e-02
-5.446090142452738453e-02
-5.460071607987672382e-02
-5.102871287551053597e-02
-5.620826081129020463e-02
-4.456043028726922040e-02
-4.529457693507472210e-02
-4.740728782261643265e-02
-4.063681755963029912e-02
-4.706094036196620256e-02
-4.388501001160196452e-02
-4.184271008686640120e-02
-4.330583407439383276e-02
-3.918704856934155517e-02
-3.957101750596932199e-02
-3.899872201736529626e-02
-3.782268066948515223e-02
-3.849569743379243486e-02
-3.824876623357749417e-02
-4.010319170112425918e-02
-4.171601280910827714e-02
-4.241881560848217297e-02
-4.401733168145743197e-02
-4.499979703389655333e-02
-4.607117710339434652e-02
-4.691911495939043997e-02
-4.835017441545297334e-02
-4.884123807370174125e-02
-5.102107881804133355e-02
-5.214445581076720265e-02
-5.304663896661767492e-02
-5.493893711960942672e-02
-5.558531258489866206e-02
-5.637387033405912018e-02
-5.801160809620196229e-02
-5.750193501615795399e-02
-5.815471899392221644e-02
-5.781142742446467031e-02
-5.381770622133605353e-02
-5.341562089540383834e-02
-4.897012069197380357e-02
-4.458065116535878114e-02
-4.022683146646614111e-02
-3.370201718574403899e-02
-3.007240036320204396e-02
-2.117648597946433786e-02
-1.727876741524673326e-02
-7.805379241318040513e-03
-4.690802554322776041e-03
1.040095011509022300e-04
2.774506413429377039e-03
9.271898096532444353e-04
2.714364323217730718e-03
2.850317075877053120e-03
2.583384460729266571e-03
7.218043057742991320e-03
5.496825278301102971e-03
4.421350893439431919e-03
4.170256837269870412e-03
-2.876842880522008285e-03
-5.908191980995512391e-03
-1.060050306905196797e-02
-1.989811400309774575e-02
-2.427165409612937544e-02
-2.954464275290140385e-02
-4.471149585179615832e-02
-4.679055253831421873e-02
-5.791568623061621457e-02
-6.518130819168931056e-02
-6.009564241315648592e-02
-6.489968753433933424e-02
-6.610858200741245860e-02
-6.112604543066723489e-02
-6.331911579807125712e-02
-6.746844098588607175e-02
-6.943332595363388426e-02
-7.832878263442230593e-02
-9.761751018748908437e-02
-1.126887163200739062e-01
-1.223119991830857733e-01
-1.335256138557228411e-01
-1.312451095455123284e-01
-1.356994620048630751e-01
-1.341819636096486801e-01
-1.280718231314112998e-01
-1.301601544761367135e-01
-1.168214987611007061e-01
-1.120654382058619281e-01
-1.019575106965215916e-01
-8.182604632451551119e-02
-7.226252682091933999e-02
-7.035460889997584288e-02
-6.426341332802106010e-02
-6.460839663581063874e-02
-6.291765753104565373e-02
-6.078539449869208022e-02
-5.479335793031549912e-02
-5.384541734246642980e-02
-4.691195829354298519e-02
-4.303926399059695984e-02
-4.133588580582902433e-02
-3.217079203122445025e-02
-3.484248617969146894e-02
-3.296272103557532779e-02
-3.446111496740592722e-02
-4.392263666586680021e-02
-4.820861646383615973e-02
-5.717623372579983682e-02
-6.400857404670319550e-02
-7.094060577998545503e-02
-7.540127197067723885e-02
-7.667532209291032241e-02
-7.770064451228299307e-02
-7.489813617256738110e-02
-7.049057946962862531e-02
-6.713749498902885082e-02
-6.257709741869546538e-02
-5.507644847280356026e-02
-5.187652055393479622e-02
-4.498084082118094379e-02
-3.892551820170723348e-02
-3.595276411732756944e-02
-2.755010384221214317e-02
-2.400204605258055707e-02
-1.984085186834429540e-02
-1.093461670279514790e-02
-1.166764429821488987e-02
-5.266916709282055790e-03
-4.410232899965202229e-03
-9.154594883367492275e-03
-5.113909138079488631e-03
-1.113345878456427004e-02
-1.286018793979752661e-02
-8.135112552265750391e-03
-1.292787971122193527e-02
-8.816138176730969542e-03
-2.787959807884079523e-03
-3.095457921697171520e-03
5.299029228249674608e-03
6.426457818398665679e-03
9.153944200664329567e-03
1.184769945293362610e-02
1.003353497984287024e-02
1.112829414952059594e-02
1.051345610688791607e-02
1.045065657600903995e-02
1.043731599192942137e-02
8.922484126189815165e-03
9.135153004098308521e-03
7.107581418301821968e-03
3.376792332312792289e-03
4.377383772258932465e-03
3.951162257451979257e-03
1.496258902054983277e-02
1.753348265562163985e-02
2.400505563518357324e-02
3.007337247642457786e-02
3.151289825827131852e-02
3.846495376897877266e-02
3.933802179287818057e-02
3.635238112458968190e-02
3.730012281924224848e-02
3.555178047638016259e-02
3.237018913397876618e-02
2.966179644775781069e-02
2.850606630003147887e-02
1.937945537828242651e-02
1.910215277745695023e-02
1.805059538062938826e-02
1.538405270662294294e-02
1.573906174556575360e-02
1.476265216483908099e-02
1.408193217351198963e-02
1.418486475374345149e-02
1.299082030795253341e-02
1.298512535461173421e-02
1.279955754918577111e-02
1.264683660507802745e-02
1.258707548852404205e-02
1.259910922890489574e-02
1.254388151704280766e-02
1.246019616804161165e-02
1.268255015134164311e-02
1.234567771401746776e-02
1.263936248015579480e-02
1.270752589949566969e-02
1.301172095469337736e-02
1.373087091978000308e-02
1.380646981549572480e-02
1.471210199518705429e-02
1.478567099776053294e-02
1.493573165143700747e-02
1.521131841521339810e-02
1.520354053632111055e-02
1.530955419524381370e-02
1.536673895201719035e-02
1.537403808973847666e-02
1.541433996428726375e-02
1.542403694174984859e-02
1.543302504415215541e-02
1.544471944778395313e-02
1.544780569546462881e-02
1.545353219578723784e-02
1.545695907430379677e-02
1.546137870451416534e-02
1.546599038146542933e-02
1.546884535538455181e-02
1.548210975154879800e-02
1.548567784857141603e-02
1.549813956817162365e-02
1.553855709981313490e-02
1.552987859309681341e-02
1.558638282049279108e-02
1.570433009933011950e-02
1.560625892933239882e-02
1.580972193060813102e-02
1.621667475873712558e-02
1.534410218524909220e-02
1.651921644412951071e-02
1.692669033467872342e-02
