9.878133068672999562e-01
1.045800110786547776e+00
1.487026645978115624e+00
1.506547285466155239e+00
1.532737672136839313e+00
1.555672571132296733e+00
1.542274421670734474e+00
1.555734704053988171e+00
1.555551511813548116e+00
1.554070489867253491e+00
1.558878963580627719e+00
1.557125042052685870e+00
1.558240156268923648e+00
1.559121312542493198e+00
1.558546212275406795e+00
1.559286701827207855e+00
1.559226748333611745e+00
1.559216888658060851e+00
1.559455943596607552e+00
1.559316674217664067e+00
1.559422475729688173e+00
1.559398285356227820e+00
1.559272819366527063e+00
1.559423482699096031e+00
1.559065976656092811e+00
1.559094130895951613e+00
1.559125365478404746e+00
1.558064924129803241e+00
1.558901609926597320e+00
1.557498512621795062e+00
1.556002223807252616e+00
1.558367885889552218e+00
1.551194126169413767e+00
1.553446716732157951e+00
1.551813171207940600e+00
1.527996001094390266e+00
1.526051794076970447e+00
1.500435534226530532e+00
1.505732491653534399e+00
1.499009956650430686e+00
1.495756047949383438e+00
1.537216746969165326e+00
1.538613906212194626e+00
1.563115744810163354e+00
1.575266030078397161e+00
1.582985192106221906e+00
1.597639799779234870e+00
1.598849566267028344e+00
1.547602410511383919e+00
1.533053040495425678e+00
1.431972515076114671e+00
1.305246896284973479e+00
1.254275286224826536e+00
9.857134850850902685e-01
7.970645908219550213e-01
7.953671757179701096e-01
5.176631265964254380e-01
4.754968605020929440e-01
5.773631340550422486e-01
4.227033596612738142e-01
5.897802359356463242e-01
1.042904726961447315e+00
1.103251750875423376e+00
1.696551185282809238e+00
1.819673538843783467e+00
1.984587294324060780e+00
2.016409618679091409e+00
2.000827342487404348e+00
1.985973641479810148e+00
1.971451102567928215e+00
1.978968590620496126e+00
1.966115435450919158e+00
1.979413165271005859e+00
1.982102360954831388e+00
1.988407326135575470e+00
2.026589459875382637e+00
2.041119731315861330e+00
2.076454956198553692e+00
2.108449229902924937e+00
2.124961420482809338e+00
2.132663465949572235e+00
2.141223946312944548e+00
2.154942057051937532e+00
2.173957323668419761e+00
2.047818625960538874e+00
2.074276886467817160e+00
1.994106862626020105e+00
1.807054982361781637e+00
1.772047371107288383e+00
1.668952037432376745e+00
1.569756124598881364e+00
1.542203661779241619e+00
1.372122756779476482e+00
1.358198152814541260e+00
1.176590433452390894e+00
1.106548201566452505e+00
1.170272448697035506e+00
1.072382149565317189e+00
1.097003413283561990e+00
1.108917588445007096e+00
1.029060909831625459e+00
1.129496637836649553e+00
1.167666404680064884e+00
1.274978209575099664e+00
1.699755042740025868e+00
2.010304359257522044e+00
2.249337203892975978e+00
2.405444608141844132e+00
2.455355453796714382e+00
2.452643591382956956e+00
2.501717913065758747e+00
2.496336421761071289e+00
2.493711546945380775e+00
2.479668361707758617e+00
2.451884249900729618e+00
2.454713069422270966e+00
2.403664495947250845e+00
2.385407866896622320e+00
2.351611586516229924e+00
2.277044988558285521e+00
2.237128596248145307e+00
2.179159045746161372e+00
2.127509479503518097e+00
2.134761387018256240e+00
2.149773432005640306e+00
2.174631640930881904e+00
2.264609391754854428e+00
2.334277686384014672e+00
2.339078930140262358e+00
2.348466112058793520e+00
2.345273465228076226e+00
2.309191834665466736e+00
2.288336996100279297e+00
2.282704138398262916e+00
2.246925021406428247e+00
2.246018217083374680e+00
2.245498205400418890e+00
2.229221469703635883e+00
2.248590357352912683e+00
2.241542197864847097e+00
2.253648142353959383e+00
2.283973141680822661e+00
2.296691222460886195e+00
2.337043767006051986e+00
2.364428240132511849e+00
2.398424868900255635e+00
2.441923555804419443e+00
2.408916206953830130e+00
2.432776137175865383e+00
2.400791289468083178e+00
2.370159827070799086e+00
2.211769091226636785e+00
2.148256422479165373e+00
2.003031302592982232e+00
1.614779790152841343e+00
1.356406509593121257e+00
9.781868813417703423e-01
6.440619731287767769e-01
2.568654348988499425e-01
1.045443119652100968e-02
-3.778905345417980510e-01
-4.931177874426420082e-01
-5.580790767479946179e-01
-6.554021461585539665e-01
-6.527682996682491190e-01
-6.382754578773532916e-01
-6.315514800197917777e-01
-5.629583752376544625e-01
-3.667538730520856216e-01
-2.136752642281150305e-01
2.376694296960885355e-01
5.224400368239524584e-01
6.662151367178391626e-01
1.009143425832049745e+00
1.183505095503032400e+00
1.299104978821790990e+00
1.339200459196189019e+00
1.176648268804153519e+00
1.153193411802172941e+00
9.107870471166801263e-01
5.739205531221349688e-01
4.964743369586024913e-01
3.282545269123087750e-01
3.711283817555646181e-01
3.336332044874763536e-01
3.396249071287296695e-01
6.194747487405757314e-01
7.159736415205119053e-01
1.177201783959173076e+00
1.397788389617385940e+00
1.632133867495941804e+00
2.073675041847675260e+00
2.206915948182308185e+00
2.490927403731065137e+00
2.505797986632331664e+00
2.541124436131612097e+00
2.550154419694263819e+00
2.525994873095037896e+00
2.523017450115384364e+00
2.523968865131852812e+00
2.506566722347782772e+00
2.511978678231333362e+00
2.501787263640179226e+00
2.493637270825575847e+00
2.495340136297659495e+00
2.479046478666123487e+00
2.477188215749624334e+00
2.466971633711380729e+00
2.446238772373016346e+00
2.437392066096712551e+00
2.417744515034739639e+00
2.401691566651141585e+00
2.389767467468687734e+00
2.369776967867990525e+00
2.357939633247751576e+00
2.344713312615888334e+00
2.342219793830957908e+00
2.341205408478631789e+00
2.336156532058276447e+00
2.343604542464220675e+00
2.352955687340516189e+00
2.363454192712975299e+00
2.353515292831313221e+00
2.354015669669004662e+00
2.328709337713068983e+00
2.294520922914187189e+00
2.018982352273105185e+00
2.011099494477622152e+00
1.644398644020259370e+00
1.440082435393576166e+00
1.234640260053972538e+00
6.979663480053512892e-01
6.184606431781659586e-01
4.563912242820218346e-01
3.127156910586922911e-01
4.294888376887258663e-01
3.367057222683562667e-01
4.777722607006312794e-01
7.135888604986929673e-01
9.514488888103463937e-01
1.463174811175032008e+00
1.711343557865136811e+00
2.372969969061643702e+00
2.463344748463728529e+00
2.555376268803303486e+00
2.622030676230212798e+00
2.628443829751839544e+00
2.657552187912795461e+00
2.718588149528880837e+00
2.744822837760811485e+00
2.840650278878505741e+00
2.910054103775715273e+00
2.926596803594839091e+00
2.983568739792534785e+00
2.989597637122830776e+00
3.004073645549897531e+00
3.035626406174962266e+00
3.012864246542393154e+00
2.910626599862126351e+00
2.657817494327353813e+00
2.185037413491829561e+00
1.836926939906098122e+00
1.753884167394392346e+00
1.533751667733611823e+00
1.537245309725321585e+00
1.561403849756432427e+00
1.573706091832257625e+00
1.908731965279148124e+00
2.293296715498637450e+00
2.480247089184267395e+00
2.571109948428996539e+00
2.624828010516199406e+00
2.717825349461809203e+00
2.791790647128819192e+00
2.876590479113223076e+00
2.996308707850844133e+00
3.125316277236156903e+00
3.205358807375604968e+00
3.313466633370440562e+00
3.375662273852389816e+00
3.431183556589335826e+00
3.471309801231234449e+00
3.488768950972789717e+00
3.508974683848478993e+00
3.517932127481087523e+00
3.518885182784909471e+00
3.511555716708970376e+00
3.500478116868921852e+00
3.456335631246570728e+00
3.435705106068733805e+00
3.397051209626836155e+00
3.336352581813359919e+00
3.297675889753845180e+00
3.235189203670676861e+00
3.172875335198868996e+00
3.120688898755119123e+00
3.069873865672744451e+00
3.028317747937507409e+00
3.000144718775252795e+00
2.982443775625635674e+00
2.974114475678905301e+00
2.963177560367129981e+00
2.960676254935875829e+00
2.952977195733309745e+00
2.952906015540581297e+00
2.949791637299330027e+00
2.947722266734343233e+00
2.958405257209943073e+00
2.958986625752484834e+00
2.949542721913339438e+00
2.950049587783921456e+00
2.779647810544093378e+00
2.736018536347858632e+00
2.442780241078199133e+00
2.280324891723721326e+00
2.090480449799145379e+00
1.585686375574233864e+00
1.309564770853878235e+00
9.703165949567184034e-01
5.944166626114911756e-01
2.433003214554492200e-01
-2.913353859914969562e-03
-3.947913561164300700e-01
-4.927568075489516808e-01
-5.661177289305088234e-01
-6.588934795988719006e-01
-6.480336812096705312e-01
-6.450375812324196101e-01
-6.251362944363786367e-01
-5.572246167384565796e-01
-3.705261535150252694e-01
-1.883816869117749537e-01
2.407552781173399881e-01
5.420981452204497453e-01
7.191711471847744841e-01
1.014323465256447676e+00
1.278663337142852185e+00
1.381542846783933687e+00
1.439248192245440539e+00
1.491343495396795449e+00
1.432543714565252424e+00
1.377301454822599469e+00
1.345091276583539441e+00
1.187625048883373946e+00
1.100927607137291542e+00
1.150203913236144126e+00
1.042669987346192428e+00
1.157709467516772950e+00
1.191012164696533482e+00
1.198691785946141675e+00
1.545880207666141537e+00
1.686729900282299965e+00
2.079475227046751140e+00
2.567009680544598105e+00
2.832530313025975577e+00
2.861426480200998768e+00
2.879989876420580686e+00
2.893718486757305808e+00
2.908238190260612033e+00
2.910597977974261674e+00
2.916084639142674906e+00
2.923972725947466600e+00
2.926617796121015580e+00
2.942228186928646405e+00
2.953862567185953303e+00
2.953069925572315846e+00
2.969919501266607309e+00
2.960557445862174841e+00
2.918791656145825808e+00
2.901494616632711576e+00
2.912060852224134688e+00
2.903666787408854422e+00
2.920145108838584580e+00
2.933292916211772017e+00
2.935462959206324385e+00
2.958050243334391372e+00
2.962626231119179554e+00
2.879019123077677378e+00
2.799192887421481313e+00
2.397428093511825065e+00
2.003193207483219940e+00
1.502525886232645380e+00
8.874766627978446509e-01
3.948952012902253728e-01
-1.233939558030816147e-01
-2.677523260576776809e-01
-5.248175675880755175e-01
-5.614312177354267019e-01
-6.005237073570325324e-01
-6.657845653671504715e-01
-6.586849748191504483e-01
-6.945353265351915661e-01
-6.870326793828589462e-01
-7.098096913747846681e-01
-6.751680886116618874e-01
-6.033680176760479741e-01
-5.014765452707137250e-01
-3.889900811580298545e-01
-1.899689130126303305e-01
1.426936278031687433e-02
3.549867465195719607e-01
7.384191270364659498e-01
6.562927823469104638e-01
5.510681275576524429e-01
5.039870895089423319e-01
4.885260430647269114e-01
6.208009705301228420e-01
1.020590630735942028e+00
1.539058786896396525e+00
2.034552817272155867e+00
2.432193243310040387e+00
2.701068231361112293e+00
2.712175834251817630e+00
2.743819930327985102e+00
2.746769355912767274e+00
2.763641482697015928e+00
2.784592042065797912e+00
2.791247634328196892e+00
2.816228769244795593e+00
2.837354678602239222e+00
2.880556312232974481e+00
2.926033873431207244e+00
2.950302479010502577e+00
2.972122459217070300e+00
2.991266280897037610e+00
2.995728437842346104e+00
3.010773922459952345e+00
3.023492305841183558e+00
3.025954820576832294e+00
3.042361233605353377e+00
3.041097207870229635e+00
3.036542617621243778e+00
3.040174842987290127e+00
3.025744508132985455e+00
3.018474057083505357e+00
3.002588242206849056e+00
2.907402882464087845e+00
2.732815686818693468e+00
2.457144804288543760e+00
2.349925263952280297e+00
1.927671722878561811e+00
1.851769497919113938e+00
1.824901973091938912e+00
1.654820586434819329e+00
1.630414697295783144e+00
1.572316152840571357e+00
1.233699387917852386e+00
1.192994215791028934e+00
9.560170156525608087e-01
8.057951225753697821e-01
7.206667207314860768e-01
5.783216222701840215e-01
6.513719967628531782e-01
7.986655244700766598e-01
8.575495036833622464e-01
1.064331520954597599e+00
1.175056337648210159e+00
1.286886380981064448e+00
1.518736543900232938e+00
1.568587496187498820e+00
1.735254259129213050e+00
1.763395765488100286e+00
1.755713914806873444e+00
1.810069359242746367e+00
1.799455031326960830e+00
1.805002739202629991e+00
1.827772598778721891e+00
1.817005394652837058e+00
1.802306529658330048e+00
1.794642097858811569e+00
1.777653380697043595e+00
1.771513385094804605e+00
1.761946431570876603e+00
1.753442997432799189e+00
1.747997386380192308e+00
1.735347880056903325e+00
1.730546762966593377e+00
1.715439984171273968e+00
1.697413041979904502e+00
1.689411080497030815e+00
1.641981364746344596e+00
1.610265791982477879e+00
1.591014101384623736e+00
1.560508397832819583e+00
1.560391391441010356e+00
1.552686898792294601e+00
1.545517636001164652e+00
1.545778692466499793e+00
1.541315215504212244e+00
1.540024746477326900e+00
1.539305998230869443e+00
1.537636482846801433e+00
1.537168491203350085e+00
1.536692951258254780e+00
1.535885311110084972e+00
1.535199864692048166e+00
1.535458856655198767e+00
1.533453038834939663e+00
1.533436908233169360e+00
1.533408425765196315e+00
1.527892942250886010e+00
1.531999477249114117e+00
1.524944926087433039e+00
1.517446338869971711e+00
1.529174359039019437e+00
1.494816956994305501e+00
1.507004354854944550e+00
1.505066694554210605e+00
1.417275137489884651e+00
1.511942381230352073e+00
1.364258231193284931e+00
1.263758379605893323e+00
1.360712774398659786e+00
