1.532468681591545728e-02
1.220744179033058339e-02
-5.196792628488410004e-02
-5.751940273944531473e-02
-6.003990855099745894e-02
-7.229707422177027165e-02
-6.315834860835120579e-02
-6.717785210677797159e-02
-6.747575371047974391e-02
-6.572173400902718565e-02
-6.721628950195858432e-02
-6.661946028636780981e-02
-6.654804682761969459e-02
-6.685010535574464896e-02
-6.656590307508196414e-02
-6.658688260404914405e-02
-6.667410817043228910e-02
-6.629895429862235623e-02
-6.636913898461618833e-02
-6.635025020346570213e-02
-6.500007091067296072e-02
-6.481774132024512025e-02
-6.466827109007262930e-02
-6.418348371248386308e-02
-6.408390139255745743e-02
-6.456983618973483052e-02
-6.348456282597964018e-02
-6.450003392178679795e-02
-6.514414251943256851e-02
-6.210690562446049418e-02
-6.878795745370643033e-02
-6.664306446148782204e-02
-7.321850127764462091e-02
-6.595654231497434516e-02
-5.180532272248626613e-02
-5.356947171083894371e-02
-1.098422639581903351e-02
-5.744249572435779216e-03
1.223259197191302675e-02
3.185922376110993104e-02
3.423761260322098071e-02
6.132593160643522862e-02
6.437100599596858042e-02
6.840266631893272831e-02
7.664422381280722174e-02
7.904706533900854315e-02
7.915951284595128257e-02
8.604984701560798588e-02
8.710813660980330775e-02
7.762672928133633465e-02
7.768783853323346644e-02
5.352064563623237792e-02
3.689609192092422468e-02
3.651429745612071870e-02
-1.573941805973668590e-02
-2.450182814400661199e-02
-3.646599695951369818e-02
-1.598447326821609837e-01
-1.710992146841242290e-01
-2.316173733045535088e-01
-2.893342855643373790e-01
-2.871145258575129589e-01
-3.334029142596503514e-01
-3.096181912393350388e-01
-2.688166134811892372e-01
-2.687898514567408914e-01
-2.375486978417313266e-01
-2.572691798925462736e-01
-2.743104600472850430e-01
-2.840501340337158731e-01
-3.494348164529095802e-01
-3.580662198294802812e-01
-3.788533308541759959e-01
-4.214317348958575016e-01
-4.042102860993685987e-01
-4.461937991351926369e-01
-4.355070810944497994e-01
-4.138116827242235285e-01
-4.181390497401801243e-01
-3.427833680980787445e-01
-3.262365380061934550e-01
-2.747981128812700402e-01
-1.996448143458645075e-01
-1.746670303747098751e-01
-1.441720223242472232e-01
-1.281269785552489882e-01
-1.259199663889609966e-01
-1.241860123321870402e-01
-1.533989862108189051e-01
-1.696141105161599050e-01
-1.667864688173355814e-01
-1.866798169805585217e-01
-1.557535179339528675e-01
-1.466714892500050604e-01
-9.941846891271599596e-02
-7.292401476898879853e-02
-5.370135526297884626e-02
-2.614784976465197967e-03
5.212931313724921550e-03
-3.639517464529232454e-03
8.322772606620825603e-03
-5.078199376624102819e-03
-2.308528222726681164e-02
-7.710939165739410031e-03
-3.149079848876601417e-02
-4.332615824146766881e-02
-2.808424437943801005e-02
-5.214936252947633549e-02
-9.910739481175238896e-02
-2.114077694555810960e-01
-2.785497933010011584e-01
-2.913650164424645972e-01
-2.875120248666388489e-01
-2.814499446155122597e-01
-2.641803388203510239e-01
-2.352309979573796173e-01
-2.036465728539253450e-01
-1.454439964431678278e-01
-9.370341676313116708e-02
-7.613318622644783817e-02
-4.697235945009344688e-02
-2.440318256171970096e-02
-2.925584001188790556e-02
-3.649294213564386637e-03
-8.996006674925467045e-03
5.546917300043403484e-03
2.161877042298487178e-02
7.961898579632144604e-03
-1.451614660565067258e-02
-1.470920152702618298e-02
-9.229951171707008462e-02
-1.092787567233771268e-01
-1.315140320610113933e-01
-1.674473586703323080e-01
-1.709428528502796862e-01
-1.995778740817821806e-01
-2.228126716755200465e-01
-2.221843352593305676e-01
-2.879132663980128459e-01
-2.949421278583396755e-01
-2.335209351023505575e-01
-2.506715695409515998e-01
-2.518585365838420520e-01
-2.351811925055700414e-01
-2.986585768037966493e-01
-3.017112887084177353e-01
-2.584149317880664598e-01
-2.774318637792997921e-01
-2.120512438068970495e-01
-1.702357929357550814e-01
-1.516556677889064064e-01
-1.259877458836485831e-01
-1.349565364897007125e-01
-1.581821948948221868e-01
-1.902876339818828644e-01
-2.193145821398765072e-01
-2.589784855030424215e-01
-2.940947834517382287e-01
-3.192836032809268088e-01
-3.620479178264293108e-01
-3.705104662833366147e-01
-3.842393747875638699e-01
-3.958050638034275037e-01
-3.769758902875282591e-01
-3.775468050297230982e-01
-3.547332938690501147e-01
-3.317786261782181279e-01
-3.188935424617598269e-01
-2.980823955472174935e-01
-2.934068120566149518e-01
-2.846103567058494432e-01
-2.667882907006772220e-01
-2.692214988689965449e-01
-2.501549590089319763e-01
-2.554605145087470719e-01
-2.535057836569786227e-01
-2.394171491551937980e-01
-2.315146608306164477e-01
-1.989801471613693584e-01
-1.626210889176560315e-01
-1.261996084157098186e-01
-1.015008419143836327e-01
-8.505203367763695954e-02
-5.872646826661411662e-02
-5.893933234614798233e-02
-3.541859582739947249e-02
-3.139097597611342771e-02
-1.509666618903802819e-02
2.530835024076873163e-02
5.717101258045296369e-02
3.667457832050061151e-02
1.730071081305396136e-02
-7.278226566468763009e-03
-4.099575345472670357e-02
-4.147420596664759540e-02
-8.575757759055875618e-02
-9.295414399696041996e-02
-1.026526172208255400e-01
-1.940881589613158709e-01
-1.812613994157000474e-01
-1.292660127940220560e-01
-1.140668772379749979e-01
-9.782281627232716770e-02
-7.430008009592241336e-02
-9.773401655687215250e-02
-7.523713098188199166e-02
-1.042336210320603390e-01
-1.050382122371403409e-01
-1.031236806141627299e-01
-1.352399604249331644e-01
-1.087017248044802320e-01
-1.323988498136395575e-01
-1.323031686214106162e-01
-1.206921203649578556e-01
-1.525981719153185201e-01
-1.278443861888684530e-01
-1.105104921560534081e-01
-1.011178458573688821e-01
-8.675485875998510676e-02
-8.228652941790511044e-02
-7.597110923315884834e-02
-5.598289549583749386e-02
-5.673819574788926956e-02
-1.336510794193118343e-02
-5.183031735441830969e-03
1.144268188668693884e-02
2.779200697844995405e-02
3.447893683754905264e-02
4.318507156536119385e-02
5.532014356300350710e-02
5.924554995100207028e-02
6.124727900075302434e-02
5.169900642591490625e-02
3.814613777774534392e-02
9.850148599533193466e-03
1.025205708954835980e-03
-1.056494159567726576e-02
-2.195677819124191785e-02
-3.491663056213122757e-02
-3.403061494645047425e-02
-3.333290016558040914e-02
-2.877594630555275340e-02
-1.972109011271053550e-02
-3.516538332708726844e-02
1.155700353105623170e-02
-8.124899443939169810e-03
-1.157493880324808738e-01
-1.378306706150251304e-01
-2.621815857552094453e-01
-3.285618730855209280e-01
-3.355291162466901289e-01
-3.526863459525337863e-01
-3.331404646296889371e-01
-3.367439216848847061e-01
-3.203445281691587598e-01
-2.861933330195872149e-01
-2.846918988117428384e-01
-2.306335587272335952e-01
-1.956224618796874870e-01
-1.620008183951727743e-01
-4.579486247657640202e-02
-2.244458366619788564e-02
3.834257165287056207e-02
4.673380258359750156e-02
6.659819849667872327e-02
8.108160029982099115e-02
6.968632885514417646e-03
-5.957360406422933588e-03
-1.279064327799405709e-01
-2.416234243092748868e-01
-2.681287703310352155e-01
-3.129444575332313572e-01
-3.517869668819543771e-01
-3.376233004022047290e-01
-3.546846060180809390e-01
-3.278330192119237596e-01
-2.868304405279507585e-01
-2.712822648711149531e-01
-2.605662144094720856e-01
-2.554803176296219225e-01
-2.795057565367103924e-01
-2.914719502882542890e-01
-3.078935198396020589e-01
-3.154150179749845573e-01
-3.252805484981766693e-01
-3.254833002299731270e-01
-3.255258480326257975e-01
-3.185244723789414922e-01
-3.098796859823348959e-01
-2.983017414081194918e-01
-2.719724187317131281e-01
-2.534127763145702650e-01
-2.277251095036501860e-01
-2.038855695510992938e-01
-1.839627736606130326e-01
-1.623473293145437646e-01
-1.415391494694709096e-01
-1.233203030115979787e-01
-1.038222739324034111e-01
-8.131802275410474068e-02
-6.681469980723235558e-02
-4.369015501695421022e-02
-2.500412666605615966e-02
-4.677396515925709430e-02
-2.709916551496652573e-02
-3.994545362514605874e-02
-5.698444210282439110e-02
-4.437408884622338207e-02
-3.476899649261645103e-02
-2.257543805194526382e-02
-4.736147163217057504e-03
-1.178669876966628727e-02
4.593606337103612464e-02
4.495031909306052009e-02
5.757379933610196066e-02
7.403113013268924902e-02
7.166131991738526608e-02
8.167589176395199935e-02
8.410462216460576346e-02
7.835628871607459855e-02
7.432339133900431327e-02
5.698270833974984628e-02
5.087406939676253348e-02
2.628213110793384960e-02
2.269912479985075962e-02
-9.121346657128566850e-04
-1.639760447549452188e-02
-1.751320035770417838e-02
-4.940070223646664954e-02
-3.579279318470900834e-02
-4.321752114498303432e-02
-2.958655891853086140e-02
5.337110865544179156e-02
5.471417399402298681e-02
9.966883597276816886e-02
1.102692986734482572e-01
1.195832184479419524e-01
1.363571874143290619e-01
9.749876149579442264e-02
8.504426765489608853e-02
2.948079885770470837e-02
1.295633325543102572e-02
-3.471542919255005827e-02
-5.367202959590205297e-02
-9.765123057334856860e-02
-1.783297702979876054e-01
-1.765634801097625550e-01
-2.398092681779700752e-01
-2.381149878310301893e-01
-2.286556930942269528e-01
-2.256293397284169777e-01
-2.152446364092501507e-01
-2.097880650115533652e-01
-2.018722824935048343e-01
-1.919585647143313700e-01
-1.902761727876183806e-01
-1.773316293360314988e-01
-1.783178920142656221e-01
-1.771012896506834189e-01
-1.763063600210538207e-01
-1.792037791386976164e-01
-1.772789193665349483e-01
-1.794319068249649041e-01
-1.806507802376158545e-01
-1.782702572971846811e-01
-1.821733785770799641e-01
-1.788079547489800358e-01
-1.783791967868459949e-01
-1.787538759696114254e-01
-1.715013681648455413e-01
-1.759512663790288589e-01
-1.539228775959038675e-01
-1.431977188258276856e-01
-1.245729609731905524e-01
-9.924328639850918399e-02
-8.603183183918175492e-02
-5.989100684753473347e-02
-4.821865047794569176e-02
-2.023507113843434763e-02
-1.578555550422772874e-02
-2.508600361085185429e-02
-1.684382540381584858e-02
-1.983828955011970527e-02
-1.998691182150995685e-02
-1.896856887094239275e-02
-2.023258985033912077e-02
-1.957531369633605176e-02
-2.219921308692093809e-02
-2.068886188077878954e-02
-2.360287478506242417e-02
-3.207175821007322847e-02
-3.674508250800112563e-02
-4.519982475353612889e-02
-5.269572390238301540e-02
-5.905230406735879900e-02
-6.117110285413215193e-02
-8.100333554308335182e-02
-8.081763313099152302e-02
-9.104223820208698359e-02
-9.611197487888525903e-02
-9.763909624677780119e-02
-1.021111072109665563e-01
-1.034715030816158593e-01
-1.049667250654268136e-01
-1.069857478231142633e-01
-1.082245622420459491e-01
-1.092954338437351208e-01
-1.121010717392972034e-01
-1.135343647924057370e-01
-1.156467702948694998e-01
-1.218697299636416764e-01
-1.194892198293160818e-01
-1.138183734208142589e-01
-1.049640684547769598e-01
-1.019407558818256621e-01
-1.007896225009379670e-01
-9.700708235346797159e-02
-9.461229511302829409e-02
-9.423907947769571969e-02
-8.809957620152561453e-02
-8.551780909703095290e-02
-8.458496380788872726e-02
-6.475787571838656498e-02
-6.380678147921084453e-02
-5.984633882479001993e-02
-5.507368356730456271e-02
-5.448553814983616433e-02
-5.419067295614294483e-02
-5.322880648414022448e-02
-5.297210275522452189e-02
-6.042326859036764586e-02
-6.056934615827270357e-02
-6.242150844871271337e-02
-6.421513818045018751e-02
-6.432978942087569374e-02
-6.521787883420372689e-02
-6.556540857737160055e-02
-6.572453205040627855e-02
-6.601046998383025555e-02
-6.608598475227485392e-02
-6.616778046185294027e-02
-6.623578574213249970e-02
-6.626295984638258529e-02
-6.624636425657311201e-02
-6.627189087055306016e-02
-6.624330851843009127e-02
-6.609294573231930259e-02
-6.622047506387773730e-02
-6.586608354276705934e-02
-6.565413954957587117e-02
-6.601632376570909511e-02
-6.427690906351167521e-02
-6.514818820194778759e-02
-6.452537738570693349e-02
-5.934494674038667122e-02
-6.606501337084512426e-02
-5.483431058545751302e-02
-4.855736760410986341e-02
-5.569844072167261934e-02
