5.717641579828129173e-04
6.934328134970957607e-04
3.395932995606081028e-03
3.404159910919079234e-03
3.419211011568550930e-03
3.833922074325358392e-03
3.512475816394536755e-03
3.640698188056759772e-03
3.655840095841402133e-03
3.593486948442122485e-03
3.643287995646505174e-03
3.624357956859111402e-03
3.621869348748993876e-03
3.631661325542339183e-03
3.624066257619541157e-03
3.626884326442883066e-03
3.627176439143072785e-03
3.625503328893662277e-03
3.626383968225714832e-03
3.625395942849422674e-03
3.624948627833852847e-03
3.624042662539980839e-03
3.622472858594547734e-03
3.621542139332432908e-03
3.617257015422982794e-03
3.614982106227527733e-03
3.610344165962136101e-03
3.596963797896536065e-03
3.596632868138066857e-03
3.570980425039712268e-03
3.542937431307360829e-03
3.547644710606056608e-03
3.431427690488942413e-03
3.427156017313497637e-03
3.368963269574370197e-03
2.974346028328961247e-03
3.105517491968492333e-03
3.021261303351930293e-03
3.395739396862153432e-03
3.493704317201334463e-03
3.492738518356824050e-03
5.490344030116524159e-03
5.634399103816480590e-03
5.945713042597970330e-03
6.409645895060555459e-03
6.396519458966991832e-03
6.179963487911470030e-03
5.683863091904921977e-03
4.713953132311904382e-03
4.467499475984675061e-03
2.015509579377204596e-03
6.785222356393938274e-04
-7.355584403347282954e-05
-3.242046569039244708e-03
-3.609768208900125674e-03
-3.751553685645210232e-03
-4.695197256118549892e-03
-5.421860476588726517e-03
-5.996904644082829555e-03
-6.844672646063439288e-03
-9.996843604804305644e-03
-1.168950151738643722e-02
-1.973245940966115303e-02
-2.857946479982013954e-02
-3.158443177319573969e-02
-4.487035923481799693e-02
-4.601426554610604097e-02
-4.667442893181344282e-02
-5.190553767471978858e-02
-4.906304841625460517e-02
-5.152386233586308401e-02
-5.174120212313417649e-02
-5.012410138245892988e-02
-5.166693100201206340e-02
-4.954983654948546395e-02
-4.933447055535856302e-02
-4.852569880656242007e-02
-4.651449647226744283e-02
-4.691641466019869089e-02
-4.573064797289323052e-02
-4.631427446494845029e-02
-4.657908899293681376e-02
-4.481089544961185805e-02
-4.460114932084122130e-02
-4.327242627480383519e-02
-3.820342994880674553e-02
-3.570219640951664136e-02
-2.870231916454575941e-02
-2.286784200387160029e-02
-1.896157182545506886e-02
-1.699553511614409693e-02
-1.381678511466690601e-02
-8.157463294242254040e-03
-4.789652748087989270e-03
-2.440310344322136997e-03
6.039542234873878333e-03
7.275962299514210710e-03
6.239971388869915842e-03
9.897275436224768630e-03
8.926936270993364800e-03
5.447856668792103348e-03
5.207657245359671901e-03
1.323150996902347065e-03
5.529745818687779001e-04
2.474798201673464120e-04
-6.687739867173650432e-04
4.108518115795522472e-05
-1.082728530965256170e-03
-1.176484798196758899e-04
-1.701263776500037072e-04
-5.175829432413941089e-04
1.174307663127503081e-03
-5.553604915540717203e-03
-9.752095993242320543e-03
-1.766125034305193742e-02
-2.844713335560832349e-02
-3.136489901289293142e-02
-3.605209770435535005e-02
-3.484065250434920102e-02
-3.273090373576562767e-02
-3.000886514380783632e-02
-2.506527729144338024e-02
-2.097940573411303730e-02
-1.667790507289214699e-02
-1.141375797649620515e-02
-1.759665515784787811e-03
5.472046063733225670e-04
7.989965043059316444e-03
8.295371377827841231e-03
6.766544346091018028e-03
8.750426638685476419e-03
7.086222891904091041e-03
7.878141358346874706e-03
7.272122585597558080e-03
3.042661047183631024e-03
-7.607219138214194780e-04
-2.473403562509217044e-03
-4.074081420924710248e-03
-4.277792314039492207e-03
1.833793726843833884e-04
-8.676846638163289134e-04
-2.328878095071579561e-04
4.915350242845099795e-05
-3.572551166851863687e-03
-3.626361243382620302e-03
-2.660626977653376794e-03
-3.832216251381705217e-03
-3.981742981406616484e-03
-4.329700412771945658e-03
-7.777003201576445854e-03
-8.019463869046112095e-03
-9.334303126109664769e-03
-1.077796527280831806e-02
-1.074208250960941718e-02
-1.186165642525558762e-02
-1.220533293836338802e-02
-1.229169645972024924e-02
-1.299520845152525410e-02
-1.289654188459024575e-02
-1.304690949162647107e-02
-1.348558155252351475e-02
-1.301303475312155268e-02
-1.333949861399682038e-02
-1.321844335073022424e-02
-1.198886910305513136e-02
-1.169345725622238444e-02
-1.044919987874009214e-02
-9.910784101991967562e-03
-9.495904694700499707e-03
-9.576957473757885878e-03
-9.154280355989670784e-03
-9.919034377583848053e-03
-1.060171133055665821e-02
-1.026229218425655891e-02
-1.299153552578110812e-02
-1.201791111991680656e-02
-1.273087934992324366e-02
-1.370260286295568557e-02
-1.146490761460458412e-02
-1.392886837831528932e-02
-1.313764797804791926e-02
-9.908193861328873711e-03
-1.033772748882819809e-02
2.857349264962697095e-03
2.796019298861771116e-03
1.812886651564710704e-04
3.910540229043640501e-03
-6.664776866637185974e-05
-1.860911048272810477e-03
-5.921114178838478639e-03
-9.952949585017408646e-03
-8.495396428965349897e-03
-1.511261807187521886e-02
-1.381883368614023749e-02
-1.447471044799964780e-02
-1.565260211034102955e-02
-1.546136844596911024e-02
-1.394687071557086308e-02
-1.490222870670064245e-02
-1.348593547747858543e-02
-7.054490349410231717e-03
-6.867214777536960989e-03
-9.846582593092904206e-04
4.861626559035742362e-04
-2.683009353042676345e-03
-1.429518798691126105e-03
-1.600672228254780777e-03
-2.156883813714845569e-03
-1.424228916244385523e-03
-1.434693668879515917e-03
-1.346310377092634764e-03
-1.852989453314893308e-04
-2.917026875946087121e-04
-3.721496710608656797e-04
-3.560155595977578880e-04
-4.106982288186981781e-04
-7.882599381168859613e-04
-1.335459648955166726e-03
-1.074257227719544296e-03
-3.224207784845071513e-03
-3.307817097236715864e-03
-3.975299120343325429e-03
-1.160150027967321411e-02
-1.230726864569628778e-02
-1.733276283795126202e-02
-1.725231391963443980e-02
-1.884186441393888300e-02
-1.812066907744545874e-02
-1.619552216428331651e-02
-1.733631709764458725e-02
-1.266682206764333310e-02
-1.290191555848525795e-02
-7.799359254471255332e-03
-9.505036790597803931e-03
-9.888222522348779145e-03
-1.069690811243806557e-02
-1.155202174089314630e-02
-8.624374848882166572e-03
-9.027656248597061561e-03
-5.617710100491619084e-03
-3.181243020794149220e-03
-3.377914000424770986e-03
-2.357378472367060269e-04
-1.852210406119818948e-03
-6.602180360009239895e-04
-1.938625540265091155e-03
-3.287492521890108318e-03
-1.835263244129702953e-03
-3.525094386951478122e-03
-4.227340029793840576e-03
-6.071714763005855303e-03
-7.879687437072577585e-03
-1.014641192804165322e-02
-1.721954295072443755e-02
-2.083674196465158321e-02
-2.437745406835158460e-02
-2.777873949947100296e-02
-3.235284530195712410e-02
-3.394949993226637625e-02
-3.607592261989388954e-02
-3.630592725975424762e-02
-3.641967283894085444e-02
-3.673881524435299029e-02
-3.707046029257949488e-02
-3.715364492958694864e-02
-3.748757768226667481e-02
-3.923482671035543462e-02
-3.977111525937637032e-02
-4.145570121338045672e-02
-4.274758368200209935e-02
-4.329603408955329941e-02
-4.489937692888746473e-02
-4.566248177671587000e-02
-4.620590568099929712e-02
-4.808738703147101556e-02
-4.799598479988761990e-02
-4.903239413980874095e-02
-4.998193913533800770e-02
-4.649232454380652219e-02
-4.748046413336910049e-02
-4.468566308261043979e-02
-3.963344452151429387e-02
-3.766856867215062632e-02
-3.233009787008680330e-02
-2.946337443439063508e-02
-2.575867955502093160e-02
-2.135087614496953765e-02
-1.601998313536620241e-02
-1.340434749848671940e-02
-2.468165114180092927e-03
6.951340473119861727e-04
1.690893237516387804e-03
3.027672992910093903e-03
2.888050629712467579e-03
2.793742535115020104e-03
1.313843466021048876e-03
1.337292192396663830e-03
2.385219260645718604e-03
2.455946533362359137e-03
5.340004766179193632e-03
5.858564549653224977e-03
7.277073449904769044e-03
8.070733424520252358e-03
8.678966094506428489e-03
7.160033972156108761e-03
2.514829023081676437e-03
7.723579560152680264e-04
-3.002019901596215956e-03
-4.949102998872511108e-03
-6.845767707254487612e-03
-8.163257195921636705e-03
-1.072609350349686477e-02
-1.144002619321025233e-02
-1.238514012598831635e-02
-1.425120510190356661e-02
-1.465764209673713417e-02
-1.585542972372648574e-02
-2.005527959208077207e-02
-2.187917869750392874e-02
-2.439953982121654402e-02
-2.767121567997836082e-02
-2.933828096156219922e-02
-3.075924314076531815e-02
-3.200101281489471650e-02
-3.375554639548013908e-02
-3.396041270514681826e-02
-3.447075531254761849e-02
-3.434274939948580435e-02
-3.146374741927399771e-02
-3.004872624130199704e-02
-2.946141131512917261e-02
-2.645552049050075086e-02
-2.261326638260355640e-02
-2.019160385221700077e-02
-1.611505428053870356e-02
-1.436561584428337063e-02
-1.422152802387919440e-02
-1.292201719237718108e-02
-1.072866152641159879e-02
-1.078980147098888495e-02
-8.278593134310587714e-03
-7.606276048947060303e-03
-7.264103076183709568e-03
-4.606519890893416222e-03
-8.473494573237108640e-03
-7.569865294895990714e-03
-4.564363021579424980e-03
-8.272087332189165948e-03
-6.757474830034625526e-03
-8.812155481445361344e-03
-1.221712058529786891e-02
-1.783018778772367877e-02
-2.200490495515166484e-02
-1.964914722390810609e-02
-2.128880780334705194e-02
-1.955521820392507049e-02
-1.817947653817466105e-02
-1.561322882457679383e-02
-1.214908586035566909e-02
-1.087484806992133901e-02
-7.584550104528782997e-03
-6.640588063622126017e-03
-4.671188956286924376e-03
-3.953919003571596327e-03
-3.080056625772598089e-03
-3.480154603018067831e-03
-6.387170793439629277e-03
-7.692093175053833082e-03
-1.589059878890406591e-02
-1.975980202686568668e-02
-2.078858252026305822e-02
-2.704851485469389472e-02
-2.609992787062970915e-02
-2.585624039812567040e-02
-2.569035567696546785e-02
-2.525945557057684629e-02
-2.387623591566584089e-02
-2.280863777162543682e-02
-1.984458211757244780e-02
-1.868118008885057135e-02
-1.025239393639578236e-02
-8.155688695732679280e-03
-9.324461768630849107e-03
-7.006358248826014337e-03
-6.392355143042659921e-03
-6.644134409309864972e-03
-4.719760692143365119e-03
-4.382947304307633664e-03
-2.632757155194289603e-03
1.355726457511104979e-03
1.971792194420150975e-03
2.359986773458126220e-03
3.163630898292347799e-03
3.932356879705608405e-03
3.163693790641633734e-03
3.491278809486760611e-03
2.742198437822028576e-03
-2.941168362942718929e-03
-2.419616238693197887e-03
-1.530765860628020836e-02
-2.648583217543402576e-02
-2.821012869329710820e-02
-3.438565838250712270e-02
-3.279411218535990824e-02
-2.956545592190083782e-02
-2.735487253679252939e-02
-2.127779381139362908e-02
-1.937009190185356999e-02
-1.435782183560877466e-02
-8.054682291893381502e-03
-5.280774298950833071e-03
3.196460837871135680e-03
6.571538532555548304e-03
4.735180797967366087e-03
2.161861500189159787e-03
-2.395071717282697566e-03
-3.981262127281987202e-03
-9.439427336246369524e-03
-1.248906642514655690e-02
-1.605606769093796682e-02
-2.349710218081669730e-02
-2.946894529888093375e-02
-3.378994687563897925e-02
-4.130813343356641576e-02
-4.381579954089376283e-02
-4.410472569459376185e-02
-4.739140228448481679e-02
-4.635704994003896073e-02
-4.670214670354147501e-02
-4.658686728265554883e-02
-4.517848388887290428e-02
-4.508029017157857976e-02
-4.244873291846645857e-02
-4.156628616317136621e-02
-3.835033894252788678e-02
-3.420985314019697049e-02
-3.224750590631895314e-02
-2.400429261722174246e-02
-2.203938701015849266e-02
-1.885176324709842560e-02
-1.509104215487673539e-02
-1.382740043667421946e-02
-1.070361984909587449e-02
-9.024230835233480741e-03
-6.106339692031787468e-03
-4.194833064815226345e-03
-4.141057410253035607e-03
-3.265942932595515113e-03
-3.597997011361547034e-03
-4.172660788672299254e-03
-5.618950331492440428e-03
-6.891412510128764289e-03
-1.015531685687104911e-02
-1.432070175321978854e-02
-1.525534566704383338e-02
-2.087842419557044138e-02
-2.079401815595991951e-02
-2.075933055489737750e-02
-2.245611059865500539e-02
-1.979156443025642184e-02
-2.034430166804780671e-02
-1.829039100107056337e-02
-1.547279368710277603e-02
-1.482718880520003321e-02
-9.366263675372682798e-03
-7.852199416377299637e-03
-7.403657515927372125e-03
-4.825674792814509638e-03
-5.105421572577356799e-03
-4.449044326747410467e-03
-3.852856190145794064e-03
-4.194982628861283237e-03
-4.634830762092611613e-03
-4.650818776304883363e-03
-6.137006773405173643e-03
-8.174254943453748007e-03
-9.669372413960996421e-03
-1.350259631018732066e-02
-1.427802331641414568e-02
-1.655912982247756404e-02
-1.631150953825791575e-02
-4.940231437722619225e-03
-2.908661286570356740e-03
1.826084877491430058e-04
4.601363125079768941e-04
2.205916693484021550e-03
1.702354804646812395e-03
-4.333416093082366125e-03
-6.833004500757222308e-03
-8.427739568805818482e-03
-1.179887583423886756e-02
-1.102287568178826442e-02
-1.084102850483486570e-02
-1.061266059346139233e-02
-1.032535587941369425e-02
-1.030922056579287698e-02
-6.957866075159617296e-03
-6.477124302620310657e-03
-5.162883730961534412e-03
-4.151477539922098121e-03
-3.544048788661727234e-03
-2.684278012978413494e-03
-2.245105030396254368e-03
-7.639904856013103379e-04
-5.725439012788870359e-04
5.399032337694165823e-04
4.570045830466189099e-04
2.838136881436371809e-04
5.795558707126962153e-04
5.282118153592085374e-04
5.604990539583556888e-04
7.829638733804621543e-04
8.763528548545111273e-04
9.296391620077639828e-04
1.672269056898578613e-03
1.687114452737075885e-03
1.772395094202270944e-03
1.951168385145725511e-03
1.959991968823242021e-03
2.048416168644474206e-03
2.076369069450422628e-03
2.195131914050042592e-03
2.208804943845153485e-03
2.230996177103194370e-03
2.204054691027909369e-03
2.183626603619961450e-03
2.183635225369717856e-03
2.171433981491892058e-03
2.168121691945443501e-03
2.166040823379363541e-03
2.162391852312930789e-03
2.161702013391677245e-03
2.160448174950017723e-03
2.159509723699029084e-03
2.159193363458322256e-03
2.158644408501540247e-03
2.158331683256836837e-03
2.158112600747181826e-03
2.157699832406278356e-03
2.157449852170219024e-03
2.157080440287728607e-03
2.156191062585140206e-03
2.155952464233651996e-03
2.154382941620899567e-03
2.152349607166336321e-03
2.152127340895479586e-03
2.145177990815178449e-03
2.143199312949348873e-03
2.139264712927571241e-03
2.115396254928801015e-03
2.124840984461377237e-03
2.086250544470730217e-03
2.035740890814748648e-03
2.085491026501152916e-03
1.867299115745406964e-03
1.890886465066218000e-03
1.896540328310445615e-03
1.009197962892060445e-03
1.019565744187055567e-03
