1.035765885401841160e-03
1.173740878900067681e-03
2.868887848132545184e-03
2.904928969699501450e-03
3.724259285729323177e-03
3.997801263856766776e-03
3.755360141436243481e-03
4.042380795604539646e-03
4.006144334381041630e-03
4.010241504098037077e-03
4.079692746564868300e-03
4.058084053049073811e-03
4.078656835091014517e-03
4.089022464767407168e-03
4.085819335931410376e-03
4.094319041691045491e-03
4.094796173919791268e-03
4.095717844463514327e-03
4.097867628466368185e-03
4.097552997362531937e-03
4.098415536994894082e-03
4.098139195530367714e-03
4.097911799870060899e-03
4.098285607960697532e-03
4.095375044853869807e-03
4.096847642921516187e-03
4.094049944209250495e-03
4.086380299427438273e-03
4.095928987722103308e-03
4.072461530573545478e-03
4.069865076073967206e-03
4.091222191306548989e-03
3.985889882541756961e-03
4.076176056302170322e-03
4.004080198040658664e-03
3.680037583362763629e-03
3.700011873637565948e-03
3.553195098354385711e-03
3.770308568068067839e-03
3.646640496463203918e-03
3.604483231068021393e-03
4.825732013872163079e-03
4.840074814841232448e-03
5.625449360755199399e-03
5.204379178787436541e-03
5.777199170948940123e-03
5.718678635108209556e-03
5.252728137849022906e-03
6.887469143474989931e-03
5.037909419030302781e-03
4.217737199512899306e-03
3.962649892395492084e-03
-4.365178089357731224e-03
-6.298822139744269036e-03
-7.181101126718990833e-03
-1.668852708059356468e-02
-1.640520097401363883e-02
-2.140470849105797352e-02
-2.199056118766095497e-02
-2.365486216501430997e-02
-2.467785729444059786e-02
-1.949041956665473890e-02
-1.884298290657571845e-02
-1.620346295874440512e-02
-1.123695407579610762e-02
-9.934897428008092335e-03
-5.236865771045601768e-03
-2.593571445191013639e-03
1.921582116667877474e-04
4.904749529452663917e-03
6.626785961070200473e-03
1.157905084505419027e-02
1.354850921447434998e-02
1.425917943863059568e-02
1.620391438095241179e-02
1.674477774718358472e-02
1.647125886307411469e-02
1.694702213103222235e-02
1.672559031296532578e-02
1.393543203198012968e-02
1.391539419560326729e-02
1.166972799827430476e-02
9.139389615524254329e-03
7.471753344492253548e-03
3.171201701149962537e-03
-2.945509099664023905e-04
-1.389241773389399007e-03
1.188986674370589485e-03
4.548362212023852706e-03
4.519147653054318356e-03
5.495662685370468828e-03
5.367515539826106345e-03
4.957227762814964654e-03
4.184670026925536163e-03
-1.081511056424501850e-03
-3.464612326887617395e-03
-4.067992244691069799e-03
-4.479505283437477427e-03
-3.734332433498804490e-03
6.342306997853824229e-05
4.176970682149434497e-03
2.296233387957306860e-03
2.137705079716102803e-03
2.897006318983470861e-03
2.155094720785506995e-03
5.783852540662839936e-03
6.590577907386801354e-03
7.516354037827166143e-03
1.170363035729469516e-02
1.022466450654978785e-02
1.391479629343077458e-02
1.344788358152875472e-02
1.149781574335107144e-02
1.411068532517809407e-02
1.076373276968357710e-02
1.300773593162498146e-02
1.507232286847712960e-02
1.647472332711496720e-02
1.952341051930173155e-02
1.959431389004475874e-02
2.182789793172419668e-02
1.860425076096074506e-02
1.736548502582772185e-02
1.845133461025294172e-02
1.679335759462596486e-02
1.784048725758437606e-02
1.926100182240112271e-02
1.970683548568150784e-02
2.108847846593577685e-02
2.010778814626132741e-02
1.984540207054746874e-02
1.944762148432679222e-02
1.795823651384443123e-02
1.639640949201426334e-02
1.461922287991050673e-02
9.108926499143080863e-03
7.054782045492587021e-03
6.639530219417313570e-03
3.233945431297340078e-03
3.621468121450283073e-03
4.422752272348237992e-03
3.202948944169249027e-03
2.545657785306576059e-03
2.823246820159455717e-03
-1.565634347768276625e-03
-2.309519566826538292e-03
-3.034124773973820386e-03
-8.088678290732034121e-03
-8.017727538247110611e-03
-1.168071977248857744e-02
-1.259331247970785043e-02
-1.394202949557315704e-02
-1.366378842534450230e-02
-1.213370489416828665e-02
-1.276316431558027070e-02
-8.567618157963835523e-03
-8.408791259232575172e-03
-1.282938791501808673e-02
-1.018070050033190177e-02
-1.253445459237388475e-02
-1.011485045452264683e-02
-3.138813374690227042e-03
-4.533303943550020046e-03
1.937780075096894852e-04
4.245608132618597526e-04
-1.927382619877892993e-03
4.383184728461043261e-04
-2.385535804462293914e-03
3.889691140470009104e-05
2.423838778083793350e-03
5.690594387138432630e-03
1.384463766244826803e-02
1.574087311969098527e-02
2.497673864306096045e-02
2.665624629564624162e-02
2.064652882266260550e-02
2.317585111987867721e-02
1.166486279886860301e-02
6.433895752832550878e-03
7.026696985480713337e-03
-1.306507803948940994e-03
-1.771362275970927817e-03
-4.354281865353062421e-03
-8.727338620054680626e-03
-8.509994693360920653e-03
-1.038689011825647858e-02
-1.120500072745852713e-02
-1.133294613332764406e-02
-1.211617129721245280e-02
-1.489055687782983757e-02
-1.417588240982628825e-02
-1.524974310488364654e-02
-1.533150302804097906e-02
-1.377653386934172761e-02
-1.473329804784618939e-02
-1.218241620761970762e-02
-1.222191047551413577e-02
-1.341218130355895967e-02
-1.220848999152967899e-02
-1.411084491758110918e-02
-1.492193752794651260e-02
-1.515234963169554208e-02
-1.872466989685823285e-02
-1.935061046312728378e-02
-1.990642731500719825e-02
-2.236805833061646098e-02
-2.181696387298314929e-02
-2.307651890067749859e-02
-2.471175060648928695e-02
-2.316868039081335789e-02
-2.571479041515686501e-02
-2.462367909592959661e-02
-2.120100238095424042e-02
-1.976169616365754805e-02
-1.378628213655096017e-02
-9.714825182746997939e-03
-7.078686260003439618e-03
-1.377251219812991503e-03
-1.070160074565953116e-04
-4.466475581438172373e-04
2.071189143123398739e-03
1.846314200476752328e-03
2.908964218176872396e-03
5.557380897363467173e-03
5.728590325293384661e-03
6.886024819534542797e-03
7.161618014559704808e-03
7.566573873519352386e-03
6.896712288117490958e-03
7.255675031421484830e-03
6.459504909969575846e-03
2.721246683587142268e-03
2.330750271004703843e-03
1.541008258789584341e-03
1.086221606416765389e-03
4.833365491135404104e-03
6.649727263130112559e-03
4.127056426638975491e-03
7.423713404310592137e-03
1.147519506621322988e-02
9.534959150727344637e-03
1.916359405877215982e-02
1.733571555133178732e-02
1.162834554217621538e-02
1.253363667030917353e-02
3.267460444953214273e-03
-6.643522888324231528e-06
2.091140862080044516e-03
-2.609748528858099083e-03
-1.696919119419147389e-03
2.428805799760411568e-03
2.163904127804140449e-03
8.170062579906309241e-03
1.598178399814084716e-02
2.173045121496126539e-02
2.505701631834649293e-02
2.575473790831169299e-02
2.563125498484899664e-02
2.505962871419482874e-02
2.453552588186293237e-02
2.360531388658938801e-02
2.339394939350483704e-02
2.240722440169856666e-02
2.225234875309846719e-02
2.086576781648573006e-02
1.722726925127648911e-02
1.476311215965210068e-02
1.221536510227108456e-02
9.817628504005639425e-03
1.185164426724255593e-02
9.957853014699251382e-03
1.065313203662850670e-02
1.336239015006934587e-02
1.419894780300697684e-02
1.479468180693073801e-02
1.562185704133715360e-02
1.644132911611820985e-02
1.479290167228240055e-02
1.741467372114451420e-02
1.846898749108963345e-02
1.992602887766704509e-02
2.594719939804429262e-02
2.575512227445659122e-02
2.541072584472764059e-02
2.556649718329586513e-02
2.016728307809270357e-02
1.564710546097513102e-02
1.232266158534394210e-02
5.826470595662510028e-03
-2.799350389447631407e-04
-5.135891292780823091e-03
-1.021898864460070444e-02
-1.302070715484337886e-02
-1.674005183870101374e-02
-1.798190674415994089e-02
-1.809101761080348855e-02
-1.974387629663145252e-02
-1.930842344100678482e-02
-1.947128165404656691e-02
-2.020239936650793794e-02
-1.877619804801890918e-02
-1.920278665772789592e-02
-1.837072523222465711e-02
-1.533821258302456650e-02
-1.432225324766784810e-02
-1.207311680246849102e-02
-9.931877690622667107e-03
-8.668846537411773953e-03
-6.433521255095300991e-03
-4.539828292869855196e-03
-3.075504304874460051e-03
-2.168106801981132918e-03
-1.254465270185182351e-03
-5.674604879177684623e-04
3.132712870917679372e-05
7.331469281347445738e-04
1.662235041438957705e-03
2.115737549730882256e-03
3.538768511015108996e-03
3.738069848499836045e-03
3.146707244643959494e-03
3.561457052020638309e-03
3.467968321342985733e-03
2.812697397428316672e-03
3.475896244994505606e-03
2.594772135512559471e-03
7.606579193942840985e-04
-2.913004600292926874e-04
-5.440186345171461359e-04
8.857587788423922168e-04
1.719524558680700062e-03
6.660462587930657090e-03
8.817531897116712494e-03
1.068337978458284293e-02
1.750995612574628157e-02
1.812101492441029610e-02
1.630578333679155376e-02
1.809459891386240582e-02
1.744483414045847405e-02
1.639855820318117385e-02
1.657671309585409883e-02
1.597820994147977278e-02
1.203543378912096985e-02
1.174479130209461070e-02
1.096154119141446760e-02
9.611977123232185588e-03
9.585063663177953094e-03
8.496664791455799462e-03
7.662047029039044561e-03
7.605608748897000650e-03
4.803706191088384300e-03
4.776275402753854538e-03
4.245408469944710744e-03
3.573934612821606360e-03
3.522290207244751711e-03
3.231306276372014445e-03
2.999533636842492777e-03
2.838815134785056989e-03
2.745298139525706709e-03
2.234521380225637597e-03
2.179576676156478373e-03
2.057656086480978783e-03
2.099555089146519071e-03
2.411884046068206531e-03
2.391277994787964923e-03
2.314377768628523083e-03
2.357128912031576564e-03
2.259256395008056497e-03
2.258384124290117260e-03
2.247687810008533286e-03
2.222996563337298771e-03
2.224925228166832643e-03
2.216278090091320600e-03
2.211699236610139598e-03
2.211178274700674809e-03
2.208074671762161496e-03
2.207464790057088889e-03
2.206809394018177575e-03
2.206552236959419180e-03
2.206482064198084844e-03
2.206720843348122796e-03
2.208550832303758128e-03
2.207671695777956109e-03
2.211804126551111978e-03
2.215356536777092315e-03
2.212335344171358249e-03
2.232988453357393280e-03
2.227428999029491125e-03
2.234924333784416885e-03
2.301771412396846905e-03
2.231666925247656474e-03
2.362232891861285045e-03
2.456753627849721320e-03
2.215036137858545848e-03
3.024659021202834048e-03
3.126422105822199322e-03
