6.385789682324624107e-04
7.371618263271338461e-04
2.964941351428501768e-03
3.043564305249583761e-03
3.411320430119575177e-03
3.776819895606598268e-03
3.351301240135312349e-03
3.561110522900037649e-03
3.522591038092635213e-03
3.459844646617015254e-03
3.519684948433463630e-03
3.484334418671727884e-03
3.486967747254744732e-03
3.494891084174158932e-03
3.484394496593786958e-03
3.488766420726936279e-03
3.487754327168711421e-03
3.486029385165227701e-03
3.487270183608488002e-03
3.486270603285973341e-03
3.486249772277523040e-03
3.486171125691448717e-03
3.485649636874799812e-03
3.485775287949394348e-03
3.484678982669024445e-03
3.484622736022552521e-03
3.484124749422377355e-03
3.480631065041817074e-03
3.483118652662136466e-03
3.476886929495856798e-03
3.470939487479960187e-03
3.480857411602150328e-03
3.445973124493551497e-03
3.459315104160349316e-03
3.460766207839434568e-03
3.331149818710259138e-03
3.397817161627081535e-03
3.372671838227715366e-03
3.546589775518087413e-03
3.621932837130253588e-03
3.723245794829937571e-03
4.485188202177223943e-03
4.450808891474725311e-03
4.695126978654755312e-03
4.294082621464969177e-03
4.664884230295801744e-03
5.364393441539019175e-03
4.926814237948535721e-03
5.686476941169723090e-03
5.265534290431798936e-03
4.480360800596033116e-03
3.735280552773289058e-03
1.804910923530009422e-04
-2.169827142572224900e-03
-1.462112898022532642e-03
2.896088772712655693e-04
2.094174822734315433e-03
6.305990097708843653e-03
6.530553178048833195e-03
1.045951044459357722e-02
1.096542098781284370e-02
1.025307957209238216e-02
9.335096475606792857e-03
6.545958688928340749e-03
6.419178660034406680e-03
5.362558948076928504e-03
4.091749634158977494e-03
3.883578066716859845e-03
1.949811395099305782e-03
7.119084678714875667e-05
-6.142425230537804960e-04
-5.022491977949379918e-03
-5.536193574539221771e-03
-5.520371428426770234e-03
-6.612787122047688974e-03
-6.017332979737950727e-03
-5.027800178943681725e-03
-4.477619612699861723e-03
-2.986200547743298253e-03
7.081506174679860852e-04
2.439879261466528816e-03
2.759914449081888460e-03
3.290401948396978662e-03
1.792868394566245974e-03
1.234727333544461065e-03
7.192313378229609833e-04
1.536635989995934143e-03
4.298734798389314098e-03
5.113936088823778543e-03
4.975371547699841343e-03
5.549919707612278180e-03
5.184490816595438770e-03
4.382180709676556513e-03
3.882017989907326442e-03
-1.238736289189701909e-04
-2.061770476448308419e-03
-1.188699442429960165e-03
-1.890513096014426794e-03
-1.292310366401317346e-03
-3.382226833702668971e-04
-1.234355502549411938e-03
-7.662941064848992866e-04
1.331604841665351576e-04
-1.684360813949183208e-03
-2.181450848053401951e-03
-2.116782609667867293e-04
8.780499875095726988e-04
-7.812411468966988081e-04
-5.498002730465633607e-04
-9.025074173581637462e-04
-5.093254293972874873e-03
-4.082973283475487165e-03
-4.884518171816896667e-03
-5.377263019438000002e-03
-2.329091675688374757e-03
-2.114618206596996421e-03
7.331649481302794907e-04
2.101949470235125236e-03
2.112520271552042680e-03
1.166627254223993578e-03
-5.499617737899852678e-05
1.649363936220970422e-04
3.091244620348096938e-04
4.558687069946912047e-04
7.910924213273198965e-04
-4.589496217427629053e-03
-5.359885985011472558e-03
-5.863999373051858449e-03
-5.514559989609131227e-03
-5.681030152185907213e-03
-5.553887302912912174e-03
-5.196644502386634293e-03
-5.008519324537923784e-03
-5.646872892741319067e-03
-5.694703742987125561e-03
-6.585673693364457217e-03
-7.209376778140114822e-03
-5.403423241869121166e-03
-5.702166222450412957e-03
-4.800942765384863010e-03
1.087233451560688314e-03
6.516670451647728346e-04
2.013377112724589000e-03
3.897156614898266130e-03
6.082167558901604336e-04
1.027643491370120333e-03
-6.879379923621094890e-04
-5.424135682065773720e-03
-6.099525251122126304e-03
-9.806983223136681027e-03
-1.075587773425507043e-02
-1.239751764615181287e-02
-1.198833269320503415e-02
-9.711296539497558944e-03
-9.672753333535928991e-03
-6.887255498189847995e-03
-7.925674281205977514e-03
-3.703359552201814040e-03
-7.426543800501190151e-04
3.436142858309094907e-03
5.005699909528761073e-03
5.625026281947135762e-03
8.703598391358233904e-03
9.145549270761346716e-03
1.119786171104354168e-02
1.561461226131213506e-02
1.459315732895770726e-02
1.691110270150632602e-02
1.601941326919752856e-02
1.244193891866326659e-02
1.132698190080065441e-02
6.921499064501074848e-03
5.843037101940421960e-03
3.708827699570065983e-03
3.268495329132526522e-03
5.019549654621307568e-03
4.111471218706456814e-03
6.397087230003935254e-03
6.090033524361872404e-03
4.828655026363678007e-03
5.311740282938659172e-03
1.684140490579668021e-03
1.220760820994264096e-03
1.807892400001908728e-03
9.282390137179968729e-04
2.921157126711411076e-03
4.088109909350241301e-03
3.931856056946047770e-03
5.324680656788293928e-03
7.797069871967630267e-03
8.025139802653546636e-03
9.569538823144731893e-03
9.849676051243138122e-03
1.017802260537633598e-02
1.077169975302001877e-02
9.354157957425703052e-03
9.369718742188585733e-03
8.860075068033615442e-03
8.153154717833356255e-03
8.258558700601487459e-03
7.557222487552619529e-03
7.456112123077790130e-03
7.637990210851230456e-03
7.651929011952385284e-03
7.150420132922534304e-03
7.229965255187331859e-03
6.796055938364266996e-03
6.094546178977896037e-03
6.199310904617931321e-03
4.827046162878725899e-03
4.238422935562633810e-03
3.683001967814980484e-03
4.779667286508783742e-04
-3.469470082825144961e-04
-1.627133422377187921e-03
-3.556057958375281099e-03
-3.716693184259693954e-03
-4.739453616117253812e-03
-5.230678295410216144e-03
-5.170962889300277816e-03
-5.779212041114219385e-03
-5.792851313085048241e-03
-4.810560184105984981e-03
-2.446468358996003317e-03
-1.471009836919243878e-03
4.386346608385152321e-03
6.514511339997918447e-03
6.204230511796537256e-03
5.431865412197362311e-03
4.953924067938814471e-03
4.142652702621660646e-03
-1.445434621031957032e-04
-5.760140443140326048e-04
-8.783119923481769393e-04
-1.726066005669897986e-03
2.414096287843683962e-04
2.047373419116452653e-04
9.168081339548495674e-04
6.367469328161701105e-04
-1.758306967700122949e-04
-3.333534422270875686e-04
-1.483108474962740921e-03
-2.045678110471971407e-03
-1.168838521366375154e-03
-7.805958954016854441e-04
-9.171791713969072550e-04
8.130684896668104785e-04
1.721919434198878164e-03
2.122450489461753798e-03
1.556189417663278018e-03
5.794083555447117340e-04
-1.512130066418646826e-03
-2.445410484216501389e-03
-1.714079667425158189e-03
-1.895590690415843368e-03
-1.388123227117916058e-03
-8.089866997362611580e-04
-1.428134828611833185e-03
-1.777064592867932122e-03
-2.647996392366746849e-03
-3.676366394865006066e-03
-4.380779003851871523e-03
-6.842221562794894782e-03
-7.736661271198931079e-03
-9.865995065054370544e-03
-1.116457628544758468e-02
-1.023789140565006112e-02
-1.233366742087512423e-02
-1.243595090805131066e-02
-1.099596710164795973e-02
-1.133141934328571292e-02
-1.013675228439081533e-02
-5.976681539823760526e-03
-5.435531508598228159e-03
-3.332895391367318542e-03
-1.130626541293818172e-03
-1.016370778298540797e-03
1.939456225384599648e-03
1.342623496477398726e-03
1.434841423626303592e-03
1.725935392135757298e-03
-9.159398958979871443e-04
-1.030696765133500611e-03
-8.999877911701477211e-04
-1.876283328058189629e-03
-4.798739932653968161e-04
-2.366387069476380502e-04
-4.733217365066719651e-04
9.752269641753666526e-04
9.010974403104488094e-04
2.429665095561888821e-03
4.245344556892166783e-03
4.837143530852708491e-03
8.406592724649244314e-03
9.536423242608902187e-03
9.779499365593439728e-03
1.199987684595107094e-02
1.165144419639988632e-02
1.242077914617398596e-02
1.364820856129362117e-02
1.239535246324291809e-02
1.394463744207872190e-02
1.323221787043570193e-02
1.063999283861818447e-02
9.876655843360022252e-03
6.949203015574552215e-03
5.343108271001289176e-03
3.492466754128958992e-03
1.198587801163618393e-03
-1.382240240148424008e-03
-3.236285859130463155e-03
-4.258490007823106938e-03
-4.417742013689854481e-03
-4.248524440078105952e-03
-6.979847009235019828e-04
-7.624497659433541021e-04
1.853505794245092738e-03
2.910473005939077581e-03
4.055683843065444744e-03
4.409882888121453501e-03
3.212877468364926971e-03
3.581009191571722042e-03
3.597531196376411826e-03
2.898763001034673596e-03
3.439039787098765143e-03
3.583026788537087629e-03
1.202486412335027673e-03
3.166646494388936431e-04
-9.189294636920863251e-04
-4.169528773599088904e-03
-4.726229882293131977e-03
-3.259456854722942581e-03
-4.876719672861213641e-03
-4.210046753908283299e-03
-2.105684911318929202e-03
-1.668788836094298872e-03
-7.030504757180990136e-04
3.147096153901309825e-04
8.689050475017694479e-04
1.555227686283573761e-03
3.231033045432984106e-03
3.453572055302318519e-03
4.945223300409576014e-03
4.809990858434359286e-03
4.166149861496105423e-03
4.322701551591786977e-03
4.050340874316510180e-03
3.476705146099664558e-03
3.086793781262183855e-03
2.887315683526378400e-03
7.249172772956426637e-04
6.704473420710399100e-04
5.646539330375037339e-04
5.534595368370901636e-05
1.063985416727931472e-04
-3.604009400208965077e-06
-5.518106905894379745e-05
-1.119119479159603315e-04
9.047665504142716596e-05
3.552360042095281645e-06
3.622264009814077840e-05
1.042479416408362454e-03
1.065518507139172127e-03
1.298975430965785801e-03
1.539066814720449266e-03
1.392905275934025250e-03
1.471802236881329575e-03
1.480907435602478624e-03
1.456262588905190940e-03
1.483898060441928577e-03
1.475859752525029642e-03
1.476756304552310529e-03
1.482238480494602962e-03
1.479246370374405007e-03
1.481178010969577989e-03
1.481575920246177821e-03
1.481044729192252957e-03
1.481533019691970649e-03
1.481308170434409615e-03
1.480979950719533370e-03
1.480505402694991084e-03
1.480269616724027735e-03
1.478618392140657522e-03
1.477550865542919456e-03
1.476570654777953828e-03
1.470302572695527657e-03
1.470738380960412385e-03
1.462500346217654413e-03
1.446190431429274659e-03
1.455565159910392897e-03
1.406264314994861743e-03
1.392425750223966153e-03
1.405727385235040110e-03
1.207604002815956595e-03
1.374130370723227607e-03
1.579508917414357023e-03
