7.254300682045630895e-04
8.525383177146112542e-04
2.873113589602157517e-03
2.819422181240182398e-03
3.487775543334571161e-03
4.006815266194274465e-03
3.883591257647973742e-03
4.272259833148569705e-03
4.345680257049471321e-03
4.402103909583569147e-03
4.551913040675267287e-03
4.567605200689391076e-03
4.629007823399771196e-03
4.675646905076789872e-03
4.690532274158333917e-03
4.723041589148679366e-03
4.737341068985244548e-03
4.748618186442891964e-03
4.761284529754019473e-03
4.765206283205111401e-03
4.770364213281939013e-03
4.772267594197698165e-03
4.769870086823638396e-03
4.769946286296367424e-03
4.761619875427067564e-03
4.753762669579646855e-03
4.747830876746078274e-03
4.720151005882793072e-03
4.713651043057801374e-03
4.684574177642666579e-03
4.625371505177779466e-03
4.639158701823934902e-03
4.514499047520163094e-03
4.457475636715391154e-03
4.478683268504217788e-03
4.081872146860147585e-03
4.271411127833476575e-03
4.150111430569361146e-03
4.415427976928724962e-03
4.631473532951974753e-03
4.634874515164545336e-03
5.910997879026111748e-03
5.827991623497474384e-03
6.296406340066076045e-03
6.205430225025411993e-03
6.335655235670254945e-03
6.894417156352437848e-03
6.594339937597410578e-03
6.576599056975737309e-03
7.100846006284497296e-03
5.790970811325546128e-03
5.278693568426057192e-03
4.906698797174025711e-03
2.806323960027248127e-03
4.749969895945659396e-03
8.610895765404261160e-03
1.034585378388209499e-02
1.712911766985800513e-02
1.745173248040950836e-02
2.141685855294094692e-02
2.156748905380456022e-02
2.007706028735139342e-02
1.750898229315672044e-02
1.419767770369655471e-02
1.143933159354759178e-02
9.245182150480018429e-03
6.435876612305805981e-03
4.266444548065871645e-03
1.195386695221392712e-03
-2.530311793316784158e-03
-4.493038711203336220e-03
-9.825378927192759265e-03
-1.163608461281658707e-02
-1.283580046448615924e-02
-1.489971305692514188e-02
-1.507928632941865806e-02
-1.488314398548872854e-02
-1.460153316008056673e-02
-1.359307078564717455e-02
-1.045424211633625387e-02
-8.749979249494893238e-03
-7.774813084043320256e-03
-5.836740103422125882e-03
-6.054926881659264230e-03
-4.841812251370745425e-03
-3.561738465086739143e-03
-2.021499671782105590e-03
1.496844073977443741e-03
2.859948917287209475e-03
2.995471977399746192e-03
4.000462253876737977e-03
3.635285613528674731e-03
2.696853787491398837e-03
2.435760751166067203e-03
-1.109253444821755533e-03
-2.819340745877864287e-03
-2.409049882301045938e-03
-4.178345241090865997e-03
-4.029712180623586798e-03
-4.153728214010738579e-03
-5.526096382641252323e-03
-5.522841799972828120e-03
-5.382894838390418768e-03
-6.837996660252150527e-03
-7.474809120360012549e-03
-6.608887944821994868e-03
-5.946032242767206044e-03
-7.754291372208970204e-03
-8.031678519564836027e-03
-8.538259076072165360e-03
-1.238862588787096285e-02
-1.179042148207611052e-02
-1.285753331052543434e-02
-1.379107766241247091e-02
-1.177185669155287988e-02
-1.225501423378468936e-02
-1.075871967811585332e-02
-1.041538892632937717e-02
-1.097855926796616199e-02
-1.272347882110279674e-02
-1.424589751365760298e-02
-1.507923172827166196e-02
-1.553897553736898786e-02
-1.637297145073319388e-02
-1.663086521187970290e-02
-2.057205637279247920e-02
-2.198436118473896458e-02
-2.216539104306127633e-02
-2.217881436008748569e-02
-2.226792385556560991e-02
-2.195878076253624314e-02
-2.148730864754602038e-02
-2.077256013459321746e-02
-2.120144805663672430e-02
-2.049978219870383575e-02
-2.020531436302579545e-02
-2.049194587529943462e-02
-1.709427604504423770e-02
-1.655788232960163364e-02
-1.487043040388379492e-02
-6.776018395027383172e-03
-6.890170647450329609e-03
-4.145700611600022789e-03
-1.385804498727368893e-03
-3.352043911480437430e-03
-2.981582115124006664e-03
-3.822010277181069147e-03
-9.157343827260751301e-03
-9.362077326319089704e-03
-1.312204014222668504e-02
-1.398287447000548175e-02
-1.529736518191667470e-02
-1.469994060297864433e-02
-1.207035678700022797e-02
-1.080139520761306225e-02
-6.652086608939952045e-03
-5.543547225695539746e-03
-4.403232999305042123e-04
3.404317561491843058e-03
8.765791833982038150e-03
1.115420661528419496e-02
1.380826206914000445e-02
1.733970730107470964e-02
1.849780547411381676e-02
2.121189106261775481e-02
2.413600805518773679e-02
2.366345249627459235e-02
2.557127753992434124e-02
2.449174309929399995e-02
2.206345566129650632e-02
2.113841045526483262e-02
1.758250684219652554e-02
1.686371317725833541e-02
1.488979425993338171e-02
1.425578987626766568e-02
1.544672452447478674e-02
1.438488209148571818e-02
1.603981822937637636e-02
1.587080378927304553e-02
1.499172193697795308e-02
1.551063702900433612e-02
1.363551758512736994e-02
1.324928862200016287e-02
1.406930350437969775e-02
1.365390403421185700e-02
1.488947375207719942e-02
1.623749104470342819e-02
1.616044852737223703e-02
1.740409067143244837e-02
1.936568451122319331e-02
1.927368016310527371e-02
2.068762503749444620e-02
2.063217486849560842e-02
2.060386689260683760e-02
2.108659318652114298e-02
1.929437936099738515e-02
1.917488667898828783e-02
1.830621345820062848e-02
1.715971371165789586e-02
1.699420609488026812e-02
1.582849455577626727e-02
1.528258226588016279e-02
1.505408286906852362e-02
1.451890141166556521e-02
1.376346273720927688e-02
1.337597482727224951e-02
1.248481467978417372e-02
1.145165605731578683e-02
1.101634182643493332e-02
9.286912923030027009e-03
8.349600246400462958e-03
7.262731004736444444e-03
4.208807145684565279e-03
3.021486166295633824e-03
1.095951732714359628e-03
-8.899909527854876681e-04
-1.649238511375007580e-03
-3.134165536969052510e-03
-3.951280324032563525e-03
-4.381572901835468527e-03
-5.027759445044222529e-03
-5.122744246741185899e-03
-4.403472694902093622e-03
-2.094537785592606640e-03
-1.406996995681234278e-03
3.501714953728156735e-03
5.146526206323272928e-03
5.115628189439668481e-03
4.311429205141411106e-03
3.557799597088115873e-03
2.796479496232946380e-03
-1.313457901030979074e-03
-2.026864535458720949e-03
-3.240372275593917956e-03
-5.101205072140203682e-03
-4.454034560492012990e-03
-6.319055046492219434e-03
-7.056097502940270050e-03
-9.019086486112784518e-03
-1.208310829405765362e-02
-1.359744027542341555e-02
-1.712595926208272668e-02
-1.899674009317326925e-02
-2.020193321476834378e-02
-2.169036916700471315e-02
-2.294559173302222060e-02
-2.348672228941222143e-02
-2.415705667774877691e-02
-2.562733316456682411e-02
-2.798373470935249310e-02
-3.195503027686109193e-02
-3.713605879563120632e-02
-4.136367202683539218e-02
-4.653187885880758629e-02
-5.145491189313360081e-02
-5.408890635144997933e-02
-5.908609538373345293e-02
-6.059366248420394729e-02
-6.302482222223983188e-02
-6.510291642972146353e-02
-6.541107587548507241e-02
-6.682484224519381899e-02
-6.621412207073321121e-02
-6.582831518008994132e-02
-6.397429513010205460e-02
-6.122661910655858436e-02
-5.726296610926009945e-02
-5.532701678488961827e-02
-5.185411321231274406e-02
-4.681314652160329520e-02
-4.212589472045825262e-02
-3.763934456933796385e-02
-2.850939940573492259e-02
-2.447917871221124905e-02
-1.888859724593932796e-02
-1.226227233388279235e-02
-9.360058701929506800e-03
-2.942237199454165314e-03
2.406200561766437508e-04
2.908544105822992182e-03
7.396125809377204069e-03
8.857083543315748264e-03
1.192623169132031417e-02
1.669834136889589496e-02
1.852443552372257801e-02
2.349920449474017514e-02
2.733319650039565604e-02
2.881568949555886675e-02
3.393374135060510388e-02
3.634147551289472478e-02
3.941503369282780417e-02
4.462318215420011530e-02
4.570442817480419029e-02
4.951693365890227211e-02
5.167908120641456077e-02
5.064319586776745707e-02
5.298021143288650370e-02
5.199707031254021533e-02
5.019435055901002446e-02
5.133237395686367222e-02
4.699045061508990567e-02
4.536835982857106292e-02
4.420389438177052543e-02
3.558924239857516603e-02
3.430996597094501666e-02
2.970913414905240746e-02
2.428960577188657433e-02
2.402580952062001798e-02
1.826933728334864671e-02
1.413296682788109729e-02
1.251265131629614689e-02
8.035630283796391105e-03
7.736266498294487592e-03
5.837536028873270035e-03
7.150418332067190984e-03
6.182741202805560818e-03
6.835572385906331892e-03
7.256995374254676320e-03
6.346659234268114610e-03
6.489111390678694788e-03
5.095864049463025985e-03
4.738220439638209103e-03
4.619598571149557270e-03
3.577493253861821487e-03
3.455493087083125886e-03
3.487221223918999646e-03
1.039231261152452363e-03
2.603886509506683289e-04
-6.789957645425083498e-04
-3.861765158690534314e-03
-4.348958915219557249e-03
-3.639770246480345754e-03
-5.165974260219029744e-03
-4.340632437794672560e-03
-2.668380375310320726e-03
-1.978241041421885393e-03
-5.638316379414427164e-04
8.083222037965074377e-04
1.952874631914931682e-03
2.969543001993315071e-03
4.942585986606002832e-03
5.453015443882771977e-03
6.532780290965195698e-03
6.714058383651015649e-03
6.126951185269811050e-03
6.170524540927715094e-03
5.907033089629375004e-03
5.130674649161856213e-03
4.524343359953063130e-03
4.255443679765090817e-03
2.006795569107474274e-03
1.883032289646084005e-03
1.544437218259364858e-03
8.562770506821094571e-04
8.508758040312635121e-04
5.887787741742556060e-04
4.841417965883414035e-04
3.873902307172262917e-04
5.264726328703651058e-04
4.786344851473056010e-04
4.928214482168405451e-04
1.308374612168874788e-03
1.320246178880418253e-03
1.548248566193271419e-03
1.793559079927289305e-03
1.701566550241851708e-03
1.819447824843585223e-03
1.850120090272230683e-03
1.845026200762735040e-03
1.895525441031940036e-03
1.895320923485861817e-03
1.907987128014852502e-03
1.922991347601971275e-03
1.923674236662177269e-03
1.932013220067829197e-03
1.935528886129204680e-03
1.937361703790905403e-03
1.940122994946291224e-03
1.940890318261628660e-03
1.941685681773626772e-03
1.940515263130756412e-03
1.941398177791076995e-03
1.938414052897202526e-03
1.934822989054488804e-03
1.937206833443040838e-03
1.922746455723005473e-03
1.924423852277945025e-03
1.921235182964410636e-03
1.882352961019593228e-03
1.916887527860070255e-03
1.858003098905518105e-03
1.812900784582075842e-03
1.918199631767210150e-03
1.641896401392816665e-03
1.820633147915063548e-03
2.058570389629558670e-03
