1.407458775744811590e-02
1.368910619671779433e-02
2.668914308499364951e-02
2.632791552748654437e-02
2.349991022624370665e-02
2.512864178061332068e-02
2.421896671591379849e-02
2.326432417152860671e-02
2.360426669460616647e-02
2.308336010826005785e-02
2.295077550742160091e-02
2.294165241477744491e-02
2.270721823943022688e-02
2.268171013096272753e-02
2.256925694593153384e-02
2.231482861721913874e-02
2.234615498379743589e-02
2.187774797377853297e-02
2.147266691387256232e-02
2.157346116841864919e-02
1.972973966000481777e-02
1.971845332321341820e-02
1.854553574224685961e-02
1.781397780692942426e-02
1.733377484187667225e-02
1.623971257754235759e-02
1.536671369355293963e-02
1.414722486059118156e-02
1.206234757636460118e-02
1.055513859618649117e-02
8.279247256788115072e-03
8.526851280955241932e-03
9.147428264359684300e-03
5.022922966709516233e-03
-3.212598245004209731e-03
-3.997450562199541743e-03
-8.680393852975852934e-03
-1.082445571688324740e-02
-1.459194523465780213e-02
-1.592236128007377266e-02
-1.961826926930010373e-02
-1.947319612893004537e-02
-1.619726054822100136e-02
-1.892775900041024015e-02
-1.383995451629877436e-02
-1.409240454551663121e-02
-1.472098918513636834e-02
-1.309217465243936365e-03
-2.110132104301656094e-03
1.807789726394657065e-03
7.793071597279292370e-03
9.490451115836248588e-04
7.434824599484871066e-03
3.736603447086849113e-03
5.866460927497436917e-03
1.637655569296663990e-02
1.136162112308771420e-02
2.234642933178110011e-02
1.826422157875737945e-02
1.511235607250542741e-02
3.187887212525921526e-02
2.766824876319330662e-02
1.709860682916788596e-02
1.585489112071918408e-02
1.355785037625820838e-02
2.093411165728519333e-02
1.570055694740708774e-02
4.507324830409881883e-02
7.080435003631496693e-02
1.109906128577902856e-01
1.231946772878670798e-01
1.177648947997087525e-01
1.221428327259531516e-01
1.199203993809316998e-01
1.188324776516138243e-01
1.230383006461620438e-01
1.260515500591554150e-01
1.159511666365542620e-01
1.180913269154568040e-01
1.134525132503213379e-01
1.030152126749113856e-01
1.072985781752915924e-01
9.211433354057235734e-02
8.041356597931811900e-02
6.482678907396009771e-02
4.707387043910027380e-02
3.345953115860191007e-02
2.100875127780406013e-02
3.293709224711109662e-02
1.170168259191410771e-02
1.738641459020467614e-02
1.216897208841969183e-02
1.515941166558914741e-02
1.696109512541714437e-02
1.612155961912199731e-02
2.320268034249241274e-02
2.122753706600428308e-02
1.555945881656278958e-02
4.575252846782868615e-02
4.491206538886743926e-02
2.451367361079666990e-02
2.927161171086497052e-02
2.171359924111898945e-02
1.543073418256755633e-02
5.093495654046293437e-04
-6.996758191356972426e-03
-1.979623999174471433e-02
-4.736494550294247097e-02
-5.275849401781325387e-02
-5.392745098975506440e-02
-5.989037898427593959e-02
-5.405918595359161805e-02
-4.389961404143593454e-02
-3.766082608143916932e-02
-9.153369721370412798e-03
1.916542379462740989e-02
2.806187424051264506e-02
5.785414144731339942e-02
7.573964174295844121e-02
8.177026741407154853e-02
1.094672188607117014e-01
1.072239494973568769e-01
7.431962940294899178e-02
6.340107237157968645e-02
3.019303949091291933e-02
-1.373804091956570654e-02
-3.702560656494348346e-02
-5.751063903449650516e-02
-7.654412836521130858e-02
-6.239095526086399501e-02
-5.924219349479953323e-02
-4.768112221917261001e-02
-5.751880760083621924e-02
-6.746234770472184228e-02
-7.148214344741811443e-02
-7.354706106561198498e-02
-7.715209352520939479e-02
-7.675265633040673219e-02
-7.357256278863731624e-02
-7.623516149264233932e-02
-6.631511449237625921e-02
-6.056751797234832813e-02
-6.190084439583519449e-02
-2.619947517534977274e-02
-2.455083629233910728e-02
-1.707040024709372689e-02
-1.712551545319465889e-03
-7.518589389605065225e-03
-1.006598360613681319e-02
-1.375505898244220281e-02
-1.813164141472798155e-02
-8.830140761076004730e-04
-2.272633688067256415e-03
1.315692818414063853e-02
2.419566572110286307e-02
1.465776797679256213e-02
1.950980976181868748e-02
1.361036973185558892e-02
4.213008859622972488e-03
1.489513397377971622e-02
4.488702887544674704e-03
1.485958428712622591e-02
2.991023051944456668e-02
4.191740596051837797e-02
5.156039478471831361e-02
6.242503862433660539e-02
6.975974313816553363e-02
7.372058457127114717e-02
7.840647089678880188e-02
8.024521959144570449e-02
7.740901260318805432e-02
6.165099036570850094e-02
4.958564051161051117e-02
4.336803542897024050e-02
4.701627141598962306e-02
4.355337379561950023e-02
1.586222061562403071e-02
-1.563762345415932844e-03
-3.891778404556769239e-02
-3.280362431060582923e-02
-4.324572801394838129e-02
-3.617415121608145295e-02
-3.371514932433111039e-02
-3.529122576182998350e-02
-2.355265715620786030e-02
-2.754942917591028315e-02
-1.899274745476887266e-02
-1.263540225013896554e-02
-1.745991078128519489e-02
1.394887332200823744e-03
6.504452147384142194e-03
7.661835002743703354e-03
4.111621591713994495e-02
3.964091023333757985e-02
4.638286647163500365e-02
5.728252905512243309e-02
3.930609585525460248e-02
5.566383201669497516e-02
2.844725828706489573e-02
1.117755018528979183e-02
9.378546400365388603e-04
6.693581749045868223e-02
7.677298551517497405e-02
1.271560752227067492e-01
1.340244770917602413e-01
1.310274094128887901e-01
1.474798275147187754e-01
1.103478613254444962e-01
1.001877915092407728e-01
4.584612134627806534e-02
6.099250239484225490e-03
-2.870061627735588303e-02
-2.807804203931361930e-02
-1.879807935901659996e-02
-1.860568294535136849e-02
-1.980477672171788647e-02
-2.209465017301452325e-02
-4.403967959081959288e-02
-6.175025536070697513e-02
-6.260030174030739580e-02
-7.224595861264294927e-02
-1.190737071013016485e-01
-1.314814464637370506e-01
-1.269042472347566008e-01
-1.535510915655521891e-01
-1.431283150220100109e-01
-1.130919314948005405e-01
-1.143232015609269847e-01
-9.261746956629210437e-02
-8.765842601919529575e-02
-9.263794851461651381e-02
-8.454716645604067049e-02
-8.716950255713204476e-02
-7.900277656840605511e-02
-7.234758543585795287e-02
-5.348488369456898955e-02
-2.534755631769219572e-02
4.019492967467880491e-03
3.579232384229673585e-03
1.710729240179450356e-02
5.723426097913693854e-03
7.167298379293631991e-03
6.060175145607481911e-03
4.239759528841393482e-03
9.481488680494115640e-03
1.511265562351882426e-02
1.831442468508630295e-02
2.951409223873519352e-02
4.142348299029492004e-02
4.411910984645045497e-02
6.417102754147663290e-02
6.813328012951923307e-02
5.141325748969445553e-02
5.640734882013861279e-02
3.375487286087496680e-02
2.533220508311181951e-02
4.331647736252075553e-02
1.872411062797598585e-02
3.031086971681603431e-02
3.410410174852424731e-02
3.573957327866048028e-02
4.133452900129380020e-02
3.549822856271568627e-02
4.065820231189311990e-02
3.941659330201087441e-02
1.448207872696722145e-02
9.017421460569502098e-03
-7.797446234908257754e-04
-1.373519413088864632e-02
-1.581251252603785296e-02
-2.222182694825046087e-02
-3.633271818942106213e-02
-2.734391842316391888e-02
-4.406494000711451420e-02
-3.992190169224207191e-02
1.125573714020791649e-03
-1.526119919315595480e-04
1.461700411394947427e-02
2.057257067052529684e-02
3.678119788872669105e-02
4.008095678295244685e-02
4.800597242902699541e-02
7.530300913203176461e-02
6.288686899326717539e-02
6.640783818529481797e-02
4.402803943694567901e-02
3.229889934083421399e-02
9.880904635759452104e-02
8.640826689909451852e-02
9.626627682428193222e-02
9.013831683818195051e-02
3.248007628924302198e-02
4.806127362819401574e-03
-3.875674363506083353e-02
-9.389425837685799747e-02
-1.270441848739653767e-01
-1.246368106389071084e-01
-1.538369646501960009e-01
-1.506070360582534295e-01
-8.815360360174323562e-02
-8.458073930020730546e-02
-4.865365052584945393e-02
-4.757097396608474249e-02
-1.038325806335456264e-01
-1.746355787700223927e-01
-1.848928245572438733e-01
-1.792287423492600618e-01
-1.625195358524782752e-01
-1.375700248122907754e-01
-1.201284784105968589e-01
-7.700029631036388322e-02
-5.558091231845062319e-02
-4.991226350150086005e-02
-1.946603663744433943e-02
-2.122593453890596685e-02
-1.008376035453059996e-02
6.380446110233485221e-03
1.076573732778049632e-04
1.850614142849188806e-02
2.217311151677476069e-02
2.097701844103286653e-02
3.985063723660908080e-02
2.931521954289088155e-02
3.632393467680009730e-02
3.615432560406275225e-02
3.465945301927244454e-02
4.989379289805517814e-02
4.363640150193068973e-02
5.474189370945185817e-02
6.804615786142211020e-02
4.654514411595103707e-02
6.994304769770783026e-02
2.487947175455771168e-02
-6.663858860459719036e-03
-2.406151036118063177e-02
-1.022750255890790549e-01
-9.711540212792793558e-02
-1.144094901384393181e-01
-1.405621361757930232e-01
-9.025798290189102069e-02
-1.043074598677910941e-01
-5.931501058008362831e-02
-3.041059229810840966e-02
-2.096587265434873143e-02
-1.720691238511697085e-02
-1.188289050309617595e-02
-4.453497879556566307e-03
-7.349339551800017009e-03
3.043207366872155949e-03
-1.833447524053789498e-03
-4.224048960225849567e-03
6.573445287501602195e-03
-2.509465430144817294e-02
-3.373970798141188304e-02
-4.912919082496190054e-02
-1.482526017863255441e-01
-1.465915593448588461e-01
-1.753966433004599257e-01
-1.741871042737138109e-01
-1.546209785256549840e-01
-1.612958482153738493e-01
-1.262814839468250905e-01
-1.308021856466380639e-01
-1.424769414778521148e-01
-1.428350664822874150e-01
-1.494558038456122451e-01
-1.454188437235250375e-01
-1.405444492287639680e-01
-1.494856741634603414e-01
-1.467913587560978617e-01
-1.476327731522114883e-01
-1.530533505604013689e-01
-1.475490612468128571e-01
-1.498859694905551043e-01
-1.565058994615122767e-01
-1.540879155606402762e-01
-1.658066605434906637e-01
-1.794076524201406175e-01
-1.893895959530423612e-01
-2.064978972462322149e-01
-2.178370244706610559e-01
-2.301372723781026919e-01
-2.428171384200993876e-01
-2.509341224443731866e-01
-2.613775619546995777e-01
-2.677930874878877709e-01
-2.749137521311046939e-01
-2.805762575521606461e-01
-2.840479779869005128e-01
-2.900463861307250313e-01
-2.903329292097485137e-01
-2.945439816537085975e-01
-2.960724692051779905e-01
-2.935884628795606965e-01
-2.979449057393932510e-01
-2.911868446394404453e-01
-2.891167562883558695e-01
-2.860903747795604524e-01
-2.695090911815555823e-01
-2.633601077885631692e-01
-2.322439332556495706e-01
-2.114375869148448217e-01
-1.946300286702606075e-01
-1.639539695753918225e-01
-1.381435264030792254e-01
-1.084758656716559161e-01
-7.088148619975769005e-02
-5.313661515621465742e-02
-3.501061920788470228e-02
-1.629754220611454030e-02
-1.966990697287991727e-03
8.367416920653753670e-03
3.129228173426093496e-02
3.465796750537578769e-02
3.441426230952893822e-02
4.132134620933824998e-02
3.937276824592744751e-02
4.106321386885072866e-02
4.244504963495441402e-02
4.095478628567056356e-02
4.327702602612227417e-02
4.185193665931811330e-02
4.128371702990336206e-02
4.512670606564192499e-02
3.733683640181860441e-02
4.218173378613235269e-02
3.960210036888209273e-02
1.442984855759746159e-02
8.451420906273498374e-03
-3.713755598584555628e-03
-1.446430577335018272e-02
-2.124364160063894891e-02
-2.907035659213032947e-02
-3.909334422568826184e-02
-4.979275512435785839e-02
-5.849233847975858491e-02
-8.368247942909178005e-02
-9.749148350771386085e-02
-1.222466517247025458e-01
-1.655326075358706239e-01
-1.640666062241163958e-01
-1.854436574478648403e-01
-1.953017468156280079e-01
-1.973911844110513847e-01
-2.059925918403108791e-01
-2.076196900433990578e-01
-2.082531872423302455e-01
-2.115983614616306907e-01
-2.095095757368434231e-01
-2.070966600292810933e-01
-2.108878531889954444e-01
-1.975651026831547752e-01
-1.977882867101846132e-01
-1.963254903147687302e-01
-1.517063396201170367e-01
-1.453210375686264655e-01
-1.179547381133037309e-01
-9.096477566470649589e-02
-8.148987382519645717e-02
-5.286132836075160130e-02
-2.115693865363958356e-02
-1.470116686153117615e-02
4.308454800350231678e-02
4.443875227229287378e-02
4.692207986906031525e-02
6.333851463273118543e-02
5.897557250009818203e-02
6.373255026570595616e-02
6.580767286363102542e-02
6.296979752338154046e-02
6.520261818698247502e-02
6.064656712098934199e-02
5.714411550073634355e-02
5.656132314503283659e-02
4.023627608784442061e-02
3.897307932108318163e-02
3.752728022420959153e-02
3.377698487127280685e-02
3.464441797635692960e-02
3.398297648375363245e-02
3.350719593793974327e-02
3.372558390665341549e-02
3.342469348151833053e-02
3.340429469640170124e-02
3.340136698806096816e-02
3.331631679952769265e-02
3.332544221448851401e-02
3.330368487731967531e-02
3.328657763337650177e-02
3.328578935627890534e-02
3.327569905495470631e-02
3.327180767511512399e-02
3.326459518354873274e-02
3.326411447094184543e-02
3.325292440123167603e-02
3.324094777560377550e-02
3.325105013803637127e-02
3.319503628625539160e-02
3.320683511130245735e-02
3.319817398312139428e-02
3.301088976370530198e-02
3.319670228991520450e-02
3.287518811703495081e-02
3.267478696348755790e-02
3.296867266790458328e-02
3.126310147046099108e-02
3.090360359781179830e-02
