-1.029623389985793135e-03
-1.152059270505713731e-03
-2.506237136081347714e-03
-2.550671863373065763e-03
-3.310700573206567035e-03
-3.521923683583959123e-03
-3.353493188154196575e-03
-3.605067115754920833e-03
-3.576363283691095293e-03
-3.591621652609081061e-03
-3.650962814560812682e-03
-3.635926960481274204e-03
-3.656066846357741620e-03
-3.665245228011624039e-03
-3.663991083067700411e-03
-3.671742051407740452e-03
-3.672511298871446953e-03
-3.673704789506826093e-03
-3.675719560183447407e-03
-3.675607386987978994e-03
-3.676319448917780928e-03
-3.676429814839366275e-03
-3.675879418158554176e-03
-3.676240258646283534e-03
-3.674563498651244476e-03
-3.673651492716031169e-03
-3.673639674822038771e-03
-3.666571122688025083e-03
-3.668729603813408041e-03
-3.661980388063738271e-03
-3.642903326269574145e-03
-3.661954932263669291e-03
-3.608893246118153805e-03
-3.594888709631481691e-03
-3.640398028070985191e-03
-3.389214961464719240e-03
-3.481430021719022182e-03
-3.369810485603112835e-03
-3.472824784509804131e-03
-3.612453145966236338e-03
-3.624405747609131534e-03
-4.222903289650527595e-03
-4.014396655111219549e-03
-4.439355636258989803e-03
-4.007420106880979147e-03
-4.089691878347230351e-03
-5.500151083318793703e-03
-5.518383640510262853e-03
-6.453000915433653763e-03
-7.028758499446341457e-03
-6.247042790248389689e-03
-6.534366133195951450e-03
-5.743407669972090679e-03
-2.896143630791298430e-03
-7.043304114649280752e-04
3.353470890959950128e-04
5.165983867158080445e-03
6.505391797056080984e-03
6.313093195380326157e-03
9.934917796493960770e-03
1.014092337468334298e-02
7.774150141507764344e-03
9.945572114157568561e-03
1.213978076125213530e-02
1.297268915592168607e-02
2.265854461985226248e-02
2.471437109673361651e-02
2.490903379462790918e-02
2.778977770108205167e-02
2.683625502761334200e-02
2.681320567053853410e-02
2.772444106712263281e-02
2.550599255104619295e-02
2.555382019995509207e-02
2.469797540856262519e-02
2.091977500312270505e-02
2.105854245566710775e-02
1.793243941808618167e-02
1.574734325248141123e-02
1.417910774134270406e-02
9.204408028742271444e-03
8.035864209073128803e-03
4.479333012645415370e-03
2.085349677291358211e-03
5.992272448946587247e-04
-2.844698391938889001e-03
-3.406487271886418037e-03
-5.896383620442626795e-03
-6.095135103081540488e-03
-5.065656285230404378e-03
-6.661516675179560837e-03
-5.394083199224868411e-03
-5.203962971688710741e-03
-4.970522720896730987e-03
8.576863762116988116e-04
1.358648802511989865e-03
2.058120141163736604e-03
3.928178850435564903e-03
2.036261792993274491e-03
2.538182800096042743e-03
1.725041058482125250e-03
2.075580617872613363e-03
2.181851752450172325e-03
1.227056117696764250e-03
1.522395449678194375e-03
2.206829158525041613e-03
4.786170735019797812e-03
7.413175560114005670e-03
9.364856291426951543e-03
9.692782999510813138e-03
8.817320002086620825e-03
8.350529634014731972e-03
6.048169045493580198e-03
4.829139330283694145e-03
5.021263311177915668e-03
4.344723894555781001e-03
3.908592408083597092e-03
3.147622777025078922e-03
2.753207590232411694e-03
1.362773874082234826e-03
6.143521557920498090e-04
7.444783977984058927e-04
-6.277242553186340420e-04
3.643445529716429830e-04
2.011002776526952564e-03
1.335350777929603236e-03
5.847798846279270157e-03
6.317597343434660367e-03
5.309286158779291664e-03
9.505348365110072653e-03
9.627500691385269121e-03
9.395160153349102136e-03
1.054998511670626575e-02
9.966598277853920551e-03
1.098969711040470067e-02
1.121742698522541944e-02
1.101923470107078404e-02
1.154641841746928757e-02
1.122725931093697914e-02
1.076727050848943525e-02
1.112401785910656360e-02
1.008167415557028983e-02
1.031110332382773748e-02
1.047624109858562476e-02
9.892753367171673931e-03
1.024628490154187201e-02
9.336562662182554956e-03
8.248822474112241926e-03
8.163317520460119242e-03
5.367222674134464883e-03
4.093231873984718924e-03
2.168175170351361973e-03
-1.353469472322931140e-03
-2.044111152263201545e-03
-3.789114152115340833e-03
-3.332991014630905420e-03
-2.058618400617179527e-03
-1.997038074565819256e-03
-6.397729860298972037e-04
-4.309007480331629837e-04
1.769690535700911994e-03
2.005870022516696716e-03
1.813786961962385357e-03
2.500016983227749956e-03
2.568155441570004870e-03
2.455882120194847074e-03
3.097467351552308113e-03
3.113874573544448462e-03
2.294165742689474510e-03
1.821559780975742348e-03
1.938372154080168384e-03
8.031611247125536963e-04
-5.840617290900485111e-04
-1.434450399600350947e-03
-5.633627078165675747e-03
-6.620990251657380039e-03
-7.815910528706065605e-03
-7.978861119914887334e-03
-7.580796280616226325e-03
-6.035793117080487900e-03
5.387675378040292836e-04
1.924056608088886480e-03
-7.023174817029941615e-04
3.754910743735784089e-04
-1.978130374259978730e-03
-2.507010298988925252e-03
-2.150327393271828352e-03
-2.540151369996940679e-03
-6.388708431511690416e-04
-6.295470946165163855e-04
5.531640868074162677e-04
1.256478483244291913e-03
2.244678782096400180e-03
4.899876324603926261e-03
5.260882919111553070e-03
6.301405009627335761e-03
6.856490252374768460e-03
7.189112633015462203e-03
7.260328843297090065e-03
7.493020106978210554e-03
7.551688975655355962e-03
7.678635790916277411e-03
7.712438294682430646e-03
7.820808592744598470e-03
7.896009207723328829e-03
7.826299244836302377e-03
8.110936589167070179e-03
7.868698096750661661e-03
7.858701202715191042e-03
7.718216549006649135e-03
7.917772790639088926e-03
8.206437559182187119e-03
8.044210779260112590e-03
8.431771039889896305e-03
9.465440852493912580e-03
1.042197318551675925e-02
1.078644428146739373e-02
1.194337240380557649e-02
1.275565005435203708e-02
1.242330043947447414e-02
1.461706125261605718e-02
1.261902114738121423e-02
1.037382306169254420e-02
1.027059936702672156e-02
1.968147983979618224e-03
3.429507140551566521e-04
-2.248041958076625081e-03
-5.862123632481132905e-03
-5.378315510674264860e-03
-6.736035526733850573e-03
-6.461086481808077375e-03
3.684345165187040319e-05
6.522566722728721745e-04
-3.789028269397690194e-04
3.520679961457361183e-04
-1.585928919559673102e-03
-2.071093105783902016e-03
-2.329562761292715365e-03
-3.979535525031012780e-03
-2.250949969975624045e-03
-1.200260894773447478e-03
-6.941482603019493835e-04
5.233242561288296152e-03
5.901219642508403335e-03
7.916211125907948384e-03
9.173927871399985279e-03
9.037290111728922895e-03
1.052481210320971826e-02
9.280170241953862240e-03
8.557315922374870293e-03
5.547499287139891731e-03
2.552094639811351446e-03
2.306158799318865429e-03
-9.306628212499024619e-04
-4.554116289233229605e-05
-1.073825563488815110e-03
-9.590113959284450422e-04
-9.203055779397780172e-04
-4.041106075378869851e-03
-3.791734916646788151e-03
-1.570681033925503886e-03
6.419007414685830824e-04
2.260880843760602887e-03
1.694884406979426956e-03
8.212872475889932246e-04
2.060566623050287798e-03
9.414076909028263858e-04
1.344861977146602711e-03
2.665813589478903140e-03
7.325457168970176888e-03
8.071334574150459268e-03
8.378146086783258908e-03
7.962899896841485470e-03
6.228191026883329873e-03
3.937447143723037113e-03
2.189049159875825455e-03
3.064711886680175699e-04
-4.749763730120841660e-04
-2.333869234631432039e-03
-2.975381096199341928e-03
-3.716858882810018198e-03
-3.939148606632836801e-03
-3.050710309143896994e-03
-2.801237627986767446e-03
-2.123972474308778897e-03
-1.473909507831875319e-03
-1.202402230424407323e-04
-4.815248509780473531e-05
9.710084626840541399e-04
6.894064166116522325e-04
1.615332203485561439e-03
4.207899082022400344e-03
6.157912163973111759e-03
9.626107950425347864e-03
1.052184367283517767e-02
1.183525061875257550e-02
1.348311976166084031e-02
1.484467881349124316e-02
1.580738036017809850e-02
1.773663655679524193e-02
1.829655625803563654e-02
1.750190196454688013e-02
1.757596224982710745e-02
1.696559208659398008e-02
1.571363371446854798e-02
1.457244111194955401e-02
1.350015800750578414e-02
1.032210795476521011e-02
9.168716791650087863e-03
9.092236666200783843e-03
7.693959054062588822e-03
4.170344033175337785e-03
3.223048637065364496e-03
1.017167163156217080e-03
-1.834441206233427277e-03
-2.499469437421130823e-03
-3.817321187523474435e-03
-3.413405964851292610e-03
-2.149240263044289653e-03
-1.992956507055598184e-03
-6.817756102515807378e-04
-4.424531332311556955e-04
1.773126998688380343e-03
1.997918416019592910e-03
1.830977415725714612e-03
2.517696948736400028e-03
2.595699830338161433e-03
2.513598794071331393e-03
3.149409408873106962e-03
3.220809165382198212e-03
2.445267862101399049e-03
1.969287635484527534e-03
2.308076947863490873e-03
1.160828300695309614e-03
-5.069765202553787006e-05
-3.302988933509781819e-04
-4.908133867188185263e-03
-4.903157765061318986e-03
-5.488192111442496968e-03
-6.808849986273592808e-03
-5.785850236939473618e-03
-6.122607799449888630e-03
-5.393036691950643842e-03
-2.426913136677699701e-03
-9.202489092352722803e-04
-1.358459991622436899e-04
2.030673052213549656e-03
1.942761338207976479e-03
2.113775988538399171e-03
2.621606410041503205e-03
2.752673313530545028e-03
4.364647281322336231e-03
6.752296276296755086e-03
8.170564698176351753e-03
1.028024786339231875e-02
9.935392029638546313e-03
1.152166020034122058e-02
1.350589436226378066e-02
1.324988540903056580e-02
1.649797681644847927e-02
1.561888986675473087e-02
1.362595993693735755e-02
1.455642005668233117e-02
1.029602462572993572e-02
9.912829915904738942e-03
1.062215939347907132e-02
8.336532009762078962e-03
8.849606660584949033e-03
9.049994954218739188e-03
7.451851027288521057e-03
7.747868225474021167e-03
7.291424035993612079e-03
6.944607652055443704e-03
7.077415142869966820e-03
6.274419292034903901e-03
5.578474377923195275e-03
4.882547701613718615e-03
2.392921729979714807e-03
3.075332817208622669e-04
-2.534220479876989930e-04
-1.541400408177266788e-03
-7.515930498816822793e-04
-8.930561264578507378e-04
-1.149091394512183426e-03
-1.710034118748257137e-03
-1.862997575474491978e-03
-1.310197440516795275e-03
-1.275852313625077793e-03
-1.274270213124557372e-03
-1.087062841507691405e-03
-1.235317268679230439e-03
-4.168246572848668800e-04
-1.070482482405054909e-03
-2.250407996161178669e-04
1.575431195014540290e-03
6.384585860565324643e-05
1.169902606112328955e-03
-8.513688702600424396e-04
-9.738353738639569804e-04
-2.635355930931516152e-03
-6.323472003083969832e-03
-8.163201661333904444e-03
-7.501411851734966774e-03
-1.709630959785613793e-03
-3.211540788956911228e-04
-1.938376965737162233e-03
-1.600313050073751912e-03
-2.509839627059620628e-03
-3.198761142583898733e-03
-4.618418775251048798e-04
3.111050910374983105e-05
2.353637890723860558e-03
1.105636665692263368e-03
2.478863454439367633e-03
2.198021827254258674e-03
2.035788536501339629e-03
3.999700893842046516e-03
2.768635884756705592e-03
3.159273282399250888e-03
2.461329384163398522e-03
-2.371330950354711645e-03
-4.178650323925051611e-03
-5.424693801933578099e-03
-8.240413922717312531e-03
-8.130530530650268914e-03
-8.857099679564044148e-03
-9.247900035836699797e-03
-9.149768804465888833e-03
-9.448990149262094865e-03
-8.459811005292685801e-03
-8.184654695065162952e-03
-8.533823011012266896e-03
-7.839497679260827231e-03
-8.447415635988692051e-03
-7.584311137873190993e-03
-7.593444088352326732e-03
-8.434381970997212666e-03
-7.711338156536116407e-03
-8.399705609561802441e-03
-6.661004533141958416e-03
-5.138501721003690959e-03
-5.109845950455476488e-03
-4.518671808637743717e-03
-4.077771536655531645e-03
-4.211052079589865799e-03
-3.913586360331144411e-03
-3.168496966207115864e-03
-2.669985244335786566e-03
-1.308337518860290148e-03
-1.003959368780826204e-03
9.537210367470242995e-04
1.186513690224549975e-03
1.036760176408508313e-04
-5.446449796493592994e-04
-8.684835782852419299e-04
-4.068019540324287241e-04
-6.309092347342940953e-04
-2.256373781388403845e-04
1.644266492994896230e-04
2.108584238797220865e-04
1.705428745303434138e-03
1.728860249145477718e-03
1.484798643761079014e-03
1.649243934852794458e-03
1.593274447199787176e-03
9.797178527289787490e-04
7.404865913297735023e-04
6.337079001597365271e-04
-2.066981632949198983e-03
-2.132627555658590975e-03
-2.521113569841659709e-03
-3.171240151586184660e-03
-3.123652750060665687e-03
-3.402148188282647957e-03
-3.478657224566977010e-03
-3.483411957926323393e-03
-3.644371676160747166e-03
-3.424985703157429166e-03
-3.615409269378526847e-03
-3.560834486171854212e-03
-2.688588914182742529e-03
-2.475729167854386938e-03
-2.280623514440308346e-03
-2.110617404686032476e-03
-2.120301189972054797e-03
-2.082919793821965543e-03
-2.052062617371310221e-03
-2.052799225269167152e-03
-2.035819071306450671e-03
-2.030762446328198551e-03
-2.028156457166650599e-03
-2.022926865610600970e-03
-2.021932807280364241e-03
-2.020306984119846303e-03
-2.018924234776804834e-03
-2.018573906294895103e-03
-2.018028746367154114e-03
-2.017406213096035409e-03
-2.017703880287019524e-03
-2.017355128193752678e-03
-2.016591586662761209e-03
-2.018792623990160913e-03
-2.015919706512997542e-03
-2.017246560036089868e-03
-2.022642458569038487e-03
-2.008735949466273173e-03
-2.028766453190619570e-03
-2.023009245413215883e-03
-1.989969371149660771e-03
-2.086805829777273538e-03
-1.961632860035321217e-03
-1.985666407777382687e-03
-2.043198031432069163e-03
