1.323196000937906236e-01
1.400850375561406014e-01
2.543738779741234746e-01
2.663781204057212859e-01
2.718404064084599114e-01
2.943381565081252815e-01
2.824661133222149401e-01
2.906438999953867564e-01
2.928338908351914016e-01
2.905147337319904377e-01
2.942164516371193472e-01
2.935186086296602825e-01
2.938521803732115356e-01
2.947996618553436199e-01
2.944466910255608139e-01
2.948714953724366761e-01
2.949937483447837017e-01
2.949595151462005016e-01
2.951368159351454579e-01
2.951240175149755229e-01
2.951664956812112273e-01
2.952086304065422162e-01
2.951986983383827479e-01
2.952482779423591386e-01
2.952178018558770933e-01
2.952515043548731843e-01
2.952890072949890254e-01
2.951684531228736530e-01
2.953814459779802726e-01
2.952243385367754880e-01
2.951159994470680670e-01
2.957412505738977737e-01
2.946843580979266464e-01
2.955681424328659435e-01
2.958976885759420083e-01
2.917600728317754077e-01
2.900222627619493121e-01
2.867759693383262753e-01
2.794383964569638334e-01
2.795428063938582008e-01
2.729391977760020627e-01
2.592561401681822142e-01
2.666178364263578904e-01
2.294439277836725355e-01
2.289439160484496860e-01
2.219246843333805841e-01
1.216595694106548803e-01
1.120071824031037000e-01
-1.060990352649715182e-02
-6.277297639409930297e-02
-8.355002170075094547e-02
-1.499397658074091422e-01
-1.130314255192605144e-01
-1.117340828263747726e-01
-1.132295174071038246e-01
-1.079230265352248697e-01
-9.949431824507773414e-02
-1.259451007972812175e-01
-1.131321284837153579e-01
-1.195263635359097576e-01
-2.153992086082190394e-01
-2.424989958433697024e-01
-2.751124334646379288e-01
-3.059470773277739308e-01
-3.010125905933096480e-01
-3.178259015844862589e-01
-3.157904039604214619e-01
-3.185806702403157220e-01
-3.262767030729701312e-01
-3.229920600421981036e-01
-3.293882638147828668e-01
-3.310214002105373310e-01
-3.316675339960660218e-01
-3.380947212817702052e-01
-3.381865127498101531e-01
-3.439365932954685512e-01
-3.495248228369615129e-01
-3.521832398836514111e-01
-3.634327158585505257e-01
-3.675247312824139190e-01
-3.762814875954387794e-01
-3.839278531685786366e-01
-3.891559208269717018e-01
-3.966158234114939840e-01
-4.029425195687189043e-01
-4.104644977922017324e-01
-4.200337847743528252e-01
-4.258674377020505997e-01
-4.330196494443547262e-01
-4.384100451746887339e-01
-4.152238690705375990e-01
-4.069598631039251235e-01
-2.937965605352506060e-01
-2.226401280426890672e-01
-1.749036920300647002e-01
4.842706221574082093e-02
1.071638266708773296e-01
7.433903937818697738e-02
1.676862105472051445e-01
1.146187099923207109e-01
-3.023410201607261774e-02
-3.777379950669335074e-02
-1.531508746122603182e-01
-1.764699001474984985e-01
-1.179967441415534224e-01
-1.528379855400417153e-01
-1.160599333500281077e-01
-9.577041724999101058e-02
-1.072449047861375460e-01
-1.308000894262303926e-01
-1.891009892870565423e-01
-2.174646465086354508e-01
-2.837123724996422625e-01
-3.659730153327991897e-01
-4.089387460814616904e-01
-4.344770119764735372e-01
-4.492852455970070547e-01
-4.312392883971354340e-01
-4.317733064053088099e-01
-4.317424413513000214e-01
-4.080236995443656811e-01
-3.894309155386323495e-01
-3.535842658123021787e-01
-2.737866341128238901e-01
-1.824405613207743249e-01
-3.362358591527105089e-02
3.440386075276295752e-02
2.058469722529434887e-01
2.710569953370710605e-01
2.487694055052125375e-01
3.132232728281161283e-01
2.474682188746225586e-01
2.112293585604302359e-01
1.619554614984290430e-01
-8.576895337992716806e-02
-2.613559545134406248e-01
-3.040437938619857117e-01
-4.565860721451742155e-01
-3.995490507348793963e-01
-3.927067593778775234e-01
-3.781713454065755431e-01
-2.484789161317857153e-01
-2.516480503035695149e-01
-1.863597384924780553e-01
-1.659298663906017823e-01
-1.607047871519999283e-01
-1.502741743565297883e-01
-1.598712684259043504e-01
-1.559124815006196207e-01
-1.495039406236063351e-01
-1.472481089763769402e-01
-1.398579295784235510e-01
-1.356439270694205501e-01
-1.325321388842617409e-01
-1.265014064486320589e-01
-1.243757249591725123e-01
-1.211388035019262538e-01
-1.163879326136973563e-01
-1.159125369212474638e-01
-1.117416511938255086e-01
-1.086798083748584387e-01
-1.092790932080199562e-01
-1.034574928764275398e-01
-1.049425657817926599e-01
-1.057363461570363927e-01
-1.040798493792121082e-01
-1.197901101509390026e-01
-1.179530553882371380e-01
-1.275777747369095383e-01
-1.366522211312711510e-01
-1.337246458781544689e-01
-1.491013561215632777e-01
-1.481097602945019853e-01
-1.549745889339797511e-01
-1.729771529953980647e-01
-1.750726183610605835e-01
-1.955093928868242292e-01
-2.125943784726703756e-01
-2.164376022616312789e-01
-2.482472283352985254e-01
-2.491998323169699048e-01
-2.354737225317964089e-01
-2.475580300375959109e-01
-1.595103598090334140e-01
-1.605964145784033736e-01
-1.972078866095421379e-01
-1.928616486348854464e-01
-2.332375266111400558e-01
-2.678766936727603465e-01
-2.732110462746523138e-01
-2.472203999472080971e-01
-1.928549545252246922e-01
-1.718140560259471261e-01
-1.716393592286831471e-01
-1.269198571998142178e-01
-1.081809380020708478e-01
-9.319982164944554115e-02
-3.647774615377502583e-02
-1.462834294441474683e-02
2.016770575183777017e-02
1.218062374339062698e-01
1.474496550796779160e-01
2.153155056089448571e-01
2.556439198950993807e-01
2.814476459123154695e-01
3.172511132125024336e-01
3.190891391314527592e-01
3.404562830473737978e-01
3.495155156207583325e-01
3.535015977035977919e-01
3.655117232064652444e-01
3.608656243662077268e-01
3.630755583790598040e-01
3.553236475139252559e-01
3.430513419409271791e-01
3.437204234723036378e-01
3.237793321807006519e-01
3.071714516833481401e-01
3.092005563195432405e-01
2.540279407831643743e-01
2.559503412985852933e-01
2.239642152512016648e-01
1.045915760420185747e-01
8.625811352594567327e-02
-6.947950459211149621e-03
-4.218768071430216426e-02
-3.782078777443917406e-02
-8.208843311422568678e-02
-9.585419914238653416e-02
-1.068165628285710628e-01
-1.575776970972423141e-01
-1.597862177377000203e-01
-1.366321328393731438e-01
-1.133549953049132197e-01
-9.453331236950046623e-02
-7.201889682415218985e-02
-6.420002887889282583e-02
-5.181464163319945970e-02
-4.511393028573719433e-02
-4.236089532050747730e-02
-3.925233821775685888e-02
-7.540895350042371714e-02
-9.916146243903752044e-02
-1.598898708791552936e-01
-1.691451103423178282e-01
-2.253109343131760312e-01
-2.509446326642131853e-01
-2.612478726737618717e-01
-3.082012414706276071e-01
-3.321391308073695092e-01
-3.402799159555946473e-01
-3.936082771829461091e-01
-3.845376064904577063e-01
-3.711877547362840146e-01
-3.474371850782758120e-01
-3.266982145180136188e-01
-2.934144117193760448e-01
-2.594313086169875437e-01
-2.341419924503498617e-01
-1.803875664529910050e-01
-1.627645783087957321e-01
-1.389843205845261442e-01
-1.079066320720860339e-01
-1.072349645259663975e-01
-7.859904690752059220e-02
-7.736719880122874815e-02
-8.051256265765123488e-02
-7.607125780206630550e-02
-8.662162098573518432e-02
-8.699485294025752213e-02
-9.144614422470280501e-02
-1.007976600796802041e-01
-1.007998571252492898e-01
-1.121691570351318612e-01
-1.178984571561642603e-01
-1.241519616413685467e-01
-1.408356000034118316e-01
-1.474257493253681717e-01
-1.637405356319923677e-01
-1.778128635746481501e-01
-1.888605114484153691e-01
-2.093849943187521268e-01
-2.233831354899214749e-01
-2.493249532525512735e-01
-2.650936400795249615e-01
-2.919300717516341015e-01
-3.066228847913350930e-01
-2.674018139608504430e-01
-2.541167202682517723e-01
-1.479825096568228582e-01
-7.741802986472626213e-02
-7.895803090452310422e-03
2.922184269509884094e-02
6.263301077616620360e-02
5.550373419126481550e-02
-3.983806323181839776e-02
-1.145965393794834072e-02
1.222259101720726653e-02
2.956510722321651144e-02
1.528063026440942274e-01
1.718612737896674514e-01
2.086071835915642714e-01
1.772992450835793321e-01
1.382042813852898955e-01
5.164761788973522977e-02
-1.600231127299709122e-01
-1.927607545234990005e-01
-2.090545635151252746e-01
-2.179552241342031238e-01
-1.847244096165482352e-01
-1.859200261748044924e-01
-1.256254859735183305e-01
-1.055100792418870864e-01
-1.281895970105406957e-01
-1.172372311529992356e-01
-1.346641505069729738e-01
-1.712456953289457351e-01
-2.148383073237938867e-01
-2.902174859954004815e-01
-2.682661574675610505e-01
-2.892191981510225385e-01
-2.731901167165199928e-01
-2.710429720319822433e-01
-2.857498243651236947e-01
-2.612753536335888915e-01
-2.791391994028945001e-01
-2.780511584062678732e-01
-2.682341419244145264e-01
-2.889961361276923157e-01
-2.691127195800128158e-01
-2.537890667437673331e-01
-2.533739182542406598e-01
-1.952042541996328318e-01
-1.918086654293459647e-01
-2.111141933547135696e-01
-2.032221863423383790e-01
-2.123334913684861436e-01
-2.196803020173364041e-01
-2.093791535415801541e-01
-2.199743422065942866e-01
-2.173323365532499052e-01
-2.114855352175844805e-01
-2.189803136038119546e-01
-2.053645129856387919e-01
-2.228536326521324551e-01
-2.453828256177255918e-01
-2.346435695368242202e-01
-2.949264824932407159e-01
-3.710958259201350140e-01
-3.660954834035978767e-01
-3.898841547646968997e-01
-4.346374046004901626e-01
-4.531744221025745811e-01
-4.746706995795597073e-01
-4.948414963235375774e-01
-5.103111098039486704e-01
-5.303449099413460877e-01
-5.510069793812408800e-01
-5.569565995917824530e-01
-5.554232745220227807e-01
-5.585584645044384677e-01
-5.765915819726353808e-01
-5.737247688703878135e-01
-5.900264455309701672e-01
-6.006173810515020861e-01
-6.061811504253873384e-01
-6.235240081779346299e-01
-6.282037592409982496e-01
-6.374452745037431090e-01
-6.419559151646356820e-01
-6.543519204386079036e-01
-6.520984847101257698e-01
-6.527177602511412546e-01
-6.660258199502288035e-01
-6.577823091093100150e-01
-6.594403308194645152e-01
-6.618376086905133349e-01
-6.330244859977199878e-01
-6.345203452833243496e-01
-5.916119325895766723e-01
-4.485533708122017016e-01
-3.876742370041986741e-01
-2.323232399618569144e-01
-1.686207832715744259e-01
-1.066134199053072468e-01
-4.202779905998715176e-02
-3.751537248415115489e-02
-2.545452480946616865e-03
3.404068137762149282e-02
8.319304706960635454e-02
8.652708404859162095e-02
8.870681046200404318e-02
7.440161339695634812e-02
5.848892996159379271e-02
4.616567272155336354e-02
-5.496194534649996577e-02
-9.819995738625399151e-02
-1.881943784543528564e-01
-2.601500034381979964e-01
-3.342982042128223585e-01
-3.818658140513558341e-01
-3.877035336236746565e-01
-3.790815381126524386e-01
-3.863339129244429127e-01
-3.736932765158517133e-01
-3.590275807610560088e-01
-3.344485966791723164e-01
-2.616961590992358810e-01
-1.957671822807201256e-01
-1.330513902253651903e-01
-5.847583914273680322e-02
7.478535952259189601e-03
7.016526364020812812e-02
1.616275924284529472e-02
-9.095444973108957054e-02
-2.368805896179523862e-01
-2.968364796912590364e-01
-3.434542531630098150e-01
-3.794112306463184314e-01
-3.701602631527211029e-01
-3.829019218519684187e-01
-3.778972607483205848e-01
-3.898363492694806864e-01
-3.922030993738999105e-01
-4.083176155653627237e-01
-4.036312526181005111e-01
-4.081474061032237532e-01
-4.038994297601473660e-01
-3.925309823964378553e-01
-3.902164224993519559e-01
-3.743413723889982836e-01
-3.684058826840199696e-01
-3.539612234833663384e-01
-3.394565195653701517e-01
-3.315444407805424598e-01
-3.070972201230542931e-01
-3.035668165158976195e-01
-2.878658114497109066e-01
-2.808247897849203145e-01
-2.858191803792931585e-01
-2.742446488755694856e-01
-2.822839249404632267e-01
-2.827929341901619376e-01
-2.795460508462356830e-01
-2.946830480561241639e-01
-2.902049232357034603e-01
-2.889966867876604395e-01
-2.948798134106591640e-01
-2.799949508312201130e-01
-2.842211015300063481e-01
-2.732282356448480498e-01
-2.576258690217762548e-01
-2.560478688649525658e-01
-2.221684466152299975e-01
-2.145400504563202415e-01
-2.056849256898408418e-01
-2.058517475321956225e-01
-2.044946813263055496e-01
-2.037991011975900379e-01
-2.082779704696506029e-01
-2.072382350837264631e-01
-2.132122629609022602e-01
-2.170074634639591049e-01
-2.195644158982993921e-01
-2.310270604853270349e-01
-2.332609337838745245e-01
-2.390740453571850999e-01
-2.458680281008485957e-01
-2.454996256202850446e-01
-2.547385414139221593e-01
-2.543491141527498556e-01
-2.582675671221895120e-01
-2.655642473182939223e-01
-2.605747321806844430e-01
-2.713669403935902724e-01
-2.681197176253704573e-01
-2.645113042834869033e-01
-2.744036954869905620e-01
-2.559220838104673268e-01
-2.695083685666523898e-01
-2.624889545647294264e-01
-1.320317242097558963e-01
-1.547649361379664634e-01
-8.721826484717976058e-02
-7.283295654944096920e-02
-2.973924210514785615e-01
-3.170766801658130851e-01
-3.061029880607737952e-01
-3.412499991963806600e-01
-2.703984539960022637e-01
-2.178999017959374063e-01
-1.768111956522733785e-01
-1.491290560786037445e-01
-1.115067274536970382e-01
-7.024754014873225982e-02
-5.241246172879752280e-02
6.542687582883455200e-03
1.949327564788335895e-02
4.179237257172355863e-02
6.653068891443253419e-02
8.085090545116302430e-02
9.915656827133055573e-02
1.172254200067897600e-01
1.419289918934166783e-01
1.513942245339199577e-01
1.865797697595948934e-01
1.913585849275805661e-01
1.976846820164480933e-01
2.098802836125395754e-01
2.122490440357348018e-01
2.190018830022315288e-01
2.239711215036668812e-01
2.310182204050979793e-01
2.336172662427395408e-01
2.415151003360944959e-01
2.423963029363070953e-01
2.472777676815209880e-01
2.504235253545953332e-01
2.535646636602334469e-01
2.564584088812238427e-01
2.607100687912762282e-01
2.655180517168623244e-01
2.677355602285073077e-01
2.783932069394154385e-01
2.794461299357459128e-01
2.796418523063576300e-01
2.828595759497488094e-01
2.824453876404912633e-01
2.833974656922726987e-01
2.841230119886538619e-01
2.840602270432679433e-01
2.845658048424805076e-01
2.846692521254043928e-01
2.847482537512352474e-01
2.849203128870912427e-01
2.849252799857397989e-01
2.849880589266927666e-01
2.850264426410246688e-01
2.850060672171167431e-01
2.850446111379225100e-01
2.850057856412325785e-01
2.849600320413215870e-01
2.850032919698506362e-01
2.847910252110265050e-01
2.848165567778374596e-01
2.847539832807505222e-01
2.841585027995272572e-01
2.846380632735586169e-01
2.836533826512905310e-01
2.829125551403559036e-01
2.842639357604491157e-01
2.796808973709296597e-01
2.818739715601755735e-01
2.811369483992047780e-01
2.691420462436345251e-01
2.844926987563028975e-01
2.613927071346173192e-01
2.489197178538499200e-01
2.637357844679183438e-01
