1.321297990035191121e-03
1.557392371714464005e-03
5.108562046600320476e-03
4.972781251237142972e-03
6.321223680752125623e-03
7.252379177957557314e-03
7.223392286777573397e-03
7.940426075614154255e-03
8.121143173707469354e-03
8.282532726577871221e-03
8.552447871148550346e-03
8.611381045110116580e-03
8.732934908589519082e-03
8.820164794371778555e-03
8.858314595827929475e-03
8.916811605808386276e-03
8.945497581784036048e-03
8.967710893881156858e-03
8.988787452501992292e-03
8.997645027711996188e-03
9.003796343019886475e-03
9.005951945188182817e-03
9.002331521131137076e-03
8.991759091104256293e-03
8.981778913731926217e-03
8.958289956091040895e-03
8.926919065291416544e-03
8.901877133448463097e-03
8.830212597769584310e-03
8.779034183946703152e-03
8.706711974923673700e-03
8.528576293166544378e-03
8.486845880414291624e-03
8.216324496357530274e-03
7.901412572944873855e-03
7.898679036503616566e-03
6.967883857517175560e-03
6.973025801041110930e-03
6.826324487702306425e-03
6.555082611836587740e-03
6.620639872330785075e-03
6.575700340490145054e-03
6.451981652518571156e-03
6.725946218186339663e-03
6.637896763033909395e-03
6.476674442987189438e-03
6.295377521869007648e-03
5.456877757863567643e-03
5.397380035511923496e-03
4.792814965898964386e-03
4.504298303763593601e-03
4.219104385714647285e-03
3.366503295570351904e-03
3.834747705339535805e-03
4.146208561696076988e-03
2.872268736067392671e-03
4.383418462060152329e-03
3.591300881362810386e-03
3.960015060486156771e-03
3.404241597189142446e-03
-5.305219301862813515e-04
-3.242269030853830222e-03
-8.554145874189313797e-03
-1.200009087687963286e-02
-1.220308276096592447e-02
-1.699347193320967578e-02
-1.800490424579469922e-02
-1.743301409238224436e-02
-1.716542680517762001e-02
-1.763878228021983560e-02
-1.763825006886202487e-02
-1.835204066677072893e-02
-1.790803827245942767e-02
-1.813748278417472160e-02
-1.800841468795729913e-02
-1.785407136595426256e-02
-1.776645960903960181e-02
-1.725711291439206707e-02
-1.736524604088249615e-02
-1.646117939775397498e-02
-1.617111510319148640e-02
-1.671378038673795169e-02
-1.259321200400730784e-02
-1.179493772693437914e-02
-1.113077358395169261e-02
-1.427384761053614518e-03
-4.267295377476891375e-04
1.299146846052425539e-03
2.543005984965286508e-03
2.650420212224489837e-04
-6.429162408562525809e-04
-1.070294857894650131e-03
-3.155346299748123737e-03
-2.886159603665487943e-03
-4.143673099255275501e-03
-5.896276132288750908e-03
-4.407295575782665779e-03
-7.311843681635938827e-03
-7.930340189177459420e-03
-8.643885593446915330e-03
-1.358136793746090795e-02
-1.372342696125426927e-02
-1.692232610146168076e-02
-2.112316049376225177e-02
-2.365276448599272843e-02
-2.567061116532709866e-02
-2.792993791574105433e-02
-2.450603691325141387e-02
-2.561161481698239276e-02
-2.549968119285128329e-02
-2.450263681813709751e-02
-2.921440517447565846e-02
-2.905661272340744061e-02
-3.108900234030112508e-02
-3.516896155043203881e-02
-3.609631572577177983e-02
-4.377058024391786845e-02
-4.600767068020543415e-02
-5.053238884708222134e-02
-5.372951048648776790e-02
-5.596050204261457384e-02
-6.048057881928271123e-02
-5.959468240042942871e-02
-6.071463985520832163e-02
-6.023855702245800581e-02
-5.772207661186531252e-02
-5.809092978188148959e-02
-5.271706658221177177e-02
-5.133721333376689566e-02
-4.812037979830383755e-02
-4.066798451162834810e-02
-3.756658271572627106e-02
-3.086625160801194367e-02
-2.836516556274721462e-02
-2.706283861005426630e-02
-2.353864793602321315e-02
-2.780631599202169901e-02
-2.693694509029431403e-02
-2.508814983859143991e-02
-2.674712680085110719e-02
-2.500500584559136111e-02
-2.205088998570500780e-02
-2.136364487361235714e-02
-2.017302347597262416e-02
-1.828881564522379793e-02
-1.799982159919098074e-02
-1.601170660135883134e-02
-1.463891820240341250e-02
-1.443574558673057021e-02
-1.026815610942334762e-02
-9.362300426926676786e-03
-1.013616065727395744e-02
-8.040321212795614042e-03
-9.279206668982947076e-03
-1.245044915557225532e-02
-1.282853256395420291e-02
-1.102867602678560439e-02
-8.941684850322165201e-03
-8.036609717436306657e-03
-9.332508878436045902e-03
-9.666317473917019135e-03
-1.123665464346950381e-02
-1.359752388291340583e-02
-1.511637706282848229e-02
-1.563555024974588176e-02
-1.675987660884161595e-02
-1.916936407844359314e-02
-1.956149205506277702e-02
-2.037408978074365523e-02
-2.061453472900218534e-02
-2.078012898065609640e-02
-2.152495007714819164e-02
-2.071790740176722781e-02
-1.783816332114691178e-02
-1.432497872201215702e-02
-9.744229579574919392e-03
-7.784991291714283591e-03
-3.247239248965137857e-03
8.275408291757559241e-04
3.315721992586247776e-03
9.742653506519084045e-03
1.278375729851502149e-02
1.628422104395794989e-02
2.187227859179444525e-02
2.352356191093463514e-02
2.737626466080230261e-02
3.003765152820716752e-02
2.849685939881932764e-02
3.065900615087208472e-02
3.082930510807230240e-02
2.752657358118136902e-02
2.944720268736311652e-02
2.838662786037965402e-02
2.809781476831736333e-02
3.175103643483768306e-02
3.144632206259469209e-02
3.256214142537147693e-02
3.381911932389548153e-02
3.337923469108886043e-02
3.358896895387930570e-02
3.377128629303009083e-02
3.233963564205028646e-02
3.113120747483746897e-02
2.928195536919873249e-02
2.634994342538802756e-02
2.468330471057015446e-02
2.131680219728222109e-02
1.824509167041082902e-02
1.606965517141691405e-02
1.115595814959530196e-02
9.013276414428721128e-03
5.968515520985269440e-03
3.206524898587523060e-03
1.926145983632099584e-03
1.945303835040335279e-03
1.398869047340124292e-03
2.549849914293213487e-03
6.930976801246133828e-03
8.316624428964200857e-03
9.664020659317772849e-03
7.423302671094081026e-03
8.651029546141589602e-03
8.239989558538760028e-03
9.282375941828086702e-03
9.789829472359101378e-03
1.806681045713248376e-02
2.138001422109401736e-02
2.858484675572988548e-02
3.495250022926485456e-02
3.574504741063672109e-02
4.037470148307048534e-02
3.928083463431274180e-02
4.141626893720858071e-02
4.038455550621620344e-02
4.050885146364709838e-02
3.701258880046911365e-02
3.536047127894153402e-02
3.307511198453736562e-02
2.722399253470706923e-02
2.556080156300192738e-02
2.293598109541432686e-02
1.998348565374267680e-02
1.989958016416241982e-02
1.312544762329043158e-02
1.217440556640852697e-02
1.184414813360737916e-02
9.754219110352778735e-03
1.505395861936151096e-02
1.323275799728689840e-02
1.476188020150259392e-02
1.170794404446917972e-02
4.991002831044586904e-03
2.014431722727061478e-03
-3.367616563999910936e-03
-7.252410629804409078e-03
-5.159318474650765284e-03
-6.538883804856177040e-03
-1.777966135958146746e-02
-1.771693743323982106e-02
-1.737093442137125493e-02
-2.086165005766891026e-02
-2.135342144050579594e-02
-2.357240447249259532e-02
-2.482994808193659392e-02
-2.778235516747289482e-02
-2.904486603154092864e-02
-3.168343206438951204e-02
-3.250334664277363533e-02
-3.359911641943152949e-02
-3.318207294913183558e-02
-3.678078499492234976e-02
-3.692207306298502661e-02
-3.878972670502611048e-02
-3.882188133564030974e-02
-3.851862301890734280e-02
-3.733868140582398409e-02
-3.521525469376536599e-02
-3.373944622169876978e-02
-2.901211264910649734e-02
-2.885271570143273928e-02
-1.985993894369548346e-02
-1.797641678307589780e-02
-1.945627891291988251e-02
-1.649775429078316827e-02
-1.729068725870125389e-02
-1.763992432925334461e-02
-1.778057431049015480e-02
-1.835406423571106851e-02
-2.048774717724738403e-02
-2.141895571290717420e-02
-2.505793919687846621e-02
-2.702188097252263346e-02
-3.101762890162518618e-02
-3.359932158957350257e-02
-3.990881192928996679e-02
-4.635667731851457474e-02
-5.249890846945436812e-02
-6.288419742037666682e-02
-6.749744392547984972e-02
-7.544604478200092612e-02
-8.106957518468586865e-02
-8.715565097729265076e-02
-9.216564707394010736e-02
-9.492399964652950550e-02
-9.776209345601580281e-02
-9.997609558416797881e-02
-9.973435542097848494e-02
-9.698722226005272729e-02
-9.573598937501949513e-02
-8.703101440725692639e-02
-8.095256088908872605e-02
-7.531821172218219895e-02
-6.773591235407194766e-02
-6.098938589213330486e-02
-5.620117877477918966e-02
-4.877940911791898981e-02
-4.430902042977916816e-02
-4.040791698187036485e-02
-2.925128955522483809e-02
-2.588252949419393711e-02
-2.205737988492337612e-02
-1.724764292570353172e-02
-1.579733806305164828e-02
-1.362486098599879035e-02
-1.153206994075239682e-02
-1.060012586679832947e-02
-1.025148790048178125e-02
-9.361806374161814673e-03
-9.058770602030708982e-03
-8.401312936424779054e-03
-7.540395316578604561e-03
-7.407034146119426295e-03
-5.815750867251207219e-03
-5.239505179112056120e-03
-4.730538658002211155e-03
-8.693709593349278550e-04
-1.152944522550390909e-03
2.648809106726577028e-03
5.563727896793101667e-03
6.478545844032142405e-03
1.473745157068762079e-02
1.705462100677078083e-02
1.390730580395299447e-02
1.667309248942964658e-02
2.206253556599344079e-02
2.391261055098928973e-02
2.606478109990682454e-02
2.848671480912298021e-02
2.797541407556753540e-02
2.881512633309130794e-02
2.813157871516654487e-02
2.608067718253819292e-02
2.446012145738616500e-02
2.154681880228251009e-02
1.953075754114127691e-02
1.583792691702320260e-02
1.394431395586815357e-02
1.067756534570286041e-02
8.394416532167499334e-03
7.840104273217719799e-03
4.326169320965060454e-03
2.218794653918738230e-03
-8.698482698914712565e-04
-5.482648665169496428e-03
-1.084729649255565705e-02
-1.430310469738076476e-02
-2.115528479745335672e-02
-2.380727912007135627e-02
-2.729562524964455547e-02
-3.042307073257834518e-02
-3.197484247272933122e-02
-3.444312830588838747e-02
-3.419803001190240693e-02
-3.490400896874706893e-02
-3.438185110066046407e-02
-3.215006997567027014e-02
-3.240704286151963043e-02
-2.788896815980913130e-02
-2.584620897581971569e-02
-2.224057574083280336e-02
-1.298225648422984650e-02
-1.115664910558296537e-02
-8.287736834635585012e-03
-4.579941906287810990e-03
-5.484314440311179560e-03
-2.150978478820723093e-03
-2.433058047195126375e-03
-1.197830901411294554e-03
1.234445040288700488e-02
1.079331801668153949e-02
2.134707880517952572e-02
3.101510369881805076e-02
3.021307786057953609e-02
3.807265581520928588e-02
4.186221044170317790e-02
4.443359448338572021e-02
4.998386482428863326e-02
5.245507917809853066e-02
5.581560794642124318e-02
5.950536846294020993e-02
6.190254785110276686e-02
6.459373597745268758e-02
6.781547773172469373e-02
6.941300496859316438e-02
7.179125285655088562e-02
7.502622406748886419e-02
7.461890033503575104e-02
7.880843987169784681e-02
8.008828022434706650e-02
7.838591910241562988e-02
8.755255030311988318e-02
8.507852683263157634e-02
8.358664793322662101e-02
8.658327160778425680e-02
7.788518031142224740e-02
7.574376582827538340e-02
7.364905686604922286e-02
5.478190344736035000e-02
5.341463519679657407e-02
4.422109442084164871e-02
3.702108233432840900e-02
3.396237437719552138e-02
2.573408668557012821e-02
2.352613502263610490e-02
1.699263158658134015e-02
1.491000187387125399e-02
1.397778129456409869e-02
1.121117867021463425e-02
1.067869054750844073e-02
9.542525871590533740e-03
8.277763960091633413e-03
8.054481773595337582e-03
6.937164031196600862e-03
6.779160014035151734e-03
6.322482185836150216e-03
6.052301473655981139e-03
5.922417050666780799e-03
5.611921212914313534e-03
5.462350334178409268e-03
5.344876046754250785e-03
5.218180404128957076e-03
5.158151686744477833e-03
5.094184012571139307e-03
5.046402875390335920e-03
5.017116243791391005e-03
4.987548610677118750e-03
4.968674254405993848e-03
4.953987249551294533e-03
4.941386277217216065e-03
4.933202102439623003e-03
4.926132328636686174e-03
4.920802447706770257e-03
4.916952343965596932e-03
4.913509049776129331e-03
4.911167412120188806e-03
4.908980220017666700e-03
4.906983959449031686e-03
4.905930451164043811e-03
4.903468537024055669e-03
4.902339976312246675e-03
4.901201691647824946e-03
4.896164527241305027e-03
4.897783416541429992e-03
4.891407332461942918e-03
4.883523130350238273e-03
4.891900883362210878e-03
4.862371350355708735e-03
4.868341254647082922e-03
4.872214094168850380e-03
4.785437020327533084e-03
4.876599123476718992e-03
4.765644326417919907e-03
4.651017017316262485e-03
4.953506159568616882e-03
4.318008256983827363e-03
4.695471955551962749e-03
5.179298769991460931e-03
