-5.039718393427082901e-03
-4.999426658372244266e-03
-1.084608167030433248e-03
-1.360867678194169206e-03
-3.515270175810195855e-03
-3.070637375629915820e-03
-3.356171203944288348e-03
-3.755232583115916071e-03
-3.620710363006540700e-03
-3.812215844347616005e-03
-3.856332775093378011e-03
-3.854446472035847997e-03
-3.917113399101139135e-03
-3.917450355190983668e-03
-3.931092055639622863e-03
-3.946015442859903896e-03
-3.946803971349000829e-03
-3.954252752516838020e-03
-3.957680830129955973e-03
-3.960170666546082054e-03
-3.963768083193815878e-03
-3.966334415282561990e-03
-3.971270122043747339e-03
-3.974430006489625827e-03
-3.982536230071875676e-03
-3.993476008521901210e-03
-3.999403033713455104e-03
-4.030737423888743932e-03
-4.048000146798753224e-03
-4.075863989078198565e-03
-4.178794133795355435e-03
-4.175858800676800209e-03
-4.348561569543454852e-03
-4.581635090055430695e-03
-4.496639927326824895e-03
-5.368164543598418804e-03
-5.589874827531326335e-03
-5.847736784213643756e-03
-6.695860774583718006e-03
-7.031690189975774857e-03
-7.026168691986944478e-03
-1.005452956502852352e-02
-1.061377128427402720e-02
-1.092776154485375698e-02
-1.358278355371438442e-02
-1.295379865199969630e-02
-1.208727468374120630e-02
-1.107102725165808217e-02
-6.640280921333579882e-03
-5.853728028970309541e-03
-1.773225157420658341e-03
1.863244966927768984e-03
-1.805629663884043552e-04
1.992611060720748343e-03
4.320250100126518493e-03
2.962134759697390447e-03
2.244860970135326844e-02
2.548534446006219673e-02
2.472379068674600278e-02
3.599861649395444396e-02
3.262876269206055335e-02
1.851350917944968172e-02
1.764694936880708068e-02
9.671983489161414815e-03
6.620589950321940573e-03
9.101173787600627674e-03
8.203030532552998272e-03
1.163973095368702089e-02
1.749681172282166117e-02
1.985570199553689588e-02
2.447677760409353379e-02
2.895844547698030180e-02
3.102945962796779811e-02
3.739127662516041062e-02
3.964473075169309968e-02
4.263476417355808318e-02
4.690838708478702046e-02
3.550055408807926277e-02
3.359858264604066030e-02
2.534342260813961939e-02
4.189964860246238841e-03
-1.224808230421807042e-03
-1.191431541063904184e-02
-2.295738479668051751e-02
-1.367007908221502810e-02
-2.553614896664928996e-02
-2.375450615048970912e-02
-1.531483966251434743e-02
-1.434522895739910597e-02
-1.097584519013684347e-02
-8.961533885273509706e-03
-5.793406867396651110e-03
-6.199354155991138211e-03
-7.820054383713491430e-03
6.076604631851449841e-03
5.062015382412643656e-03
-2.117787686146381781e-03
-1.168727036217926708e-03
-5.037859463639484878e-03
3.018018096172267982e-03
3.541293287443719479e-03
6.495126373338113400e-03
1.883626944567363612e-02
1.419558200416859428e-02
1.488327987198927865e-02
3.945850214286919684e-03
6.421762408858630675e-04
2.973009318732830822e-02
2.795090392862903048e-02
3.666653468873998928e-02
3.280877326930252413e-02
1.213321374909419152e-02
1.778399423482270687e-03
-1.334949243762735376e-02
-2.418350014672377910e-02
-3.201765621120237354e-02
-4.171495655233323913e-02
-4.874034103010738833e-02
-5.541947695072570179e-02
-6.256435231300813693e-02
-6.861374490267856119e-02
-6.734573210710984026e-02
-6.765805009086131583e-02
-6.633472071434902417e-02
-6.068496965736182303e-02
-6.410905404560768295e-02
-5.876422529899538033e-02
-5.772192915425271992e-02
-4.909919485045013271e-02
-2.369134739062254968e-02
-1.427489022257694487e-02
-8.292406778754032176e-03
4.364652590023197082e-03
3.598258624512690271e-03
1.026410473441090147e-02
1.190020126059875005e-02
1.106581097701092586e-02
1.422232464196683706e-02
1.339519063240151783e-02
1.293038399998336016e-02
1.428482086928233030e-02
1.363035988986939333e-02
1.318980179979355356e-02
9.301806345185141892e-03
6.358091883370483276e-03
-2.116270165602349932e-03
-8.346272423952041941e-03
-1.130248490736697475e-02
-1.741064221536360937e-02
-1.535396154612228559e-02
-1.687325378196582321e-02
-6.589827129743305867e-03
-1.151485922601748653e-02
-6.674333381044342955e-03
-1.633897543283593500e-03
-2.330501540957537351e-04
2.097867259441070411e-03
6.200447130281712708e-04
3.119788027449750447e-03
2.903809642160077534e-03
-7.971575145084923084e-03
-1.046093886348614319e-02
-1.420277626844641990e-02
-1.936695475214231243e-02
-2.027256094675735851e-02
-2.274273077521356615e-02
-2.891626044460253106e-02
-2.556692856068554578e-02
-3.326039454312957472e-02
-3.275527895981929227e-02
-1.463717230818274359e-02
-1.760205460707608624e-02
-1.346561740929838602e-02
-9.997349729414557393e-03
-1.305815922622481813e-02
-8.272616674397404238e-03
-9.904102432471939901e-03
-6.388932769840112609e-03
-5.462885334526801015e-03
-5.148675808267316051e-03
4.224920464566248382e-03
4.383424331971357869e-03
-1.086299555092147019e-02
-9.666303434952805765e-03
-1.980439807149595929e-02
-2.388481119471231456e-02
-1.945125593918720433e-02
-2.111975315793530525e-02
-1.239780155571993704e-02
-1.102712489257978712e-02
-9.108629296818495161e-03
-2.630528239387768322e-03
-4.013952426519239516e-03
-7.412382013012349790e-04
-4.651489596977149109e-03
-1.304659954864981555e-02
-1.670850173522916288e-02
-2.758548681174358141e-02
-3.276459259838139515e-02
-3.385378769251484732e-02
-3.938081972030236383e-02
-4.049601433333761130e-02
-4.030677729437191076e-02
-4.327971974610691358e-02
-4.225547195859312433e-02
-3.953538229550111749e-02
-4.195681891048106543e-02
-3.407245407080282396e-02
-2.873734619164125537e-02
-2.219781475762460515e-02
-2.164356200638086966e-02
-2.338610505781317170e-02
-2.064508958746677850e-02
-2.956354254859753714e-02
-3.863566236621945871e-02
-4.887884705267928065e-02
-5.150190763529050031e-02
-5.439813675303224738e-02
-6.073919426070879118e-02
-5.758422139362195935e-02
-5.309060866168904824e-02
-4.946976271612325143e-02
-4.672728915562964630e-02
-4.415275384109453721e-02
-4.837497393363533738e-02
-4.706010884285511536e-02
-4.065855955424310664e-02
-4.119534336021620641e-02
-1.845214135604963251e-02
-1.166126065349804876e-02
-1.219592558410124983e-02
2.119137393791303055e-03
6.207717035293559538e-06
-8.774625346944653001e-03
-6.371768002242845542e-03
-1.098191162456400340e-02
-1.222300885893534174e-02
-1.127902078057078233e-02
-1.825127054051617001e-02
-1.054133395474618484e-02
-2.007551168731789779e-02
-2.065236783438147150e-02
1.278557130545153291e-03
-1.690728883192052110e-03
1.020950751684101231e-02
1.133954228379068820e-02
7.581070466923220223e-03
2.125842518157395125e-02
-2.202126768969477934e-03
-4.904744504896797058e-03
-1.605956029988047859e-02
1.155343399743855894e-02
1.901469539756289739e-02
2.845677573727439097e-02
4.380830289244894843e-02
2.934955814659059858e-02
3.021723835975783160e-02
1.762282023926014726e-02
-1.038094777783489693e-02
-1.491019510946101946e-02
-7.132745804648434051e-03
-8.228519807286923185e-03
-1.464274147152185360e-02
-9.069531312023388497e-03
-8.872404336163616442e-03
3.769018140184856626e-04
1.367501753230070984e-02
7.229089450369670551e-03
1.947635137523554959e-04
2.522861364908469267e-02
2.943003726349821894e-02
3.723914023165084131e-02
3.388188592612128430e-02
1.612847432078104437e-02
6.844035544181540157e-03
-9.510328788848294163e-03
-1.658259982183637321e-02
-2.955083385724272330e-02
-4.484714998371781836e-02
-5.167777999585107529e-02
-6.888726334015193853e-02
-7.355170244547595826e-02
-7.507034114988245244e-02
-7.979996136794838268e-02
-7.919142713067520156e-02
-8.130645633896742275e-02
-7.445522925982200890e-02
-7.261476853420886779e-02
-6.755662477364593466e-02
-5.969380838327925654e-02
-6.203913663400905526e-02
-5.199070801107517209e-02
-5.091007285180091518e-02
-4.417230057850825981e-02
-2.219959298155969527e-02
-1.791222558422787825e-02
-1.800042343134028097e-02
-1.513808542801424115e-02
-1.572944168538401369e-02
-1.634658557638843032e-02
-1.376614176361614338e-02
-1.380542988460898082e-02
-9.379458025669789450e-03
-8.101041908308154182e-03
-4.375409409080746083e-03
2.061548334396113517e-03
2.318923152986551457e-03
1.281627672962470758e-02
1.512659741545271420e-02
5.627050554884593762e-03
8.008824296886259825e-03
-1.103359702280640262e-03
-4.317891303045490528e-03
3.605630199471958775e-03
-6.635140625037733685e-03
-1.936864008085129301e-03
4.587370052317603060e-04
1.322791464329390720e-03
3.429897908090191478e-03
1.156402586116772472e-03
3.714583151550894264e-03
3.248497525467252105e-03
-7.761342837458660646e-03
-1.023857347232966231e-02
-1.409769065632496786e-02
-1.925596482018871944e-02
-2.022053107739051059e-02
-2.268787106470586054e-02
-2.886193736742187141e-02
-2.562175618353288581e-02
-3.313230205898298059e-02
-3.284468209658199245e-02
-1.472490554673095212e-02
-1.726686692647380963e-02
-1.409576830964194907e-02
-9.572252187422901695e-03
-1.283712624915600044e-02
-1.000824317670751668e-02
-7.316092657039472910e-03
-8.097083368216115296e-03
-2.702044118872733072e-03
-4.459779080693540045e-03
-4.940641375812657859e-03
-2.181743249493048060e-03
-1.229951787483438228e-03
2.332120818930962999e-03
3.507168130211603396e-03
4.859202372521564776e-03
9.316457046873541717e-03
1.086192522829163010e-02
1.622137764796266479e-02
2.313817529134285650e-02
1.671778930496905027e-02
1.529428459595469185e-02
3.768856134547054169e-03
3.383893031612261650e-03
-6.671832196534504969e-04
-6.854226010697618728e-03
-4.272099875803634164e-03
-6.549158912346892715e-03
-1.702789893199559580e-03
1.545808170004373287e-03
5.066173874179791259e-03
1.282351865627341658e-02
1.727804391188718369e-02
1.522008201343463471e-02
1.450833444860542137e-02
1.067365780981966057e-02
1.159872176330563331e-02
1.609206405313603344e-02
2.611568580353872127e-02
3.141847450295295885e-02
3.459722389071964721e-02
3.396642002064469146e-02
3.238215491946747071e-02
2.792862762303531532e-02
2.009182155182353754e-02
4.683926002974338372e-03
-1.240108264806932814e-02
-1.952910104372267835e-02
-1.117251716941696296e-02
-1.095376296305381435e-02
-6.101522315196734880e-03
-1.954656662611319907e-03
-3.638513949888205756e-03
-7.821913542281523288e-03
-1.366504066644534145e-02
-1.584438918989795539e-02
-1.554749342781330118e-02
-1.760178262106787406e-02
-1.812316942498950686e-02
-1.736532130224032258e-02
-1.874298598096929558e-02
-1.834483197421466275e-02
-1.491638715070574793e-02
-1.473957600022310181e-02
-1.284631988595359188e-02
-1.254945362329204506e-02
-8.294637755192905276e-03
-9.340902893299207060e-03
-5.654474429212584356e-03
-7.400593869961911986e-03
-8.944714553013537184e-03
-3.383619927574580983e-03
-3.863337220727685803e-03
-1.261697456089913398e-02
-1.468323897132093291e-02
-1.417627202325972245e-02
-2.050535121961478274e-02
-1.363421633307972981e-02
-1.402699081812911440e-02
-9.278771212330417031e-03
-1.058985350969526840e-02
-9.998039498473504025e-03
-7.838237786667522425e-03
-1.347904967572562812e-02
-1.046473236373647066e-02
-1.412520594596102484e-02
-1.994276508831636929e-02
-2.204834923277780578e-02
-2.890685117604088056e-02
-2.788273792721149280e-02
-1.493200620550369333e-02
-9.620451180493266516e-03
1.258436782305347602e-03
2.888024501495400215e-03
6.744998970193622802e-03
1.356899534426824969e-02
1.213127822346599105e-02
1.559295071822399542e-02
1.535684876689955881e-02
1.390817370406020881e-02
1.727131924310496697e-02
1.434053339392421002e-02
1.587109485147985416e-02
1.659351522054587288e-02
1.586459995319378091e-02
1.671914537529802305e-02
1.225528279257947009e-02
3.425594683666725350e-03
4.778674996662158302e-03
4.030134687720434740e-03
1.897115659964516521e-04
3.763414229291402353e-03
-1.348796006667744461e-03
5.522015403019382208e-05
8.577374468177474676e-03
8.586128499586490395e-03
1.283331879089342001e-02
1.513500015045698803e-02
1.166267557636031446e-02
1.263139340765404191e-02
9.183680431906565689e-03
4.039240130517847763e-03
2.214546058156418879e-03
-6.123268776438332318e-03
-9.402526796220563032e-03
-1.283653124779598337e-02
-2.207781645605635945e-02
-2.337168594186596338e-02
-2.966200483450447123e-02
-2.982681811701276900e-02
-2.512485551352823532e-02
-2.574199059960765451e-02
-2.413957431900870185e-02
-2.032275539483164792e-02
-1.807032533833096907e-02
-1.701125568373065139e-02
-5.186109343352594998e-03
-4.891842847583436141e-03
-2.422366197668463644e-03
7.263344748486708297e-04
7.158950186789744125e-04
2.464289195522616476e-03
2.980913009482239612e-03
3.400464834248486008e-03
4.520598800164457934e-03
3.895213178193200447e-03
5.621032867852433779e-03
5.664694190986016564e-03
3.341122543163820967e-03
2.636981361490074900e-03
9.482293313147206444e-04
9.518304693661275339e-04
7.202319401160686479e-04
5.346785371027676630e-04
5.439583212426524726e-04
4.412655620884036920e-04
4.122032802402217995e-04
3.973467679392599528e-04
3.657490550742713265e-04
3.603683215285076111e-04
3.502030805726034880e-04
3.421309530293589946e-04
3.398748028157583083e-04
3.351363314462440244e-04
3.331062355471933550e-04
3.314590853721131728e-04
3.279153000723172753e-04
3.283417935449003153e-04
3.237063230828696962e-04
3.190759821180956610e-04
3.230758389125106184e-04
3.013390235296829452e-04
3.059621636883034265e-04
3.028597052901453460e-04
2.289425140542928846e-04
3.045995771179812951e-04
1.814141264672969702e-04
5.972447199216519994e-05
3.463105801194186041e-04
-5.017925951308482846e-04
-7.568054080334572168e-04
