-1.552719288829494107e-03
-1.833543862762779166e-03
-4.607665089750349018e-03
-4.484797080834370883e-03
-6.291328270065432368e-03
-7.013959072596486280e-03
-7.340555378317090672e-03
-8.118627695105245720e-03
-8.321790944941941451e-03
-8.622538633147394660e-03
-8.897412133811892498e-03
-9.003820960293690973e-03
-9.167775314627006275e-03
-9.263239153852631524e-03
-9.328437594331506072e-03
-9.399444277664599501e-03
-9.435785213404403876e-03
-9.468742763267449722e-03
-9.494162989600138380e-03
-9.504988999754890658e-03
-9.514975734248297748e-03
-9.516336017753946122e-03
-9.507215884065741904e-03
-9.501280761456544488e-03
-9.476322296355470243e-03
-9.445250392154927108e-03
-9.421605803820079506e-03
-9.340330252193832644e-03
-9.295091549726283708e-03
-9.213566568195562939e-03
-9.018462375964592451e-03
-9.001922455183948568e-03
-8.676061479032033327e-03
-8.375447354323438051e-03
-8.403133639642210856e-03
-7.298704303731916830e-03
-7.453573170708521767e-03
-7.122779082570544242e-03
-7.086346440702054154e-03
-7.258176616421464951e-03
-7.105297444059497508e-03
-7.903761758565532036e-03
-7.303467116042818702e-03
-8.068244371938343429e-03
-6.996017383141436320e-03
-6.860359599241507879e-03
-8.759809467469627589e-03
-8.313502514351757758e-03
-8.859748193988973078e-03
-9.304867153232757732e-03
-6.881559154419590596e-03
-6.201688965324261837e-03
-4.318272047663103234e-03
2.080216327076766895e-03
7.087670744218479285e-03
1.072761876183515699e-02
2.143185238951915775e-02
2.598177996595323058e-02
2.947010892242028779e-02
3.624644327355797113e-02
4.363958638673409024e-02
4.185635255219779388e-02
5.137357840657923169e-02
7.190180839495820264e-02
7.700227850159187259e-02
1.052340551613572261e-01
1.135804219783246582e-01
1.156879282446093005e-01
1.286995460917807754e-01
1.264169999628108887e-01
1.311864133790054676e-01
1.350566209048214283e-01
1.315275847019637956e-01
1.355413473179947759e-01
1.325949933894114141e-01
1.291286396857425356e-01
1.291121487908764853e-01
1.207449146062246209e-01
1.156723175932962422e-01
1.092133651159211821e-01
9.541135416947524317e-02
8.984447389952129881e-02
7.540565580807824519e-02
6.546265566531185576e-02
5.145036093798803500e-02
3.518883119410871202e-02
2.926355473978115712e-02
9.912408304883527435e-03
6.434084042735835340e-03
4.957049230909733005e-03
-3.521456055889718266e-03
-2.140031813994195970e-03
-3.760414685525269914e-03
-4.706962040838436230e-03
2.771306488899232152e-03
1.966793548440896964e-03
3.177636417852303281e-03
5.519832778030675166e-03
1.933546264968619924e-03
3.168152481093125007e-03
2.428472074591933420e-03
6.682518761321861378e-04
3.728775679342795487e-04
-2.372707278676142433e-03
-7.279880872069178013e-03
-8.046589461094801055e-03
-1.086258225650999810e-02
-1.422022701213545258e-02
-1.701029338548751615e-02
-2.485689724263709724e-02
-2.794886143222379687e-02
-3.346654869051585851e-02
-4.102113856343440196e-02
-4.507550514713071915e-02
-5.530816037928473761e-02
-5.883930098932908803e-02
-6.526555982589439531e-02
-7.289609786289757976e-02
-7.489491914742264778e-02
-8.415119083159990077e-02
-8.860161677102704192e-02
-8.700069128307129362e-02
-9.029034745519508298e-02
-8.446079202759093629e-02
-7.655403641673984294e-02
-7.460227410735413567e-02
-5.739348818179434986e-02
-4.952521185246563235e-02
-4.540839903426312218e-02
-2.709546141389869434e-02
-2.490471719402848408e-02
-1.755103152443013292e-02
-1.075202167882818166e-02
-9.900413887220156986e-03
-3.416971240450554850e-03
-1.656138736780295552e-03
-3.746287283613475316e-04
3.000493493838990444e-03
3.108919193393872883e-03
4.420494496802334153e-03
5.838216449329676136e-03
5.407157908079342733e-03
6.336548543593220791e-03
6.724408577797969487e-03
6.192753820574597480e-03
5.970916475586491787e-03
4.804936447079265205e-03
3.457665698805324761e-03
2.943996747105201428e-03
9.778482276890938362e-04
-2.182570653342298282e-04
-1.939993661695343799e-03
-4.376893614269609760e-03
-5.252193712961074346e-03
-5.490721353844132437e-03
-5.306541228466793783e-03
-3.624983636540912452e-03
-3.196253424583354180e-03
-1.864594301799535900e-03
-1.264465115989666863e-03
9.385465805261733116e-04
1.457827599119163649e-03
1.752878620707257976e-03
2.779188493330948719e-03
2.797921412261060448e-03
3.759570841468183166e-03
3.703801378951140054e-03
4.358705187135301223e-03
5.288045881638550258e-03
4.192470163696564341e-03
6.261128469706865769e-03
3.548470400089666008e-03
1.722455238346020994e-03
5.500104990785386694e-04
-6.868134699440327402e-03
-7.595324611412857495e-03
-1.031633636367425971e-02
-9.805176731069854476e-03
-9.822069386852759140e-03
-7.433477176763575098e-03
1.071015902151548809e-03
3.216246073191326993e-03
1.060571508724870993e-03
2.666772683039799613e-03
-9.664329416549378689e-04
-1.209261213351130486e-03
-3.469417836765506524e-03
-4.876071460807884957e-03
-4.274875023919743819e-03
-5.594814690561584515e-03
-5.019255863437448520e-03
-6.188161268874027392e-03
-4.886923070920046359e-03
-5.009923283574518361e-03
-3.892792180832155193e-03
-1.848380142975283684e-03
-1.591226251278784294e-03
6.636837033843991009e-04
9.722285043083918159e-04
1.239873033292538057e-03
2.299871230443890305e-03
2.168561889700162774e-03
2.674099504893624833e-03
2.989470245448044849e-03
2.981498564860023300e-03
3.207008432311622605e-03
3.271643615667440934e-03
3.156503740351180708e-03
2.982373708983222359e-03
2.723710913114046027e-03
3.237210470127500211e-03
3.348281624458287857e-03
3.376542996729940075e-03
4.145564721012242985e-03
4.805340578827027934e-03
6.466677404444855747e-03
7.081536438671533380e-03
8.293538796994751050e-03
1.025675228932591658e-02
9.456569811700350769e-03
1.223880905597375494e-02
1.082172074571994581e-02
7.872969987621138144e-03
8.777332632356291131e-03
1.955314392287269606e-03
2.077949128243917272e-04
-1.599386698680770307e-03
-6.751120111583792764e-03
-6.576381973289305120e-03
-8.738963095890131538e-03
-9.088180778624310382e-03
2.051208662764620911e-04
5.876773728564274732e-04
5.051282914056835793e-05
2.782701694738751175e-03
-1.338935692491929116e-03
-1.283641085070738510e-03
-4.754119904913458087e-04
-6.789571733085962048e-03
-3.541767505070177874e-03
-2.173130951624152856e-03
-3.915384421643679225e-03
5.198356083616794375e-03
5.043736144259606917e-03
4.185935610369334939e-03
6.086151630587307779e-03
5.104397378822653035e-03
6.799245448192121205e-03
5.338348223322563271e-03
4.435118388808166265e-03
4.738065913497384145e-03
2.071765638762645793e-03
1.447290541891254907e-03
-8.601551246098473229e-04
-1.676703279374392635e-03
-1.597083379483836508e-03
-1.861266769988881558e-03
-2.302706759164365770e-03
-5.909614988138290476e-03
-6.882291191094611939e-03
-4.151578491843395391e-03
-1.766737785570938156e-03
-4.494339940581527459e-04
-7.030523938084927774e-04
-1.569958655334464416e-03
5.268506087263589641e-04
-8.858181046127743029e-04
-3.088947778947789390e-03
-3.250513078592381314e-03
-1.853659258304668793e-03
-4.647253511783288119e-03
-8.004901419961945458e-03
-8.918199546614375209e-03
-1.282374848940483550e-02
-1.509873017769611421e-02
-1.728604453393361648e-02
-2.222003582602310318e-02
-2.212683190029419295e-02
-2.511740162058165651e-02
-2.619936414339663067e-02
-2.492059760307920036e-02
-2.545471126499220665e-02
-2.381398908979027659e-02
-2.227657042123402931e-02
-2.118630287734451362e-02
-1.874008868720978757e-02
-1.608556236283442339e-02
-1.409304977158685156e-02
-9.507290869982547646e-03
-6.847464447235814509e-03
-1.917814850858103048e-03
5.527001213562472530e-03
1.302357791238334568e-02
1.915652215478252582e-02
2.372522720013335931e-02
2.856030909444123161e-02
2.873108327108308754e-02
3.442230577031313299e-02
3.568396623256779587e-02
3.865697562051462893e-02
4.009623787111100263e-02
3.848742769987033296e-02
3.902272126133463082e-02
3.781725263739700582e-02
3.551036212709510198e-02
3.407330671882129874e-02
3.144894738898109526e-02
2.681759887459238267e-02
2.397916574570681247e-02
2.227227610150286571e-02
1.918955339658200143e-02
1.184895730156356776e-02
9.233570525492226094e-03
5.733848374522245404e-03
7.141762532992080659e-04
-5.170721788659252572e-04
-2.329820409750264776e-03
-2.525838135884589906e-03
-1.570231988711490124e-03
-1.623463453083651229e-03
-4.225620425608627904e-04
-2.286943285004642602e-04
2.089748288028215641e-03
2.385758956475856826e-03
2.581113730233426141e-03
3.623487773127093917e-03
3.490808788518947811e-03
4.545935495185822982e-03
4.404055950706216478e-03
5.081203865881735518e-03
6.200308926616987862e-03
4.857077995302768597e-03
7.365836318068882602e-03
4.612602736553190336e-03
2.539090916841613404e-03
2.620222626532752938e-03
-6.022093194825797052e-03
-5.845429968663587786e-03
-7.193421529422074079e-03
-9.939465023694232099e-03
-7.999142950459003920e-03
-9.344637224483118981e-03
-8.256095035703495469e-03
-5.193156631658848478e-03
-3.297958601698706624e-03
-2.254021779020632440e-03
-1.121929082108124795e-03
-1.120371721752933458e-03
-6.803934124587218560e-04
1.211288019710061309e-03
1.197761850385243004e-03
6.102991809741565785e-03
9.609054740589796639e-03
1.285283469457945867e-02
1.729568862393299558e-02
1.807867282047355070e-02
2.230805868740260572e-02
2.671912689141591260e-02
2.643674778082904034e-02
3.139619733503736659e-02
3.057623080618800809e-02
2.715656268008373453e-02
2.944354427199876584e-02
2.289197675171393900e-02
2.125848363166198129e-02
2.324447177518850632e-02
1.702539169824393919e-02
1.854767419335257017e-02
1.962260414193925731e-02
1.769251413213901100e-02
1.741520087908607697e-02
1.350282129001831657e-02
1.110720571254231182e-02
1.064346060377925444e-02
7.366508172222441080e-03
6.704485095104782168e-03
5.133002602415326181e-03
3.589649387793562765e-03
1.030487924625103115e-03
-2.265971648553742699e-03
-1.056768721674293272e-03
-1.557917033079739711e-03
-9.317551870783806044e-04
2.347280157670947678e-03
2.379404185657982371e-03
3.186969484304411245e-03
5.158658707323635420e-03
5.376434184714674359e-03
5.711924550922487485e-03
6.206905752313463670e-03
6.615847174503242806e-03
6.039590346847903760e-03
6.583596041560088423e-03
6.710183833725976051e-03
4.658465332040763462e-03
7.757042133140259685e-03
6.072881136746218107e-03
1.386437155478158038e-04
1.539178247380890716e-03
-4.160669070920478343e-03
-8.703184695193278905e-03
-1.134446885388217321e-02
-1.243582377576355272e-02
-4.313528500410486119e-03
-2.994092527092637179e-03
-6.195096756397695976e-03
-4.407885238150447554e-03
-7.791645197801976008e-03
-9.212179606445219590e-03
-8.392133162442061076e-03
-1.282376923097053659e-02
-1.122612555385954503e-02
-1.142154173313354379e-02
-9.138405726225257500e-03
-8.614060986138668760e-03
-8.834111815050957675e-03
-8.113424362077634525e-03
-9.187927612919956355e-03
-1.101200376064584083e-02
-1.180174469866771166e-02
-1.445773111642351463e-02
-1.610438310776298593e-02
-1.618660257706197939e-02
-1.887665486641107448e-02
-1.862146308769804456e-02
-1.979472493707284605e-02
-2.072092835412464931e-02
-2.029724911300394632e-02
-2.161961082634706807e-02
-2.104643014500535286e-02
-2.148116088279889216e-02
-2.249324147290985773e-02
-2.131035141071572006e-02
-2.281548241507330363e-02
-2.108690037429038905e-02
-1.996881739586313723e-02
-2.084688856035030180e-02
-1.488105073236464099e-02
-1.313470100703999395e-02
-1.360486672239100484e-02
-1.006223143776759435e-02
-9.972146807204014876e-03
-8.847916718944534922e-03
-7.099233027996514761e-03
-6.606365075612801070e-03
-6.128803449184623033e-03
-3.105700978010232562e-03
-3.177167924707334414e-03
-1.520559671230824498e-03
-6.875082521068253023e-04
-1.387761478430525174e-03
-1.669078540354281340e-03
-5.793312469492702642e-03
-1.021467411747804636e-02
-1.137633437581848234e-02
-1.027166424237057653e-02
-1.213744577758037527e-02
-9.551390426183760038e-03
-8.007890851908082419e-03
-7.927482561534688124e-03
-7.881475492836961111e-04
-5.265775133247253608e-04
-8.826998985656496488e-05
1.928244920684697066e-03
1.908899103361681553e-03
1.534881669628358064e-03
2.102246558279645058e-03
1.856069929279645109e-03
-1.664340316459787241e-03
-1.899196905357949114e-03
-2.903471437766758090e-03
-4.038458080001756066e-03
-4.153196299167562743e-03
-4.919720203557365230e-03
-5.141633398239836561e-03
-5.414472464122227664e-03
-5.885325366988890944e-03
-5.660472764262076094e-03
-6.425562081886909693e-03
-6.276309383027852372e-03
-5.646865239614539192e-03
-5.301798009986023220e-03
-5.069991769176026078e-03
-5.415420543665290520e-03
-5.431682685064191315e-03
-5.498018310991436945e-03
-5.613351282548463723e-03
-5.616438068893872884e-03
-5.670585485129065080e-03
-5.700214528358427644e-03
-5.710435417377060681e-03
-5.734755696601288172e-03
-5.741943864608534294e-03
-5.750180325813120975e-03
-5.757331716329729121e-03
-5.758009402281115234e-03
-5.761954828358976585e-03
-5.758210074815932680e-03
-5.756396947962755598e-03
-5.754957438732454661e-03
-5.736493967557229276e-03
-5.740419079308032441e-03
-5.717474614295826180e-03
-5.681212638177691836e-03
-5.707356110084673383e-03
-5.596540054484741913e-03
-5.594008674364956378e-03
-5.611257037287012590e-03
-5.269236363150538345e-03
-5.550613507108450966e-03
-5.172693926967183477e-03
-4.535413517021576885e-03
-4.794819368123147060e-03
