2.447841323979616651e-03
2.534032623864843764e-03
2.132812803354464104e-03
1.760757862241914100e-03
3.027377394425089744e-03
3.322393710173203972e-03
4.820020464019849835e-03
5.193675699885220987e-03
5.650267912641945139e-03
6.170830931018519636e-03
6.325827165341434133e-03
6.592718676051094462e-03
6.759620419492243064e-03
6.853222788792396811e-03
6.969455245175805273e-03
7.027658770892068058e-03
7.077291678307503359e-03
7.118746649817814590e-03
7.139688581281680713e-03
7.156001402312242923e-03
7.163392309165535383e-03
7.162914957090486985e-03
7.150524930872056636e-03
7.138012831071923955e-03
7.108090418809677111e-03
7.060499436086759180e-03
7.027388986076945655e-03
6.924063514457453467e-03
6.837022917303126578e-03
6.744970585708004104e-03
6.457483607500027686e-03
6.378713216296716913e-03
6.007132843440595241e-03
5.408023766007099414e-03
5.467135990599641948e-03
4.047061135641885979e-03
4.090485272869575500e-03
3.714438701265392571e-03
3.203541916880481549e-03
3.289834785001465468e-03
2.936999357692365344e-03
2.414401076700608152e-03
2.095335340184310228e-03
2.197134851930307442e-03
1.540014294344030192e-03
1.600393063052976770e-03
1.402131620632833791e-03
1.123125390777354477e-03
7.826109652763792168e-05
-6.615685009005072351e-04
-4.248152394796508684e-03
-4.136673136606107068e-03
-7.399804779241667130e-03
-9.393356701507074927e-03
-1.246298099855309462e-02
-2.302429239870878996e-02
-2.711167732850278816e-02
-3.754316490868055828e-02
-4.296389939310829575e-02
-5.001435627582674626e-02
-5.673897942361901675e-02
-6.107044259216552751e-02
-6.920556573977992842e-02
-7.049008101539241955e-02
-7.467481948113102730e-02
-7.599713153928960852e-02
-7.610517383380441259e-02
-7.816217634795949443e-02
-7.769970193010006243e-02
-7.820234784233957848e-02
-7.852877111826446488e-02
-7.742341462024164567e-02
-7.690933392424795234e-02
-7.736295552850550039e-02
-7.535647136442874539e-02
-7.540010178153390419e-02
-7.420999514150534992e-02
-7.162376868007210018e-02
-7.212396573787079046e-02
-6.842429726491006114e-02
-6.728265334062019654e-02
-6.111644013983990459e-02
-5.099361273968665981e-02
-4.319478642909723581e-02
-3.243824138231363868e-02
-2.044974272294599119e-02
-1.189152671493192738e-02
-6.999040542152518835e-03
-2.915303902355776636e-03
-2.224259824080359639e-03
-2.279600798002275486e-03
-7.302484636618473794e-04
-3.051649871262204772e-03
-2.673643486724588438e-03
-1.714669089756256943e-03
-3.487685007412593026e-03
-4.451121455709116000e-03
-6.881859747990723766e-03
-8.180947988870543655e-03
-9.451188607321078100e-03
-1.375735523431483726e-02
-1.660726312011339550e-02
-2.143886336230772446e-02
-1.864610483385580053e-02
-1.837074973989101523e-02
-1.986672851174647175e-02
-1.740318108261380142e-02
-1.772286033472934147e-02
-1.661331002169320892e-02
-1.477579822068677065e-02
-1.535236949799719149e-02
-1.375396498029008915e-02
-1.179385782854793299e-02
-1.144348123220191409e-02
-7.962365839533172909e-03
-7.010363824876139974e-03
-6.419995672131366578e-03
-4.081004240660617358e-03
-6.407431748572977800e-03
-5.908866939949790342e-03
-6.658838686879986306e-03
-8.056294951426304363e-03
-9.016604207340191135e-03
-1.028488599318314045e-02
-9.704189564790584310e-03
-5.911080834023727665e-03
-4.564621452367292539e-03
-4.102660991219294305e-03
-3.926667356014622301e-03
-2.894489162145488098e-03
-1.963092866839999569e-03
-2.203200370933760480e-03
-2.796106997499194814e-04
9.655751728570340087e-04
2.669237775017549788e-03
9.447713080255111529e-03
1.108722117108127195e-02
1.146100267378122664e-02
1.345678504373763740e-02
1.182128592678853563e-02
1.286029371237179530e-02
1.146511208039082026e-02
1.077520036897780704e-02
1.041788853290740585e-02
4.907422885559634997e-03
5.410492553035693881e-03
4.539789919081386321e-03
6.325829270816923401e-03
9.590339147006771148e-03
1.054574649402200900e-02
1.215180260950331735e-02
1.997868377734651410e-02
1.853685177067914205e-02
2.154093242577380385e-02
1.924557758753982911e-02
1.303198756998576527e-02
1.184281182361450122e-02
-2.209160533127880327e-03
-3.367546525074401401e-03
-9.120074217810990314e-03
-1.164818432660569975e-02
-8.567795846713934654e-03
-1.311836091811930186e-02
-1.333217057899043455e-02
-1.490303916880683990e-02
-2.152983111955513590e-02
-2.106306365167421105e-02
-2.412457247185839995e-02
-2.509412548803626256e-02
-2.248202845025863705e-02
-2.387685346913732964e-02
-2.186236058190157983e-02
-2.336229845941525246e-02
-2.485998662244778487e-02
-2.743564655450177539e-02
-3.197695343701895121e-02
-3.235750568301513919e-02
-3.945959687866461285e-02
-3.882227674733040867e-02
-3.717395664278113493e-02
-3.986875713859522330e-02
-3.163277016759779431e-02
-3.254315484572768008e-02
-3.618352193752830820e-02
-3.337189179417642676e-02
-4.043216043492275924e-02
-4.151518706599023611e-02
-4.149338086632407829e-02
-4.455195508994377190e-02
-4.556282917267954341e-02
-4.585261950611867199e-02
-4.697051916827583995e-02
-4.668851602027075665e-02
-4.601559795133750713e-02
-4.651076815308004958e-02
-4.536240134018223319e-02
-4.584239662288654843e-02
-4.575338064705994356e-02
-4.510314554864126857e-02
-4.550671731630891864e-02
-4.469011469481907334e-02
-4.445507739159047789e-02
-4.476475980020603457e-02
-4.447871017361445384e-02
-4.561597571502808840e-02
-4.592633323960626512e-02
-4.597222218700906110e-02
-4.669189298846822961e-02
-4.682861758556044335e-02
-4.637840434269248358e-02
-4.724750461325789158e-02
-4.616147258195749115e-02
-4.486138715912758868e-02
-4.344954930336349802e-02
-3.951951849575991577e-02
-3.759757081461963246e-02
-3.416727091777672226e-02
-3.048389546139015222e-02
-2.747560575996488633e-02
-2.239230079790935010e-02
-1.986785498080173226e-02
-1.353058363676416104e-02
-1.046311195675639696e-02
-6.177094096609500942e-03
-3.457250736517611042e-03
-1.069717345098288031e-03
9.817071501345238024e-05
-2.232477219057649263e-03
-1.288630068466197365e-03
-1.771379585976969647e-03
-1.063180109496999516e-03
4.904172272933896015e-03
3.925306836793261353e-03
4.339646299910791469e-03
4.027912917919300277e-03
-3.262166876785524763e-03
-4.031563900182779173e-03
-1.043129113418789049e-02
-1.705457906827311659e-02
-1.839096051571972867e-02
-2.569462931945805037e-02
-3.127350158639727318e-02
-3.519766916618570496e-02
-4.945636571016165384e-02
-5.394125560020839039e-02
-5.763646492989792786e-02
-6.543673714677203379e-02
-6.612984175754391125e-02
-7.039938460027203582e-02
-7.346759378574757582e-02
-7.986762489182458458e-02
-8.767793823086963978e-02
-9.564090138334153945e-02
-1.160061842079056493e-01
-1.291485225602110876e-01
-1.357247445237070582e-01
-1.464503409897247033e-01
-1.433941576342709079e-01
-1.478472856933142066e-01
-1.460308282333999674e-01
-1.403948579717550771e-01
-1.412145837216163546e-01
-1.276164691382279115e-01
-1.218220135756558631e-01
-1.105265098476814756e-01
-9.296194768065903224e-02
-8.512446148852063910e-02
-7.747965201242354438e-02
-7.035543208429891060e-02
-6.718219854882138964e-02
-6.088595796557985662e-02
-5.732574776821435653e-02
-5.115810669140841149e-02
-4.813985339801578334e-02
-4.311311710004461784e-02
-3.897286185164130362e-02
-3.651032206589324702e-02
-2.977796563724266141e-02
-2.887257101146985250e-02
-2.601426368342846587e-02
-2.527248275829635862e-02
-2.720981531189819655e-02
-2.984490296735385628e-02
-3.505221846190761936e-02
-3.915162458556531444e-02
-4.685365251393814462e-02
-5.165365051376992478e-02
-5.454164319520816290e-02
-5.866805898779797052e-02
-6.002737090759197730e-02
-6.040707888660627051e-02
-6.111283654177301211e-02
-6.082317884370149613e-02
-5.936138705519284492e-02
-5.935834702173384964e-02
-5.651362026930510651e-02
-5.506850265077485596e-02
-5.370457451150362216e-02
-4.972387351993777516e-02
-4.872908238837709433e-02
-4.498792346970968692e-02
-4.043926636833538452e-02
-3.935729761010620803e-02
-3.165935279714372774e-02
-2.912283506194893873e-02
-2.931970600878311059e-02
-2.355792443774702705e-02
-2.472954381255498824e-02
-2.237630455016229730e-02
-1.504132188299675370e-02
-1.560070771683475313e-02
-9.367058192522297738e-03
-3.264795228475840267e-03
-1.482029378954530675e-03
4.254296545964108417e-03
5.161431481471462704e-03
7.650794605441726959e-03
9.502566974525885821e-03
7.090476374069076999e-03
7.773092941821937822e-03
6.870602624341332065e-03
6.332174473337184861e-03
6.210824920706476543e-03
5.139518482408790036e-03
5.394331629445425075e-03
3.873088738093122436e-03
2.998564094439476642e-03
4.534412481543870568e-03
4.448904201221313970e-03
1.545785857331360633e-02
1.729546925474351182e-02
2.701881856857014236e-02
3.429926637427525848e-02
3.669715917348372741e-02
5.075432962313763258e-02
5.200910095972061109e-02
5.254166655303384864e-02
5.415553580825529373e-02
5.311598200349451626e-02
4.867420005457865489e-02
4.365443726491482351e-02
4.217449189482213451e-02
2.421302653043757441e-02
2.285915327047423340e-02
1.962068970029838197e-02
1.343869473054689311e-02
1.277617802303003015e-02
1.047109759038038559e-02
7.544308690744643345e-03
7.184538052717601847e-03
7.317308740449511399e-03
7.249224568565512672e-03
7.577573418750549634e-03
7.609898631205767698e-03
7.762500285449328540e-03
7.879933291506335119e-03
8.023622363066666360e-03
8.262321345431542299e-03
8.295553078977817990e-03
8.845675932234439709e-03
8.991732654320856721e-03
9.075422828367037814e-03
9.255395108852502994e-03
9.277813090202105539e-03
9.299918272863850338e-03
1.010548899656142294e-02
1.006447685889471158e-02
1.028010260075507519e-02
1.049074300887268239e-02
1.049521094369095311e-02
1.062141345288148894e-02
1.066787035896584086e-02
1.069413702391749932e-02
1.074292169796345169e-02
1.075577359409810897e-02
1.077422092567934496e-02
1.079034468637400657e-02
1.079506439172514889e-02
1.080319114077188045e-02
1.080890828425159003e-02
1.080587221426077514e-02
1.081148770225719147e-02
1.080958443596159377e-02
1.079514802967969367e-02
1.081311322377030877e-02
1.077923529060633226e-02
1.076829226564336717e-02
1.080874734696406388e-02
1.066392204166976068e-02
1.076984956510363550e-02
1.072188917924137702e-02
1.037938144180986302e-02
1.095166346583860764e-02
1.013041538450023746e-02
9.984223235532385665e-03
1.047213942811382748e-02
