-1.084227214329946910e-03
-1.265943770342342059e-03
-3.985337629378014369e-03
-3.954952405261771484e-03
-4.932385577612302674e-03
-5.534424252617658156e-03
-5.367945418375355895e-03
-5.839716298244391861e-03
-5.898926146522394560e-03
-5.958754091763592518e-03
-6.115076303537787458e-03
-6.120934207240968927e-03
-6.180200222906826087e-03
-6.220784317340181946e-03
-6.230314080619319198e-03
-6.257765945183926121e-03
-6.267329526487870964e-03
-6.274602487432597540e-03
-6.283250636413633371e-03
-6.284055469201998631e-03
-6.285860745166888149e-03
-6.284948466491118574e-03
-6.279169728872152981e-03
-6.275707993615037630e-03
-6.263587203747288286e-03
-6.248485831629880215e-03
-6.237537479426804275e-03
-6.197087090875645111e-03
-6.174587031714769310e-03
-6.133733260121403304e-03
-6.027486731468675862e-03
-6.020372867321772091e-03
-5.837677542234992467e-03
-5.653219819603096455e-03
-5.678282745420894922e-03
-4.989815879939831812e-03
-5.048460534322859669e-03
-4.904524846126204207e-03
-4.670883393446505216e-03
-4.880074729997956919e-03
-4.614536094775661956e-03
-4.623128358295908354e-03
-4.904080126260587820e-03
-3.280514221126024609e-03
-2.584612436331930677e-03
-3.321260310661999955e-03
2.545252492731505355e-03
9.473840883402102637e-04
1.320470121216224145e-03
2.946052528896900453e-03
-2.181065149849360178e-03
-4.849759353348412198e-04
-1.053970700401828759e-03
-1.270159212829233926e-03
-7.108208126427602953e-04
-3.139152008300188750e-03
-3.081136198419276179e-03
-4.209306485429591821e-03
-5.669536919771562926e-03
-6.153468918440062330e-03
-8.198063295627146252e-03
-9.038150091905285469e-03
-1.166244319418894074e-02
-1.692503291725153472e-02
-1.968358955866558041e-02
-3.098945399675297890e-02
-3.323139520072399683e-02
-3.782922692457380692e-02
-4.319406117293633773e-02
-4.347179713190820610e-02
-4.741685929762271684e-02
-4.829511686935792497e-02
-4.877521416116169239e-02
-5.007595822915162503e-02
-4.915256975697994413e-02
-4.910603397144095578e-02
-4.785037005378904584e-02
-4.686481612006151987e-02
-4.545923429274550953e-02
-4.467955959126372611e-02
-4.369007693047156221e-02
-4.276801324132975535e-02
-4.197784840514236226e-02
-4.062778893088429821e-02
-4.009296974264309199e-02
-3.824043323096074087e-02
-3.640441000085573725e-02
-3.457772901977479441e-02
-3.056375407647035636e-02
-2.795645720311852947e-02
-2.865089989628544220e-02
-2.627696757699788180e-02
-2.250367321027922987e-02
-1.869341058091259292e-02
-1.688738456773770935e-02
-1.234946966101520098e-02
-1.297843451095401224e-02
-1.145793338588192191e-02
-1.066832540507734080e-02
-1.057438652801052578e-02
-5.030636428827477656e-03
-3.942712180586021090e-03
-2.135689748413553430e-03
-5.794529069362875122e-04
-1.142558666880867917e-03
-8.717213009225623381e-05
9.957593611594282423e-04
2.872226867084034206e-03
4.602189302176043322e-03
6.479974267886827628e-03
9.054626407535579583e-03
1.005239787593227747e-02
8.381651244890027039e-03
6.010226458589690984e-03
1.361277722608576638e-03
1.924897614377842504e-04
-4.139499931733954356e-03
-9.293983431296374068e-03
-9.812597365114207257e-03
-1.039069334613027841e-02
-1.092831676649735385e-02
-9.217354949825899008e-03
-9.379585610820275615e-03
-1.006527840766294722e-02
-9.302482684378401978e-03
-8.593793472399425745e-03
-8.601645514199972309e-03
-7.894659054790897565e-03
-7.780851532680922028e-03
-6.955793257702401998e-03
-6.769017084359383631e-03
-5.386539694717939510e-03
-4.969714520257887194e-03
-3.682484734920061630e-03
9.756673169375921053e-04
4.898643582826055047e-03
6.310641199107713470e-03
9.446497601273865646e-03
1.120033655055766887e-02
1.359973852312552217e-02
1.932904819771167487e-02
2.398008826857247686e-02
3.593102300975027641e-02
4.892716242487202272e-02
6.127379517526041625e-02
8.531445828705999657e-02
9.260803092686642479e-02
1.124794929625381745e-01
1.209984228588332350e-01
1.286137680491108715e-01
1.351993646558971862e-01
1.365666969559916621e-01
1.417302128952392937e-01
1.432888852800277835e-01
1.446934721944775903e-01
1.471481890500827561e-01
1.461731498557070630e-01
1.473047038572704581e-01
1.462655396300378274e-01
1.442598559334941632e-01
1.439894486206755586e-01
1.394168590133298691e-01
1.375577285298280605e-01
1.336987094853588076e-01
1.258940544416759511e-01
1.216002002103196561e-01
1.088988722823965027e-01
1.011123098397475883e-01
9.224601864866791012e-02
7.930183019547522305e-02
7.199377544252080763e-02
5.985818550411428629e-02
4.789400387431151651e-02
4.062735568996342361e-02
2.589287918192163113e-02
1.973137036693828686e-02
1.521016075411654213e-02
8.311330399017350865e-03
6.263714685275251562e-03
4.534811515960855341e-03
2.203166872539477628e-03
-5.704866484854305420e-04
-2.486480449777525234e-03
-4.153516015772019433e-03
-4.297402375967255238e-03
2.294628805411103695e-04
1.271815879253293362e-03
1.739198738790348519e-03
5.184376697398991075e-03
3.895902537916244232e-03
2.081493445063841916e-03
1.165905474838347744e-03
-3.351821979001317568e-03
-3.096909522379023404e-03
-4.393194123081648611e-03
-6.010739012595723262e-03
-6.030314749926990459e-03
-6.360874555747264916e-03
-7.949229975480734747e-03
-6.630157411069476439e-03
-6.835523440111434743e-03
-7.103221496093720631e-03
-2.382130453080329429e-03
-2.342522514389125139e-03
-4.944795227012114928e-03
-4.052915736270651902e-03
-4.120225481298217356e-03
-4.710047743729300559e-03
-4.043610724136588799e-03
-4.191169385242093232e-03
-4.253397743359248195e-03
-3.242285342223939857e-03
-3.361173208347184842e-03
-2.917828658344291757e-03
-2.690759717781968877e-03
-2.668506908918271553e-03
-2.543583932471069411e-03
-2.460189811796772378e-03
-2.543017493985667756e-03
-2.590167248283352201e-03
-2.451903671794463876e-03
-3.028615378137743900e-03
-2.852727577746558274e-03
-3.407175891778898690e-03
-6.327213533908385319e-03
-5.869109914255038821e-03
-5.864761639055741937e-03
-4.375229357768192252e-03
-4.369290397686444172e-03
-2.527359438907309224e-03
3.854390502921070747e-04
1.348848318501826840e-03
2.951508874898448216e-03
3.326204059068923937e-03
4.354690639273067244e-03
3.344639202740904739e-03
3.500661689770008002e-03
4.390220295221800365e-03
3.637853729313505341e-03
5.019046080446347598e-03
5.012483329251402053e-03
3.763276449763380480e-03
3.202651774560554953e-03
-9.767082038196306208e-04
1.669185382307025777e-03
1.178857782500109799e-03
1.638727179037987539e-03
5.863873462650294292e-03
5.886783497467695976e-03
8.822212311787164946e-03
9.233497992225553688e-03
8.260422481645005033e-03
8.733488674070496657e-03
7.190949575091440046e-03
5.415992543672768812e-03
4.123319820101872986e-03
8.624506043937757611e-04
-1.813570635605545435e-03
-3.622041953716446851e-03
-1.063259377267153881e-02
-1.187911428760472440e-02
-1.418940856708940379e-02
-1.784015468315481440e-02
-1.740118705740294550e-02
-2.061705301900051274e-02
-2.095740445216710823e-02
-2.008700765520361753e-02
-2.080203758351868368e-02
-1.871373516038896470e-02
-1.857931010471454425e-02
-1.778114812664659608e-02
-1.615572896872130917e-02
-1.623965732797515854e-02
-1.423988007836920512e-02
-1.340652061524402229e-02
-1.259767132346915029e-02
-9.227394497283708877e-03
-8.419743617706572023e-03
-6.573138371548879408e-03
-4.787707689886265723e-03
-4.287369661661306550e-03
-2.495153636493114679e-03
-1.787024503617732490e-03
-1.291538997239779314e-03
-4.032474974790414921e-04
-6.628783112414723651e-04
-1.316970470105427666e-03
-2.847988350898320465e-03
-3.966436530815266141e-03
-7.988351304957907323e-03
-9.867505108433330396e-03
-9.934601702133231266e-03
-8.066569664859484304e-03
-7.910788733699146771e-03
-6.887059153102156016e-03
-2.260599369243916981e-03
-2.693312377756112205e-03
-2.801307519429939007e-03
-2.663867350320242317e-03
-6.797309303152671879e-03
-7.095796181401314677e-03
-9.243471521330723015e-03
-8.480915345257161730e-03
-9.088427015785492322e-03
-6.010060836031714572e-03
1.197252672438643608e-03
3.269312018152992477e-03
6.816416805854276159e-03
7.595294081928860228e-03
7.460851129950874829e-03
8.439458141399430735e-03
3.780567886665503041e-03
2.798284863128569326e-03
-1.082920918464627127e-04
-1.541413913370381005e-03
-3.449540148280382402e-03
-4.695655332794358879e-03
-4.126839394596171044e-03
-5.202400729265634245e-03
-3.936489847410469534e-03
-4.559604491196878398e-03
-4.447344881715564052e-03
-3.107344389320185630e-03
-4.303990962012401757e-03
-2.700451800146250886e-03
-2.616504330600713003e-03
-3.739948295395601526e-03
-1.221438348499172483e-03
-2.106588080201434419e-03
8.471893715990460585e-04
5.220570417604297395e-03
5.959245708858375810e-03
1.349552328359689309e-02
1.458418253379322599e-02
1.573289730323144953e-02
1.667622686472610902e-02
1.626007960040876457e-02
1.688128851608707709e-02
1.598985667726769699e-02
1.582669635430358421e-02
1.543850607237202792e-02
1.369497583468205076e-02
1.422722828973600750e-02
1.217068117693153456e-02
8.135661286854278806e-03
7.352177653931408693e-03
2.403375885204463679e-03
3.470130744384253112e-03
5.210806247600801959e-03
4.395059337232581041e-03
4.672044220293425192e-03
2.939123009699869896e-03
3.265088387813513265e-03
2.131289674738865662e-03
2.792015310682573973e-03
2.671751934733583925e-03
2.343232620601968900e-03
3.916103075114238385e-03
5.291340858256436686e-03
6.635502837531588941e-03
6.787573677837770159e-03
5.329842839221370782e-03
6.147467289514343264e-03
4.694292277892417493e-03
4.466758404552339905e-03
4.191821462013197754e-03
3.124331651693128004e-03
3.235859696062093598e-03
2.151650564379057121e-03
1.683448471413708349e-03
5.740461583716939455e-04
-1.017215226091775426e-03
-1.313105189299962599e-03
-2.955788063710351656e-03
-3.150706148886839135e-03
-3.098912954288497723e-03
-3.748034925961608518e-03
-2.427096681027769882e-03
-1.529981104423818470e-03
-8.231378179319242747e-04
3.107851537685009380e-03
3.517620457250586301e-03
6.457185548410036835e-03
7.095290925809111422e-03
7.436998078499301029e-03
8.801940310248742780e-03
8.090292579405768819e-03
8.589355554693089978e-03
7.379615733041423528e-03
5.289724453108783989e-03
5.225743089502234325e-03
4.856121602825582556e-03
5.508715662062878445e-03
4.959561585739447748e-03
4.454651873133022057e-03
9.034169145807421572e-03
7.964786020899320210e-03
8.149400792517825023e-03
7.608872532939330718e-03
8.512261780950465886e-04
-6.194154275606194009e-04
-4.189617637431408519e-03
-1.048964162851062643e-02
-1.017890040368548722e-02
-1.163301152700852575e-02
-1.188703390997951533e-02
-1.046477161963029270e-02
-1.356525417412759484e-02
-1.216861393228689005e-02
-1.102434416510584929e-02
-1.197407052289679169e-02
-8.526229051010593071e-03
-9.317308033608640017e-03
-7.837255432530896085e-03
-4.975807459830971537e-03
-2.916939844115206456e-03
-2.634045968716104517e-03
-4.894452718376289535e-03
-6.371357688990915771e-03
-9.302564601235411429e-03
-1.261204901472778861e-02
-1.500840523966140948e-02
-1.712819819160783449e-02
-1.883931746470887333e-02
-1.953556420121122655e-02
-1.895887766174274638e-02
-1.501407906057835619e-02
-1.391530512192086858e-02
-1.209510180595412855e-02
-1.050098068603394670e-02
-9.718549099998830335e-03
-8.826934184538609909e-03
-8.466425488945598932e-03
-7.655491137741365568e-03
-8.444306191481378010e-03
-7.779699238465773332e-03
-8.407971246621943548e-03
-1.126976850340192723e-02
-1.205145105449277436e-02
-1.455493282629392003e-02
-1.622825519421737875e-02
-1.738806761954900942e-02
-1.952142132176367534e-02
-2.035675480131889092e-02
-2.196017938799895569e-02
-2.320760238759986965e-02
-2.296854586404802750e-02
-2.356423831418289275e-02
-2.374110027470066261e-02
-2.248355882066602543e-02
-2.265747467350192820e-02
-2.123980872426059832e-02
-1.831393731418335530e-02
-1.712094889082680510e-02
-1.553061447888300257e-02
-1.636871739035770934e-02
-1.567389799901697939e-02
-1.537934920402166464e-02
-1.558322004506294302e-02
-1.419018463858765129e-02
-1.419090148811224215e-02
-1.305086877049813250e-02
-1.149464357582598815e-02
-1.140760914081686422e-02
-8.804602828057863512e-03
-8.619583946025731816e-03
-7.421038982333531819e-03
-6.292711409269052120e-03
-6.410918233077141613e-03
-5.323689531025131358e-03
-5.317525657238944721e-03
-5.302113010450630604e-03
-4.516463386348701370e-03
-5.308605784819103897e-03
-4.637166442547610394e-03
-4.393499836026321451e-03
-4.990779622171695115e-03
-3.038637851189009750e-03
-3.757745086530725129e-03
-5.224657907209231955e-03
-3.266570193683508792e-03
-6.702547976903466646e-03
-5.496988537241780104e-03
-1.668143570144141720e-03
-1.640688711160539050e-03
2.966222810405429091e-03
3.984255595428976005e-03
3.860426786345033060e-03
5.851345936022524230e-03
2.817553408939371066e-03
-4.678624558274321020e-04
-1.681513669226895186e-03
-2.865204924374210958e-03
-3.427743953867562216e-03
-4.876064062066790342e-03
-5.201706303559643085e-03
-3.769491532574817828e-03
-3.600818748902029787e-03
-2.718805945458430216e-03
-2.251313632600964246e-03
-1.857251378604597193e-03
-1.304111817235833852e-03
-1.122302874451001778e-03
-2.835282422215141813e-04
-1.647329395915230290e-04
2.096877729297049267e-04
1.400882715287366334e-04
-2.153925197743153180e-04
-1.462704352935479725e-04
-4.611076992960267806e-04
-5.786521466857791124e-04
-8.097616161197248880e-04
-1.329983328124855271e-03
-1.337126103453800544e-03
-2.308123446468079553e-03
-2.298636063984757765e-03
-2.376586337230626646e-03
-2.653813535594703229e-03
-2.619223369530467808e-03
-2.703419053896477867e-03
-2.809677826901877708e-03
-2.773084021520601586e-03
-2.830688880682482710e-03
-3.003281633316009884e-03
-3.037122399102882859e-03
-3.109162160060769276e-03
-3.160703300604742871e-03
-3.180560497863660699e-03
-3.212937370584167431e-03
-3.228274768622000409e-03
-3.240001726765924517e-03
-3.251946790400716148e-03
-3.257502298188089465e-03
-3.263128650127438118e-03
-3.267149821827051298e-03
-3.269358881499587286e-03
-3.271475507393855047e-03
-3.272572079002357675e-03
-3.272938179595902795e-03
-3.273254985304762874e-03
-3.272595588191458318e-03
-3.271299296573456413e-03
-3.270383562438777380e-03
-3.266649186905267246e-03
-3.263691096241317421e-03
-3.260020828557999746e-03
-3.248771766610179107e-03
-3.245885228384200443e-03
-3.229594008463547699e-03
-3.205332189668117122e-03
-3.206188895561910661e-03
-3.139429004330849485e-03
-3.117671016247390830e-03
-3.098591498851387214e-03
-2.889992215254446727e-03
-2.980201128696741662e-03
-2.719975988436342668e-03
-2.303023741274752047e-03
-2.567368102370700018e-03
