3.599671389226842631e-03
6.644863405848504094e-03
5.519928670253888142e-02
5.639825598208127178e-02
5.304303854898970855e-02
6.134700914804591676e-02
5.468997037121066385e-02
5.627854849149176164e-02
5.666748644790545186e-02
5.497994467845024325e-02
5.587007512883504501e-02
5.540895910627067350e-02
5.521755610642806872e-02
5.541009959587062800e-02
5.519346314583271212e-02
5.522861236285842024e-02
5.522950872005542161e-02
5.517884268481484250e-02
5.520502233746458348e-02
5.519420383389192497e-02
5.520224830468206667e-02
5.521687765564353007e-02
5.523446265402899569e-02
5.527696611684580763e-02
5.529812439185748801e-02
5.539496101376907566e-02
5.547760555520390990e-02
5.555583717687639922e-02
5.588973198327663178e-02
5.596238868982766901e-02
5.640916540133091711e-02
5.725246451695484989e-02
5.714920915815931840e-02
5.934844431112031721e-02
6.045982154487018062e-02
6.090524175547261387e-02
6.918619006614100397e-02
7.187825026345190382e-02
7.584117246452667938e-02
8.045905691519020242e-02
8.749842651873981914e-02
8.746234565864655086e-02
1.020594817942971355e-01
1.117832821769599166e-01
1.123538097347972914e-01
1.661765885675413335e-01
1.705847237925376125e-01
1.879362052826925589e-01
2.064066643243185062e-01
2.089765056923335029e-01
2.105158388730393182e-01
2.263868939186564622e-01
2.139848743594742475e-01
2.114585063842058521e-01
2.376140861114841574e-01
2.338724009210856047e-01
2.819949085710055092e-01
3.230033198313918552e-01
3.290946045257616692e-01
3.378917210670186466e-01
3.338420825584665907e-01
3.017395566269951424e-01
2.775991064207493642e-01
2.225746981253614865e-01
1.440617758490058964e-01
8.009390566632892949e-02
5.967863704688024934e-02
2.172007757525161800e-02
-3.029467702146012003e-03
-1.250948169470029146e-02
-4.721688979315642742e-02
-4.462848592651724733e-02
-5.528625327040335991e-02
-6.342977377860381516e-02
-6.224547953728358507e-02
-6.564561314239372725e-02
-6.824752166713410340e-02
-6.255756003598632320e-02
-6.326936307960102923e-02
-6.247813627793970259e-02
-3.785840337631667801e-02
-2.550434541057617494e-02
1.278015117274426855e-02
3.957869902431390696e-02
7.832228404307955971e-02
1.108616654916056987e-01
2.055155806646425942e-01
3.296919142908742439e-01
4.749762044554938223e-01
4.815187505775875287e-01
5.259031581045764403e-01
5.306804688133627268e-01
5.329330278019068778e-01
5.575461188554762249e-01
5.519350897335215667e-01
5.626147624851314255e-01
5.759170085005460571e-01
5.601200409201299024e-01
5.603801487889361610e-01
5.361859886974716938e-01
4.666534627896055665e-01
4.276987246942076104e-01
3.253483163090093444e-01
3.287860424683323735e-01
4.154262021066327248e-01
3.814606470949062356e-01
4.157351505243315204e-01
3.977270428041230210e-01
3.869450805432639307e-01
4.734227811730171154e-01
4.758121283204201912e-01
4.536901583223413859e-01
4.633623044327080942e-01
4.265949707889331588e-01
3.943584288471785326e-01
3.701295028346580085e-01
2.988890439258416465e-01
2.102869256880256499e-01
1.272780031367340969e-01
-1.722529987584637406e-02
-4.548845030169069298e-02
-9.535945335564047221e-02
-1.183643680195610587e-01
-1.169816850000299085e-01
-1.446716186720588826e-01
-1.451613270789850196e-01
-1.547405181613982217e-01
-1.645219355193007216e-01
-1.578913207727103973e-01
-1.578678884394833781e-01
-1.205240927771178000e-01
-7.495508458559080323e-02
-9.343070638524046678e-02
-6.209196352471767211e-02
-5.025913219813313293e-02
-5.125022674186104077e-02
-2.469300106927653504e-02
-2.422577409606912341e-02
-3.192018008759078818e-02
-1.273381527059210504e-02
-1.959305959550733042e-02
-2.272016715430988376e-02
-2.568862172954641809e-02
-3.401568711128841183e-02
-3.507355879874124449e-02
-4.010121002879620672e-02
-4.034077983734957878e-02
-4.434968945600024914e-02
-4.647319558909735610e-02
-3.945959093259101408e-02
-3.580928093898600589e-02
-2.635362916473779626e-02
-2.495145700196323840e-02
-1.606072260335111163e-02
-2.978042740013579770e-02
-2.233831549635217559e-02
-2.456034308762121421e-02
-7.472695785375718658e-02
-1.004890302896972454e-01
-1.387913168347857384e-01
-1.494530830462718896e-01
-1.661404398593660792e-01
-1.638995254272458957e-01
-1.563465630283927821e-01
-1.617152039245099704e-01
-1.287841989248469932e-01
-1.225890756986700997e-01
-8.981779706671014218e-02
2.598202712476904274e-03
5.877008049639213111e-02
2.103873239875800327e-01
3.359711900949164942e-01
4.727364968391665201e-01
4.998047948749640979e-01
5.218441737409404979e-01
5.292081918461569723e-01
5.444621990627864783e-01
5.454519690661283615e-01
5.576667303283766586e-01
5.582498330859216873e-01
5.516758106665293759e-01
5.553835472925680028e-01
5.270444620250369638e-01
5.239718909050038453e-01
5.045119794159371729e-01
4.687366792790784165e-01
4.596743908185941252e-01
4.168683336450042520e-01
3.951435815479826807e-01
3.763674564239057330e-01
3.298165137712801842e-01
3.257186112385712651e-01
2.927105800015851189e-01
2.880953816040918714e-01
3.171875172254283171e-01
3.336763398702254357e-01
3.631572281253798162e-01
3.931859397361053277e-01
4.176396742696786291e-01
4.272699835735734863e-01
4.541780893040789913e-01
4.437266768369855230e-01
4.247223366536553857e-01
4.111430014250495035e-01
3.709728193537723540e-01
3.499139439053441936e-01
3.171867169533610364e-01
2.750263675396493190e-01
2.555655718232861529e-01
2.060988340212167591e-01
1.757951640819126748e-01
1.489405870946288457e-01
9.891061542634972670e-02
7.979799498824546866e-02
6.275539279615870158e-02
2.951258786896397007e-02
3.005456092808209828e-02
2.570357391553269172e-02
2.656624676029136975e-02
1.792928949607780834e-02
1.173084720337216023e-02
9.942693457506219384e-03
2.262713727820503049e-02
4.315551205628132686e-02
4.464849327500679255e-02
3.085626471100939849e-02
3.011014357807173178e-02
1.694131140387405629e-02
3.516660817882448498e-02
6.084736374364565353e-02
9.253979459748538916e-02
1.301689275038187821e-01
1.326482407868689595e-01
1.699606245907739344e-01
1.819700295968016412e-01
1.991346465524141685e-01
2.347414318324315685e-01
2.375871704748913071e-01
2.679820337998075619e-01
2.875229418209597765e-01
2.794175733764583391e-01
3.080857329747915263e-01
2.984951839709743537e-01
2.472299436324246757e-01
2.418095662359197318e-01
1.673060470712789960e-01
1.142077599727241155e-01
1.530779174773080065e-01
4.889712559749419957e-02
6.233661629589253711e-02
5.018507654072773549e-02
-3.677677557970403938e-02
-2.464491408945645654e-02
-8.176840871341280181e-02
-7.445903446496383860e-02
-3.168193385515163940e-02
-3.445451626517961885e-02
-2.614172241263864119e-02
-1.777117850495616228e-02
-2.917083208495587984e-02
-3.101500733832506310e-02
-3.800995425943764355e-02
-4.416306217890753755e-02
-4.698506137718102410e-02
-5.270078421982522798e-02
-4.918327047150913844e-02
-5.216854666848289024e-02
-4.761059233963045589e-02
-5.330664344090988577e-02
-2.408565400785005195e-02
4.172252137523741085e-03
2.048607516711753104e-02
2.989458545935615857e-02
5.151595902847887903e-02
5.658664474229684049e-02
8.290323768968015095e-02
1.030220003728568590e-01
1.146708520962398531e-01
1.797108459849124651e-01
1.801526750053985271e-01
2.128128559581886070e-01
2.245678974504000946e-01
1.998563215606021792e-01
2.093136680843658282e-01
2.070031857604841818e-01
1.756904911228608368e-01
1.932602827888295904e-01
1.513494695874858242e-01
1.497229740476885840e-01
1.395963879916647943e-01
2.109488127734833809e-02
3.336505342108174715e-03
-2.427429480112055712e-02
-1.071167620191857267e-01
-9.308446572324043100e-02
-1.167509040740768445e-01
-1.118001290782841134e-01
-6.974624079168804947e-02
-8.430282279915213284e-02
-7.041096980166948460e-02
-7.124372636861989183e-02
-9.823964181344424507e-02
-9.226085198469617665e-02
-1.111043235930092854e-01
-1.212356507234524372e-01
-1.191830910063265830e-01
-1.391434589380819153e-01
-1.105432990053364373e-01
-1.103261052763847005e-01
-9.066064084609612439e-02
-5.891682466510685112e-02
-6.712963344857111880e-02
-3.639731652320295219e-02
5.894499426583267934e-03
1.526708007955828936e-02
4.892313177704108590e-02
6.445246132494439339e-02
9.954078390667416010e-02
1.460506464363926227e-01
1.726146695244788754e-01
1.997145212291679128e-01
2.306968063336471420e-01
2.410992379195718571e-01
2.328975704521825396e-01
2.475761610331338458e-01
2.415939435888796727e-01
2.400598902685211478e-01
2.383868742999825097e-01
2.429622666796507346e-01
2.441092192673260386e-01
2.389964998176196398e-01
2.443448347314425284e-01
2.423071886961185306e-01
2.278490238116048228e-01
2.520432668765406614e-01
2.269912343559771506e-01
2.704611499604339664e-01
2.765062503070927491e-01
2.011055907465311154e-01
2.347505565724594956e-01
2.612771609131543937e-01
3.066489723942054102e-01
4.257098916572608638e-01
4.549321996491463849e-01
4.976812677001783425e-01
5.436716928995763976e-01
5.597565338645604793e-01
6.023018351191041786e-01
6.145709292366740017e-01
6.259437276097815639e-01
6.440497537331149047e-01
6.326725408893772995e-01
6.334977024095798104e-01
6.133244374598841864e-01
5.860973447453403651e-01
5.718414758698278089e-01
5.296512882745036954e-01
5.017096365951794201e-01
4.745610170676130557e-01
4.322375653953877128e-01
4.134653548125769573e-01
3.553546702981115746e-01
3.013917538001051888e-01
2.509698319297844482e-01
1.545424067802152711e-02
-6.120954167136967439e-02
-1.446714312543339320e-01
-1.753492394445260449e-01
-2.082182929555782269e-01
-2.341053685059895084e-01
-2.380217237881128711e-01
-2.540599372552699298e-01
-2.453742388912802108e-01
-2.421955439707878521e-01
-2.419047585794283639e-01
-2.259835504023817443e-01
-2.263395189896442727e-01
-2.144116575145643966e-01
-2.006930647152823100e-01
-1.840692720240092173e-01
-1.314169249706393372e-01
-1.028774219993568578e-01
-1.152719079675410263e-01
-7.665588735451750457e-02
-5.088327678383534197e-02
-4.069413916926798575e-02
-4.446989243031410077e-02
1.979341247015447419e-02
1.882384051544969475e-02
1.313019720227158287e-02
3.600181995227443726e-02
2.235418260772465554e-02
1.787740679509227867e-02
1.917765258459550037e-02
1.182405750675341941e-02
1.212288875797114425e-02
1.064523371764820869e-02
8.702725207011069442e-03
8.772306475438640394e-03
8.336177171448777221e-03
7.927861028531452831e-03
7.813317470877994761e-03
9.519228921734908255e-03
7.827047774333135977e-03
1.051867179900905711e-02
1.321296101967701919e-02
8.778883430391289794e-03
2.195983653049151871e-02
1.776234194531336325e-02
2.122227174285506654e-02
6.118575549194974622e-02
6.793239247196555808e-02
1.188340176795363579e-01
1.319690647899204872e-01
1.648627352349747721e-01
2.066745623817731192e-01
2.141746380030758179e-01
2.992895614091916068e-01
3.048300409067524752e-01
3.049488188701030000e-01
3.361382092136790956e-01
3.182812062352952664e-01
3.311979190728129852e-01
3.336167291332957086e-01
2.931449184746386383e-01
2.910098605700411900e-01
2.722841233070744660e-01
2.503629309303787021e-01
2.471596544902186499e-01
2.215350942353831176e-01
1.967864382560791936e-01
1.929173241215303702e-01
1.263116935855557177e-01
1.240577679994491894e-01
1.095803154187167811e-01
8.529672885578649943e-02
8.680501395337454629e-02
7.136305627591331413e-02
6.911702582570398989e-02
6.870084033332456153e-02
6.390633021944720771e-02
6.422503640035726047e-02
6.293438508536285114e-02
6.186294164684171676e-02
6.188610674561648844e-02
6.125137109357547960e-02
6.107436652747946088e-02
6.097148003525973414e-02
6.076439798741183757e-02
6.073196125177773158e-02
6.065996769399831234e-02
6.060593781661073598e-02
6.059080060534440676e-02
6.055851193526076703e-02
6.054511081250287668e-02
6.053434963841129030e-02
6.051899381231914260e-02
6.051595033520120598e-02
6.050060680106882777e-02
6.048911165887953245e-02
6.048845692133045238e-02
6.044222567374093330e-02
6.044802246845142751e-02
6.041279657229518818e-02
6.029318871439399985e-02
6.038401541054830984e-02
6.010990449996873181e-02
5.998688204175786631e-02
6.019513152777858367e-02
5.901781394107822459e-02
5.967108463650198924e-02
5.902362689092081199e-02
5.603286300070414727e-02
6.000750728435155779e-02
5.276970300480701009e-02
5.080790534703292366e-02
5.566798575181957504e-02
