4.073844418031479300e-03
4.131308598258601715e-03
7.659279640356743933e-03
7.344361984766106105e-03
9.830573740059975543e-03
1.032341815240432788e-02
1.160098166665177177e-02
1.127961621821801583e-02
1.146784925061786718e-02
1.162194274710896293e-02
1.139406974775643636e-02
1.151404884833584844e-02
1.147837750919503998e-02
1.143874291828210661e-02
1.147393484465856345e-02
1.144307267616108750e-02
1.143980598844376514e-02
1.134820126290356397e-02
1.117718822949723481e-02
1.116637012040525880e-02
9.933478678217505520e-03
1.001714210276454659e-02
9.526901786235900116e-03
9.524466347687316967e-03
9.187836939579217821e-03
8.525036055735391721e-03
9.016709747400653008e-03
7.283446921936396860e-03
7.201285609353715034e-03
7.406086175473098818e-03
3.366669040806536187e-03
5.081118400786016273e-03
1.358479466630746956e-03
3.214074797830416240e-03
8.867895487249111489e-03
6.474390560033056394e-03
1.825203937894627829e-02
1.881910319753497818e-02
2.038049912622031529e-02
2.436314229815503621e-02
2.397986792628109542e-02
2.444182188018177021e-02
2.513343941985024879e-02
2.565641126192210603e-02
2.698249902113968382e-02
2.680632931707286129e-02
2.963426267112884149e-02
3.126177108661550019e-02
3.122875318424432611e-02
3.958175006755827036e-02
4.168966765359045229e-02
3.815980611906987646e-02
4.148926970112774143e-02
3.836791409116714624e-02
2.685543335001346066e-02
2.085418355311557947e-02
1.364248699646047717e-02
5.785717946808803351e-03
-4.263787243467444667e-04
-3.732989690148727589e-03
-1.464244901045744923e-02
-2.031374362039633022e-02
-2.474404113265105815e-02
-3.466490674781344539e-02
-3.462056266650506697e-02
-4.404067264289694000e-02
-5.782799838866604231e-02
-6.131663552189541705e-02
-7.657454387316535438e-02
-8.101421071666899121e-02
-8.408035362006466285e-02
-8.830539663959308117e-02
-8.721452240350929808e-02
-8.923845880674793896e-02
-9.077362406296952957e-02
-9.084919343904240829e-02
-9.266938088755141689e-02
-9.633324979506141528e-02
-9.740520966916775547e-02
-1.028806102218902813e-01
-1.050368114676169667e-01
-1.070682901876702647e-01
-1.104397523645441054e-01
-1.092996030112179939e-01
-1.071944700307549958e-01
-1.038300716070267860e-01
-9.914543991970314885e-02
-9.267656888906865287e-02
-8.402550048958826179e-02
-7.465218051209196459e-02
-6.401245837703468944e-02
-5.728788134094361245e-02
-4.206024750842931453e-02
-3.683998773468109833e-02
-2.747246085881038108e-02
-1.921126346832856963e-02
-1.722042584900366005e-02
-8.477896798496515826e-03
-7.965834452195898543e-03
-6.416542225947722243e-03
-3.289737397033712374e-03
-5.464842450240263612e-03
-1.167122325734735663e-03
8.552339129011632488e-04
8.949987808562411429e-04
-5.309972855660360534e-04
1.827729804426979181e-03
3.379251631522475156e-03
-1.808883337655148261e-03
-8.120010979022959912e-04
-1.099588196072895721e-02
-1.799505063250197642e-02
-2.197169396575239173e-02
-2.710016326263560080e-02
-2.708932662606073488e-02
-2.520682921229416146e-02
-2.204247096075241316e-02
-1.527080544828066100e-02
-1.065827513191478469e-02
-8.692130557760247012e-03
-5.057752282365986923e-03
-3.836280913056385345e-03
-4.035616341870960910e-03
-2.166940402284969237e-03
-5.950300682951614913e-04
8.419917143133305408e-04
1.260415470327655267e-02
1.429669014099268012e-02
2.277121558732758330e-02
2.640084221126959979e-02
2.894693934957252163e-02
3.148414793844783038e-02
2.790492495386320826e-02
2.845676164272778128e-02
2.755210589153521406e-02
2.257478341930362065e-02
2.237612814600635144e-02
1.770623167208312462e-02
7.227311421636595581e-03
6.417361258709455667e-03
-6.953921325785139378e-03
-8.484388536043458579e-03
-9.469648064798108500e-03
-1.272444436736325582e-02
-1.002137217562147110e-02
-1.043804249061370051e-02
-1.195120777483140405e-02
-1.195795793690049291e-02
-1.673016262311310606e-02
-2.214923192936820232e-02
-2.631028426500758854e-02
-3.193191414048799498e-02
-3.696062705354628136e-02
-4.260668879291008848e-02
-5.115741479230201394e-02
-5.507223450421226685e-02
-6.351245021985187089e-02
-7.414714544377155880e-02
-7.487314124609924237e-02
-9.089969209285060636e-02
-8.937963049391740855e-02
-9.200825545973764785e-02
-9.904794356651759613e-02
-8.923283135228669838e-02
-9.320314441313574949e-02
-8.419820568814909145e-02
-7.284730993656581000e-02
-6.712228176668705304e-02
-5.376102588188375747e-02
-5.018401269803020315e-02
-4.820524413849285039e-02
-4.260287713776343688e-02
-4.935803030933232777e-02
-4.668828373809264659e-02
-4.424891717446177014e-02
-4.882421466725295894e-02
-3.777192505646297105e-02
-3.708799333478871030e-02
-3.254995292566002785e-02
-1.969005700597048145e-02
-1.920241240133545302e-02
-6.899698783738913294e-03
-4.207963220098204747e-03
-1.760633362348453055e-03
-1.417986412594993855e-04
6.535045471333190753e-04
2.530019103072359346e-03
2.717010966149784913e-03
6.891828905908586010e-03
8.959054574621070494e-03
8.712592101281998319e-03
1.429504794212420500e-02
1.283925560268385849e-02
1.346424305590241885e-02
1.487142032324429569e-02
1.002494522627437809e-02
1.219462879700521259e-02
7.310763565297515899e-03
3.238157316192577192e-04
8.093801220204715596e-05
-1.382803852761340345e-02
-1.794229786533383872e-02
-1.690705617978705347e-02
-2.637458850223605919e-02
-2.408335034102437877e-02
-2.456205222726202952e-02
-3.024203767837146256e-02
-2.550728473050321507e-02
-3.183769139781902902e-02
-3.507783867274504030e-02
-3.675258936587443709e-02
-4.710584082359726282e-02
-5.000372730152775891e-02
-4.601729189299613720e-02
-4.670910932627566486e-02
-4.316196646201911347e-02
-2.642658124312120480e-02
-2.061507876426904237e-02
-3.497317715217352144e-03
2.181524639571104374e-02
2.520486314983053089e-02
3.514908340289720629e-02
4.269356410555925907e-02
4.138739140214778289e-02
4.401945689334885170e-02
4.437430418644735391e-02
4.314018119892430031e-02
4.420080956691999075e-02
4.412697455201963770e-02
4.281469112717661840e-02
4.499149082420206974e-02
4.235854663904818629e-02
4.360053485056381017e-02
3.903847125402575002e-02
2.779264076764638783e-02
2.336316772909018818e-02
1.329585937994865776e-02
8.952705855733591664e-03
-3.864102896050963690e-04
-2.385238282313569685e-03
-2.346822890781565408e-03
-3.914756200824261005e-03
-2.900468319288799623e-03
-3.565967210374713058e-03
1.332470704777434642e-03
2.601149675468951254e-03
-5.505832772249687266e-06
-2.372598111824756120e-03
-5.224239040166940400e-03
-1.353841650140673487e-02
-2.076039100821876551e-02
-2.651774588749731751e-02
-3.036486748107623118e-02
-3.153102454593391391e-02
-3.062531814034512995e-02
-2.634181201014068954e-02
-2.095211608474162671e-02
-1.579696819110397790e-02
-9.756842155956549703e-03
-5.939638102138469246e-03
-6.363924215378073202e-04
2.043117118876082861e-04
5.371139518993789386e-03
5.119694835726563628e-03
6.851535403487522650e-03
1.025921567679053542e-02
4.540114369820763031e-03
9.685988921585567818e-03
1.929342529689276938e-03
-1.302420082672301263e-02
-4.432959309757606055e-03
-1.966429629530730763e-02
-2.288642042723491865e-02
-2.669890118313067093e-02
-3.089958907525980694e-02
-3.398716654084194683e-02
-3.807392907602574761e-02
-4.226707056519087707e-02
-5.233110335625762444e-02
-6.036999370775632950e-02
-6.209170027917358670e-02
-6.938578295414990493e-02
-6.422037276395760330e-02
-6.347985157123586797e-02
-5.973526268025244196e-02
-5.614798491976653178e-02
-5.714963239799799449e-02
-5.330468309291355039e-02
-5.308181806221837218e-02
-5.248892642719293899e-02
-5.000658448885200724e-02
-5.050329616792086779e-02
-4.806264483843080554e-02
-4.649516473483391449e-02
-4.641262157629081481e-02
-4.387331032229760397e-02
-4.260853616976320590e-02
-4.261209607007200584e-02
-3.865358362753437693e-02
-3.861057815480878341e-02
-3.677147685070885491e-02
-2.999881475558793115e-02
-2.878229272136821268e-02
-2.018828712920582927e-02
-1.568416894798393274e-02
-1.247061463292178582e-02
-2.906553753970062687e-03
2.265315182437293087e-03
1.261694428196079472e-02
2.528505976669480695e-02
2.979234753056405824e-02
3.326977643965134401e-02
2.993977139676242197e-02
2.970251596577349468e-02
2.947670383742504938e-02
2.643955653071640086e-02
3.007065862289478794e-02
2.914971615851572398e-02
2.828708125193819464e-02
3.929445104961806073e-02
3.381049028218300473e-02
3.560312169315087150e-02
3.545590047127553102e-02
1.961599514310873385e-02
1.963876755035602259e-02
6.512184831634632541e-03
2.679186251042361012e-03
5.946929641863123520e-04
-8.940119966790867692e-03
-4.711245189229532407e-03
-1.258195429347134728e-02
-1.262819460297616783e-02
2.274736423252169282e-03
-2.512449983662274396e-04
6.601977127504226120e-03
1.091931360769199909e-02
8.759496658888527368e-03
1.251547922060669213e-02
1.030864706327157265e-02
8.303157896441428279e-03
1.825634791767458045e-03
3.323778361612596093e-04
-7.935356444045004939e-03
-9.802903668403032539e-03
-1.781566179458635157e-02
-3.031135702702168061e-02
-3.520316398692840965e-02
-5.005580020421083326e-02
-5.501251663818933907e-02
-6.350692018442723186e-02
-6.735754518487531428e-02
-6.960009713032336287e-02
-7.424283826209725212e-02
-7.506250394174107665e-02
-7.769767311665340404e-02
-7.898261413378433737e-02
-7.928430421301636832e-02
-7.992588931839643418e-02
-7.783551756043077807e-02
-7.620844008618828103e-02
-7.535396244131620236e-02
-7.322736352412057004e-02
-7.074214720851221272e-02
-7.057533469488204425e-02
-6.615233798855829628e-02
-6.507227544884172654e-02
-6.299514965686489609e-02
-5.624027555049705002e-02
-5.537082845105245621e-02
-4.807468230373006940e-02
-4.552357165728437155e-02
-4.398707525476450858e-02
-3.660447793961166263e-02
-3.463859965282482106e-02
-2.233220187348752481e-02
-1.853607967644710711e-02
-9.073065784491667757e-03
-5.075700386006578961e-03
1.201467279571503868e-03
2.862722006030812838e-03
2.870767163219384820e-03
5.315924161565671081e-03
4.983011540030726598e-03
5.377073217725223710e-03
5.946996230370939739e-03
5.304579600285913230e-03
5.577464868855121390e-03
5.356228328786683847e-03
3.391581892033032793e-03
4.998091456682952384e-03
1.401891839527875114e-03
-2.290242174532218869e-04
4.013678912404386109e-03
-8.080668948903073356e-04
-6.461362801047403764e-03
-5.884214298081027333e-03
-1.997287081286081706e-02
-2.296428722044155726e-02
-2.219322438094640040e-02
-2.889402122104009138e-02
-2.721306933630410207e-02
-2.816690987393271825e-02
-2.862919459884197618e-02
-2.734866062330950504e-02
-2.661076661009941641e-02
-2.343398905703440727e-02
-2.285623363397445637e-02
-1.665659942885083095e-02
-1.175243224509178903e-02
-9.899511400138723966e-03
5.010911469806001231e-03
6.835921286536721445e-03
8.624041481035370216e-03
1.133661786172112003e-02
1.024748698870505195e-02
1.184836186594953079e-02
1.199637610267527757e-02
1.193355342453443317e-02
1.228220568462101356e-02
1.246899558110100420e-02
1.220883636175439102e-02
1.243163218249056061e-02
1.273819086275942286e-02
1.298853247020558509e-02
1.344251207445684888e-02
1.394761005569459741e-02
1.420824714590717894e-02
1.468712314622317751e-02
1.541478106852762694e-02
1.542479524771424478e-02
1.655512425334436724e-02
1.651891848683152350e-02
1.669285133892700265e-02
1.702178464965510910e-02
1.695922455972138226e-02
1.708958354318003414e-02
1.714510820658344398e-02
1.714076470886962897e-02
1.718950101315563223e-02
1.719489291640866752e-02
1.720373885681822715e-02
1.721826947316931061e-02
1.721986347037605253e-02
1.722916250465388391e-02
1.723593908624591539e-02
1.723978346613954174e-02
1.725893399416065718e-02
1.726310979391504005e-02
1.728269854573807190e-02
1.733574057279730837e-02
1.732259650337332132e-02
1.742006350037525811e-02
1.754736263048545589e-02
1.744930691322671076e-02
1.780062375471962513e-02
1.814087324306644378e-02
1.733603539862325210e-02
1.877169641106337869e-02
1.910360412789046877e-02
