-8.798988549198891651e-04
-1.088483590474252508e-03
-4.140398329400554571e-03
-4.118644164582524123e-03
-5.179509265989842674e-03
-5.868769386159619281e-03
-5.635479565108199480e-03
-6.197031967842202629e-03
-6.261788632979822106e-03
-6.329589796259573083e-03
-6.528774486193775553e-03
-6.533789587000989399e-03
-6.612630687722732478e-03
-6.667750914265094253e-03
-6.681102422124902268e-03
-6.720658934156558545e-03
-6.734842124472863872e-03
-6.746309126487107059e-03
-6.759961787927430861e-03
-6.762068440539515876e-03
-6.766032028247670645e-03
-6.765925003146504649e-03
-6.759415015296007904e-03
-6.756166036995624527e-03
-6.741529063538453589e-03
-6.724630939193952314e-03
-6.712095796610832374e-03
-6.665646070781252285e-03
-6.643766851474243278e-03
-6.596831034890057038e-03
-6.486828676368333775e-03
-6.486879055038150335e-03
-6.290473205901073520e-03
-6.132508089804747028e-03
-6.157422357101787445e-03
-5.484383056900155387e-03
-5.612881997237816750e-03
-5.456083621268969022e-03
-5.571274444931302930e-03
-5.697216876315267485e-03
-5.813103954335891582e-03
-6.631718304285914162e-03
-6.355975127190143653e-03
-7.269518847799559709e-03
-5.809587804166001755e-03
-6.902210159881862726e-03
-8.020851436046623137e-03
-6.298100166365098833e-03
-7.715572527459267638e-03
-5.093767997432194043e-03
-1.842640445425627362e-03
-5.137996137117703185e-04
1.059202069026765267e-02
1.569394356773670327e-02
1.732379434773213128e-02
2.365129079453642119e-02
2.359169903722767303e-02
2.490624366150027622e-02
3.047630907942910916e-02
2.979917645457574871e-02
3.610551951431727191e-02
4.194350916944764029e-02
4.661800340761854122e-02
5.614480699654320062e-02
5.580403085219390324e-02
6.157447450940504996e-02
6.693601982119277982e-02
6.858189539147556413e-02
7.763542797946769436e-02
8.391568008433501757e-02
8.799236722016853807e-02
1.028237138892018343e-01
1.049539459223981230e-01
1.098629839091701393e-01
1.139540242047883956e-01
1.133197045413951443e-01
1.134563755345731617e-01
1.103397102223045573e-01
1.072744654496842892e-01
9.764954008702086963e-02
8.932595765360695772e-02
8.177332401440301490e-02
6.628352095159939505e-02
5.748853925417447830e-02
4.575399408130401135e-02
3.062936991846295851e-02
2.251184396957246064e-02
1.233140732538941242e-02
5.024597432349313907e-03
3.457292987872432125e-03
-1.279115626821936092e-03
-1.359134905114655657e-03
-1.208749226625085733e-03
-1.398447947624285610e-03
6.439910825473627899e-03
8.822998084623449172e-03
8.315351699884881292e-03
1.059512665893749123e-02
7.239710426463912690e-03
5.491447070927683860e-03
2.451584789634486845e-03
-2.837752273741577500e-04
-3.509767890555728128e-03
-5.932289182366200578e-03
-6.964842583467764289e-03
-1.171696619016887424e-02
-1.415440785487938682e-02
-1.339367097980675818e-02
-1.515655459301661588e-02
-1.546809082558104134e-02
-1.059702600057559584e-02
-1.253780261033009616e-02
-1.146143006481368208e-02
-1.059077842747168686e-02
-1.458085563588109798e-02
-1.365364918395222532e-02
-1.498632363720048960e-02
-1.527707538681106168e-02
-1.393476892457526373e-02
-1.221494483211521195e-02
-9.494901349594891266e-03
-8.511308282889089305e-03
-7.146335396201604698e-03
-5.455628592062380586e-03
-4.496311841644432331e-03
1.582942833970279930e-03
4.056014294767840492e-03
5.226315454297202762e-03
5.666073427948909585e-03
6.417662748921174401e-03
6.102370516479696874e-03
6.567375266339971207e-03
6.167535681143952037e-03
6.159070396827185691e-03
6.146602981918976825e-03
5.017532060097421726e-03
5.247974680547586035e-03
2.871250327875378427e-03
1.568518947746784997e-03
1.016586632792199595e-03
-3.410553605458372869e-03
-2.169216695877758047e-03
-3.986369555860672619e-03
-5.480151451280780919e-03
3.619465839855932074e-04
2.203115194907117637e-03
4.098741721571591903e-03
1.443430341827554517e-02
1.401707052720507080e-02
2.035630493284198289e-02
2.219841937531250031e-02
2.152282636807222385e-02
2.176149269993857271e-02
1.655149239299326044e-02
1.478272246986207621e-02
1.134180269581377618e-02
7.927499147221614417e-03
4.000292370961519225e-03
-3.972387055577123599e-03
-1.251206053770531276e-02
-1.547952703551625647e-02
-2.215705654142733835e-02
-2.641664771260700262e-02
-2.901194587863682728e-02
-3.348825584466165461e-02
-3.669006013209043238e-02
-3.673541763388369491e-02
-4.012690693506378720e-02
-3.835662294313831044e-02
-3.650522970427775432e-02
-3.459679537910448355e-02
-2.797932315513732004e-02
-2.721349862956796983e-02
-2.156878079305427770e-02
-2.036418209810919588e-02
-2.230326483916203126e-02
-1.947944314327990437e-02
-2.314218041084263600e-02
-2.208212321287045948e-02
-2.021987580459919456e-02
-2.111829602557232718e-02
-1.599687685417471028e-02
-1.549871699954228493e-02
-1.372126528464906112e-02
-1.234295572965253204e-02
-1.466009433534515294e-02
-1.560470230700986352e-02
-1.868082329660095131e-02
-2.036573062724214567e-02
-2.401071612174954933e-02
-2.469113489192364952e-02
-2.596952187767823800e-02
-2.643713805612094708e-02
-2.604610837029750631e-02
-2.657966374400310555e-02
-2.363286102183084422e-02
-2.308466316142950697e-02
-2.259374000444321073e-02
-2.076037654550329584e-02
-2.123830557520549334e-02
-2.038221369704701358e-02
-1.991757237191361246e-02
-2.110782245292647588e-02
-2.075369210643125337e-02
-1.996387502854859303e-02
-2.030154130152780206e-02
-1.914910310880311994e-02
-1.830635045667577607e-02
-1.815622945186310538e-02
-1.598958725036599138e-02
-1.532423604984474094e-02
-1.405662896800183304e-02
-1.022784052153512258e-02
-9.174250964102476785e-03
-6.729917090033147795e-03
-4.614839340343752233e-03
-3.796869420370306732e-03
-1.462823347839659885e-03
-5.464398948238182504e-04
2.419442916476548244e-04
1.384977803889374682e-03
1.061093916337794204e-03
3.788080391066377508e-04
-1.516755612662487205e-03
-2.759887790691394234e-03
-7.553243473228264150e-03
-9.612410204817711454e-03
-9.444336144121106766e-03
-6.776190645768284844e-03
-5.904230306486674476e-03
-4.027589274309670286e-03
3.105236890796497264e-03
3.682116486864140618e-03
5.624869737498178202e-03
7.295506766450808415e-03
5.364085627486761543e-03
6.495120508977488688e-03
3.194635657659767713e-03
5.046919535241830429e-03
6.585754717422157359e-03
8.480607740926179167e-03
1.320256016841477031e-02
1.663594752695886358e-02
1.896205379719799466e-02
2.157554746676085961e-02
2.511190042630299241e-02
2.527217409622484201e-02
2.738197416738329115e-02
2.882024221578128112e-02
3.023306657628588995e-02
3.439268613897799448e-02
3.750625119844663846e-02
4.127308393122140762e-02
4.645454224641296787e-02
4.996515962565908908e-02
5.202980027060932766e-02
5.483479091332484068e-02
5.593999051484826318e-02
5.787555904056192191e-02
5.989019897556729227e-02
6.024952024097755821e-02
6.181635228480093780e-02
6.314695849105220193e-02
6.244227646595208042e-02
6.255270008325604369e-02
5.936318665632396574e-02
5.493055664247473158e-02
5.780718028516734774e-02
5.347869235999788001e-02
4.743916554050343903e-02
4.282339390844978888e-02
3.562076081761109125e-02
2.291866732549653618e-02
1.678277127620947384e-02
7.694629656383444698e-03
-3.056090273804059308e-03
-8.330719444170030935e-03
-2.029192149433286380e-02
-2.609218552667472851e-02
-3.030055545324526756e-02
-3.847159782138041828e-02
-4.170008533804551998e-02
-4.670474682666388155e-02
-5.477450920756436747e-02
-5.714831014272359760e-02
-6.434126523374478213e-02
-6.897680006753822979e-02
-7.088240155035499535e-02
-7.771520949367541342e-02
-7.960551649497520088e-02
-8.412897102473052002e-02
-9.016620674380096401e-02
-9.115901973404069714e-02
-9.741440186759774134e-02
-9.992131523390304637e-02
-9.868666358804709104e-02
-1.019980750747238873e-01
-9.993344272684512308e-02
-9.707740386826850532e-02
-9.814751580631152217e-02
-9.081363169498068988e-02
-8.787862974418489403e-02
-8.512947612732206515e-02
-7.101092535572263442e-02
-6.827632653107690297e-02
-6.033465090277294329e-02
-5.195346247233160325e-02
-5.027457920789628332e-02
-4.162795110884337513e-02
-3.547370939684291874e-02
-3.152277342459298970e-02
-2.488312317010285546e-02
-2.100695238189098993e-02
-1.727280228190037834e-02
-1.490997155058976578e-02
-1.265956374761377685e-02
-1.158622092971384535e-02
-1.050362705585752843e-02
-9.535033759894138983e-03
-8.967518849548185983e-03
-7.342361083365639418e-03
-6.716036275473851076e-03
-6.495284121243648408e-03
-4.876396040143687709e-03
-4.773130807849339935e-03
-4.815298558699301207e-03
-3.210137967170085941e-04
1.123189916889495450e-03
2.918607890317445781e-03
7.947017163870417900e-03
8.579802682454402973e-03
5.818864865418691551e-03
7.382727500793427947e-03
5.780379808586611282e-03
6.825694991852505932e-04
-8.675279863104806526e-05
-9.308417774163082635e-04
-2.936322051011333936e-03
-3.571547316841292355e-03
-3.461526761296365717e-03
-5.102570929297726293e-03
-4.899994657902292071e-03
-2.660405331912421827e-03
-2.281121918888569938e-03
-1.245036744590513524e-03
-2.542914062985262040e-04
2.526121200891119807e-04
8.118437369934461151e-04
1.875735539732406023e-03
2.080427750440135524e-03
2.473308715921981003e-03
2.439545456615754317e-03
2.035379680973125032e-03
2.081493340515877880e-03
1.838092014120032555e-03
1.683267495809927629e-03
1.406614177902096741e-03
1.212434138496692928e-03
8.554536957843307012e-04
1.889620604375424331e-04
1.398637175723372152e-04
-1.139222175341340036e-03
-1.193488509862640533e-03
-1.292147563787458776e-03
-1.693569453192042724e-03
-1.819843071717168904e-03
-2.019002589264394000e-03
-2.171681930290153030e-03
-2.242621532915641501e-03
-2.338489609696783097e-03
-2.391314424374111659e-03
-2.431507856997743022e-03
-2.470383296216792455e-03
-2.491431215278636611e-03
-2.511117669325913047e-03
-2.525162682263081167e-03
-2.533919653103317883e-03
-2.541120328922384999e-03
-2.544118338290162536e-03
-2.546421677378088617e-03
-2.544386769702137140e-03
-2.540866333746384827e-03
-2.537378493561714791e-03
-2.522410837277560321e-03
-2.515545905655751889e-03
-2.496941665262520770e-03
-2.459762292367000721e-03
-2.456355851006055899e-03
-2.380842303255278729e-03
-2.328434153663963817e-03
-2.317747410934836716e-03
-2.072220777050763196e-03
-2.109763638333488241e-03
-1.907566064125826256e-03
-1.341193104520100113e-03
-1.604059830121227527e-03
