1.697507460574068303e-02
1.634735575697754753e-02
1.960039374380599664e-02
1.997173072147878994e-02
2.288146354207829664e-02
2.207531243374123361e-02
2.340028690113764992e-02
2.291692498100552852e-02
2.291381187025295571e-02
2.314560448481512919e-02
2.292672097401107084e-02
2.301884725951958838e-02
2.301542769614311687e-02
2.297583919905383729e-02
2.300698068629814311e-02
2.299110530166747698e-02
2.298919827712174804e-02
2.299315839261391325e-02
2.298625663670391187e-02
2.298470636734518957e-02
2.298137867646224408e-02
2.297482722890617154e-02
2.296517665568115901e-02
2.295761971739344182e-02
2.293612053132210865e-02
2.291095257277861799e-02
2.289084215595880989e-02
2.281130071607228790e-02
2.277012504812303550e-02
2.267725602536603546e-02
2.243120231931656355e-02
2.242017715237889716e-02
2.191332839450946604e-02
2.139172953738100597e-02
2.143964003953757747e-02
1.902729292574490208e-02
1.934761721754321706e-02
1.863804219604689449e-02
1.875996565936392454e-02
1.909228888658437429e-02
1.839251677913044877e-02
2.186922653046835877e-02
2.203636641678214519e-02
1.773381153796567411e-02
1.653987269938721194e-02
1.500207128700765946e-02
2.657069105800650977e-03
9.380780071745469396e-04
6.638666991990336760e-04
-4.401266989798803173e-04
1.713349966700991036e-03
2.061287637731099888e-03
4.164535248770213222e-03
5.384823517146260230e-03
9.494748774940209995e-03
1.050127350253570770e-02
1.250585813666011195e-02
1.492658084697284782e-02
1.741634374337712454e-02
2.162320824452345150e-02
2.343122967007749829e-02
3.015662155583505658e-02
2.447111241343304100e-02
2.378715761268197088e-02
1.152327280169816552e-02
-5.739697389800303348e-03
-3.198463227082561089e-02
-8.279579542046099083e-02
-1.290466499248233700e-01
-1.344462451784917689e-01
-1.607707396295658397e-01
-1.646799327700610160e-01
-1.642792043312436834e-01
-1.781771562986426694e-01
-1.726361611478647584e-01
-1.717785482033928612e-01
-1.771733756615427868e-01
-1.609989674723094344e-01
-1.575281097630759075e-01
-1.496532073133826357e-01
-1.190810853281629861e-01
-1.127737571809011297e-01
-1.038195973912852954e-01
-8.965672149213675668e-02
-9.344376643948400230e-02
-8.429900468133143254e-02
-6.241176872034766288e-02
-5.024482425506054950e-02
-5.083100022169565607e-02
-4.311938157400206639e-02
-5.616041664041898640e-02
-5.621695615750442465e-02
-5.810919002584195858e-02
-7.194204992721608960e-02
-7.302991254226770534e-02
-7.546632003282850720e-02
-8.325005867060240872e-02
-7.933666467634521713e-02
-8.333253695485605406e-02
-8.265071827931658177e-02
-7.203574579923832655e-02
-7.129144499429623805e-02
-6.263226693136511591e-02
-5.767373949815506051e-02
-6.144067447578253904e-02
-5.221811666711913963e-02
-5.183886428791192186e-02
-3.911289065578775481e-02
-3.761646027605029113e-02
-2.900355617570648734e-02
-2.208263269315126343e-02
-3.146393951688598867e-02
-2.341979408921733563e-02
-3.293733221733104871e-02
-4.092552045349717726e-02
-4.730081548233394662e-02
-6.548412761501011536e-02
-6.080292728208642333e-02
-6.658899302502403750e-02
-5.911138204413718400e-02
-4.089515091229526528e-02
-2.449001683239996827e-02
-1.239306036603219502e-02
3.095085848692770598e-03
5.161388562773256208e-03
3.483662958892374574e-03
-3.527192213981766508e-03
-5.434718748159489063e-03
-7.340181274755217151e-03
-8.528953233335519885e-03
-5.941673526565368312e-03
1.228732368820096817e-03
7.566213096116685159e-04
1.561640452842880285e-02
1.845152206360249972e-02
1.648902892299005524e-02
1.992764299398788741e-02
1.980241401694905409e-02
1.221652647531342589e-02
1.262640643562130092e-02
6.599103689759458144e-03
-1.899260893779313938e-02
-2.657305470060975297e-02
-6.003854085610071945e-02
-7.577962629845312603e-02
-9.241760603579632360e-02
-1.075985456789445294e-01
-1.238560247142405230e-01
-1.341323523119796468e-01
-1.481331481540136275e-01
-1.624902663084502319e-01
-1.657551163761713797e-01
-1.706412368096308918e-01
-1.772595580293100104e-01
-1.694506913627283340e-01
-1.742091923833130329e-01
-1.768824792363263565e-01
-1.702340996615772095e-01
-1.822141050655771977e-01
-1.776259598047678356e-01
-1.692518236287085531e-01
-1.764576338218131479e-01
-1.581912296670955065e-01
-1.600229599352201992e-01
-1.656284566475920983e-01
-1.527556330437862264e-01
-1.634545574644052923e-01
-1.478448394175016778e-01
-1.297749787884579786e-01
-1.177880184297928068e-01
-7.387936962296316745e-02
-5.289411770012988900e-02
-9.176924095487053526e-03
9.748759823731285509e-03
3.220105294549709118e-02
4.262973031432928939e-02
4.330777955074546770e-02
5.553990765046296074e-02
4.731307934493565043e-02
4.673872956712461779e-02
4.340184793899044130e-02
1.837702968518928684e-02
3.893783548532937875e-03
-3.897947387952121947e-03
-2.566777654481422477e-02
-2.131976070647411889e-02
-3.680888018697721364e-02
-3.882416621665148865e-02
-4.913046843699219596e-02
-7.113324363507100845e-02
-7.255398116487890570e-02
-9.126916544012861343e-02
-9.312965574471522567e-02
-1.006543008976969050e-01
-1.076501844155854509e-01
-9.175266284311497933e-02
-9.572647202661543897e-02
-8.719733830844003664e-02
-7.756644826665294590e-02
-8.360237451249633023e-02
-7.116762516741367839e-02
-7.740434328357896632e-02
-7.257123430118075924e-02
-5.159173270094233321e-02
-4.559273000125662473e-02
-3.058831864039908768e-02
-2.949352306843077559e-02
-3.308373773174993343e-02
-3.081987361322244615e-02
-5.397519325450530342e-02
-7.673274703318215539e-02
-8.363122254228992636e-02
-9.248453795580326153e-02
-9.684190096306333206e-02
-8.639299069129854902e-02
-8.189774478937132673e-02
-7.302569047174936601e-02
-5.110777029673101851e-02
-3.469135057274098932e-02
-1.939840099792828482e-02
-1.020929077184895388e-02
2.923749350459193576e-03
5.061401971978399771e-03
3.595446459826127667e-03
8.690400162378522989e-03
5.794177139018611040e-03
2.633354262152464310e-03
1.578822066406856863e-04
-9.330420382779747862e-04
5.355022424287749980e-03
5.155663145711369619e-03
6.869524712992695382e-03
9.309352819673495649e-03
1.087313145582823916e-03
-1.037300009560618470e-03
-1.112507677303031274e-02
-2.830812531224638842e-02
-3.443656725850635647e-02
-5.473106260496044678e-02
-7.123770064322797191e-02
-7.487317645343384565e-02
-8.590054386215625892e-02
-9.934949703988329994e-02
-9.217105297829462918e-02
-9.190628315668425419e-02
-8.666999777854032805e-02
-7.234571955022359169e-02
-7.605464331737382677e-02
-6.095413152175711835e-02
-5.189672198230270428e-02
-4.920353529944946486e-02
-1.996104341203851565e-02
-1.815846859339282499e-02
-5.199426635712210351e-03
1.961878651767247177e-03
-8.914268765009632396e-04
1.564808118694868873e-04
-3.000520127844785332e-04
-7.972280850429468374e-04
-3.452505809255949389e-03
-3.180440362674907991e-03
-4.126790589766004018e-04
3.107039797482516463e-03
1.739386020592540360e-03
3.284976230815335376e-03
3.856719390319484405e-03
-5.810581531002449902e-03
-2.704699137372406931e-03
8.393483995909592835e-03
1.796748371708470349e-02
2.143370983436132526e-02
2.365501474750413696e-02
2.652481341312057719e-02
2.899541537770634891e-02
2.575351427861539977e-02
2.921737870978809506e-02
2.883400478591973889e-02
1.634622144874827571e-02
1.956795939671697113e-02
1.250098749930513356e-02
1.371076110997506391e-02
2.208136655264318626e-02
2.035197307061360067e-02
3.866645452151630524e-02
3.573463653489139524e-02
3.686032187734942372e-02
4.277486418832586457e-02
4.538421241741481815e-02
4.412282957927001620e-02
4.964322775187767628e-02
4.805169775463406789e-02
4.726641225606879881e-02
5.110370020893889587e-02
4.100622637451661889e-02
3.914321870749831039e-02
2.675369027320357446e-02
-9.273461226627695980e-03
-2.478164133409684403e-02
-5.699296597573795531e-02
-8.525043573127806529e-02
-8.748610735571225872e-02
-1.097204625816354390e-01
-1.031509842457628279e-01
-1.040778581294410782e-01
-1.074445353061695696e-01
-8.854916204396146018e-02
-8.972951658877495462e-02
-7.225415364400500362e-02
-5.950374270039447688e-02
-5.523198770079983111e-02
-2.850459558583738964e-02
-2.199788651275175894e-02
1.974285545774601396e-03
9.808358363487259049e-03
1.677456339988521103e-02
1.713940468319920946e-02
1.698378195600636076e-02
1.908393787596758540e-02
1.188043988308368736e-02
1.150815825687268382e-02
1.443083116587341209e-02
1.202840882365308582e-02
1.148774293883683163e-02
8.796675016706436909e-03
4.987710352397379740e-03
-8.475132092250318300e-03
-2.311880483519382357e-02
-3.144957875500248301e-02
-7.822297971996404475e-02
-8.206920557580740794e-02
-1.019860271527464196e-01
-1.144352459224270840e-01
-1.031368777890332850e-01
-1.116192342605964449e-01
-1.035871755841135805e-01
-9.549562952957867112e-02
-1.047897593868485078e-01
-9.832115912272275382e-02
-9.520793283931833217e-02
-9.650113867887430419e-02
-8.484496578489097995e-02
-5.754178183650372064e-02
-5.049060182608199054e-02
-2.956450750190752624e-02
-2.101317060405860290e-02
-1.375566979229172170e-02
-1.302943164540420508e-02
-1.394267477149675923e-02
-1.666413403942140770e-02
-1.817441731217436102e-02
-1.398902219565757721e-02
-1.518238002862899207e-02
-1.183125368929016305e-02
-9.987961149193423302e-03
-1.214737728847301718e-02
-1.796161308286791866e-02
-2.932773718593959314e-02
-4.616154459398452009e-02
-5.598302029620030873e-02
-5.829045483496121671e-02
-6.429811441430952068e-02
-5.028199934022085232e-02
-3.437240841638320582e-02
-3.690493718200775746e-03
1.143166086634996633e-03
2.084174628740370627e-02
2.428535033189534176e-02
2.224256295685345455e-02
3.310937599317012592e-02
2.350379544846700752e-02
2.066595839428100184e-02
2.349500599822677230e-03
-1.387091730223938280e-02
-3.368184151689464223e-02
-8.597022622656226576e-02
-1.006701755812847709e-01
-1.319305168130368577e-01
-1.515442128952613210e-01
-1.549657999864379743e-01
-1.641023468564357934e-01
-1.609812866295640132e-01
-1.609096077703588146e-01
-1.606813608449497999e-01
-1.568198648901047154e-01
-1.563964925825767072e-01
-1.538011131067717752e-01
-1.515268987063752848e-01
-1.495756969296643812e-01
-1.474339093429709868e-01
-1.451471665659442023e-01
-1.445210307290218377e-01
-1.417190040571598142e-01
-1.411454020404169507e-01
-1.393318034946258166e-01
-1.370385366587976994e-01
-1.366859274070705010e-01
-1.330329232194991385e-01
-1.316296203182756863e-01
-1.292632654031747874e-01
-1.243818766851321200e-01
-1.224447069574378932e-01
-1.232455059817452181e-01
-1.213424183972666992e-01
-1.230481575666787786e-01
-1.235066569586072971e-01
-1.242645087502907281e-01
-1.249918740557121183e-01
-1.257079066241236220e-01
-1.206059514013614886e-01
-1.177709856813543288e-01
-1.158445030397931702e-01
-1.082058840246073322e-01
-1.034379195015919239e-01
-9.925954167653247562e-02
-8.408910282422238369e-02
-7.755871504312418507e-02
-5.425312101113732854e-02
-2.635202047815411383e-02
-8.111111078708620192e-03
-5.223334626030709527e-03
7.381389752132681142e-03
6.014290872048713883e-03
7.829001036886164624e-03
1.087632329946076198e-02
1.036409629981555752e-02
1.261254241023833204e-02
1.312129377882871421e-02
1.455332741461594880e-02
1.519728628477521638e-02
1.365732923482250970e-02
1.341585917143398206e-02
1.364293588142532002e-02
1.040514941685981819e-02
9.942931917897329663e-03
9.475035530594796973e-03
-2.070962540022376565e-04
-7.655980482362226714e-04
-4.163702315527578052e-03
-7.275439222533152360e-03
-7.749209531623125688e-03
-9.558327014324137505e-03
-1.032808776117752694e-02
-1.079997549622259238e-02
-1.151996968226474787e-02
-1.176583952068560070e-02
-1.213062092688435047e-02
-1.246250399011496549e-02
-1.262181113429737545e-02
-1.308833123357360829e-02
-1.330861260245603216e-02
-1.367073983317103510e-02
-1.467190705904217012e-02
-1.462836045136069706e-02
-1.630239089149013165e-02
-1.793006476372408300e-02
-1.744984043095898149e-02
-2.331854064464333395e-02
-2.212888208074428181e-02
-2.241264013482089507e-02
-2.072967482679323806e-02
-1.193829711625933772e-02
-1.121930606208945344e-02
-3.729035487984944022e-03
4.845685863547549189e-03
6.333668417690660468e-03
2.149823239085557960e-02
2.234391708593541290e-02
2.355064663842124095e-02
2.748333506453611713e-02
2.817333159213273805e-02
2.929905945811399695e-02
2.734002937734921965e-02
2.683701216580966845e-02
2.647163999125376824e-02
2.569309260651356230e-02
2.585929393693004591e-02
2.568718259248695818e-02
2.550700245572628741e-02
2.632511236322352885e-02
2.625708170640663267e-02
2.655598590162705844e-02
2.686624409661650739e-02
2.686602301386701447e-02
2.703106261728379159e-02
2.709206097990862760e-02
2.711712007029947261e-02
2.717124433181840673e-02
2.718345348083086796e-02
2.719990053560772392e-02
2.721404707954908075e-02
2.721839024372428237e-02
2.722508160006508610e-02
2.722810570745159628e-02
2.723063174932169317e-02
2.723168057797876324e-02
2.723199373876321674e-02
2.723451237819842982e-02
2.722889712254131234e-02
2.723297259861154340e-02
2.723213528962082144e-02
2.721254722324684475e-02
2.724176087259505899e-02
2.720080684821057568e-02
2.718110116402346066e-02
2.727345860970696242e-02
2.704659603137644225e-02
2.720846704088562829e-02
2.721683122321242460e-02
2.673579552968845946e-02
2.720412389164953912e-02
2.634159500798860520e-02
2.608220547974980652e-02
