1.351087921511926089e-02
1.304648468058582089e-02
1.879022088437448668e-02
1.911449602844147305e-02
2.090140679420281894e-02
2.091067208479460010e-02
2.165894255994912573e-02
2.111103531235571790e-02
2.117716987644658114e-02
2.120459472025874523e-02
2.101133225144588210e-02
2.106755025918585766e-02
2.102415936326698306e-02
2.098673975682936385e-02
2.099277330519724524e-02
2.098512457264638253e-02
2.095058581514470594e-02
2.094510820061327994e-02
2.092116209995814602e-02
2.084145478774497226e-02
2.045726530669496682e-02
2.037761168285616778e-02
2.069376114259584634e-02
2.065116740762701700e-02
2.067295957288174321e-02
2.090864109147599556e-02
2.067566161094748500e-02
2.084190685121678835e-02
2.130079594670555507e-02
2.023767122761802387e-02
2.282394839206539766e-02
2.358718885467918358e-02
1.537071540808097186e-02
1.631757819205151283e-02
1.931455692711008323e-02
1.631637212256854819e-02
1.831151706282984140e-02
1.628921216573184921e-02
1.355756143916676815e-02
1.234084163664634325e-02
1.096682325668789024e-02
1.226010251861916860e-02
1.206422791094328116e-02
1.241018842373690402e-02
1.286288883081694416e-02
1.182877617124115238e-02
1.299284120876683518e-02
1.174816810932227500e-02
1.125911115377627864e-02
1.497870280178520246e-02
1.776073197180307733e-02
1.732682402548226322e-02
2.468423699875295016e-02
2.295365694186685818e-02
1.832760999560944376e-02
2.205534073747403290e-02
8.200554440102885215e-03
1.286927155408046190e-02
6.197490174515910347e-03
-2.455338122274695542e-02
-3.018540043817482393e-02
-4.198948895882041038e-02
-4.983566643099184706e-02
-4.702727453836302862e-02
-4.380198718911907513e-02
-4.068550860686610121e-02
-3.990885181607342624e-02
-4.270423105153579174e-02
-5.212132856546877746e-02
-5.759607115023390039e-02
-7.173417916756656687e-02
-8.106497607735725641e-02
-8.444955378166421611e-02
-9.622476152405234906e-02
-1.002507139697038779e-01
-1.067608105065226687e-01
-1.140990572132038194e-01
-1.179669360457457072e-01
-1.228589079196473616e-01
-1.279671698680640568e-01
-1.288654854951112316e-01
-1.345965279742447618e-01
-1.383919966907500854e-01
-1.414782768602072249e-01
-1.452782211380629351e-01
-1.416230485417882545e-01
-1.436832714003901390e-01
-1.371034461828617712e-01
-1.245623559061405372e-01
-1.152580070773668863e-01
-9.684935815862827369e-02
-8.829511426651975858e-02
-6.992050873485523843e-02
-6.271878565524392768e-02
-5.322810511242711401e-02
-4.667013334085916981e-02
-4.129156097610590936e-02
-2.276524875556152835e-02
-1.708156653669691896e-02
-6.698873733563796666e-03
-8.669730210727869023e-04
6.879038812373598592e-03
9.082433747193328910e-03
8.111426818753594142e-03
1.087364128287852776e-02
1.167346959621296150e-02
8.676901129158500620e-03
1.081057061379656938e-02
2.216149837073630620e-03
-1.699479159120412600e-02
-2.633888320530653263e-02
-3.688300074159388264e-02
-4.009094830063256176e-02
-4.514593385771460687e-02
-4.514637397086464221e-02
-4.038280238105572406e-02
-3.678346012768564377e-02
-2.322707027056722037e-02
-1.398300576911051286e-02
-2.354558966433419921e-03
3.358261520226461707e-03
6.747580998490518116e-03
7.308767424467907739e-03
9.718332323191374369e-03
1.120055411104918519e-02
1.146844381165213964e-02
2.030018181297212065e-02
2.449850349661158652e-02
2.705790173489439759e-02
3.927660537797851570e-02
3.652821990277320408e-02
3.051270449705489191e-02
3.423670315680096138e-02
1.119254846873774314e-02
1.439848115128285026e-03
-1.693886941421349560e-02
-5.638055753565991007e-02
-6.246240143852140048e-02
-7.605610243009276739e-02
-7.913604661584815181e-02
-8.444628210142869629e-02
-8.713156805152148798e-02
-8.775508483887972666e-02
-9.615098522380462198e-02
-9.563937621835727487e-02
-1.031284807825358085e-01
-1.091247760695657348e-01
-1.094796314028443074e-01
-1.203449203050554056e-01
-1.194664949848860958e-01
-1.129192160474406931e-01
-1.145016254981048032e-01
-9.903897977193991398e-02
-8.915664891013180826e-02
-7.866373491915876204e-02
-6.578041706780327069e-02
-5.008034409421088795e-02
-4.143896575753915068e-02
-2.922282110939491279e-02
-1.526246050882941463e-02
-1.030426695660685218e-02
7.151837188083660056e-03
9.849658546267242229e-03
1.006271614683100675e-02
1.588604585310025158e-02
1.665114168755470192e-02
1.726856361477827062e-02
2.122139252848019228e-02
1.936872174103364264e-02
2.135277639181150725e-02
2.156418101268079215e-02
2.098533701934513981e-02
2.233763725610511328e-02
2.232276225270242789e-02
2.133901628673551612e-02
2.400000009830840705e-02
2.267855317597565826e-02
1.442851098145558203e-02
1.435590427469852527e-02
1.323849767630900717e-02
1.073295466042264480e-02
9.954920913628732479e-03
9.788796483031320453e-03
9.353074857475935158e-03
1.006689720675019856e-02
9.497099501225301013e-03
9.532946716580290372e-03
1.072373515203447862e-02
1.121005736189238482e-02
1.351368582393354216e-02
1.825045980492031109e-02
1.645596131843140089e-02
1.850784144231423095e-02
1.250734428714449058e-02
-8.604234496604565297e-03
-2.850280616391499475e-02
-5.863842016353712494e-02
-9.811008447900737561e-02
-1.012688312845729660e-01
-1.194773977193420433e-01
-1.294925143674587886e-01
-1.276789791977549215e-01
-1.376309449262032025e-01
-1.317460513713394066e-01
-1.306073012236396991e-01
-1.315705301584296494e-01
-1.223883081377055010e-01
-1.236685536182949297e-01
-1.182231888051698820e-01
-1.151992492369910831e-01
-1.156664302688754781e-01
-1.107177297226166340e-01
-1.108678476605736707e-01
-1.092896564895444733e-01
-1.061537175129535215e-01
-1.065893767768357064e-01
-1.036209215531646299e-01
-1.012936381188639101e-01
-1.003573835442347628e-01
-9.496938263519015544e-02
-9.039561067355730839e-02
-8.450628392451096926e-02
-7.389810010548755748e-02
-6.591509566661007957e-02
-5.870634853659219277e-02
-3.700416893060631818e-02
-2.736243485549890581e-02
-7.982828958434285901e-03
1.037567944273727269e-02
1.577344202653844368e-02
2.118478015462560773e-02
2.110254849589260351e-02
2.014305822787760755e-02
1.952122953902811486e-02
1.956685534116113859e-02
2.090045393232345047e-02
2.162613169632229132e-02
2.576313845302710681e-02
2.371480011611157290e-02
1.842898819978810998e-02
1.074591262954212312e-02
8.061733615949770318e-04
-5.050248798883512748e-04
-6.411105102798780181e-03
1.084275160606222414e-02
1.351870885715283736e-02
1.362066074724196767e-02
1.845529308126988427e-02
2.262177150869191730e-02
2.373413358504724430e-02
2.595889530671003156e-02
2.753800950648625442e-02
2.865429575923451530e-02
2.877763284994456008e-02
3.020876127531491040e-02
3.033124675124078753e-02
2.753105552843664039e-02
2.730502571576431947e-02
2.614330964765774340e-02
2.398216263002954374e-02
2.459185597256469472e-02
2.160782646793516643e-02
1.888483508363312385e-02
2.132553012842989051e-02
9.170163635242535929e-03
1.026463829852433153e-02
6.289081172201517120e-03
-2.836612764395372160e-02
-3.067560521540720411e-02
-5.496769253529940058e-02
-6.072781342103299868e-02
-5.539018048906899777e-02
-5.811975435578647931e-02
-6.106518899782388543e-02
-5.497044443634568900e-02
-5.966869536515141681e-02
-5.976868420312242414e-02
-5.305131496492013210e-02
-4.916840873405947665e-02
-4.500805841728643120e-02
-4.119385954415558104e-02
-3.960963911262632697e-02
-3.712361759262799293e-02
-3.512213891531356519e-02
-3.396754904905239375e-02
-3.188011022366154384e-02
-2.934180158897235421e-02
-2.951897345164208875e-02
-2.227553781622208448e-02
-1.762833299931391984e-02
-2.125311402841489200e-02
-8.921450850972617932e-03
-1.362839010665092138e-02
-2.465945945934905348e-02
-2.599203344220203660e-02
-4.563364808029734404e-02
-5.373072704859252480e-02
-6.100889431712142735e-02
-7.612114259565873342e-02
-7.671386192067691789e-02
-8.357861747670969343e-02
-8.735570375624404638e-02
-8.534732299871278238e-02
-8.939923632246671303e-02
-8.226744593110545123e-02
-7.713158456191286649e-02
-7.321574663537416816e-02
-5.821095328981960859e-02
-5.278768479657563323e-02
-4.001797564612880748e-02
-1.965678712429533639e-02
-9.913498547011121917e-03
6.980513814866586356e-03
1.837414637283463908e-02
2.122603124523347873e-02
2.749438130205969846e-02
2.024365651050270484e-02
1.261673463463238408e-02
1.497093447141974697e-02
1.943195991831760117e-02
1.857508417373793935e-02
1.676153524994720631e-02
1.692874615666707314e-02
1.536355445583958805e-02
8.368255201437352700e-03
7.807335132031841506e-03
3.897975621523361561e-03
-1.662573522747737276e-04
-3.730787958810316465e-03
-1.099795747204189954e-02
-1.037117977533305070e-02
-1.044576421698587866e-02
-2.341931224246317916e-02
-2.453628259551741617e-02
-2.963136442616648089e-02
-3.189449083814362151e-02
-3.296473846294984550e-02
-3.332740968932569603e-02
-3.309833539102205457e-02
-3.111851804943618557e-02
-2.403409042185359820e-02
-2.365068956220621466e-02
-1.931830056803937601e-02
-2.110246198909494428e-02
-2.157828712781475339e-02
-2.222440122902140380e-02
-2.631788406065619160e-02
-2.545379302132838931e-02
-3.183277219080785092e-02
-3.289946859817719643e-02
-3.495496214291852338e-02
-4.600477811770284364e-02
-4.195713176985894910e-02
-5.664406104809101283e-02
-5.748621524782906306e-02
-5.031182822024369422e-02
-6.123392446130004191e-02
-5.524749845681919264e-02
-6.133191848603043034e-02
-7.377415136529624773e-02
-6.827357406714168464e-02
-7.506439651380600320e-02
-7.865128231423816618e-02
-7.555578424475253851e-02
-8.145796663175894348e-02
-7.495148261959265479e-02
-6.994391259530646776e-02
-7.052567072564507045e-02
-5.611578795195239916e-02
-4.877287557767243792e-02
-4.120866936300111166e-02
-1.856626207954844773e-02
-1.010757895928893375e-02
-4.595749305926257952e-03
3.782771971638102752e-03
4.375423581823498914e-03
7.951659083124009222e-03
1.263109122200716233e-03
-5.613089397235524998e-04
-1.241276113663094920e-02
-4.025152399965326033e-02
-5.241685196369796212e-02
-7.183354180762675789e-02
-1.111689332388424434e-01
-1.163082513048322442e-01
-1.418622515439282028e-01
-1.511934094103641602e-01
-1.508489861108356922e-01
-1.569930355680395906e-01
-1.564798747040627991e-01
-1.574000313972858112e-01
-1.589234221513906031e-01
-1.575439314119144452e-01
-1.592202824103146619e-01
-1.573183964810403734e-01
-1.573987169641059003e-01
-1.560452143362305033e-01
-1.515713991916574910e-01
-1.494004399756389267e-01
-1.427822046978018400e-01
-1.380551513894600901e-01
-1.328640873602667249e-01
-1.245252305044259739e-01
-1.176835936196071186e-01
-1.083658513130735940e-01
-1.036933601529486937e-01
-9.745705931481234152e-02
-8.339696127992758667e-02
-5.852293283091960369e-02
-2.685590188482974913e-02
-1.762696385215998390e-02
-1.435528344970786983e-02
-3.954691308829250129e-03
-3.340045701032199991e-03
-4.240762772784262280e-03
-7.865565049656593434e-04
-2.031223469433364980e-03
-7.683806413680054027e-04
-2.782945257150885973e-04
-1.717611634048418876e-05
1.787813526194207856e-03
7.269248517167664451e-04
4.481907100790664261e-03
5.021132430900586245e-03
4.869288827838647721e-03
1.583600679771685407e-02
1.423081694089580775e-02
2.112631481093716831e-02
1.914168764384067620e-02
1.895927628958089112e-02
1.901808711647962752e-02
4.992071484505339329e-03
5.710427583616129940e-03
-3.952703532671218885e-03
-4.389799061447222962e-03
-5.971326155541957677e-03
-5.017743830721652781e-03
-1.096382608182988258e-04
-1.277926297931045044e-03
1.271385757653498844e-02
1.241356442980866108e-02
1.457015352079881788e-02
1.871802311100235691e-02
1.817858912554227296e-02
1.943251305631453832e-02
2.050619251581316943e-02
1.993250182282636090e-02
1.989953953316220270e-02
2.136233763126057020e-02
1.845276431989713306e-02
2.076844361814877971e-02
2.420379392798904447e-02
2.439073778405385570e-02
3.419601012605531093e-02
3.205532976268837819e-02
2.853230522774530264e-02
3.109702554110306549e-02
1.996645417942420273e-02
1.916997765471603610e-02
1.762719385410516093e-02
1.375914728527091561e-02
1.414189711381453815e-02
1.266800750707075020e-02
1.240984872335967014e-02
1.262017061920876065e-02
1.252462160309187819e-02
1.429830540769974796e-02
1.411452474030689026e-02
1.705369549299543680e-02
2.018633805369384610e-02
1.953261848658649838e-02
2.941920633283130748e-02
2.815262752541390287e-02
2.982835459952310614e-02
3.214694631391337015e-02
2.842081583106095127e-02
3.016458550477935444e-02
2.659470541065009005e-02
2.707326421488600102e-02
2.817904889122673645e-02
2.696032650187461799e-02
2.777913822298787305e-02
2.767394664537773177e-02
2.600884798336179637e-02
2.609112234543494932e-02
2.570749869885380345e-02
2.541482050951815452e-02
2.517591859867236367e-02
2.508437266844316949e-02
2.501839262909607078e-02
2.497393366481881830e-02
2.494940211165665167e-02
2.493075718722508050e-02
2.491840538224182264e-02
2.491032682168124734e-02
2.490440897597644490e-02
2.490058530689862396e-02
2.489798564893763028e-02
2.489652037454184730e-02
2.489549342194754405e-02
2.489537818685104431e-02
2.489621325714611380e-02
2.489622063374101815e-02
2.489963919702146630e-02
2.490219697591614101e-02
2.490403107827426910e-02
2.491800906977422250e-02
2.491813053848583592e-02
2.493476882099177061e-02
2.497359177933678939e-02
2.495468819340321276e-02
2.505414615640385104e-02
2.511549591640112322e-02
2.505641230564379512e-02
2.545222674365892404e-02
2.552413824759806188e-02
2.510930833190746017e-02
2.656691742369673287e-02
2.680196000476696774e-02
