1.333270681515097943e-02
1.287832117927443197e-02
1.869520288742201886e-02
1.900508322157981947e-02
2.084062176158209961e-02
2.087902180917033598e-02
2.163323915573149223e-02
2.109348408603223257e-02
2.116075997181910903e-02
2.118852368019953636e-02
2.099550300520354462e-02
2.105173825495717382e-02
2.100829769392530827e-02
2.097085380283848083e-02
2.097685476857450576e-02
2.096903764743538595e-02
2.093463265741683094e-02
2.092818318656710502e-02
2.090295674595536723e-02
2.082411841875547384e-02
2.043107539619858082e-02
2.035194952342291377e-02
2.066596466719231029e-02
2.062219875948039655e-02
2.064399353539366280e-02
2.088032654254123877e-02
2.064660072329554258e-02
2.081505894551586439e-02
2.127900334108138308e-02
2.021237888139662542e-02
2.282140924670730125e-02
2.358628412308626937e-02
1.539217071227729286e-02
1.634267944939330960e-02
1.932615619773924570e-02
1.632492200890398037e-02
1.833762806879702875e-02
1.631628935480779891e-02
1.358981742146363018e-02
1.237800776795392431e-02
1.100287937226429591e-02
1.229349522543029052e-02
1.209517393877180581e-02
1.244039498102991401e-02
1.289382600280288178e-02
1.185934962879785746e-02
1.302438036638027888e-02
1.178730510136332017e-02
1.129918558092961323e-02
1.501668930914423945e-02
1.779662513467237389e-02
1.735776947605212339e-02
2.470836134125694444e-02
2.297233492982894004e-02
1.834536395188607685e-02
2.207620510027928293e-02
8.213507021353663728e-03
1.284497399126086417e-02
6.174319363004604835e-03
-2.452677933729405929e-02
-3.014423401948958595e-02
-4.193677992287746931e-02
-4.977597380662394239e-02
-4.698354656897081594e-02
-4.379144165891845492e-02
-4.071293688044970438e-02
-3.995312847030226683e-02
-4.275593794777794721e-02
-5.216895235053235769e-02
-5.763830505755414280e-02
-7.174986998883670086e-02
-8.107054531137197761e-02
-8.445860116361016134e-02
-9.622006769823267247e-02
-1.002521218051448809e-01
-1.067565363327944439e-01
-1.140991800935671069e-01
-1.179641680124527275e-01
-1.228689635103659694e-01
-1.279843179208447757e-01
-1.288910275264283645e-01
-1.346270794977902641e-01
-1.384093693037110051e-01
-1.414870982843781100e-01
-1.452812420379188119e-01
-1.416215797801770593e-01
-1.436642863119701186e-01
-1.370830409495006619e-01
-1.245637121679971510e-01
-1.152662101445631748e-01
-9.687434513322752683e-02
-8.832115404398155345e-02
-6.996403683904049708e-02
-6.274447785224242236e-02
-5.323573840744943303e-02
-4.665255278103453557e-02
-4.126608438248098587e-02
-2.275921405026130884e-02
-1.708008114114578993e-02
-6.697293900842496948e-03
-8.678261905889037443e-04
6.866885003346984671e-03
9.091962379198667565e-03
8.127487476980464753e-03
1.087399836466549675e-02
1.166816258222061996e-02
8.660639308141227302e-03
1.078737053686470646e-02
2.195009968967506862e-03
-1.697682170578343475e-02
-2.630791909978790963e-02
-3.684827408350186545e-02
-4.005157721580981239e-02
-4.509813093397913031e-02
-4.510239751263834390e-02
-4.034239620346331129e-02
-3.675237478441416988e-02
-2.321612001290899313e-02
-1.397963380073304930e-02
-2.353681064934262657e-03
3.362500732827408169e-03
6.720664104304274744e-03
7.290544949777550375e-03
9.703942729527655423e-03
1.119704050837910456e-02
1.146619367397048485e-02
2.031314625032709306e-02
2.450355276619051864e-02
2.704896168112942353e-02
3.927703127961554297e-02
3.652617320266306894e-02
3.051538270759486526e-02
3.423392124531072361e-02
1.119427117126517955e-02
1.422588999903065315e-03
-1.694697108311217851e-02
-5.634486113966586524e-02
-6.242562812228982794e-02
-7.602141290411651431e-02
-7.912022931540800552e-02
-8.443695651826364779e-02
-8.715590845653127527e-02
-8.778489687294002697e-02
-9.618054189301256107e-02
-9.568168181480195267e-02
-1.031479530516589277e-01
-1.091388769018470650e-01
-1.094810311936353781e-01
-1.203127615776204973e-01
-1.194335295291676091e-01
-1.129000543340885204e-01
-1.144767653359676229e-01
-9.905192795859280031e-02
-8.918359048669094458e-02
-7.867428267706480516e-02
-6.578836979460964129e-02
-5.009328118821781972e-02
-4.143714498173465405e-02
-2.921480099875979272e-02
-1.525043286748452125e-02
-1.029296503622318011e-02
7.121573598143163437e-03
9.824747368210123843e-03
1.005056394358922085e-02
1.587779193686195134e-02
1.664196617674140039e-02
1.726240129190773423e-02
2.124883987545739261e-02
1.939830540946445997e-02
2.138626403060598508e-02
2.160150807865289513e-02
2.102153089300366068e-02
2.237448897695459848e-02
2.236163482853269560e-02
2.137235675748179811e-02
2.403115033720456400e-02
2.271166582655885849e-02
1.446828228474318287e-02
1.439583114962871349e-02
1.326935305159761269e-02
1.076357688786137336e-02
9.957792145398601177e-03
9.789927469990028150e-03
9.350919914890870599e-03
1.006046563676173643e-02
9.491837722805280403e-03
9.527616019220710997e-03
1.070497565679390424e-02
1.119464208312394640e-02
1.348460920464718445e-02
1.823988986565317633e-02
1.642479045172745566e-02
1.847068391204083337e-02
1.246856351683607242e-02
-8.676646112077532683e-03
-2.856134402447380038e-02
-5.864478493951238991e-02
-9.806329240707387096e-02
-1.012394423250954911e-01
-1.194583007907753375e-01
-1.294674244308485489e-01
-1.276677431459259382e-01
-1.376013049773265606e-01
-1.317280305056190426e-01
-1.305961503138221291e-01
-1.315589817846240794e-01
-1.223997178355275828e-01
-1.236783827094977001e-01
-1.182473959185676854e-01
-1.152215469785842356e-01
-1.156896788665606746e-01
-1.107426533971317267e-01
-1.108849360373811571e-01
-1.093065136961541978e-01
-1.061660425023064347e-01
-1.065949115146746923e-01
-1.036262890336897696e-01
-1.012942636773035560e-01
-1.003531704301988819e-01
-9.496824482412749568e-02
-9.038848219562388431e-02
-8.449434136407804607e-02
-7.388882108670608018e-02
-6.589867755815581596e-02
-5.868082661074931761e-02
-3.701298891234244132e-02
-2.736868832059797738e-02
-7.986054983573451227e-03
1.035037353219994856e-02
1.575269089028891872e-02
2.113939809848671206e-02
2.107135671579801056e-02
2.012295024417699515e-02
1.950921324766690182e-02
1.955894936987155608e-02
2.090998304016989176e-02
2.162471546744503328e-02
2.576174209856951086e-02
2.370788038529825573e-02
1.843810679805390346e-02
1.077158195482700274e-02
8.675534163498419384e-04
-4.322459348505455464e-04
-6.343577715640213305e-03
1.087158387704716643e-02
1.354002868320171478e-02
1.365018318809179884e-02
1.849167385805587649e-02
2.263663508346892492e-02
2.375211164383777759e-02
2.597765774229956678e-02
2.755526168118882166e-02
2.867288016735289324e-02
2.879569055339795125e-02
3.022098140285216575e-02
3.034388703911786514e-02
2.753460058960527715e-02
2.731109044472952024e-02
2.614874586703137826e-02
2.398425181074743603e-02
2.459458516772248735e-02
2.160744181183309881e-02
1.887759700166653440e-02
2.131392015004679452e-02
9.154250941548400938e-03
1.022117771628580293e-02
6.238517193185575890e-03
-2.835227359892234303e-02
-3.064365881191487978e-02
-5.489283306798501544e-02
-6.066683179800624881e-02
-5.535324053743478218e-02
-5.810273645951801597e-02
-6.103751777190179889e-02
-5.496569244603339427e-02
-5.966163853927392707e-02
-5.973637322393449134e-02
-5.304129390504867814e-02
-4.916979012420785722e-02
-4.500721652261474581e-02
-4.119827628276302722e-02
-3.961201035754701588e-02
-3.712541783182132099e-02
-3.512001025140816524e-02
-3.396492362367597995e-02
-3.187344751381502445e-02
-2.932455374670590864e-02
-2.949979779587589071e-02
-2.226415809756420242e-02
-1.761533760377380700e-02
-2.124591640952587859e-02
-8.942441899981827536e-03
-1.365160578930411407e-02
-2.467546078830595846e-02
-2.600980622525025238e-02
-4.563369484913914337e-02
-5.373736592626897346e-02
-6.100873445815466201e-02
-7.610902987097012407e-02
-7.669754432626114948e-02
-8.356285322231711554e-02
-8.733906526425332106e-02
-8.532347095957419636e-02
-8.937345914263379598e-02
-8.224979659097937656e-02
-7.710560856237264060e-02
-7.319387953711516126e-02
-5.819450930514886988e-02
-5.276437861210389602e-02
-4.000087623276533944e-02
-1.966335583116821106e-02
-9.926200476815378454e-03
6.964479488393614595e-03
1.835436010058684453e-02
2.121619106198255333e-02
2.750578659038091858e-02
2.028443678765765729e-02
1.267474826391407246e-02
1.501671485064828143e-02
1.944912467996436425e-02
1.855422760475528704e-02
1.674371838500153531e-02
1.690221097265072123e-02
1.534048704114781940e-02
8.340918102352505928e-03
7.778355562786326040e-03
3.906461327598506443e-03
-1.571728740191583637e-04
-3.701953314173359218e-03
-1.096147736119640337e-02
-1.035447848554078842e-02
-1.044229509794277616e-02
-2.340136548452949328e-02
-2.451440883613011448e-02
-2.961260148966094949e-02
-3.187587341850865730e-02
-3.294243526357042151e-02
-3.330101686875557715e-02
-3.307092320646701916e-02
-3.109382848199947202e-02
-2.402802081803256246e-02
-2.364804970163367562e-02
-1.932224957298296630e-02
-2.110606286703860593e-02
-2.157441012191890772e-02
-2.221955194096422032e-02
-2.631091729717641853e-02
-2.544317905948706438e-02
-3.182191392635327909e-02
-3.289257582316817280e-02
-3.495219515533788679e-02
-4.600066767845076288e-02
-4.195293015413733423e-02
-5.660739994142139492e-02
-5.745945381745860142e-02
-5.031708599286744549e-02
-6.124719270250900127e-02
-5.527527636250260251e-02
-6.134938026127728650e-02
-7.377001385999815142e-02
-6.827350568430239075e-02
-7.507331207856056399e-02
-7.865078175324641263e-02
-7.554909080402302801e-02
-8.145035492121628640e-02
-7.494866446868930776e-02
-6.994277899805462217e-02
-7.051771559746700113e-02
-5.610652953471391424e-02
-4.875037933762351589e-02
-4.118595549282145357e-02
-1.857024364663624472e-02
-1.012252167469162613e-02
-4.600579752792654208e-03
3.777801618421902565e-03
4.361753034070684105e-03
7.938038752934631001e-03
1.247120605550700728e-03
-6.052999133419183784e-04
-1.244077280105564294e-02
-4.025947679624884007e-02
-5.245676551925448905e-02
-7.187955184602679015e-02
-1.111785561291331603e-01
-1.163104577598704364e-01
-1.418525656491355369e-01
-1.511875079545667300e-01
-1.508384504380094193e-01
-1.570026459505015071e-01
-1.564887188111633853e-01
-1.574138495580505170e-01
-1.589460785079548910e-01
-1.575610123799097151e-01
-1.592363328607822037e-01
-1.573330093260426610e-01
-1.574044509552336157e-01
-1.560519768220027803e-01
-1.515779387516322796e-01
-1.494109256874845415e-01
-1.428071334994935326e-01
-1.380804024436459165e-01
-1.329138578607578225e-01
-1.245774543054036232e-01
-1.177342780080476575e-01
-1.084136896946366752e-01
-1.037045946355317633e-01
-9.743905344658580769e-02
-8.337015479594044043e-02
-5.852686826928236996e-02
-2.690067003612080579e-02
-1.766110588731586648e-02
-1.436277571876823540e-02
-3.953565387360758951e-03
-3.332824667988430051e-03
-4.220342570288674981e-03
-7.621700836002551389e-04
-2.006903525705666918e-03
-7.412756457330515634e-04
-2.506267756670384076e-04
1.085440329889531520e-05
1.818660273709268079e-03
7.575789033593613442e-04
4.515712029461773150e-03
5.059944403477904112e-03
4.911028838844374612e-03
1.586660434435563025e-02
1.425705017257665463e-02
2.115212150865325436e-02
1.916503854184680583e-02
1.897653818903330403e-02
1.903686408263841404e-02
5.019090042143037680e-03
5.740521541069331865e-03
-3.919385051474681345e-03
-4.353743937914798974e-03
-5.934290277907692569e-03
-4.985320657934536395e-03
-7.869529416991754222e-05
-1.248097314742563704e-03
1.268986527407461873e-02
1.239162972005647401e-02
1.454762801355799148e-02
1.869271829064407878e-02
1.815434803858354332e-02
1.940966370710948963e-02
2.048436020311699898e-02
1.991178621658176717e-02
1.988072635195595877e-02
2.134710856006746468e-02
1.844825497485296298e-02
2.076751086183753481e-02
2.421931891206696025e-02
2.439258987990337857e-02
3.419694927528352940e-02
3.205862781260063188e-02
2.854307359515701609e-02
3.111099518898488223e-02
1.999309713350216899e-02
1.920104907802182639e-02
1.765590993875839482e-02
1.378618030891813617e-02
1.416932197486259204e-02
1.269335520900054075e-02
1.243502586494377518e-02
1.264561539356119646e-02
1.254980192982238334e-02
1.432533604522412060e-02
1.414163049364608633e-02
1.708080733244536631e-02
2.021247466892183570e-02
1.955849471562545738e-02
2.942137236822658236e-02
2.815544457609267526e-02
2.983316163979722255e-02
3.215070856810090666e-02
2.842903748359589672e-02
3.017650670851381584e-02
2.659852557027137659e-02
2.707452078124168021e-02
2.817611037638330027e-02
2.695457623938630337e-02
2.777072584646794393e-02
2.766553452519293285e-02
2.599362812227105912e-02
2.607687835420980510e-02
2.569183191874792327e-02
2.539837070441657713e-02
2.515782927663999177e-02
2.506586416404531573e-02
2.499946009810231212e-02
2.495473166291678480e-02
2.493013442995373544e-02
2.491142689182908668e-02
2.489904748817355767e-02
2.489095617558553450e-02
2.488502830112327563e-02
2.488119915366492074e-02
2.487859584226560783e-02
2.487712848738881516e-02
2.487610011661502488e-02
2.487598471890008558e-02
2.487682095038793936e-02
2.487682832318137763e-02
2.488025161061099139e-02
2.488281311395335385e-02
2.488464915023123891e-02
2.489864722662739338e-02
2.489877185867036061e-02
2.491541756796518056e-02
2.495432750355204912e-02
2.493540097266493463e-02
2.503475892790704704e-02
2.509684042160984299e-02
2.503682577610339896e-02
2.543156210867843214e-02
2.550901958865440036e-02
2.508191129135534797e-02
2.654288745934546209e-02
2.678506595463835127e-02
