2.337445476563875246e-01
2.423198837504804137e-01
3.820287199287402125e-01
4.057958875192423376e-01
3.948601920867555459e-01
4.226492437766515842e-01
4.093440094947134456e-01
4.136508609945806492e-01
4.180934428509479606e-01
4.135279860567273036e-01
4.171764756614962932e-01
4.166077160485351372e-01
4.161283158766022616e-01
4.173195150704572809e-01
4.167132812293983801e-01
4.169999186632804000e-01
4.171751541732002244e-01
4.170031326828256280e-01
4.171882137316040851e-01
4.171607439915882010e-01
4.171666512029383322e-01
4.172263066837166301e-01
4.172171316514047268e-01
4.172638167833776501e-01
4.172793568403216358e-01
4.173390546339545981e-01
4.173943926922192849e-01
4.174346685431470361e-01
4.176387367950302743e-01
4.176634925708220258e-01
4.179278645019942617e-01
4.183639455274374419e-01
4.183042674105785230e-01
4.194253333276991014e-01
4.195667065308195109e-01
4.185626723255656545e-01
4.145978668619967333e-01
4.107004641945772305e-01
4.066421614374369775e-01
3.977476596513488394e-01
4.030924098702274860e-01
3.802930251891266655e-01
3.750479936201078224e-01
3.796040961972548256e-01
3.551342707035256563e-01
3.752449023310515663e-01
4.098914531747598344e-01
4.116790170304026608e-01
4.347771272980631707e-01
4.073841341448962150e-01
3.404939434613385996e-01
2.682721490823300470e-01
-1.000911744843932180e-02
-1.306572963926466435e-01
-9.936573548911570297e-02
-1.370827849346904492e-01
-9.101425056127201985e-02
-1.247035122811981367e-01
-1.637429044014360735e-01
-1.625338143933073576e-01
-2.446201484657302416e-01
-3.864169947582681286e-01
-5.345435184358603431e-01
-5.836964950107453864e-01
-6.830207677731501281e-01
-7.165856177670736349e-01
-7.683433478727609289e-01
-8.289626385770902939e-01
-8.448886520528129385e-01
-9.039679132014268870e-01
-9.278199099989711263e-01
-9.472387192556098734e-01
-9.820557390305738599e-01
-9.811086019383259416e-01
-9.977736364472634678e-01
-1.012586057253948457e+00
-1.000503656938228847e+00
-1.014711775843027297e+00
-1.004194472905778346e+00
-9.760149416091253860e-01
-9.658401126957482097e-01
-8.550305998100905525e-01
-7.701164263923241382e-01
-6.455721145773446468e-01
-4.186074987303526340e-01
-2.270004892910555683e-01
2.796002198674973557e-02
2.159494235072521306e-01
3.361315057429622444e-01
3.647352399036254411e-01
3.874440278860523668e-01
3.890248741231875917e-01
3.140400701892287483e-01
2.583997403301281359e-01
-1.450462549452361145e-02
-1.324722406226440385e-01
-8.310671876657911572e-02
-1.419844095879447821e-01
-8.554139532429946846e-02
-1.399560772369876360e-01
-2.284891729335939703e-01
-2.712524560292727260e-01
-3.448959363444065729e-01
-2.917166058035903231e-01
-2.950749855803379007e-01
-2.835521015698522218e-01
-2.980158831937601005e-01
-3.101728462889157822e-01
-3.207264969632587781e-01
-3.357596768967130996e-01
-3.313615580888690793e-01
-3.446775457521459307e-01
-3.493699885282035567e-01
-3.618051334745388536e-01
-3.923397965047030200e-01
-4.212583584323429942e-01
-4.764021050514385403e-01
-5.176432771153426371e-01
-5.404318857000852683e-01
-5.728656596771526388e-01
-5.746520528964269570e-01
-5.936675459599111138e-01
-5.947478650961166569e-01
-5.981159096003884068e-01
-6.199524455715180737e-01
-5.922355436077281210e-01
-5.929436413511505188e-01
-5.932364321039369504e-01
-6.136612566460774021e-01
-5.916267117780146245e-01
-5.913862162760784580e-01
-5.848031166073971443e-01
-5.435535065053817005e-01
-5.160081095519242211e-01
-4.625828406915315494e-01
-3.380616768311030529e-01
-2.719887514553394614e-01
-1.625135089630386498e-01
-3.755735157356467763e-02
3.320108634091373939e-02
2.701381378514263187e-01
3.380557182726832699e-01
3.960667279150120179e-01
5.084486758009829632e-01
4.251481454466137233e-01
4.602762840616035911e-01
3.642079750692715501e-01
2.263778427310283725e-01
2.130155411911973384e-01
1.711492127544685382e-01
1.397537936696423844e-01
1.846469923799362034e-01
1.214533573361866736e-01
1.980649247121424594e-01
1.712633483493704589e-01
4.584510885843214728e-02
9.568400142377239681e-02
1.213367341724822662e-02
-4.358829814207429432e-02
-7.301076910678680476e-02
-1.365379670484276886e-01
-1.743977277405632520e-01
-2.279329235254640984e-01
-2.824303596140532169e-01
-3.215764333897704330e-01
-3.803847435455796067e-01
-4.156036757229504830e-01
-4.529797593601234129e-01
-4.918741690661380117e-01
-5.133303728324303261e-01
-5.383255355893431515e-01
-5.596012276819914977e-01
-5.694477317717253628e-01
-5.899010939982645141e-01
-5.919303714625405721e-01
-6.118572911978239492e-01
-6.261260306007170318e-01
-6.311305340302929556e-01
-6.604484657395575109e-01
-6.708922237317110904e-01
-6.921263411060916138e-01
-7.346324746969297159e-01
-7.483490523890325985e-01
-7.847257478133111697e-01
-8.034692136286680775e-01
-8.022052691127955493e-01
-8.220706533140172967e-01
-7.293797272941565657e-01
-7.226524356226117218e-01
-6.960599337099675488e-01
-6.613570435104952905e-01
-6.683947523952171732e-01
-6.308461348577408812e-01
-6.191175510690747341e-01
-6.106844175001832076e-01
-5.698707829133107250e-01
-5.688692675311114444e-01
-5.535737355365968337e-01
-5.419140862478044607e-01
-5.454406982786449420e-01
-5.425985102434276452e-01
-5.421567413898744636e-01
-5.449287676291093563e-01
-5.405794961300294244e-01
-5.421224136476575639e-01
-5.412608741371182086e-01
-5.388739184743338573e-01
-5.404937961512787936e-01
-5.381281100910279003e-01
-5.377007486438163397e-01
-5.380488255736407543e-01
-5.351468775990629867e-01
-5.352843085998481021e-01
-5.325832586959213799e-01
-5.303955464357064109e-01
-5.295696361349492287e-01
-5.242439179902665947e-01
-5.221870286223804225e-01
-5.150646800739371312e-01
-4.639575554859198814e-01
-4.442250402808647913e-01
-3.722801509879954396e-01
-2.953759737458309109e-01
-1.246146488234682326e-01
-4.117995342956478483e-02
1.703475919282726736e-01
2.792057229877990543e-01
2.766120196502542261e-01
2.957318334007120741e-01
2.169092454349131616e-01
1.972614675461147049e-01
-2.996104903181397161e-03
-4.302834522181318150e-02
3.111382806132600293e-02
-1.075998073424825480e-01
1.869214459468579101e-02
-5.707242336918977310e-02
-3.318340125574527621e-01
-3.439770689864495856e-01
-5.148260925706394930e-01
-5.178069838382147738e-01
-5.473245569521686393e-01
-5.779010813438612004e-01
-5.322394194728247152e-01
-5.563139434736716904e-01
-5.798950585268434210e-01
-5.782799835509880859e-01
-6.160870368350118698e-01
-6.302744446129050493e-01
-6.233725405186507640e-01
-6.086467060558941045e-01
-5.703060929674594881e-01
-4.780002588472300196e-01
-3.886641464014216063e-01
-2.550850889642060637e-01
-2.497279010915184061e-01
-2.021029099521996497e-01
-1.895565765866726871e-01
-1.797602977914239120e-01
-1.461188222261682601e-01
-1.433662916098120965e-01
-1.205648669489103320e-01
-9.430541452286667070e-02
-8.632595799049776197e-02
-6.525155653453304505e-02
-6.064795313288036394e-02
-9.239534595020469643e-02
-7.784460807282479744e-02
-9.430450643838871050e-02
-1.383292092999994227e-01
-1.374913718131142160e-01
-1.956636319602965968e-01
-2.524407261760538423e-01
-2.869562526805858882e-01
-3.643740759284462838e-01
-4.030539157098878555e-01
-4.637805916924429006e-01
-5.424770580856944635e-01
-5.800478993216174883e-01
-6.465292548468434264e-01
-6.677430515509543696e-01
-6.788257063274306669e-01
-6.679498934762899687e-01
-6.631661859208081156e-01
-6.433240731191377515e-01
-6.124124004553265221e-01
-6.023190186542848323e-01
-5.989132478479095578e-01
-5.969148014295883042e-01
-6.157031375343215984e-01
-6.304156853717021169e-01
-6.433997063806872196e-01
-6.616169248276956294e-01
-6.756037203833668014e-01
-6.885383629558999852e-01
-6.924593295061207687e-01
-7.012031065334931590e-01
-7.053468281948350738e-01
-7.074091581311774402e-01
-7.140576294840499383e-01
-7.128487957383996543e-01
-7.155454945849749615e-01
-7.157889028727205671e-01
-7.073336299099721725e-01
-7.016990944187107004e-01
-6.790062599823438738e-01
-6.588021848347013210e-01
-6.381151356018833765e-01
-6.035738886213862786e-01
-5.160144778332709237e-01
-4.581577703388350353e-01
-4.145038745560530868e-01
-3.285975069686697392e-01
-2.771519420097229291e-01
-1.231526995751661691e-01
-4.777736924660072604e-02
1.037768152362811419e-01
1.897759945743152099e-01
3.242305447479101321e-01
3.558263899600952462e-01
3.324434253642574721e-01
3.574256063675864681e-01
3.536749690423420800e-01
3.254159333385063246e-01
3.269957178425830779e-01
2.930019339421578994e-01
1.320343283826509173e-01
-2.456644475177834769e-02
-1.325561863086288372e-01
-1.991389389004477872e-01
-2.222961696184286573e-01
-2.118481755201647998e-01
-2.290045446091047709e-01
-2.211795815316108249e-01
-1.716683577379613523e-01
-1.654721714830947599e-01
-1.489137408949820218e-01
-1.235928151423828364e-01
-1.237298337973376239e-01
-9.682570214248363560e-02
-7.677583242689792198e-02
-7.229111729164700018e-02
-6.601615615309945270e-03
2.428800120136410858e-03
3.659042913147948078e-02
7.578560879007993634e-02
8.688029558567018917e-02
1.276555958256088974e-01
1.688311916385664968e-01
1.797067172971131277e-01
2.603704388513244372e-01
2.661327317426871453e-01
2.786882168953479511e-01
3.057002476489055209e-01
3.043384202911657566e-01
3.176688950453545046e-01
3.267459850663528287e-01
3.297477443999519142e-01
3.394410579808010975e-01
3.482250246199730115e-01
3.524705615592869656e-01
3.651569766698871122e-01
3.677176937946534108e-01
3.818949988060458267e-01
3.856809043917264757e-01
3.993180037866219667e-01
4.011435593574546044e-01
4.010173064463093962e-01
4.051316881619989041e-01
4.045246373787999561e-01
4.055896821127039087e-01
4.065091270956917580e-01
4.063253614672455161e-01
4.069295391361839043e-01
4.070314249657562833e-01
4.070460031795248290e-01
4.072725170856837940e-01
4.072044999998102321e-01
4.071831090144258924e-01
4.073109676691897829e-01
4.069799600550267349e-01
4.070371326646075594e-01
4.070145328007641616e-01
4.060279241982561738e-01
4.068238192604656800e-01
4.053866056368154447e-01
4.039917046993931615e-01
4.063496558726022445e-01
3.990945592069851666e-01
4.019558991004216764e-01
4.015364444425927326e-01
3.816066444296138394e-01
4.046130059250782618e-01
3.696350089103337955e-01
3.442884418982346539e-01
3.674549115830723633e-01
