2.582547385908410265e-01
2.662611489827121369e-01
4.152125578739651046e-01
4.421209441858977018e-01
4.315858849958618126e-01
4.643285504061886448e-01
4.502182807402486664e-01
4.560822856540184822e-01
4.617890707544811124e-01
4.569031641492969920e-01
4.615783763478425450e-01
4.611139205346931891e-01
4.607436730098953270e-01
4.623275638257456910e-01
4.616855292893682350e-01
4.621319057339616232e-01
4.624180583271649825e-01
4.622682579198704733e-01
4.625532061602491973e-01
4.626028439837007733e-01
4.626689681356518369e-01
4.628287646502585728e-01
4.629962302356211423e-01
4.631068811269309915e-01
4.634324138824132411e-01
4.638215258374349115e-01
4.640111225814814722e-01
4.650839898161925334e-01
4.655735716060415696e-01
4.665230095998619819e-01
4.693191868387271981e-01
4.693804393571656686e-01
4.741642625796286259e-01
4.788271625897175809e-01
4.790084091437101232e-01
4.957913907822741884e-01
4.945588424849794995e-01
4.981023819248015516e-01
4.993399251859271248e-01
4.953316731592444788e-01
4.946517619015040612e-01
4.814417105559227750e-01
4.718687799581395836e-01
4.529664021229302673e-01
4.509274392461132264e-01
4.130580500953144329e-01
4.032500838332690463e-01
3.102346738681512339e-01
2.944855028054992330e-01
2.781103686202733294e-01
2.812796871417164724e-01
2.803684926872994643e-01
2.929332705054111807e-01
2.847703702385012137e-01
2.780301220983592003e-01
2.641231904675201414e-01
2.241849791582093410e-01
2.173014260061688352e-01
1.706379459363533413e-01
1.316557402822326472e-01
1.112745461101091182e-01
6.146382692619129298e-03
-1.486273026785010082e-02
-5.681944159178600046e-02
-1.165303863848804466e-01
-1.527939313923699083e-01
-2.777051987016097012e-01
-4.960591868939676075e-01
-6.896720591248263199e-01
-6.989836325868816758e-01
-7.904998849452297138e-01
-7.919739381888982743e-01
-8.039332514416646092e-01
-8.562400670711941553e-01
-8.249711657098612871e-01
-8.569907815074201407e-01
-8.550603705685101419e-01
-8.148646377374627603e-01
-8.361938571420527433e-01
-7.691135051892070695e-01
-6.719196564073307565e-01
-6.003518752342509313e-01
-3.528443135170579725e-01
-2.213701454988153683e-01
-4.066686074037809129e-02
1.350542699720103934e-01
2.432848361310899488e-01
2.518800062840821918e-01
2.044275036542160529e-01
1.775526542433668309e-01
4.028269607663863792e-03
-8.500097967765601892e-02
-1.633223908316918938e-01
-3.583462757416820410e-01
-3.891069226813500537e-01
-4.123310835282743558e-01
-4.601934414016689012e-01
-4.143909663359519047e-01
-4.217073080740809665e-01
-3.745962474166941170e-01
-2.508827063472803820e-01
-1.752705415576775450e-01
-2.390046418849379063e-04
1.335637591426813986e-01
1.816512227464437412e-01
3.583482607532597619e-01
3.725821975374036255e-01
2.955875557080067106e-01
2.554663642099898047e-01
1.419603659007721008e-01
4.067250930667544451e-02
-9.329773039636779508e-02
-1.986208089880120986e-01
-2.838457810158473982e-01
-3.707706563266112143e-01
-4.218280083769080924e-01
-3.834481390767073283e-01
-3.994169899306488358e-01
-3.261242830009237759e-01
-2.148456642158506902e-01
-1.354830038097118161e-01
2.163055740431056237e-02
1.716635427844767914e-01
2.948615217148727874e-01
4.664251143308752456e-01
4.101198186840848137e-01
4.182463550907175032e-01
2.901363439489469953e-01
1.666903306382163663e-01
6.225214518143307174e-02
1.813222681967008657e-02
-4.927443262986389017e-02
-9.264702597020264829e-02
-8.853652136111757331e-02
-9.937507157089238430e-02
-1.025270249020993757e-01
-8.965778217243879078e-02
-1.152991775361561361e-01
-1.285214252755964293e-01
-1.044618108090030195e-01
-2.012430900195127936e-01
-1.684087860184195762e-01
-2.445289646708308506e-01
-5.908768982191446861e-01
-6.645963359114345215e-01
-7.732626612695945312e-01
-8.054086713466109826e-01
-8.005151118965718737e-01
-8.264337467263722647e-01
-7.984552084296049346e-01
-7.830245356587994809e-01
-7.707308647527333356e-01
-7.443341673357236621e-01
-7.377711959968656918e-01
-7.208733043368573679e-01
-7.161131519447634375e-01
-7.096182607016688904e-01
-7.044045648133338000e-01
-7.115764117541970579e-01
-7.166018367803388411e-01
-7.477704784648071534e-01
-7.696096834609275072e-01
-8.040828474564958306e-01
-8.523246790927644367e-01
-8.696107159972125134e-01
-9.074738783583112811e-01
-9.420402738892756922e-01
-9.349815739747520116e-01
-8.911011278013953874e-01
-8.318696052832574850e-01
-6.926373808011023758e-01
-5.923329294842245574e-01
-4.234672401043616530e-01
-3.551116957763809645e-01
-2.722435728506535368e-01
-2.374488315616421208e-01
-2.109863546675656565e-01
-1.653903211234497572e-01
-1.588809301367599680e-01
-1.251841195337393131e-01
-1.036900887471424726e-01
-1.043750198403083224e-01
-9.808695565549034601e-02
-1.118017028617719621e-01
-1.016076492903220801e-01
-1.376430809058898364e-01
-1.739412154066753424e-01
-1.898099587388759057e-01
-2.433276753145173776e-01
-2.520093531120989883e-01
-2.803101365424106040e-01
-2.896177365125826020e-01
-3.009481570765919489e-01
-3.331590654691605202e-01
-3.374867551993046000e-01
-3.418402157226764215e-01
-3.427388945463724634e-01
-2.674554730055841989e-01
-2.306433570128721133e-01
-1.318385614984181331e-01
-3.354082729307334993e-03
1.094394512457312618e-01
2.300247971695443816e-01
2.825546617978076380e-01
3.362979212465736500e-01
2.831138714350986962e-01
1.469332354941707275e-01
1.569714729121520630e-02
-1.233607192412202597e-01
-2.285354541182465782e-01
-3.243447113984013752e-01
-2.770464895011600093e-01
-3.367398097268050061e-01
-2.978529869902512006e-01
-2.246479713872417960e-01
-2.193708750755066494e-01
-5.089039621429696653e-02
4.253240351470951447e-02
1.649427354774103682e-01
5.108846939207677407e-01
5.790019031928090865e-01
6.834552300875360586e-01
7.675431389674768345e-01
6.348515150355801273e-01
6.576426994631369150e-01
5.734077760436547821e-01
3.877499583517404758e-01
2.337693473336090177e-01
1.656085528651689565e-01
-3.284834620074076478e-02
-7.579849148275584481e-02
-1.036135980141254104e-01
-2.183376871623347593e-01
-1.732918452926597297e-01
-1.613806991392524315e-01
-2.639634359854976520e-01
-1.136301462163759046e-01
-2.182508932034870897e-01
-5.009695154468131184e-01
-4.945256943149139994e-01
-7.115520557377809086e-01
-6.699746012331960765e-01
-7.162869939097467054e-01
-8.466488014107199644e-01
-8.028403243768569286e-01
-9.168970158534457404e-01
-9.498951847559340411e-01
-8.667797537392673002e-01
-9.350905834389832139e-01
-7.809954132522457515e-01
-7.281541322636465585e-01
-6.857056548031376098e-01
-4.774364873182233571e-01
-2.569105542305904488e-01
-1.621783958634271383e-01
2.472732754132404287e-01
2.720776578773292931e-01
3.435843625962931580e-01
4.502831773284950434e-01
1.876171124621964781e-01
1.608138688896219026e-01
1.111927707086129147e-01
-2.557249252547934976e-02
9.574209383217799352e-02
6.599672636350174815e-02
1.124961624958207979e-01
1.636476801828093131e-01
1.730390298861208265e-01
2.088582646294466216e-01
1.988619929775963802e-01
2.008090481339538658e-01
2.003770433473421875e-01
1.929341149929479637e-01
1.960997300556282519e-01
1.812641674199161335e-01
1.863851257877494061e-01
1.713777126474729795e-01
1.437864040298756918e-01
1.331805017298911542e-01
6.999023792259746746e-02
6.906289115613543916e-02
1.230832478504003541e-02
-4.362035647080518552e-02
2.161225815037525963e-02
-1.284646675013136896e-01
-1.452164000102488528e-01
-1.498936761712176546e-01
-1.512261444349496109e-01
-1.528137358397233803e-01
-1.482731797452186417e-01
-1.485865110901337105e-01
-1.538699904435801014e-01
-1.463187400275551553e-01
-1.634577791087621634e-01
-2.147611852839754754e-01
-2.558859103872135887e-01
-4.392325051057286434e-01
-5.353410001986714795e-01
-6.681152380505722688e-01
-8.100684086099161352e-01
-8.382203660132260259e-01
-9.435856640550027707e-01
-9.598692163987418979e-01
-9.684833638006522527e-01
-1.012536615312390698e+00
-9.607869644009660037e-01
-9.673178485872957477e-01
-8.857866096204733974e-01
-7.874574071196462910e-01
-6.731692852193412735e-01
-5.009850457487965425e-01
-3.604416973046529193e-01
4.386294593215850357e-02
1.359274740105134716e-01
3.853082029402672415e-01
4.112201736302658062e-01
4.219789176541896558e-01
4.490784201883945004e-01
3.728457382222727934e-01
3.342857752622278023e-01
-2.755006045786462590e-02
-4.246132012914253379e-02
-1.137807795640253111e-01
-2.054857909385566783e-01
-6.518587034094255883e-02
-1.329880896874646445e-01
-1.298869825968274883e-01
-1.531908611983714419e-01
-3.160594927734464155e-01
-3.379978135904975201e-01
-4.074817493093854104e-01
-3.948278274084243700e-01
-3.767274824702011582e-01
-3.487096098651430442e-01
-2.896893584910827935e-01
-2.354912058620397264e-01
-9.532809884131882017e-02
1.970849076077925768e-02
1.035887123762949530e-01
2.711964352640491294e-01
3.458847150963166861e-01
4.398691516499720344e-01
4.901692665868623844e-01
4.975801149314935112e-01
5.217464071818092020e-01
4.794979170046161365e-01
4.782932185331657537e-01
4.215434767319249376e-01
3.607466928118273630e-01
3.012591201922355522e-01
7.712622714093798904e-02
1.244905237484164873e-01
-1.346955272115253448e-02
-3.491895096428766082e-02
-1.721327780831447274e-01
-3.655270407120926324e-01
-4.057401543374971054e-01
-4.818440549721152433e-01
-4.814320738208097694e-01
-4.671926643740338392e-01
-4.583082808298015731e-01
-3.470383694395858254e-01
-3.078392974289855810e-01
-1.709851588461695771e-01
-1.726719619539642814e-01
-1.275225282332009269e-01
-1.061781566889815343e-01
-1.599349039169766784e-01
-1.188716955034609252e-01
-1.910718923405444747e-01
-2.825239324133281271e-01
-3.377153849022094256e-01
-4.937552154847153485e-01
-5.559731326476662350e-01
-5.946855611608555803e-01
-6.397824712118467261e-01
-6.411387413003938329e-01
-6.463923749970598154e-01
-6.308052274678519478e-01
-6.088585161897031028e-01
-6.215125024163234979e-01
-6.009769785547021126e-01
-6.005128390219960366e-01
-6.022691604812777655e-01
-5.873999119727101315e-01
-5.932448326721453391e-01
-5.868064496451981249e-01
-5.798815571676807501e-01
-5.848069152831826267e-01
-5.758031197361089815e-01
-5.762879165423968608e-01
-5.802304056181782910e-01
-5.739628287560888387e-01
-5.819481770333277959e-01
-5.843685287516826588e-01
-5.839045583672208828e-01
-5.994964065440192558e-01
-6.010250344620113871e-01
-6.150556432838212295e-01
-6.408462643474249765e-01
-6.547388107151339565e-01
-6.925645709419112617e-01
-7.169209156485031320e-01
-7.412136701557872076e-01
-7.752550895758828498e-01
-7.948367604586228374e-01
-8.190794466956469178e-01
-8.427454638558496969e-01
-8.142079435705622537e-01
-8.007228031449915573e-01
-7.799394369912175939e-01
-7.054040472859008926e-01
-6.625434315250208206e-01
-5.828608393111019970e-01
-4.482301459217546968e-01
-3.654788168323456210e-01
-1.376943142531055209e-01
4.555690560293904762e-02
2.282508127387947172e-01
2.665416624318648897e-01
2.435083588252830444e-01
2.292864912104077835e-01
1.928419534203105745e-01
1.670987702842778588e-01
1.339653283863068423e-01
7.956448399133561611e-02
6.177237212170615110e-02
-1.322470725774648782e-02
-2.792758680960496370e-02
-1.338772454623991630e-02
-4.112416242725767945e-02
-3.470950515511704582e-02
-3.210648477183863231e-02
-4.171248972328701898e-02
-3.420322997125569559e-02
-1.888491511162964168e-02
-1.553509191527837480e-02
-1.128299310904696748e-02
-5.886317164919500217e-03
-4.900176440718773119e-03
-1.829552886066842425e-03
-1.916945582376493415e-04
9.525636912344249713e-04
2.487151086734264247e-03
3.357546516514686805e-03
4.761591897083478596e-03
5.328940239694772603e-03
7.199677960886367682e-03
8.442884111820255638e-03
9.289827975577348573e-03
1.378279077049646487e-02
1.361782895802868439e-02
1.871966233526110510e-02
2.588268259735180057e-02
2.383567930325998160e-02
4.303324682157742137e-02
4.613687051939942274e-02
5.441824654745135159e-02
1.060804835595128559e-01
1.153812401180951547e-01
1.621016415921012199e-01
1.838032634939631982e-01
2.113072849632032513e-01
2.570723343687553730e-01
2.675746752327158307e-01
3.345986707592129017e-01
3.495034353324978360e-01
3.598132101354904466e-01
3.910106116917425045e-01
4.016819827930108167e-01
4.116736437352921385e-01
4.459368589643923908e-01
4.460644422797099273e-01
4.621049866007365670e-01
4.716110050369798912e-01
4.695373117501611682e-01
4.705177363816404057e-01
4.720599644276379792e-01
4.586239354669133239e-01
4.609443256704107150e-01
4.565116486042565258e-01
4.534956704151181794e-01
4.538819715530511001e-01
4.515389199248707186e-01
4.512042233779038347e-01
4.508289661300015627e-01
4.500451640956339983e-01
4.500354878799058822e-01
4.496980605602783898e-01
4.495070862314377580e-01
4.494645774598159393e-01
4.492531815289479424e-01
4.492459058964102248e-01
4.491165541999515010e-01
4.489519009178782882e-01
4.490470316510667970e-01
4.485893203869991130e-01
4.486269947995554785e-01
4.485747767201346825e-01
4.473381251091073096e-01
4.483629361512214695e-01
4.465472883959632489e-01
4.449905955039232808e-01
4.478694047294459191e-01
4.391686388415544373e-01
4.431299970154745083e-01
4.423235400529358929e-01
4.198507198915074623e-01
4.475043701896262438e-01
4.064195278749833107e-01
3.824375009549317861e-01
4.095107651623257627e-01
