-1.734726044827516068e-03
-2.119787967213979194e-03
-6.919935963945099411e-03
-6.350127699910095708e-03
-8.971957455979891888e-03
-1.062991094092257706e-02
-1.086779761249747137e-02
-1.229869039627401461e-02
-1.254944431320112290e-02
-1.275359769852999273e-02
-1.320618406164900116e-02
-1.315093195388740942e-02
-1.327591121756366635e-02
-1.335315854253838093e-02
-1.332249718119507195e-02
-1.337114134422630676e-02
-1.337037338634502505e-02
-1.336681729817989182e-02
-1.337841289428395170e-02
-1.337157788329999646e-02
-1.337187545848675732e-02
-1.336936364815394067e-02
-1.336016609267511382e-02
-1.335761530113645755e-02
-1.333844103505704183e-02
-1.332065264184089347e-02
-1.330738368195331055e-02
-1.323447789812522840e-02
-1.321214788861446894e-02
-1.312844389950843307e-02
-1.291054866936177173e-02
-1.292373761168376205e-02
-1.248183071310996969e-02
-1.207663838389266830e-02
-1.213092045440014241e-02
-1.051789660431812559e-02
-1.089487625408668177e-02
-1.043719921084516715e-02
-1.081077411004293699e-02
-1.118984856677677012e-02
-1.111973994656430612e-02
-1.383999643021546419e-02
-1.315431656563284708e-02
-1.506731226293706385e-02
-1.460893785863128652e-02
-1.462571899324119004e-02
-1.712306882810986711e-02
-1.583995129818699735e-02
-1.702046294139164181e-02
-1.749249763739353994e-02
-1.329068233876559701e-02
-1.271486645041111987e-02
-9.594046201378592792e-03
-4.086838216846264658e-03
1.699518861550092892e-03
3.534178474325442004e-03
1.088968945471432970e-02
1.494392931625401419e-02
1.829147051862399509e-02
2.278003255834057383e-02
3.306991746879007349e-02
3.719475338523269697e-02
4.967668342679863042e-02
8.556637693982355186e-02
9.334161352036182691e-02
1.182066997779192552e-01
1.322396887582986957e-01
1.290115273875122037e-01
1.405632832173715208e-01
1.346779946507825898e-01
1.297423745325134992e-01
1.315607727680497829e-01
1.170954608278415160e-01
1.123986449965392181e-01
1.046486371674604787e-01
8.610890354418102022e-02
8.086756062018110591e-02
6.560841332523117964e-02
5.236027412950717413e-02
4.534051732421811448e-02
3.095237922668027733e-02
2.351743543975540543e-02
1.576240490056974794e-02
6.112832760010843657e-03
-2.185660200309265128e-03
-8.840582049754942828e-03
-1.282065839363851975e-02
-1.577370730463444060e-02
-1.700745374088789147e-02
-1.408467803147931026e-02
-1.638025246817381361e-02
-1.280420604865702659e-02
-7.443862638278102122e-03
-7.302116118037784397e-03
3.233687804325928190e-03
5.136672649580296783e-03
7.959448350369852099e-03
1.472241440888473300e-02
1.281046866941659354e-02
2.030811530485066366e-02
2.298703489333711950e-02
2.441481131276628663e-02
3.205296852076782582e-02
2.988404173600903158e-02
2.682905258468813031e-02
2.133666721151439988e-02
7.771361858721730076e-03
4.130618649207445578e-03
-7.550610106977853793e-03
-2.041128053839375706e-02
-2.155723918506881331e-02
-3.192493078214662938e-02
-3.592316395358571141e-02
-3.861872258821242437e-02
-5.284708582808988336e-02
-5.524154634290409649e-02
-6.187763240273631837e-02
-7.102251720760824338e-02
-7.080688330250782536e-02
-7.852218222000338643e-02
-8.076268227216522322e-02
-7.542340216357459881e-02
-7.410815623479025116e-02
-6.937455159368370594e-02
-6.170108470243899218e-02
-6.244718184696958913e-02
-5.470789215874294342e-02
-5.107285748332691944e-02
-5.179652766863045155e-02
-4.038359637192372870e-02
-3.971414522513187773e-02
-3.633323489450952098e-02
-2.996704531043973413e-02
-2.937372805833330519e-02
-2.389299417719102647e-02
-2.136198143909295855e-02
-1.987128729033589558e-02
-1.620358711040335506e-02
-1.473936174303564113e-02
-1.304443609274361267e-02
-1.039488768975358607e-02
-8.933636226985564033e-03
-6.827919229463057064e-03
-4.547836308475868526e-03
-3.528954566262905435e-03
-2.255273739473367435e-03
-1.558208180763394216e-03
-1.882489248465712408e-03
-1.717399706523695981e-03
-2.289664152656087706e-03
-3.694362072645808286e-03
-5.447340217402328079e-03
-8.038408881915742182e-03
-8.825436258453132898e-03
-9.775508805329092069e-03
-9.160133994549060285e-03
-7.356503776159823392e-03
-6.504748899390777432e-03
-3.727033355552573316e-03
-3.196958475428998431e-03
1.569140637961327547e-03
2.865914632127823831e-03
4.017424128084104429e-03
7.199350004237201929e-03
6.660515010557082650e-03
9.807929839394978824e-03
9.837486526158773989e-03
1.048213793413198258e-02
1.445303490962450595e-02
1.120544268092254526e-02
1.317401413978197544e-02
7.854777879480523417e-03
4.434099627341064886e-03
2.443971996017010265e-03
-8.587224353097050802e-03
-8.284073858803061088e-03
-1.288384880168676541e-02
-1.028375353128096331e-02
-1.013486476227913775e-02
-5.972979604656549445e-03
5.954621140187011524e-03
8.502553243080298445e-03
1.861760949984564428e-02
2.017718221067979489e-02
2.021845447933313944e-02
2.298800510981270639e-02
1.071254341927782572e-02
9.123532546858062475e-03
-3.551333464356864426e-03
-1.253136668651430238e-02
-1.752802067789075921e-02
-3.382467978443729623e-02
-3.325894359843475229e-02
-4.239316405860347331e-02
-4.207726350759592726e-02
-4.029867680659172252e-02
-4.340226665169245185e-02
-3.871415435684179285e-02
-3.962152867961162700e-02
-4.037279899944348771e-02
-3.794654552424418098e-02
-4.012988805364527123e-02
-3.932062279312297653e-02
-3.961268017473641018e-02
-4.106185991368021398e-02
-4.102835047832574522e-02
-4.240238185191759490e-02
-4.340666520931261291e-02
-4.462630937570138956e-02
-4.610448355849248309e-02
-4.592694809544110857e-02
-4.665921898517134958e-02
-4.635608887926843946e-02
-4.552312559797561803e-02
-4.431800625133186511e-02
-4.131690320303602060e-02
-3.882469452181767922e-02
-3.456496118497347919e-02
-3.065625633754512358e-02
-2.711536682700915052e-02
-2.033852947283458848e-02
-1.684912758409888925e-02
-1.235012346896846407e-02
-8.391949879918243413e-03
-6.990925006911905340e-03
-4.157640721914007513e-03
-8.577502205627772491e-03
-9.723937606794250468e-03
-9.635055082752438591e-03
-1.103472657725786121e-02
-6.817657989949411912e-03
5.496755645445551043e-03
6.945267990599233478e-03
1.784627872413981076e-02
2.431158274743423081e-02
2.291677755058469171e-02
2.953592667208066944e-02
2.811600395596139390e-02
2.323255887880377665e-02
2.253498571539960110e-02
1.639509900981985652e-02
1.196499900800496521e-02
9.217623755212541251e-03
8.343292683764970408e-03
5.302496755483116463e-03
8.572798345867632674e-03
8.465993950165437432e-03
1.218987392231560274e-02
1.542476878120809317e-02
1.652903132747737119e-02
1.957681461092995040e-02
1.987173403408837649e-02
2.118369040903560901e-02
1.985514630138333556e-02
1.994799775373984341e-02
1.981570338535777048e-02
1.864794328393786990e-02
1.895880132426627090e-02
1.415573723631167666e-02
1.050668142761386481e-02
1.491539066290433965e-02
1.342469048687849366e-02
1.664281658074075188e-02
1.910150994441530206e-02
1.741578825757495244e-02
1.830386262605997877e-02
2.028325896837846268e-02
1.849576699884462189e-02
7.441734358069956694e-03
3.201417886529818110e-04
-6.738910714430482521e-03
-2.111719647866994176e-02
-2.234148396096207259e-02
-3.010140145153196098e-02
-3.518448981646791346e-02
-3.600834513201987136e-02
-4.742595185251544110e-02
-4.736498537986411073e-02
-5.080601792884861106e-02
-5.561454655584884693e-02
-5.177204931378517200e-02
-5.442820732569662173e-02
-5.330490821857536421e-02
-5.024661703474424257e-02
-5.059167861116344728e-02
-4.629772212010697940e-02
-4.331481080349951912e-02
-4.076092949874375593e-02
-3.282571598779895211e-02
-2.857804323019722675e-02
-2.053764632194345768e-02
-1.036557227584782893e-02
7.826223444125204919e-04
7.731195258084238610e-03
1.447935216225520669e-02
2.295854246645314886e-02
2.177840614465264765e-02
3.213651123344359734e-02
3.485716955189501615e-02
3.872996510163045220e-02
4.620916012638263265e-02
4.215366812651803741e-02
4.641428672178767728e-02
4.637346314397296915e-02
4.200674828607602745e-02
4.453264672740938485e-02
3.874279260038297062e-02
3.462131293720772940e-02
3.169814527703574553e-02
2.387175665240490186e-02
2.100004839639760604e-02
1.175209488726664669e-02
7.466368763917707874e-03
2.218383163677400613e-03
-3.606421030847571305e-03
-5.332068365474860148e-03
-7.685799479738473008e-03
-7.510260095368072319e-03
-6.167508033883760746e-03
-5.663863490365292526e-03
-3.015141658837927185e-03
-2.703395963185379041e-03
2.062120218836417489e-03
3.224242641180923019e-03
4.352180283936611833e-03
7.529519859708146828e-03
6.965411875405579968e-03
1.026952541395095495e-02
1.026375928460705744e-02
1.113654111589919456e-02
1.546435586847824672e-02
1.203245154933177581e-02
1.503791942797553724e-02
9.547697207900803298e-03
5.887828932985893736e-03
6.097114494737228448e-03
-7.981491804626440409e-03
-6.464505319409098727e-03
-1.001835327007557716e-02
-1.448213466921662376e-02
-1.052764314965815885e-02
-1.314483940462323787e-02
-1.063210422228529940e-02
-8.140614254647356163e-03
-5.202031277460793246e-03
-4.729223394775115656e-03
-8.248872800742565112e-03
-1.041783583852691313e-02
-1.701945598569514981e-02
-1.788590610990622651e-02
-2.418667487403181049e-02
-2.078124783368474199e-02
-2.112639972520438322e-02
-1.518780936173310357e-02
-7.328960799094196878e-03
-3.213787960515585105e-03
7.282370689390076091e-03
1.639359418093750548e-02
1.739090479839099784e-02
2.776450895384674142e-02
2.915416405494258498e-02
2.757343953252147650e-02
3.425121406217883357e-02
2.821893986190347411e-02
2.729296491244219414e-02
3.194518374988004894e-02
2.289518926800581528e-02
2.734666687615596239e-02
3.222541732326614922e-02
2.982861963321336435e-02
3.531242927205358040e-02
3.203268405210248082e-02
3.006653742772790253e-02
3.483891623923363740e-02
2.851913268757955144e-02
3.151537542219210591e-02
3.147593999928222780e-02
1.987466356777507770e-02
2.137514836265271001e-02
1.623258068502039103e-02
1.327677521540276441e-02
1.780654656150775991e-02
1.822665979609772516e-02
2.839379874683264221e-02
3.403265675375968802e-02
3.482799535389442119e-02
3.776291695651381314e-02
3.867902975663870674e-02
3.808381909982654773e-02
3.885478717298349732e-02
4.030169372754263679e-02
3.494743558125155969e-02
3.917220976341454636e-02
3.686404405877426183e-02
2.745626952855178063e-02
3.759747422496048652e-02
2.760597222545231599e-02
1.564879973000909280e-02
1.789741769243692257e-02
4.698732008970771777e-03
-1.874907403930316154e-03
-6.372373667385375015e-03
-8.427750502485006207e-03
2.951464167070509768e-03
2.744975414632337771e-03
9.256281137913652604e-03
1.378112255551764559e-02
8.861090023166028409e-03
9.435894359922125316e-03
4.025352890565867849e-03
-6.457643673428594029e-03
-1.013104186516475443e-02
-1.214140720351710584e-02
-1.168809455880958671e-02
-1.170680416669203812e-02
-1.085129247660395618e-02
-8.755028963932025982e-03
-7.053630195111446066e-03
-3.368907684776064823e-03
-6.694503060354619825e-04
3.423207089410262340e-03
5.631724398949935866e-03
6.101388636125005226e-03
6.125602716131666077e-03
6.179122154880915818e-03
6.694350217782819509e-03
6.592335030472960475e-03
7.238251418454215956e-03
6.986448623222673258e-03
7.618091414494380237e-03
7.647570944297936955e-03
5.904611449956085993e-03
6.024580368881944821e-03
4.065587459595389370e-03
2.326046524337243345e-03
1.533743293850085279e-03
-1.491005766512243109e-03
6.236812865509592380e-04
-1.201741015158982670e-03
-9.568614454287875356e-04
-3.760980868426613746e-03
-5.577548945103109369e-03
-3.795475837403653342e-03
-4.361485023123382564e-03
-4.397839522394877097e-03
-2.857023691853951500e-03
-5.932352139749984266e-04
1.020280553738066613e-03
3.995886872384643400e-03
4.652085157022429161e-03
9.955373982580296641e-03
1.082063513803009289e-02
7.624564028990625346e-03
3.693452024180335098e-03
1.802120212643971054e-04
-2.013369727811821757e-03
-6.807213211313926753e-03
-6.033313908084641554e-03
-8.955952467839950470e-03
-9.604430304155768885e-03
-5.310640864203445069e-03
-5.411137900930819422e-03
-3.472081126613424731e-03
-1.265038665559353303e-03
-4.472072481353169026e-04
8.558272739172781592e-04
2.731954658836599405e-03
2.980964521775880324e-03
3.742871070846550460e-03
3.909227913790057872e-03
3.327438762261477733e-03
3.616141512081027555e-03
3.093290541744452091e-03
2.767890305704861879e-03
2.602011643255867403e-03
1.730661976223127601e-03
1.520971697755727631e-03
7.218594021927248047e-04
-4.891657536342894786e-04
-4.758121163207456694e-04
-2.557433163863789306e-03
-2.580684880343471922e-03
-3.016554359378329029e-03
-4.075409671575098806e-03
-4.031945445086894744e-03
-4.566346945633795867e-03
-4.855585039960049094e-03
-4.914346929739549230e-03
-5.165128449879468481e-03
-5.227591137657941651e-03
-5.291911797135576134e-03
-5.372445190664882318e-03
-5.389473717814068261e-03
-5.421671557741726370e-03
-5.440566928243400525e-03
-5.444677523952272391e-03
-5.453684375697766609e-03
-5.449238527495845093e-03
-5.442454852128558902e-03
-5.435789628637471838e-03
-5.403380300981502037e-03
-5.387851965527253560e-03
-5.345928965467905067e-03
-5.257761856805692052e-03
-5.250446988671456094e-03
-5.075303121676286860e-03
-4.952796887036796207e-03
-4.947865634699379067e-03
-4.420842794189131474e-03
-4.571316913946549265e-03
-4.192086905711652628e-03
-3.311779275123814294e-03
-3.782157829740393114e-03
