8.478021216317254555e-04
1.112644205853766197e-03
4.200980132502128185e-03
3.868009315177877230e-03
5.116865311766771209e-03
6.213975166763541398e-03
5.740646212487560823e-03
6.551153495432220086e-03
6.541747794966224459e-03
6.480165655591153817e-03
6.717814177131186358e-03
6.625783856790882706e-03
6.665197329431519699e-03
6.701120535772840670e-03
6.673900824259569424e-03
6.696829687318551529e-03
6.695894419927897988e-03
6.693575857954559179e-03
6.699780424245608927e-03
6.697166284128084832e-03
6.699299174602661895e-03
6.697917556116507291e-03
6.697706972966233074e-03
6.700159211940111964e-03
6.689701528369782109e-03
6.700207345397113379e-03
6.691424793599553764e-03
6.666875109230783331e-03
6.715200473361925340e-03
6.629418001166388803e-03
6.634094576823776346e-03
6.720618172302184924e-03
6.384206960139487790e-03
6.656868904230943407e-03
6.481726267371992756e-03
5.871135923146878800e-03
6.549747966558749565e-03
6.058368750584982795e-03
7.647847429104895865e-03
8.389144547946111516e-03
8.315209557644014787e-03
1.428101710193430129e-02
1.499593448113796697e-02
1.733818110748828675e-02
1.920091954817082502e-02
2.009673870023875181e-02
1.800138178628658825e-02
1.655519080586748126e-02
1.285570744409173655e-02
3.226643058063758621e-03
5.799862632112742821e-04
-1.066723785096158547e-03
-6.286043577681327960e-03
-5.590043933809614105e-03
-8.265780260254382630e-03
-8.445569428112248769e-03
-7.190889800011994806e-03
-8.187754549810561874e-03
-4.376933263662880109e-03
-3.120949840848380105e-03
-2.783320468810981832e-04
9.141980834432359218e-03
1.410941204323734252e-02
2.407726027225777499e-02
2.635667122621497896e-02
3.853891593003243993e-02
3.905761629061708234e-02
3.550170992456255781e-02
4.051246081792155007e-02
4.103949333519551351e-02
4.359273599301446978e-02
4.793299025400931529e-02
4.240521442444730726e-02
4.334130121154627230e-02
4.088282056970145989e-02
3.087926230587875395e-02
2.965712388363270918e-02
1.974990517679793903e-02
1.031080073287427359e-02
4.820866442166483155e-03
-6.178348981598785067e-03
-1.116081920070584148e-02
-1.608240875275745649e-02
-1.991168026907970401e-02
-2.433036461525937139e-02
-2.796779565153912836e-02
-3.066667252946176161e-02
-3.030947441122413752e-02
-3.115215592005561931e-02
-3.405929798953663545e-02
-2.445362525600344034e-02
-2.082413343772542696e-02
-2.206504998571437448e-02
-8.124712751036477013e-03
-1.238885652427906131e-02
-1.696715780466791224e-02
-1.481513531562131739e-02
-2.209485920945957957e-02
-1.932635235405113366e-02
-2.283671891612458135e-02
-2.643578194647864740e-02
-2.814067104239127357e-02
-3.247515221644161482e-02
-3.197252048837229826e-02
-3.166522793723280244e-02
-2.814631914386568970e-02
-2.403958353144374643e-02
-2.190742497381881898e-02
-2.007937426753300669e-02
-1.435718055362878408e-02
-1.414509865805477912e-02
-1.768945043405726822e-02
-1.763805479887085512e-02
-1.896387415356343142e-02
-2.219867883883998305e-02
-2.489273186051322098e-02
-2.661125769186250059e-02
-2.659060474067612492e-02
-2.330236884819768955e-02
-1.992127639964729954e-02
-1.719820923206625413e-02
-7.264755363789387847e-03
1.600563943442404003e-03
7.280987762136130297e-03
1.298444797402977316e-02
1.139854112711923516e-02
3.082778795909082124e-03
-1.989720705746209680e-03
-5.490992895214791281e-03
-1.862085088894007215e-02
-2.063684527000462371e-02
-2.589811398675639920e-02
-3.007589580407601243e-02
-3.187620047913872212e-02
-3.356838466855141534e-02
-3.280790245358789631e-02
-3.248590737136473200e-02
-3.220673676484024639e-02
-2.773968288778519420e-02
-2.658230659120542488e-02
-2.205799804484387047e-02
-1.005220197804252043e-02
-4.892774240937445250e-03
1.567205388869000529e-02
2.391956634681103797e-02
3.540089829635802848e-02
5.061886581748424596e-02
5.306554862177789017e-02
5.727232866717146126e-02
5.987845269954295002e-02
5.755700321669086211e-02
5.788249487510571667e-02
5.592909211206300440e-02
5.496171341546584460e-02
5.054635774168566437e-02
4.854674761271043915e-02
4.739103488749247389e-02
4.267993494249008174e-02
4.388411198584372952e-02
4.209640832985524911e-02
3.621813239143593238e-02
3.829927868054728429e-02
3.557167226852137043e-02
3.298305144281988427e-02
4.051492026661814017e-02
3.888974246249089078e-02
3.979091514080242142e-02
5.090593420269032277e-02
4.785223712826226078e-02
5.968344049307815896e-02
7.558887657044750796e-02
8.048319919705707037e-02
1.087150630129158357e-01
1.112425411848666224e-01
1.260886341845936509e-01
1.309950613100954731e-01
1.240034620513273123e-01
1.304194021667824110e-01
1.163210973363866391e-01
1.078154565753915717e-01
9.840903665382581822e-02
7.113954429307092764e-02
5.523389220414410411e-02
5.175944489742215215e-02
3.069069734138627284e-02
3.066080787313452821e-02
2.162050630407715002e-02
1.171041392384392435e-02
1.252856677985597633e-02
3.839474132054552027e-03
8.403447853011542402e-05
4.430431506594710708e-04
-5.538123774558711271e-03
-9.914236099093007987e-03
-1.522245418671555953e-02
-2.169584932183040230e-02
-2.945118287900996834e-02
-3.309139278514411364e-02
-3.511979209466147694e-02
-4.278351914723669408e-02
-3.901863957629225083e-02
-4.443919118309257177e-02
-4.294571933170314437e-02
-3.801479729316347561e-02
-3.735896436291515771e-02
-2.485299453617357407e-02
-2.423218739537703892e-02
-1.910820398233959230e-02
-1.497307969395097506e-02
-1.932480183470991833e-02
-1.682400666941969228e-02
-1.955117379803213151e-02
-1.892223124852601343e-02
-1.670035770517881712e-02
-1.713171870091259597e-02
-1.317535723506042117e-02
-1.310790432876174361e-02
-1.169008460532621786e-02
-6.912944924084890065e-03
-4.207814118765361086e-03
-2.059528963554362740e-03
6.285346455122010206e-03
7.980151205007125423e-03
5.732678397608568198e-03
8.857100550993044288e-03
7.445522894059671340e-03
9.977556458456080229e-04
-2.170943334247044370e-03
-6.225493111942242280e-03
-1.765230950158108020e-02
-1.974962429844500170e-02
-2.280638091214626934e-02
-2.778182082604421788e-02
-2.604942736511165965e-02
-2.528491070230944743e-02
-2.743801982015740132e-02
-1.952321935424547808e-02
-1.587607787909354334e-02
-1.764682732604540977e-02
-5.320104212488405756e-04
-7.367222360754162314e-03
-2.409519292864797674e-03
1.243661808328121697e-02
3.155671646448934180e-04
7.638167586798686425e-03
6.172459960802531218e-03
-2.410906239373492368e-03
4.614546969301716768e-03
-5.382093598783349413e-03
-4.997488061361647985e-03
-4.825887249393017255e-04
-7.293632566007265776e-03
1.209600662542705072e-03
3.233065170069293962e-03
1.905654087962083045e-03
1.312539117767143500e-02
7.807781861947763781e-03
7.247771114428379173e-03
1.140917162916651670e-02
-5.218396867206395381e-03
-5.599762560292704042e-03
-3.061571673855614448e-03
-8.618084185963251556e-03
-3.631430068315657112e-03
2.141979306330343488e-04
-2.646073620420462272e-04
-1.170797007458063577e-03
-1.381529744115076244e-03
-1.053205452584620241e-02
-1.516694118419287945e-02
-1.444676014485085300e-02
-1.924477202660542993e-02
-1.814050191782260943e-02
-1.848586591474725080e-02
-1.778743169037352509e-02
-1.416311101111990267e-02
-1.472345464102210212e-02
-7.077074261883448125e-03
-3.091882317558872651e-03
-4.725017447494660877e-03
9.879682855635871924e-03
1.409803799044052723e-02
2.122055788078641703e-02
5.701608696041510910e-02
7.366508904852728246e-02
8.458932605658513182e-02
1.026617385693095186e-01
1.061781973176246230e-01
1.104707240110557459e-01
1.175003620724800468e-01
1.165114551691031480e-01
1.154243246362868236e-01
1.176128697111425703e-01
1.081267968577166450e-01
9.451209710596994440e-02
8.953985122547951370e-02
5.833935239186823635e-02
5.273874413196357608e-02
4.923899693042942810e-02
4.235388097957021314e-02
5.009587194684037015e-02
5.117786969295964883e-02
5.253263758608505557e-02
5.555949394588630130e-02
5.177686907782656084e-02
5.232175903217620855e-02
4.820889816283365631e-02
3.522679015899751742e-02
3.058683428114962466e-02
2.350286349348853360e-02
2.158406334347870090e-02
2.016938853632064405e-02
1.562859141736714155e-02
1.798175809215446161e-02
1.360378190890136271e-02
1.211298253888037565e-02
1.587888732766857755e-02
8.368493657527096424e-03
6.908683156357279219e-03
6.808776657090880730e-03
-1.163329325435073260e-02
-7.517571845162495346e-03
-9.189038012027530081e-03
-1.517860393882912960e-02
3.385650068877464093e-03
2.769215243060535892e-03
1.915230183554986892e-02
2.307573855938589713e-02
2.228649953867033878e-02
2.464294408822372690e-02
1.552636659695749884e-02
1.192173984452466785e-02
7.158938471685726175e-03
-2.919984327867180054e-03
-6.321858068727368059e-03
-1.497549479277983202e-02
-2.402127678776626307e-02
-2.598411627700434462e-02
-3.218357772521868859e-02
-3.514762835960738574e-02
-3.396805354585199360e-02
-3.389624470441774534e-02
-3.173440396456129325e-02
-2.554885149053594609e-02
-2.460080724954864101e-02
-1.687346477112889112e-02
-1.593479068297261672e-02
-1.536997086945676889e-02
-1.643091151004562669e-02
-1.547744611860877098e-02
-1.819175111095375566e-02
-1.442246725800440214e-02
-9.548253240781739634e-03
-7.056663299835582055e-03
-6.769683655591545758e-03
-1.070645060706125300e-02
-1.202699779307884499e-02
-1.279814320469536103e-02
-1.313850358991855254e-02
-7.861138422784449964e-03
1.704337876617510999e-03
9.743761833689164667e-03
2.493115025501739176e-02
5.085443162294270986e-02
5.287867381615367346e-02
7.631948616437660149e-02
8.541491870664344455e-02
7.755930584355266721e-02
9.876851856874112323e-02
8.553756087644556749e-02
6.110129924935730344e-02
5.591297728518057619e-02
1.858777002619866822e-02
3.002478152322687714e-03
-1.032736820320105837e-02
-3.141304361146840529e-02
-4.179258911378117003e-02
-5.150729227649570446e-02
-6.578409531059987991e-02
-6.700737461616336488e-02
-7.386502571807426754e-02
-7.845549739787258114e-02
-7.925609660681752489e-02
-8.369109534500017433e-02
-8.433549636404241712e-02
-8.586661656610095061e-02
-8.663083669368110140e-02
-8.672192672173172079e-02
-8.663970332018267051e-02
-8.443462483615456204e-02
-8.421905548631258842e-02
-8.160186019696880066e-02
-8.053946751892628042e-02
-7.854490960376959985e-02
-7.515242905574033572e-02
-7.424392869538007367e-02
-6.908131418509838584e-02
-6.629309403556006564e-02
-6.280666055782703483e-02
-5.472461094276694776e-02
-5.180971031560747259e-02
-4.547807265510696306e-02
-4.077474351471955388e-02
-3.713974314817579392e-02
-3.126285248726183574e-02
-2.892134518136170451e-02
-2.318075274188552068e-02
-2.037048987255093979e-02
-1.745077422028610062e-02
-1.450201459124298570e-02
-1.347534997293478240e-02
-1.194839240964021623e-02
-1.172547065227759477e-02
-1.170977955004705827e-02
-1.313254585521684246e-02
-1.503756602940869817e-02
-1.806117941134522537e-02
-2.020604190703993025e-02
-2.013824721934884612e-02
-2.354654534948726063e-02
-2.564267308486849542e-02
-2.696965279562818507e-02
-2.830895442128187472e-02
-2.958964918715522793e-02
-3.016980075060307978e-02
-3.166456862789818888e-02
-3.184126633440233223e-02
-3.266977672780876918e-02
-3.249874469595246534e-02
-3.112194721963395042e-02
-2.926493129882245040e-02
-2.891676644498247448e-02
-2.443913694816523402e-02
-2.046492514859964834e-02
-2.019037464159777542e-02
-7.190840316315746591e-03
-7.115506277237420261e-03
-2.853740908597221775e-03
1.694159140281106162e-03
1.842916084172112638e-03
4.489911462510265405e-03
5.501560744020845758e-03
5.984496803696819772e-03
6.997830292630405173e-03
7.240419069684897284e-03
7.648022034183537057e-03
8.007067343106256604e-03
8.179155722346571900e-03
8.567760996919204092e-03
8.765889699454691014e-03
9.162052653741356578e-03
9.783286203950700491e-03
9.996415639542810885e-03
1.130891358510760329e-02
1.208664397964920138e-02
1.283332537971525883e-02
1.592864475067104491e-02
1.531103927362500484e-02
1.835217949137116569e-02
1.783758645892430036e-02
1.520698224784870767e-02
1.578411617978894149e-02
1.280061381910558953e-02
9.606810745743561003e-03
9.246295142551968355e-03
3.559145072231960968e-03
3.319047541802558864e-03
2.748021535623898764e-03
1.333738939416269928e-03
1.016604640349593608e-03
7.348775130364320132e-04
1.245907339387038962e-03
1.487665624885049732e-03
1.507432176983160505e-03
1.969649196603644788e-03
1.780197815837282786e-03
2.100218806809588806e-03
2.130985396254760078e-03
1.602369007981383755e-03
1.561003941904009259e-03
1.350559640673052895e-03
1.137178158982426373e-03
1.089588733827730844e-03
9.726066121203435534e-04
9.112393539139225767e-04
8.804315733452118976e-04
8.383058070938342746e-04
8.214864685193444841e-04
8.067521047031587849e-04
7.941991582047988607e-04
7.885953385704009980e-04
7.828396639449272665e-04
7.792658337766254469e-04
7.767679809120087760e-04
7.750253853365352908e-04
7.734219774535053358e-04
7.716742835856235964e-04
7.721837621686718873e-04
7.682633277139681990e-04
7.681210058941496163e-04
7.694960810548153590e-04
7.553403683256532499e-04
7.680131748032995552e-04
7.548914894246896252e-04
7.256607170031677094e-04
7.846479321869741751e-04
6.868185825446719616e-04
7.133052379892023624e-04
8.216418373636995547e-04
5.412870059583946899e-04
9.227277212852269973e-04
1.059034906762485557e-03
