1.897917916469660515e-01
2.013704810354493280e-01
3.488624579511629409e-01
3.628055290099354013e-01
3.667238658919826921e-01
3.908638736113732026e-01
3.743112462650974304e-01
3.822468858478160203e-01
3.835062517786120284e-01
3.799905998141293040e-01
3.834681168264650331e-01
3.822505638437680986e-01
3.822666382107939853e-01
3.830313201570275661e-01
3.824899041473068251e-01
3.827908801709123399e-01
3.828186746533820961e-01
3.827063312765147662e-01
3.828191465335585852e-01
3.827396778011579181e-01
3.827300756680395710e-01
3.827030197486649965e-01
3.825828391622821956e-01
3.825802167978195611e-01
3.823395796684723735e-01
3.821711995985399013e-01
3.820786376666149842e-01
3.812342488368904436e-01
3.812694931588183067e-01
3.803086658962904210e-01
3.783021984772902413e-01
3.792632957424825757e-01
3.738854389309959059e-01
3.720761826877181933e-01
3.723438143069552342e-01
3.511242921627559799e-01
3.472134959360927420e-01
3.362734791912717069e-01
3.223594340265855673e-01
3.166520647627725227e-01
3.071103585172441641e-01
2.804819340026425967e-01
2.801445193833386749e-01
2.398470899883190788e-01
2.256741665297761212e-01
2.038195541389495602e-01
9.454766583748740183e-02
5.855884060503538380e-03
-5.396595388233949714e-02
-1.307840068510501552e-01
-1.263222166316674278e-01
-1.453528516996048514e-01
-1.436978057290378974e-01
-1.442172407303774495e-01
-1.502061742290284052e-01
-1.563866688421487738e-01
-1.735569828560863392e-01
-1.747632486137808139e-01
-1.908860285908348386e-01
-2.047489808979149617e-01
-2.046397724266907914e-01
-2.511774156185899165e-01
-2.604086023607031786e-01
-2.703711690719796668e-01
-2.920301828525583288e-01
-3.149402731510140274e-01
-3.534892908561257374e-01
-3.659546804099647055e-01
-3.815699444175659205e-01
-3.473471818807329359e-01
-2.986540826707236307e-01
-2.494616788455051304e-01
-2.430790325847662081e-01
-1.913934861925338238e-01
-1.851100908867022721e-01
-1.820253639774402077e-01
-1.613202270967362684e-01
-2.060563654022876945e-01
-2.151457773911461535e-01
-2.476389661172215262e-01
-2.981094959334620320e-01
-3.011918288676030397e-01
-3.228640373109019079e-01
-3.009544587732336796e-01
-2.808012187780216662e-01
-2.609360819026491085e-01
-1.952832297219884994e-01
-1.620343491647203982e-01
-1.842709266261902401e-01
-1.885818095534399219e-01
-2.787923187333976593e-01
-3.052989101970426389e-01
-3.319461429334423785e-01
-4.008227742775870572e-01
-4.018910161106564738e-01
-4.279103877879619211e-01
-4.427591183453234991e-01
-4.459382815784210807e-01
-4.730460543368296134e-01
-4.801065829024648290e-01
-4.827690834855720148e-01
-4.856805836765148987e-01
-4.621070509767485901e-01
-4.904067180921315439e-01
-4.435006714401965588e-01
-3.926157499783761717e-01
-3.816401914578129717e-01
-2.407811983554487834e-01
-2.502118752914018196e-01
-4.301197092978472636e-01
-4.366279839161702481e-01
-4.732553902690617154e-01
-5.031468009479073134e-01
-4.763624432181677859e-01
-5.031478604707567692e-01
-4.767276883361241668e-01
-4.791114325431936605e-01
-4.903502734796834628e-01
-4.594136574858636579e-01
-4.508370090376699335e-01
-3.844038123269194474e-01
-3.143404219659782228e-01
-1.763632443908027259e-01
-6.608199787850442541e-02
8.892810055316135998e-02
8.227201512278405071e-02
1.429782937027033463e-01
1.186509942716909849e-01
3.518495493021787934e-02
9.471343805685858430e-03
-2.357604663624390459e-02
-5.259318866031193612e-02
-5.443600457426156503e-02
-7.785270523827823863e-02
-6.871589736738857590e-02
-8.135301351591700536e-02
-8.564387129779144070e-02
-8.528635434107764701e-02
-8.801282142294652999e-02
-9.286847268139185319e-02
-8.727029178555759104e-02
-8.335182918276941300e-02
-7.006530431342167242e-02
-6.203716193675484075e-02
-5.395220152449960865e-02
-1.129187513376276111e-02
5.506854785530103033e-03
-8.202078102727468692e-03
1.610807208990202785e-02
-1.610817898357206485e-02
-4.015877878404273960e-02
-5.041936297450459042e-02
-8.809846731007811571e-02
-9.555045741143101956e-02
-1.107460577465266688e-01
-1.295350709905483677e-01
-1.193880008766945722e-01
-1.343373571764081564e-01
-1.372153448570681555e-01
-1.280562810840772114e-01
-1.326721918564969793e-01
-1.180248564483443591e-01
-9.906434619585123558e-02
-9.166097796835057099e-02
-8.351280214179432337e-02
-7.984461244823454207e-02
-9.047919158521515459e-02
-9.567688155196439614e-02
-1.102164578884271273e-01
-1.184169202246547759e-01
-1.186654903919600046e-01
-1.195897450605512696e-01
-5.913829412989669160e-02
-5.357437306391256426e-02
-3.648583647612653122e-03
1.342286894999733006e-02
1.115219864167993867e-02
4.702741485198376481e-02
2.646823305264115606e-02
3.335917472669983758e-02
-9.663617188823364276e-03
-7.816080247540398152e-02
-1.260333654951993065e-01
-1.023732942333933221e-01
-1.546570636459934645e-01
-1.411386724112441149e-01
-1.636841928659244216e-01
-2.218842938971058443e-01
-2.289375736385859672e-01
-3.376792393909646695e-01
-3.862945873319615919e-01
-4.706667403816980344e-01
-4.999317915178256855e-01
-5.182966905259559498e-01
-5.460425222016122015e-01
-5.014707973785039741e-01
-5.077537117365599206e-01
-5.509037427794923891e-01
-5.334780166356921649e-01
-6.160414616906266794e-01
-5.973198747355159544e-01
-6.055730677224687719e-01
-6.149089819473722018e-01
-4.608409094585981247e-01
-4.150149161173530277e-01
-2.499456271966772336e-01
-2.008730393321070673e-01
-2.361230910933637406e-01
-3.379220591974809174e-01
-3.215800685610087917e-01
-3.209206187315946091e-01
-3.397954759301847760e-01
-3.186967428131097790e-01
-3.399115216517241134e-01
-3.391037317074224178e-01
-3.268639413241324898e-01
-3.028937408856874347e-01
-2.482969339233443984e-01
-1.453059523467641889e-01
1.690046429408741460e-02
8.278379850035369469e-02
2.714408660470331025e-01
3.511267511676057218e-01
2.720409892709784172e-01
3.234477104233788314e-01
2.656353157625279682e-01
3.953828344111599835e-02
-4.410619580878245155e-02
-1.305275783203992124e-01
-2.815310416675104732e-01
-2.750492047203810242e-01
-3.232825691415091018e-01
-3.203114038523173779e-01
-2.700480255670281715e-01
-2.299600692509211064e-01
-2.166522087639534411e-01
-2.515936335230874454e-01
-2.101276409155287128e-01
-3.071436524677826352e-01
-3.769941628738348038e-01
-2.836048898928372752e-01
-4.830670070645444181e-01
-4.571365585211805693e-01
-4.341732663993545516e-01
-4.642578902085615633e-01
-3.628470233853346993e-01
-3.598479914745977837e-01
-3.809475802673947253e-01
-3.096411967899153628e-01
-3.451055968813354080e-01
-2.784601100119223349e-01
-1.852904974523471304e-01
-1.542846091988748780e-01
-1.510210898793217828e-02
6.569007242458626931e-03
1.684211135471251342e-01
1.592761482347459512e-01
1.433149926033329136e-01
1.689008986052457362e-01
-1.446269986517629558e-01
-2.146629595460110840e-01
-2.581020048116545729e-01
-3.876500029341004017e-01
-2.999936142012850637e-01
-3.486649822940923182e-01
-3.065429151693231935e-01
-2.865836445332058946e-01
-2.639044521672143651e-01
-1.699630398591246427e-01
-1.714222222002872165e-01
-1.778997842756696868e-01
-1.560461689812057406e-01
-1.702243968337516788e-01
-1.564767795824188734e-01
-1.683931355268764862e-01
-1.594102630253883546e-01
-1.595187751144355737e-01
-2.018796043589009548e-01
-1.972253661326996421e-01
-2.264728123879457822e-01
-2.210673759689769091e-01
-2.101813750170036244e-01
-2.234807901393997265e-01
-8.843256983102062985e-02
-1.600250285338702116e-01
-1.478252086571576751e-01
-1.265368547042328429e-01
-1.051358260181514542e-01
-1.003724831916037591e-01
-7.907100521945699401e-02
-6.477548980409297830e-02
-6.574053957569329920e-02
-4.232720052877883554e-02
-5.656790433883922276e-02
-9.389263976299924708e-02
-1.083139463232061922e-01
-2.086136100877363231e-01
-2.281748545220105562e-01
-2.095229455947414110e-01
-2.010590697664156046e-01
-1.811315517920874529e-01
-1.521370988983509753e-01
-1.505697691139317729e-01
-1.571269029227247149e-01
-1.546743510372044217e-01
-1.861126850970544755e-01
-2.006303136347674654e-01
-2.032543557247585009e-01
-2.370715484909687865e-01
-2.186774865910926513e-01
-1.941026312848451729e-01
-1.577964551611246991e-01
-3.283005301325242486e-02
3.869726970225256888e-03
2.378982973960906688e-01
2.616055778207405091e-01
3.074418393429399488e-01
3.104042397795428454e-01
2.512393433898663653e-01
1.856697515785430408e-01
-1.992722025477184633e-01
-2.207889774632361135e-01
-2.722007607334953061e-01
-3.276681958622441604e-01
-1.513347268233978526e-01
-1.691882948279063992e-01
-1.322774268120602004e-01
-1.488654200933651750e-01
-2.345864059640485333e-01
-2.430389410186323540e-01
-3.268451232017051677e-01
-3.508452672860895571e-01
-3.378074378014563339e-01
-3.741713544878262354e-01
-3.665708340770621465e-01
-3.676062825529217704e-01
-3.653311098050481820e-01
-3.230601931935347393e-01
-3.230269000764628418e-01
-2.906582852297713293e-01
-2.601146032186230084e-01
-1.886661379349186818e-01
-1.481388339985837133e-01
-9.869350215046691910e-02
-5.342492832510593176e-02
-3.813410808107568079e-02
-1.712429646341607353e-02
-2.917693850116828691e-02
-2.747164924040512018e-02
-6.894212363452227599e-02
-1.496037272738309776e-01
-1.690936223622760970e-01
-2.626157235172325577e-01
-3.594282289420837606e-01
-4.130185994318795739e-01
-4.455723391255955734e-01
-4.592947868118170129e-01
-4.364902081300759962e-01
-4.361045965980420713e-01
-4.321956415694736542e-01
-4.035111312352505086e-01
-3.697335004254184154e-01
-3.036579597546922304e-01
-2.108921578604354141e-01
-1.873391307270564909e-01
-1.585114042564686465e-01
-1.101243840364640597e-01
-2.035209849855903197e-01
-1.888060858994677071e-01
-2.555195118607332394e-01
-4.206401271555377241e-01
-4.194359313694128732e-01
-4.797593497301042564e-01
-4.529823872489748271e-01
-3.629483123934286737e-01
-3.492996521204899674e-01
-2.967201542789389412e-01
-2.689409221970431307e-01
-2.603441757245358867e-01
-2.374241974620280304e-01
-2.301734576023507783e-01
-2.179929499558836969e-01
-2.018403945813818101e-01
-1.956410349656395042e-01
-1.758059994785256541e-01
-1.645702651467521871e-01
-1.490062344023867780e-01
-1.261918765961971001e-01
-1.163187222564111140e-01
-9.126941288284362575e-02
-8.239573314998242803e-02
-6.643392471058126580e-02
-5.188356150421229857e-02
-4.440992796691608374e-02
-2.813933671831529357e-02
-2.214492597317701400e-02
-9.017256372770029657e-03
2.171303447371194205e-03
9.603249753212150103e-03
2.986498572044200481e-02
3.915727511632870195e-02
4.972874415925239433e-02
6.565250641118346164e-02
6.643118727377242405e-02
8.063334391684368052e-02
8.201217362680970902e-02
7.770727288855695802e-02
7.965557798356953656e-02
5.243500987364341920e-02
4.512734505776953842e-02
2.742075458326480308e-02
3.133035908775469561e-05
-9.766055971238495059e-03
-4.185990039148165809e-02
-6.741735899418574429e-02
-9.149892289058682293e-02
-6.388272292780237081e-03
7.737525673654604974e-02
1.792688810018329137e-01
1.682708961771194056e-01
1.503103645047807468e-01
1.304301916546523610e-01
8.039299315874388896e-02
6.992035470835009092e-02
3.109345507490004351e-02
-1.047030538666967811e-02
-2.156220406814713178e-02
-1.129929283235707460e-01
-1.198454389446275692e-01
-1.108060742979131846e-01
-1.341579595076233256e-01
-1.271054131593390424e-01
-1.223973765913964062e-01
-1.217118621891341151e-01
-1.168299854149554007e-01
-8.273986850561525219e-02
-8.061850250126562090e-02
-7.529531670832423362e-02
-6.506293470409232893e-02
-6.544988880127639019e-02
-6.094543516713100961e-02
-5.865344631041076451e-02
-5.818695030073696428e-02
-5.639048627039130318e-02
-5.596376103569287302e-02
-5.571032692386897883e-02
-5.558681086055008297e-02
-5.536977392316440316e-02
-5.651366772137027955e-02
-5.679036152067714477e-02
-5.718419743121132964e-02
-6.134649806981141290e-02
-5.969673278272072392e-02
-6.521020308399261278e-02
-7.235954317595780227e-02
-6.586503811172389478e-02
-9.140229731640985011e-02
-8.585130322728184993e-02
-7.374486932534823902e-02
-6.454469207551995213e-02
-1.834738526976273029e-02
-9.446120162348345395e-03
2.389855430468536268e-02
7.210559112521662539e-02
7.955940674525291412e-02
1.640388293965744926e-01
1.712827942374999801e-01
1.825519531746480073e-01
2.101056810666324659e-01
2.202499678196615518e-01
2.317763284040423033e-01
2.476354509190334119e-01
2.460185059682112596e-01
2.591705573543356400e-01
2.630982740318261182e-01
2.753484614895080895e-01
2.962264748557921212e-01
2.984926437941329280e-01
3.437204438309903742e-01
3.445680423350935273e-01
3.494547744772850684e-01
3.615346074263449672e-01
3.600430957657584363e-01
3.646872730056012202e-01
3.669831199694145174e-01
3.670951522873197592e-01
3.690296563614954284e-01
3.693209459457225674e-01
3.697365679799329286e-01
3.702991070806726515e-01
3.703546877306950202e-01
3.705770904364953933e-01
3.707126749205937877e-01
3.707196855363003585e-01
3.707624015790422778e-01
3.708168362115861205e-01
3.706564198128955989e-01
3.706751511744446614e-01
3.706330188219680855e-01
3.700556811023801851e-01
3.704436215815063438e-01
3.695512021749742804e-01
3.685948797342056826e-01
3.699111978441408932e-01
3.652691674294043511e-01
3.666649044017135095e-01
3.664493247726978709e-01
3.524725525704271445e-01
3.674525561331665191e-01
3.440578414433164700e-01
3.222905505784968150e-01
3.375962201247585948e-01
