1.235333139812456738e+00
1.287290483948380748e+00
1.255975169879405939e+00
1.255659085952373744e+00
1.204596921260729259e+00
1.209222043216604980e+00
1.213380322952263946e+00
1.201042391343671412e+00
1.206081487260645346e+00
1.203461495862845787e+00
1.201583628723476016e+00
1.202802916802341970e+00
1.201362113881448312e+00
1.201375931511821316e+00
1.201371676254447074e+00
1.200944302844388467e+00
1.200985786997885052e+00
1.200831205187040007e+00
1.200700746150191067e+00
1.200546652324656627e+00
1.200434281479306309e+00
1.200165874185973980e+00
1.199734185710937151e+00
1.199670424822939729e+00
1.198510684565563533e+00
1.197924057068578962e+00
1.197417230155374268e+00
1.193404614017170795e+00
1.194247589160294165e+00
1.189057127072172371e+00
1.179902928934228434e+00
1.186549885661681403e+00
1.156933570549092627e+00
1.153355399724540487e+00
1.157533045824509665e+00
1.039798286739770816e+00
1.050980260255581777e+00
1.020468409905856744e+00
1.072818823238253172e+00
1.110592237750331224e+00
1.159714541409460731e+00
1.443851158869730700e+00
1.437925392595284624e+00
1.690716435923673044e+00
1.824717634695422142e+00
1.883100809258975827e+00
2.682639152669729299e+00
2.978399822372992833e+00
3.379359087900374536e+00
4.175306669118756808e+00
4.314075967870944162e+00
4.703491344566959498e+00
4.748763693778869310e+00
4.846892315986018218e+00
4.974123350627955631e+00
5.016337588759011368e+00
5.226725148070405780e+00
5.179148996903855107e+00
6.103483672276158067e+00
6.309132160931381961e+00
6.492859195839399078e+00
6.755657999383586798e+00
6.772079247634501975e+00
6.912170215655303984e+00
6.991954930696702597e+00
6.965852767733560214e+00
7.094407595311490233e+00
7.052884134662275706e+00
7.053297563272777460e+00
7.097459385182130376e+00
6.959914608062143238e+00
6.980527677096445949e+00
6.885217502297300562e+00
6.718972750306622110e+00
6.684473436173965943e+00
6.666244202528237572e+00
6.604492502963122291e+00
6.578356650661459248e+00
6.522485443115000336e+00
6.467142012944427698e+00
6.424260707808898019e+00
6.329097950304938713e+00
6.260913671958509674e+00
6.185807220606570844e+00
6.085353033047324445e+00
6.017707328256273414e+00
5.926167461194860486e+00
5.818113465180519306e+00
5.740515304895236426e+00
5.563262598274448578e+00
5.421949781560738479e+00
5.269337894511065379e+00
5.049074531508689567e+00
4.873218513819864484e+00
4.647354202077027097e+00
3.552053893029963660e+00
3.255675649896348389e+00
2.822587981736993434e+00
2.126063083009047006e+00
2.100840067978287262e+00
1.454919620058016783e+00
1.420830919573073281e+00
1.393336561491154812e+00
9.749666259487228537e-01
1.206624968177177903e+00
9.362465095642025226e-01
9.480690289907790502e-01
3.197981695823393089e+00
3.428110087461439193e+00
3.410676399141553183e+00
3.744433648430325334e+00
3.422719971113584503e+00
3.533139934049009501e+00
3.864616487430294178e+00
4.370351555334957894e+00
4.401793672842946314e+00
4.735602312260961178e+00
4.972684999187779731e+00
5.479035869528759761e+00
6.037578857468111515e+00
6.134329474022487183e+00
6.178902193166651458e+00
6.121688453771791494e+00
6.075581262781833303e+00
5.886246121848440538e+00
5.684616436118771432e+00
5.556828237097017897e+00
5.409648553562296236e+00
5.220058338458471781e+00
5.107760591438940345e+00
4.913744857803381549e+00
4.762191321808260547e+00
4.734336588231281340e+00
4.588349271425591347e+00
4.583021972429630608e+00
4.573791923648300894e+00
4.530958654251958428e+00
4.647442583615267075e+00
4.910932510018754193e+00
5.031611155163504101e+00
5.189997589872842987e+00
5.322311889581567534e+00
5.443196735194027802e+00
5.583390566187629744e+00
5.701109814955737320e+00
5.805026656364112192e+00
5.871602186133501711e+00
5.931486864876549525e+00
5.966058732049270397e+00
5.949939438703977679e+00
5.949342816688051983e+00
5.939054430396439876e+00
5.888019222529010221e+00
5.848590896659902505e+00
5.768889020916049937e+00
5.627168696733931164e+00
5.357246727863261171e+00
3.969692221846480074e+00
3.593364780964912075e+00
3.105493682362042041e+00
1.980571077493544996e+00
1.789263484241086832e+00
2.009069950350330203e+00
1.476108444690583443e+00
1.662606079705992501e+00
2.326747018402212763e+00
2.326314270568758058e+00
3.856152307988243599e+00
4.044864003383652928e+00
3.062710429636719578e+00
3.277924703650336280e+00
2.961772648892239790e+00
1.756856170458559241e+00
2.127326134311348316e+00
1.769942448871013818e+00
1.815843681841510460e+00
3.874173771110668518e+00
3.850300087467558363e+00
5.486193564491657071e+00
5.462337888009717091e+00
4.979516700791476680e+00
5.209415698795597294e+00
4.647965365253727832e+00
4.633985179529147125e+00
5.500172274605437117e+00
5.371112611550969973e+00
5.682292209917664039e+00
5.697960813269329350e+00
5.300589038931943442e+00
5.214326989167803461e+00
4.774889727082162416e+00
4.228957479646963336e+00
3.668921400457958004e+00
2.681196572496301389e+00
1.971135562344372483e+00
1.726894586289260181e+00
1.528881911255473014e+00
1.393158815066193323e+00
1.320459376466415646e+00
1.563501680762616308e+00
3.345979707489534327e+00
4.621520573512028385e+00
4.800761512236523032e+00
5.097135656228263478e+00
4.979637021924984808e+00
5.062797608719971976e+00
5.080356315599193984e+00
5.131716780587368021e+00
5.854210037730048555e+00
5.962656885298729392e+00
5.958628971363609139e+00
6.086592433344163666e+00
6.094692814221413180e+00
6.119492469168163140e+00
6.215281629675361685e+00
6.152185423999076974e+00
6.219601231414639386e+00
6.212798784711846878e+00
6.139365022641204206e+00
6.172535134856321548e+00
6.003845449784331656e+00
5.955380974829997065e+00
5.870883189795256918e+00
5.868410700518845502e+00
5.748428549549423394e+00
5.682365668858143870e+00
5.619559976331308881e+00
5.467086067001300620e+00
5.387572520440590651e+00
5.229693032289518762e+00
5.075395185464127046e+00
5.241040784138760067e+00
5.118047688014057961e+00
5.163623156318085883e+00
5.385626226790542148e+00
5.548184718528662351e+00
5.866994333271891016e+00
6.079831280312172126e+00
6.204161942551448483e+00
6.634107152411842456e+00
6.659565215164405139e+00
6.733377654538764467e+00
6.751778225150986579e+00
6.755904128644072415e+00
6.793933465680257910e+00
6.787952741452728311e+00
6.802184233556324067e+00
6.819342748063155213e+00
6.809891142194318903e+00
6.827484688054421547e+00
6.829436503247404922e+00
6.818820412258509656e+00
6.838917376171917084e+00
6.816172762757396697e+00
6.803232322227438900e+00
6.787610707990875625e+00
6.729642398875589571e+00
6.726098215660159418e+00
6.669325692764398461e+00
6.637691633793969537e+00
6.614800634598777762e+00
6.520546808586434651e+00
6.485517171557813931e+00
6.291701807810227365e+00
6.136797953291713625e+00
5.965010287315309689e+00
5.652617339228199533e+00
5.520337736786582461e+00
5.261008678305564068e+00
5.000047408014475003e+00
4.850606909493706986e+00
4.388646771253309709e+00
4.289093543245389384e+00
4.237151580702478881e+00
4.002446450351861529e+00
3.913147874166482243e+00
3.783023431812874371e+00
3.544182462512576404e+00
3.650129039152065769e+00
3.583773300813168916e+00
3.985980790320134304e+00
4.504158429194866642e+00
4.601022642299051668e+00
5.023025894540094960e+00
5.092712278279304172e+00
6.068844442462661526e+00
6.305897894660969172e+00
6.450477059432841109e+00
6.676455381743421569e+00
6.697322688924707279e+00
6.733879399605151583e+00
6.747785227285562293e+00
6.741805977044709408e+00
6.750294547054641825e+00
6.745464913781575866e+00
6.735309126832375703e+00
6.730624225440151598e+00
6.723047382210605605e+00
6.695920732001298781e+00
6.688723468264618610e+00
6.654264881810983745e+00
6.597016583117518707e+00
6.558300170507744831e+00
6.207938800221614706e+00
6.076369353473138446e+00
5.742813551872306910e+00
5.560178906976111612e+00
5.381270503668482696e+00
4.969571109760784644e+00
4.916921142035070247e+00
4.999679690485829830e+00
4.955134978344221786e+00
4.973944925564052433e+00
4.950996585155273522e+00
4.934530808326791806e+00
4.934968180311822827e+00
4.914732239318491125e+00
4.905104127324875662e+00
4.902492435591628173e+00
4.906413046113232035e+00
4.815104952221092027e+00
4.688045279316090053e+00
4.796482536279111919e+00
4.523634248456306572e+00
4.537052359742063778e+00
4.474284809704210275e+00
4.266439362821126124e+00
4.336048462156898431e+00
4.107139385128910192e+00
3.982987518422973938e+00
3.990983941904743926e+00
3.493189466745508120e+00
3.490706162915318433e+00
3.721141605876229441e+00
3.941817864998264476e+00
4.909073529333237040e+00
4.953182415036340380e+00
5.342389346537492756e+00
5.536160587238981634e+00
5.476240253737670649e+00
5.415838390599924779e+00
5.489184678122350114e+00
5.193991985616855267e+00
5.257091177134761040e+00
6.042938085380736624e+00
6.132913119110071420e+00
6.284946180425901474e+00
6.362340302567451644e+00
6.443727307536614823e+00
6.535782538565270805e+00
6.570229113034847579e+00
6.646332652103975391e+00
6.667407211273408407e+00
6.695751113200263838e+00
6.731267611125280048e+00
6.712499943089746068e+00
6.735993262362002909e+00
6.711227590393157527e+00
6.694397050772459501e+00
6.704665974228185554e+00
6.646822537827810073e+00
6.644378259369242201e+00
6.588711542245691888e+00
6.506275430521837322e+00
6.458093290123932739e+00
6.297577571710052169e+00
6.201719676802970760e+00
6.038062473230774607e+00
5.725847853018871447e+00
5.619110460574528787e+00
5.468898834988504376e+00
5.335070166963013172e+00
5.227497853011159989e+00
5.093490382110381631e+00
4.988137714356992269e+00
4.924096877564267061e+00
4.848482365878389544e+00
4.811850785183221291e+00
4.755369412602202139e+00
4.710099827940336326e+00
4.666893079246192677e+00
4.612050744614354159e+00
4.571792377448989697e+00
4.508732217542481102e+00
4.459619444197238991e+00
4.391731535198431402e+00
4.302288646866153421e+00
4.191050752718552985e+00
4.002812116660511954e+00
3.878993759070818559e+00
3.632269874797136922e+00
3.581995731874503708e+00
3.737632633786807546e+00
3.715373482888091328e+00
3.855948215482623453e+00
4.090100915778918100e+00
4.130438436639018995e+00
4.284255766240462115e+00
4.352052843643557267e+00
4.393507151800049471e+00
4.438242381832110617e+00
4.441560305088469107e+00
4.467838777851919296e+00
4.486684718235197877e+00
4.491543525265656811e+00
4.520634637332269001e+00
4.533923180922866614e+00
4.548140547037313297e+00
4.593070899905604243e+00
4.600972654524786876e+00
4.649666895234347841e+00
4.711045607636039634e+00
4.715726428225993416e+00
4.832254271892628239e+00
4.821412845191879626e+00
4.756532939939123850e+00
4.777279165174107334e+00
4.661471029175416447e+00
4.625957078235217956e+00
4.519554243119007886e+00
4.239836968979044940e+00
4.141107303933349471e+00
3.910415762311815424e+00
3.759253320041814117e+00
3.579116691681423656e+00
3.352486627591843682e+00
3.251578064674189861e+00
2.912463220068755465e+00
2.801977320929708526e+00
2.703283201006934977e+00
2.566765164065119453e+00
2.490095676625747600e+00
2.415478711293356451e+00
2.321396046507393063e+00
2.202377501374473745e+00
2.173722398777988118e+00
1.962234415393169895e+00
1.949083121873801172e+00
1.901415248443223849e+00
1.834877677067334290e+00
1.808506115833909744e+00
1.778467072847903285e+00
1.717738521096309423e+00
1.667086086169325299e+00
1.653436644633081043e+00
1.468064620435291623e+00
1.453199521773076652e+00
1.404738850721789944e+00
1.317835335915361616e+00
1.315401271702311359e+00
1.249638557695847085e+00
1.246662097631725308e+00
1.238449961193722970e+00
1.220560774072956267e+00
1.221277997060608023e+00
1.214383970166273974e+00
1.210381459952856176e+00
1.209679953642027295e+00
1.206736558737433462e+00
1.205387710952375624e+00
1.205006864699609714e+00
1.203122743453161947e+00
1.201916018934420016e+00
1.202873254073170139e+00
1.197577194564343417e+00
1.199147568006712516e+00
1.198820455527047857e+00
1.183149073067925494e+00
1.201141873528369208e+00
1.175748581020218397e+00
1.155947554221895546e+00
1.215437507424909080e+00
1.070667675272605202e+00
1.165019018921954697e+00
1.231114613771373767e+00
