9.354890721910091855e-01
9.924599668129955310e-01
9.581254070585077942e-01
9.577786097383217401e-01
9.017957307306532222e-01
9.068671382560685723e-01
9.114265935876076918e-01
8.978981463483420855e-01
9.034234763152310110e-01
9.005506758721019134e-01
8.984916089779703130e-01
8.998285489909064738e-01
8.982487196551761643e-01
8.982638705807449719e-01
8.982592047237193400e-01
8.977905930623114594e-01
8.978360801179740003e-01
8.976665823497490537e-01
8.975235350179199267e-01
8.973545723218402381e-01
8.972313585530510283e-01
8.969370520175902195e-01
8.964637089205781395e-01
8.963937955966462257e-01
8.951221493125772755e-01
8.944789167681094222e-01
8.939231849507970340e-01
8.895233821767797311e-01
8.904476979461924957e-01
8.847563961353072104e-01
8.747188881918598335e-01
8.820072251872114188e-01
8.495331631537436090e-01
8.456096685216365483e-01
8.501904792418999435e-01
7.210891254159559338e-01
7.333501023893123083e-01
6.998939851254862843e-01
7.572958112328586067e-01
7.987142806183611388e-01
8.525765835672918236e-01
1.164132046405924825e+00
1.157634383944502687e+00
1.434817672621707230e+00
1.581749734918103334e+00
1.645766690558323919e+00
2.522449518971374260e+00
2.846748432954148811e+00
3.286396681412044440e+00
4.159146416116723088e+00
4.311305710764013810e+00
4.738295151359712243e+00
4.787936271679233968e+00
4.895533903240472107e+00
5.035041660074897507e+00
5.081329792995481043e+00
5.312019762157061287e+00
5.259853426255614472e+00
6.273378338921059338e+00
6.498868519945483868e+00
6.700317455676810141e+00
6.988476873801427125e+00
7.006480433692240162e+00
7.160075371140587563e+00
7.247557046287686155e+00
7.218941506340176062e+00
7.359898072562722326e+00
7.314365211728204308e+00
7.314821368798679835e+00
7.363243365754986058e+00
7.212433165023483639e+00
7.235040766420283376e+00
7.130537936130804333e+00
6.948252124883779857e+00
6.910421772788784445e+00
6.890410880934839000e+00
6.822702864757864027e+00
6.794052414899221404e+00
6.732790064979893074e+00
6.672105039747372679e+00
6.625087018842357622e+00
6.520756650573875213e+00
6.445993802676932560e+00
6.363638154077423614e+00
6.253490909022819899e+00
6.179324559077155499e+00
6.078954245075291141e+00
5.960475750696953234e+00
5.875386244449206430e+00
5.681026199554313649e+00
5.526082005680201803e+00
5.358744640038788809e+00
5.117225672774470269e+00
4.924401274652216109e+00
4.676742949883601064e+00
3.475755729208777289e+00
3.150779565235330093e+00
2.675901749450135814e+00
1.912167703272348085e+00
1.884510860800507892e+00
1.176267015236954538e+00
1.138888939414675283e+00
1.108741587431220532e+00
6.500022375242278105e-01
9.040145505785526225e-01
6.075466230194047634e-01
6.205094256937163655e-01
3.087516241204629530e+00
3.339849377101954619e+00
3.320734652678452914e+00
3.686697514019502631e+00
3.333941673289078089e+00
3.455016626102630717e+00
3.818477573434010175e+00
4.373011326689289824e+00
4.407488346358801046e+00
4.773507826110092722e+00
5.033466833747912261e+00
5.588674892401245486e+00
6.201108238670580697e+00
6.307192875592974701e+00
6.356064280159456459e+00
6.293327191839306778e+00
6.242775191922589784e+00
6.035171716053579161e+00
5.814088311508578855e+00
5.673964546698401001e+00
5.512583765652901313e+00
5.304700719538459452e+00
5.181574065664586115e+00
4.968849062634671299e+00
4.802674071934735167e+00
4.772117644210632115e+00
4.612043672684293050e+00
4.606212295412528412e+00
4.596088052459188944e+00
4.549113666307535553e+00
4.676832417544622977e+00
4.965756363416019781e+00
5.098080439561358368e+00
5.271748975759337874e+00
5.416829521687074767e+00
5.549384150507743918e+00
5.703103410721110933e+00
5.832174662246018215e+00
5.946115149882725603e+00
6.019114034750464803e+00
6.084774702786417855e+00
6.122672458264725392e+00
6.105010440625014745e+00
6.104355367167069168e+00
6.093073247650350410e+00
6.037112350725527321e+00
5.993885409219290139e+00
5.906497250154987277e+00
5.751104894297215608e+00
5.455136705106562900e+00
3.933692070534573038e+00
3.521052577829811625e+00
2.986106329725788378e+00
1.752639710336001855e+00
1.542872076001440051e+00
1.783886849521140183e+00
1.199499495870858912e+00
1.403992945472192444e+00
2.132216511860693942e+00
2.131741180652222400e+00
3.809194841383675367e+00
4.016115744887655659e+00
2.939193245070035321e+00
3.175173791746128682e+00
2.828515606868327037e+00
1.507336650647476128e+00
1.913554765288403958e+00
1.521686366202182894e+00
1.572016564074235623e+00
3.828957000000982713e+00
3.802778714779166069e+00
5.596518590526940784e+00
5.570360878828233275e+00
5.040952946227576170e+00
5.293037110303050241e+00
4.677416988933841502e+00
4.662087507960320565e+00
5.611848941426393012e+00
5.470334117954896769e+00
5.811540134496238075e+00
5.828719080591616475e+00
5.393001560716006892e+00
5.298414954062581117e+00
4.816583426849825322e+00
4.217976763029150256e+00
3.603900933611145607e+00
2.520869448523177958e+00
1.742296092725086787e+00
1.474486979600183600e+00
1.257366093154325570e+00
1.108547480897104975e+00
1.028833080379382148e+00
1.295326601128401034e+00
3.249795670622672272e+00
4.648414810347362369e+00
4.844951708445889516e+00
5.169921310546434334e+00
5.041085880062431634e+00
5.132272543097940343e+00
5.151529355089083495e+00
5.207844654633305481e+00
6.000043964104161631e+00
6.118956582715629366e+00
6.114543384830750661e+00
6.254851025049573465e+00
6.263729338491220489e+00
6.290920040232000687e+00
6.395949850620668897e+00
6.326767746553394467e+00
6.400687656043144713e+00
6.393231033240751593e+00
6.312715250671398159e+00
6.349086724314697783e+00
6.164123702979609654e+00
6.110982444608850095e+00
6.018321615684704362e+00
6.015605934588834636e+00
5.884055035095047792e+00
5.811617593856237995e+00
5.742748065799569090e+00
5.575566115819797552e+00
5.488392992078444443e+00
5.315282441666598245e+00
5.146087537629938424e+00
5.327714351162759598e+00
5.192854947813537514e+00
5.242829382302844898e+00
5.486253759230163674e+00
5.664493823055276600e+00
6.014065064818788109e+00
6.247439283118723097e+00
6.383766899261093641e+00
6.855200800224534596e+00
6.883114701587384587e+00
6.964013167142364402e+00
6.984188111067546778e+00
6.988713470352069024e+00
7.030412346303042348e+00
7.023854528126421748e+00
7.039459249903727844e+00
7.058273429263270948e+00
7.047909816027335239e+00
7.067201003924197700e+00
7.069341154291110207e+00
7.057700692065619563e+00
7.079732930870067165e+00
7.054791171022428031e+00
7.040621876550440916e+00
7.023494860411439333e+00
6.959937986617055650e+00
6.956051816944754940e+00
6.893801181668059108e+00
6.859120207647587009e+00
6.834017972783204442e+00
6.730672936296411279e+00
6.692255898727587748e+00
6.479747123385404706e+00
6.309907701547912140e+00
6.121547126191125621e+00
5.779000865686416688e+00
5.633959489448336910e+00
5.349611134518432287e+00
5.063471478220275657e+00
4.899610648044520289e+00
4.393073668891767980e+00
4.283914168350280605e+00
4.226959139470729987e+00
3.969606560782302118e+00
3.871691578613560392e+00
3.729011224444962025e+00
3.467124223164642416e+00
3.583293974692804529e+00
3.510535653798011246e+00
3.951552599334787530e+00
4.519729536085439925e+00
4.625941381058972901e+00
5.088665576334289398e+00
5.165075823323722837e+00
6.235398446243353376e+00
6.495319964318378325e+00
6.653847300783059637e+00
6.901629442419536353e+00
6.924508590982004996e+00
6.964569816751223996e+00
6.979818067527648218e+00
6.973265697338510982e+00
6.982573349152386477e+00
6.977277693365627975e+00
6.966141950983996800e+00
6.961004992592872753e+00
6.952697042190577825e+00
6.922952878600057147e+00
6.915060114024955240e+00
6.877276420336728258e+00
6.814525658350983228e+00
6.772074149279409205e+00
6.387910357035686104e+00
6.243648332978295912e+00
5.877903521496541828e+00
5.677645058489449781e+00
5.481475463149754646e+00
5.030052697375860582e+00
4.972322491929393351e+00
5.063063965918324527e+00
5.014218412727839969e+00
5.034843286598503553e+00
5.009681461995616480e+00
4.991626864179358414e+00
4.992106439201423385e+00
4.969918309792029198e+00
4.959361237922498056e+00
4.956497386201967892e+00
4.960795866118093755e+00
4.860679485005928946e+00
4.721359276930089166e+00
4.840258852629488295e+00
4.541084749738921289e+00
4.555797605697171626e+00
4.486973469207899079e+00
4.259072533193537957e+00
4.335398375936981630e+00
4.084401331261725332e+00
3.948270082069877507e+00
3.957038814243480918e+00
3.411213503309983519e+00
3.408490418324205073e+00
3.661159368101260636e+00
3.903128657360933396e+00
4.963715426419470056e+00
5.012080192644980947e+00
5.438842076734710318e+00
5.651310406290957822e+00
5.585603714137488573e+00
5.519374035607447659e+00
5.599799311602430940e+00
5.276129716936662106e+00
5.345316954082553806e+00
6.206988161533324444e+00
6.305644855955513606e+00
6.472348689714369385e+00
6.557208372815054531e+00
6.646440835293999427e+00
6.747375302479026615e+00
6.785146179776107012e+00
6.868590281662973140e+00
6.891698919623883590e+00
6.922774934458580276e+00
6.961716817270684032e+00
6.941143826032125652e+00
6.966906137679514721e+00
6.939754137304574577e+00
6.921299579888450459e+00
6.932557062374506529e+00
6.869132065107192098e+00
6.866451662318348248e+00
6.805411086085774386e+00
6.715018873396914501e+00
6.662191264246655642e+00
6.486190466169000857e+00
6.381088369010676331e+00
6.201649916021144016e+00
5.859296669526599111e+00
5.742246717745510765e+00
5.577539190649138057e+00
5.430807556396906932e+00
5.312873205014952305e+00
5.165939607599960404e+00
5.050424252716047668e+00
4.980191572030047809e+00
4.897276724160325223e+00
4.857107819593860398e+00
4.795179121519900889e+00
4.745541369660827513e+00
4.698165501595401139e+00
4.638031302924022548e+00
4.593888312557928622e+00
4.524746739886280622e+00
4.470897279448267980e+00
4.396459405755325456e+00
4.298385290405586368e+00
4.176409503221282016e+00
3.970012139495534775e+00
3.834245988014709283e+00
3.563711924282059851e+00
3.508586416484642534e+00
3.679240602036204510e+00
3.654834336187914534e+00
3.808973504208366112e+00
4.065719568523154415e+00
4.109948989239444295e+00
4.278607890898512345e+00
4.352946774306079902e+00
4.398400938401903382e+00
4.447453030384240336e+00
4.451091290159591374e+00
4.479905433695710926e+00
4.500569862567401103e+00
4.505897507155053106e+00
4.537795688082773893e+00
4.552366474058510804e+00
4.567955706797219406e+00
4.617221493600328408e+00
4.625885706845666689e+00
4.679278567755726037e+00
4.746579475469925313e+00
4.751711653567713967e+00
4.879482337686524396e+00
4.867594986071273055e+00
4.796455279764168189e+00
4.819203356379371250e+00
4.692220624796964223e+00
4.653278507372841766e+00
4.536608045361743002e+00
4.229902030899966192e+00
4.121646383038313211e+00
3.868696020833150673e+00
3.702947563986132007e+00
3.505429134646194100e+00
3.256931430643555281e+00
3.146286422748129752e+00
2.774454873852871373e+00
2.653307723860589551e+00
2.545089466950940071e+00
2.395398488060340725e+00
2.311330983993229449e+00
2.229514054650683974e+00
2.126353135376336301e+00
1.995850707292849746e+00
1.964430724755934277e+00
1.732539367228128846e+00
1.718118828673777854e+00
1.665851136889703987e+00
1.592893200961390754e+00
1.563976986632971133e+00
1.531039406733337493e+00
1.464451016203089040e+00
1.408911289075839512e+00
1.393944975134680853e+00
1.190681140987557507e+00
1.174381535135043952e+00
1.121244393841464237e+00
1.025955460040210987e+00
1.023286538247141886e+00
9.511818112454278884e-01
9.479180943154218442e-01
9.389135279496024777e-01
9.192981716812876902e-01
9.200846011781472766e-01
9.125253536425942391e-01
9.081366319374798435e-01
9.073674356560340604e-01
9.041400257518174000e-01
9.026610245162091095e-01
9.022434295253901615e-01
9.001775050508861176e-01
8.988543408851227268e-01
8.999039418620914388e-01
8.940968532905130273e-01
8.958187557077906815e-01
8.954600793864390118e-01
8.782765288943176207e-01
8.980054963937188495e-01
8.701619462083279855e-01
8.484502724187080736e-01
9.136802889700639252e-01
7.549440882690386934e-01
8.584049480070721216e-01
9.308762669740593410e-01
