8.014816901212700731e-04
8.423256126165022282e-04
5.789739626245612135e-04
2.704183777420841655e-04
1.230076932290176785e-03
1.515258892849621506e-03
2.730597968997471644e-03
3.017643184404617419e-03
3.400693357989771713e-03
3.809220732375638747e-03
3.933336757362222366e-03
4.147041879734318127e-03
4.275655537386329613e-03
4.350448005872692772e-03
4.440954452992545813e-03
4.485988969275286550e-03
4.525280344798572954e-03
4.557803802515717102e-03
4.574968945876096635e-03
4.589218946723448711e-03
4.597265026879906839e-03
4.599499441114627413e-03
4.594862221981603143e-03
4.590567254867721804e-03
4.573932515963396311e-03
4.549795897654392365e-03
4.533616490765992810e-03
4.471700451075782089e-03
4.431682543531370241e-03
4.375317108365918764e-03
4.206233901983880141e-03
4.189402382675322910e-03
3.935821475494229865e-03
3.619233754616191494e-03
3.692072938103426339e-03
2.719303892349524306e-03
2.941610816941202938e-03
2.672014928326148925e-03
2.743564130254289111e-03
3.027597973318988268e-03
2.945811060537649115e-03
4.092695207708546036e-03
4.197920808398063718e-03
4.984180118783174650e-03
5.967637079196218622e-03
6.131408582438008063e-03
8.364506966457740944e-03
1.128611692964454419e-02
1.237071688521708401e-02
2.135412997531425591e-02
2.239824382466458486e-02
2.528034421970407411e-02
2.782722910575436900e-02
2.895611815330678337e-02
2.830126446066045034e-02
2.909643370764174522e-02
2.994844996402494866e-02
2.895002589252302846e-02
3.010568425291788169e-02
3.080797054103093235e-02
2.802688561265434530e-02
3.254439589491686657e-02
2.829039725118560542e-02
2.376400786113303312e-02
2.353126499851588768e-02
1.264974692891592326e-02
1.144380063062505962e-02
6.690842242891991039e-03
1.127274942922988762e-03
-2.806567732723634634e-04
-5.148463460028443114e-03
-6.443054192345135621e-03
-8.400762885579827338e-03
-1.156409757616241180e-02
-1.203117990548826892e-02
-1.572913535690689465e-02
-1.662659892159801950e-02
-1.799687326357922793e-02
-2.015513935852082661e-02
-2.044694053680052442e-02
-2.144344988585118392e-02
-2.084655772310968144e-02
-2.036840511792313915e-02
-1.779477889814934377e-02
-1.410857644044779917e-02
-1.091434946731803871e-02
-4.108841949635904864e-03
-2.967087769906759202e-03
-3.034780453309207822e-03
-6.589700939833819911e-04
-8.106214465036024053e-03
-8.148853765442613112e-03
-9.830748955788611715e-03
-1.803641064471176239e-02
-1.716511366127001365e-02
-1.768813473595258132e-02
-1.925984217069472842e-02
-1.731575236105893645e-02
-2.019265788481400953e-02
-1.636948311732682251e-02
-1.112208541702857864e-02
-1.033284072112046828e-02
-3.055074327515651823e-03
-1.664668775730861064e-03
-3.525927586969636405e-04
2.877821617803039220e-03
2.324855077657366886e-03
2.129880607700770576e-03
2.511671080309387221e-03
3.816974345974382277e-03
5.523647822483638940e-03
2.938237106785800915e-03
5.610172103870169485e-03
2.388029868752823432e-03
-2.965118424824999058e-03
-3.527907221991813651e-03
-7.272195683650201949e-03
-7.476910606483043280e-03
-6.139684327531596750e-03
-4.821300318638225765e-03
-1.070208862601250638e-03
-4.346812096466435454e-04
9.235096448934497959e-05
-7.819887704237401659e-04
-7.018596743315478389e-04
-1.432960873484898610e-03
-2.464165880768281591e-03
-1.213540027661460293e-03
-9.948585769841214455e-04
6.717911033459767096e-03
7.699037739996111851e-03
1.234773085720012459e-02
1.459421595036839749e-02
1.582797656859247573e-02
1.684970315550955375e-02
1.436290763599907053e-02
1.349003726821896426e-02
1.204372102850516379e-02
7.584394256783555735e-03
4.911270768114271539e-03
4.726759752059397478e-04
-1.005234340382720262e-02
-1.362622232196482840e-02
-2.474959344263006830e-02
-3.057824813308495857e-02
-3.890842042783509980e-02
-4.900428661472538971e-02
-5.641073419442968473e-02
-6.348603183093673441e-02
-6.701534073894120647e-02
-6.846587073205633034e-02
-7.025787129860776303e-02
-7.223315150251427563e-02
-7.364049875978798121e-02
-7.434988981748660852e-02
-7.636651808629239813e-02
-7.647646419304687804e-02
-7.815319689589671215e-02
-8.052158446780303958e-02
-8.192835164033458739e-02
-8.274836225181671223e-02
-8.305957959049357908e-02
-8.546090181230911464e-02
-8.345669892493179365e-02
-8.660422274051041147e-02
-8.844746759383186052e-02
-8.467664337821097231e-02
-9.259298995608486460e-02
-9.282126701092725807e-02
-9.810988066706295696e-02
-1.149565052332585519e-01
-1.173349357098552176e-01
-1.376385965608840356e-01
-1.384983312725638627e-01
-1.461001304606589501e-01
-1.485063860449462869e-01
-1.407039046470106025e-01
-1.458435549630893169e-01
-1.348583758957024592e-01
-1.294789712536514315e-01
-1.235858950513566840e-01
-9.896659539592397858e-02
-9.041804855716900624e-02
-8.453778766272299072e-02
-7.186633361156531674e-02
-7.388013957927076769e-02
-5.971289317812106257e-02
-5.573976337952672722e-02
-5.078259760227216146e-02
-3.978395062711775204e-02
-3.959836145616890679e-02
-3.660483585159080705e-02
-3.219674542589993221e-02
-3.545692934786424250e-02
-3.084758335067715879e-02
-2.798717375201421192e-02
-2.663916666155619409e-02
-2.103560775152370221e-02
-2.167379630925967207e-02
-1.736416490577607358e-02
-1.449713697019873113e-02
-1.672398296712480914e-02
-1.272523000433947553e-02
-1.172620152455026293e-02
-8.872480551858257306e-03
-6.662605285404541409e-03
-5.774077234110453968e-03
-5.273626162492113523e-03
-8.001997422426279996e-03
-1.219819813456941154e-02
-1.660104817485094642e-02
-1.689276463589459154e-02
-1.904875830384499674e-02
-1.985974722949024676e-02
-1.633326345827635848e-02
-1.687107505841647231e-02
-1.607669844973339326e-02
-1.162511138286265351e-02
-1.051115755248911189e-02
-4.856719966804683847e-03
-3.457518915345160048e-03
-2.840806735260731613e-03
-2.159483995501484000e-03
-1.724645793695809073e-03
-5.003354673632645980e-04
-5.821807944766837269e-04
3.133675336621009107e-03
4.889624673062920902e-03
4.595706904420922452e-03
1.038535969523846948e-02
8.963497485536001119e-03
9.520364735147552118e-03
1.115719575806243397e-02
6.330605396505945698e-03
6.876014612487039122e-03
4.395159764380824306e-03
-1.631406998887100380e-03
-2.253422218246344758e-03
-8.290089390633340397e-03
-1.138859594640083406e-02
-1.305787244746721941e-02
-1.695682903443041650e-02
-2.046359247302931630e-02
-2.181459436323964635e-02
-2.278517700430209361e-02
-2.294458845430936630e-02
-2.180023713904668745e-02
-2.098853909920552277e-02
-1.808930373495282184e-02
-1.550345152331866067e-02
-1.577557462172171632e-02
-9.843968226385359926e-03
-9.675314126282547750e-03
-6.627875439374159537e-03
-3.786000113465190671e-03
-4.952060288739144021e-03
-2.120500494513152204e-03
-1.512038808448729239e-03
-1.229744090602035702e-03
5.546757887159172763e-03
6.370954746308089833e-03
8.304466151440103444e-03
9.799518455512443854e-03
1.235147068067784897e-02
1.139139116260150936e-02
1.282180714143868472e-02
1.636461839485010838e-02
1.550187554722119547e-02
1.892249542799267353e-02
1.747833514148355166e-02
1.939442188939679082e-02
1.968638198552532387e-02
1.954162403332011105e-02
1.855284518514458900e-02
1.890829584597040341e-02
1.695296934628274382e-02
1.357307635363755142e-02
1.597326133504607670e-02
6.421008242243409977e-03
1.211846486270773361e-03
-6.686968385932714337e-03
-2.878709847364616450e-02
-3.732903962599685294e-02
-6.275026750652504259e-02
-8.418682803680302418e-02
-9.045204572064916015e-02
-1.118547184062526068e-01
-1.153258086737037891e-01
-1.193582897063215770e-01
-1.284045992326824093e-01
-1.257157431999133268e-01
-1.278167970141946552e-01
-1.279083862823279516e-01
-1.201406598347435351e-01
-1.112481305550147015e-01
-1.036702913236556972e-01
-7.757400354479287996e-02
-6.961184037641945932e-02
-5.900307331192979760e-02
-5.026784743900195029e-02
-5.205002793001582695e-02
-5.059153197362072779e-02
-5.084403323005556863e-02
-5.069720418204252954e-02
-4.813283755532299368e-02
-4.712823174939671095e-02
-4.389291135725306020e-02
-3.547749032388057555e-02
-3.048928981994947565e-02
-2.512153088106388113e-02
-1.826692757335687811e-02
-1.500478146493405482e-02
-8.797641345971773941e-03
-6.767444565387478218e-03
-3.809683505928228037e-03
-2.653737057259154212e-03
-3.632856956823199944e-03
-1.252648121737328637e-03
-3.170699218950585006e-03
-3.149569884312566383e-03
5.601095315630177105e-04
-2.045353398108242307e-03
-3.084729977455468591e-03
-3.642441897514539419e-03
-1.060996813999147068e-02
-1.390149271582140009e-02
-1.931301939203474913e-02
-2.378469470851616446e-02
-3.069123878055230598e-02
-3.277041918429571266e-02
-3.556538443096129987e-02
-3.612221463456760651e-02
-3.819655456057464982e-02
-3.616491113441341193e-02
-3.237644163448085560e-02
-2.979950844821299683e-02
-2.202708444149521771e-02
-2.135490104196445527e-02
-1.571578532758485802e-02
-1.182695036497997260e-02
-1.064669775115605066e-02
-1.812607922337196786e-03
-1.169081780386730914e-03
1.573974055608750363e-03
3.854731095076224367e-03
2.782843265892990473e-03
3.210550945016275252e-03
1.882430764717779375e-03
8.518640400372475257e-04
5.947967387159869019e-04
1.096532513166251352e-03
1.226846805000153596e-05
-3.264130197533284070e-03
-6.370987981832954179e-03
-1.150768775904661111e-02
-1.733539950575335720e-02
-2.708840596464973105e-02
-3.461944358858068393e-02
-3.993642235671108348e-02
-4.839276815120903408e-02
-5.316336836688100032e-02
-5.896848577790143181e-02
-7.055452688386985860e-02
-8.353965701897471396e-02
-8.798166776403164302e-02
-9.598945737260966560e-02
-1.030631753948558355e-01
-9.689158637062621204e-02
-1.050801376675319920e-01
-9.855845247364727890e-02
-7.137105115747230388e-02
-6.888697517905253975e-02
-5.156968068542583383e-02
-4.433300161851844168e-02
-4.285394999001775063e-02
-3.743811546274469076e-02
-3.684653020616555225e-02
-3.615646496092768392e-02
-3.729534543013023062e-02
-3.908669149149290173e-02
-3.890736234809621247e-02
-4.032858756308231596e-02
-4.100609684309861752e-02
-4.120913449780234245e-02
-4.227825845303234686e-02
-4.264819843247291686e-02
-4.286111193533289482e-02
-4.392620445463892020e-02
-4.378773894518046134e-02
-4.375261920484655592e-02
-4.367072570920904617e-02
-4.309123468616934266e-02
-4.320991493632244523e-02
-4.275776534284075892e-02
-4.272705430272599747e-02
-4.276247675692528005e-02
-4.228401646256853275e-02
-4.278969380351115709e-02
-4.215814524452548423e-02
-4.187341176877164978e-02
-4.151064513012883012e-02
-3.853920388525441248e-02
-3.797918092669204382e-02
-3.554717843487239376e-02
-3.257394180745610407e-02
-3.174916041713927300e-02
-2.753517332907542622e-02
-2.662634951672710956e-02
-2.697448461233836747e-02
-2.473791675945932744e-02
-2.577698214042613636e-02
-2.447463345306379046e-02
-2.402222988877679780e-02
-2.406383717073411893e-02
-2.110085097597947865e-02
-1.942311901630801307e-02
-8.486360428992447552e-03
-3.142506431307325997e-03
2.795651579601081231e-03
4.191099667677072697e-03
6.366012109684649270e-03
6.993432061062710391e-03
7.316787785717227335e-03
8.271962529290376176e-03
7.752133687089305183e-03
8.257338452854878080e-03
8.239338522159304207e-03
6.201583477139102629e-03
5.794103242987056791e-03
4.249516535043009954e-03
2.473539415849540426e-03
1.927568590075535038e-03
-5.918870146541481544e-04
-2.725086632926153590e-03
-3.334057241682410709e-03
-9.567135195123976921e-03
-1.001835886667482370e-02
-1.134539365563580308e-02
-1.349515401408524565e-02
-1.363606632050447069e-02
-1.470697624628057414e-02
-1.528592897044894067e-02
-1.543666880374891873e-02
-1.583969032101838550e-02
-1.585746843986699656e-02
-1.574326793706960770e-02
-1.566325255445171621e-02
-1.525503819191257986e-02
-1.468653094654017409e-02
-1.424115157884689453e-02
-1.300759423237145447e-02
-1.199984758007009884e-02
-1.087582667148588589e-02
-7.931816790441210269e-03
-7.050154681002458734e-03
-3.360209415509103105e-03
1.813779441057500590e-03
1.557566487959871323e-03
1.356171342147829799e-02
1.331985479822480646e-02
1.384455649440366996e-02
1.718145030460178566e-02
1.467610552243380460e-02
1.240086688482808924e-02
1.293899641765857041e-02
6.051673320899736939e-03
6.879118408086719837e-03
6.620305946384185368e-03
5.010429477055499542e-03
5.371228018962382472e-03
4.815496338560956886e-03
5.255430469125146886e-03
5.481802554634624715e-03
5.522092625908659250e-03
5.787127332484665217e-03
5.934340185827480761e-03
6.311104301265578129e-03
6.359529935900156035e-03
6.963758791491828255e-03
6.947417604134541007e-03
7.028466540928225530e-03
7.192635731717278089e-03
7.177178626013491249e-03
7.249236463536895547e-03
7.284579536331387516e-03
7.292083490788113694e-03
7.323250514951543978e-03
7.330948395448281217e-03
7.340187499451950905e-03
7.350888596459420783e-03
7.353991514089441850e-03
7.359408617251496018e-03
7.363767042030768852e-03
7.365153182058584505e-03
7.369252862313226647e-03
7.372372200506326252e-03
7.371716718525142542e-03
7.381085634835065495e-03
7.380003636011958808e-03
7.381719085575525960e-03
7.406770915250119637e-03
7.382677043378882767e-03
7.421100953548130999e-03
7.452908816701191326e-03
7.373430477649251143e-03
7.576189694536142674e-03
7.462674358003418447e-03
7.425123735833520471e-03
8.021373229877502495e-03
7.154763061960952610e-03
8.074180355888723251e-03
8.502942037947085890e-03
