-2.288358446817435540e-02
-2.120352492975912523e-02
-3.432073034008394780e-02
-3.986345658159377858e-02
-3.063227908826220841e-02
-3.371241966529693601e-02
-3.172513535896387404e-02
-3.009494350700514520e-02
-3.082777686051603808e-02
-2.975078686999160435e-02
-2.967015116596012983e-02
-2.965045871894241014e-02
-2.933182593888496170e-02
-2.936813267907174493e-02
-2.928326430065246455e-02
-2.921812102760779420e-02
-2.922195318908089867e-02
-2.918174857404249103e-02
-2.917175945658445971e-02
-2.916452620241229837e-02
-2.915026254393501132e-02
-2.914776503142971903e-02
-2.913781507739478596e-02
-2.913129419521123809e-02
-2.912594205289239374e-02
-2.910454918775650518e-02
-2.910380038337974373e-02
-2.907322307413755941e-02
-2.902683202113102989e-02
-2.904169606753927158e-02
-2.889044672985368462e-02
-2.885908244149552881e-02
-2.883024594960054490e-02
-2.829483146032447591e-02
-2.857873453435822581e-02
-2.777788654551549899e-02
-2.600163777863260736e-02
-2.629699318391147747e-02
-2.084856866939837836e-02
-1.932987564418155516e-02
-1.871465159586407911e-02
2.592183316966839568e-03
3.698912115010502804e-03
1.536501576623149068e-02
2.440728261218273742e-02
2.656418036153588083e-02
4.680600988770604320e-02
6.593069995168916730e-02
7.901743482220273396e-02
1.265720196130884490e-01
1.301498057006250653e-01
1.418003978011013744e-01
1.585282953351088708e-01
1.606359711686987102e-01
1.744973184461489635e-01
1.795551496998676611e-01
1.832075735351201273e-01
1.853141682535622281e-01
1.978056506406825898e-01
1.973437710592250149e-01
2.005777517667173271e-01
2.369156709926919235e-01
2.018870831768614371e-01
2.033813418890086100e-01
1.808530680246392408e-01
3.059548477264729602e-02
-3.247888619269153482e-02
-1.253655041137166359e-01
-2.332416129955623141e-01
-2.417497041604589336e-01
-3.012333477802517367e-01
-3.243056953729352987e-01
-3.270892631166021913e-01
-3.740051859954084956e-01
-3.709890364447396838e-01
-3.864346373178230709e-01
-4.126207257297148656e-01
-3.804566099751188757e-01
-3.888339502367643141e-01
-3.655999043534332582e-01
-2.918817216718505581e-01
-2.767733484111669640e-01
-2.404593802572082550e-01
-2.021649963542559436e-01
-2.133699998333886960e-01
-1.627485807286782604e-01
-1.293084068905665240e-01
-8.736466291065053680e-02
-8.125447880097436126e-02
-6.819701973261564631e-02
-1.196378457340658980e-01
-1.202817368369474976e-01
-1.333872726440392120e-01
-1.745923061549800315e-01
-1.662221081724939431e-01
-1.760238120207857637e-01
-1.754845002608840243e-01
-1.583722062723114943e-01
-1.641015790061841340e-01
-1.344341083949748550e-01
-1.113663230250601655e-01
-1.166158262058099165e-01
-8.343391329215703311e-02
-9.493773327818472163e-02
-7.339437506195062300e-02
-5.701834207508019170e-02
-6.161850615471333587e-02
1.575273488744220740e-02
1.566398190732442436e-02
1.005776400838510713e-02
1.938419059802234251e-02
-1.367594405160267243e-02
2.932803344765657749e-03
-3.817783740092890732e-02
-6.148121000803188907e-02
-7.514121004761106781e-02
-8.310971465571941053e-02
-7.537876805102622368e-02
-6.912433648444460399e-02
-5.708475018978465682e-02
-4.273038473859559760e-02
-3.416064033259917643e-02
-2.778055440716691721e-02
-5.464987840679506187e-02
-3.754595261623889374e-02
-3.813125139146188863e-02
-6.273384707813629661e-05
3.315331948323589281e-03
2.382672049253456090e-02
6.526593021712642773e-02
7.871880899026563461e-02
1.116412630525850241e-01
1.269690460091794093e-01
1.652462199261537645e-01
1.766617762941200542e-01
1.485832770362034705e-01
1.490224951873231063e-01
1.487406571484092555e-01
1.013615181345939864e-01
9.647557694789020422e-02
7.188771948969785441e-02
-8.529827904087348978e-02
-1.004416544431036423e-01
-1.959840556554519053e-01
-2.294432054013123001e-01
-2.371616334920187141e-01
-2.961955113695464714e-01
-3.477650911425083091e-01
-4.043852545910289198e-01
-4.322598178629808441e-01
-4.640883176459831283e-01
-4.765446350382964713e-01
-4.716532625685597169e-01
-4.744162609007469555e-01
-4.513219968006610960e-01
-4.260945401334518268e-01
-4.209818747990123899e-01
-3.845221271264691598e-01
-3.651526595485117821e-01
-3.464981632628145181e-01
-3.256183324964297965e-01
-3.294698473497388314e-01
-3.247571339684151570e-01
-3.426859459139812714e-01
-3.558365951353890666e-01
-3.616700589145366296e-01
-3.879493729320877549e-01
-3.759204003494494573e-01
-3.510060073427684890e-01
-3.316641818441488088e-01
-2.635228293260327148e-01
-2.300167115612411217e-01
-1.986196870406315707e-01
-1.672474277203468973e-01
-1.626766378570521365e-01
-1.502272823940709601e-01
-1.272498160186061045e-01
-1.258795735058661769e-01
-1.028169961890325335e-01
-9.398888211833071604e-02
-1.002632296798532108e-01
-9.818243882459455618e-02
-1.083508661776712567e-01
-1.303390884702220753e-01
-1.471235452419752399e-01
-1.524155758620345802e-01
-1.882270001394243664e-01
-2.049500521824396682e-01
-2.108862614534540991e-01
-2.528105516240199968e-01
-2.427774455424272504e-01
-2.421474770839865120e-01
-2.101970218512182464e-01
-1.513173783919414261e-01
-1.168553498919715772e-01
-9.363440232978310906e-02
-5.941018459499182447e-02
-2.529170264882623850e-02
-1.703720880113542685e-04
4.352310761607267042e-02
5.337894382414545141e-02
6.369406922183595832e-02
7.936735882892417826e-02
8.402325731705950762e-02
8.264483623903137732e-02
6.874696176268460523e-02
3.685731784206879719e-02
2.304745922295006744e-02
1.330925263755471447e-02
-5.694462361785716104e-02
-1.020090506868979868e-01
-9.534898369011719776e-02
-1.387886801195973296e-01
-1.212349095856512793e-01
-1.086219293949801518e-01
-1.164996168592253023e-01
-1.028681531137390359e-01
-1.118424406973852342e-01
-1.206203130133339657e-01
-6.308550936356638328e-02
-7.329499770234070011e-02
-3.760419336647595479e-02
-3.144491687261214558e-02
-4.877463045596295427e-02
-3.483404779462750955e-02
-4.283534459477524037e-02
-5.391678563327140933e-02
-5.425134916959353099e-02
-7.046838542638576841e-02
-6.203311754062219158e-02
-6.437355234295891182e-02
-5.051356313752476679e-02
-3.294318739177436173e-02
-3.852932880328069354e-02
-1.122388758250340672e-02
-4.647407201671505811e-02
-1.353640759581078434e-01
-1.382172761299055308e-01
-2.255775325161216704e-01
-2.520292151463783825e-01
-2.312570865564108902e-01
-3.035799866018877302e-01
-3.137470279415160990e-01
-2.368829907340064822e-01
-2.194356198530037216e-01
-2.317142645717619742e-01
-2.039768380001522052e-01
-1.955749264076306893e-01
-1.923003153743531035e-01
-1.804877969153579342e-01
-2.019516179665673539e-01
-2.304153024295560459e-01
-2.296994596640269948e-01
-1.959037466020793206e-01
-2.003315257345321121e-01
-9.994212897861304290e-02
-9.215643344427087991e-02
-7.755057790199118561e-02
-4.303266494466524011e-02
-5.177397905885591789e-02
-3.917755757078791867e-02
-1.804172331017638367e-02
-1.303143595225806153e-02
3.222201420540402733e-02
3.393054355041191100e-02
3.833444527114722444e-02
1.177622153135360339e-01
1.368505053919116810e-01
1.736307472223895809e-01
2.209830441294576842e-01
2.189611188773455119e-01
2.312259868370335758e-01
2.366695007748938206e-01
2.375206239453682422e-01
2.323552645995544397e-01
2.268858659658116173e-01
2.258175623607427407e-01
1.842465004166482512e-01
1.779522636861280704e-01
1.533064877958429661e-01
1.407841115572575907e-01
1.130630056211633927e-01
9.017460332284378544e-02
9.037263216952429179e-02
3.166785934225938015e-02
4.384424511485982695e-02
6.036089229884925716e-02
6.666949039373802621e-02
7.287653991014621246e-02
7.423762778794970596e-02
7.470860215986310782e-02
7.077106180749515030e-02
5.469442095416592736e-02
3.986535956688939952e-02
2.608653369003557237e-02
-4.098506379785490732e-04
-2.739450101248996211e-02
-6.261086767279787357e-02
-1.184833221956997917e-01
-1.739599612429988951e-01
-2.047295309589775292e-01
-2.524115667813592867e-01
-2.692998893354377477e-01
-2.621450452575251333e-01
-2.764444254023392111e-01
-2.495794094503816507e-01
-2.341236631006793079e-01
-2.099651254026728697e-01
-1.528566674402073444e-01
-1.331772503441632782e-01
-1.055304358949917670e-01
-7.865374608513879540e-02
-7.027681932709267665e-02
-5.401150776062783182e-02
-5.094590911202508815e-02
-3.725122965898124833e-02
-3.209969483442899618e-02
-1.630620989800924889e-02
2.153774730009861901e-02
2.999261155389998379e-02
1.039906814205312918e-01
1.101778801486069936e-01
1.273505011497224615e-01
1.422287936570678091e-01
1.030611856313277952e-01
6.431661733701160566e-02
3.242718717509409515e-02
-1.008394343965433523e-02
-1.129265003995078287e-01
-1.356200039720000805e-01
-1.912781433811318044e-01
-1.998333400821107053e-01
-2.215330130799023634e-01
-2.346698724970656402e-01
-2.049776054168325479e-01
-2.115136386917456646e-01
-1.862605579522241539e-01
-1.829806429757380726e-01
-1.697653920296082197e-01
-1.453192282635175636e-01
-1.341687642107443623e-01
-6.727281983143897082e-02
-4.609872299675608909e-02
-2.795471420257764072e-02
5.996526536233069520e-03
1.792164818639987653e-02
2.486585412912286144e-02
3.805217290147814430e-02
6.071625505316909782e-02
6.356177094916519443e-02
1.196680895668941896e-01
1.115616670687739204e-01
3.985218467743911058e-02
2.652440650684714102e-02
-1.975822143737233569e-02
-7.906934359121010891e-02
-8.140641908268708704e-02
-1.129852040894956944e-01
-1.208199332024962602e-01
-1.083766498750383805e-01
-1.259811404685365344e-01
-9.642876030142813470e-02
-9.657935862767381974e-02
-4.569549807958291077e-02
-2.929988460045681448e-02
-2.686424741329686283e-02
7.256705136443971152e-03
-4.119845078863020732e-02
-3.248147644779209725e-02
-7.264730118767040445e-02
-1.878675745729949664e-01
-2.328876659521799397e-01
-3.167370660801975824e-01
-3.803925857895272822e-01
-4.110069807067504022e-01
-4.424515636980680400e-01
-4.673239496273953741e-01
-4.670589939882765496e-01
-4.616467470832897324e-01
-4.456151379377523702e-01
-4.402455653711846995e-01
-4.248103900842927216e-01
-4.131411045594318709e-01
-4.043607170221230063e-01
-3.853223531857245532e-01
-3.774692152733244432e-01
-3.587628430189113704e-01
-3.396122173815659950e-01
-3.279193476600526513e-01
-2.959360394884739121e-01
-2.812199488577440398e-01
-2.653276013012085821e-01
-2.395718360323922103e-01
-2.320883965346169919e-01
-2.104419400572975218e-01
-1.931359705649965119e-01
-1.860293698794797390e-01
-1.610912330194390896e-01
-1.570256019626685429e-01
-1.503272024918878846e-01
-1.435669069693020494e-01
-1.667645282824160302e-01
-1.664047389418672751e-01
-1.784013655072311522e-01
-1.958805297580426819e-01
-1.970916410718833167e-01
-2.104521303362638096e-01
-2.151731784148364079e-01
-1.994703655702022294e-01
-2.008059685256533555e-01
-1.908297879222722315e-01
-1.723598086476073599e-01
-1.658594835835200121e-01
-1.432836879929945684e-01
-1.095991853134615085e-01
-8.405380885118611534e-02
-1.108388382093927239e-02
2.511531577369558246e-02
6.289260652886499714e-02
8.743733161711712831e-02
1.280759190149494686e-01
1.379021037088218049e-01
1.439931217941353980e-01
1.593386985124867206e-01
1.623522853821144363e-01
1.774082350278993470e-01
1.831556837702585094e-01
1.928087265079548862e-01
1.948214538324657685e-01
1.830586566413670846e-01
1.889815419438976019e-01
1.847565708144414398e-01
1.865411401912415446e-01
1.905758983016175856e-01
1.865068723118706584e-01
2.035939626407914926e-01
2.019001048304497059e-01
2.146207777497634861e-01
2.186367877968959372e-01
2.207908624782417562e-01
2.258029568366612394e-01
2.266525387560007210e-01
2.285058589722201161e-01
2.300353758765039669e-01
2.304156884282182460e-01
2.312691496254982160e-01
2.316916876560776717e-01
2.316808633225419800e-01
2.319647125686270517e-01
2.319083889579899860e-01
2.312097170658236611e-01
2.316041493723265954e-01
2.302898037702465484e-01
2.290693160626302016e-01
2.300018334260376940e-01
2.244814506668874610e-01
2.255814539027243548e-01
2.233817733776608527e-01
2.070345322147077727e-01
2.038225581318744983e-01
1.908950936335470083e-01
1.855585032735930229e-01
1.757368475164814980e-01
1.647435059363852039e-01
1.615727304151860777e-01
1.334131030971149046e-01
1.242222951531627151e-01
1.113606911645771136e-01
9.314233438669475285e-02
7.598213541540656257e-02
6.918222534992315986e-02
2.850922112496047725e-02
2.674073050548908537e-02
1.850326121206260707e-02
7.088277460868718655e-03
4.963505180800670442e-03
-5.553258793689853576e-03
-7.489666638240874072e-03
-2.006074708201446843e-02
-2.106037786120509500e-02
-2.242377500657578154e-02
-2.569888986971686357e-02
-2.559711638012215906e-02
-2.673774954989893704e-02
-2.741237116221836162e-02
-2.750424665458565260e-02
-2.796060631798650414e-02
-2.808019041902062862e-02
-2.818393624877307824e-02
-2.831831234153780325e-02
-2.834748346282846276e-02
-2.839768958337977184e-02
-2.843083481021655215e-02
-2.843871607741134053e-02
-2.844910819759343887e-02
-2.845743171611424260e-02
-2.843630157522026441e-02
-2.842966566951125526e-02
-2.842135306425885508e-02
-2.832534876870336504e-02
-2.835207207127497103e-02
-2.822410051822914212e-02
-2.799680606468048574e-02
-2.817489075436135915e-02
-2.741653029061914132e-02
-2.734109592827177471e-02
-2.748770690718191356e-02
-2.463799701264351300e-02
-2.672171848274821834e-02
-2.341660225492266795e-02
-1.641684482609361700e-02
-1.890616927184668450e-02
