-1.330390096423299771e-02
-1.231064352503754948e-02
-1.212958646282543893e-02
-1.402899147768759368e-02
-3.968793402283687238e-03
-3.412917151427589772e-03
-1.875395272233048791e-03
1.076173799139405404e-03
1.097256874444497510e-03
2.324491289242861577e-03
3.023516839482333438e-03
3.221123142269098193e-03
3.738588746166812953e-03
3.924677536491109030e-03
4.089083422267519863e-03
4.250307634114347012e-03
4.380458871363991646e-03
4.405503296700996087e-03
4.499801934867110262e-03
4.676291068895025924e-03
4.356745480283807925e-03
4.257055869540061523e-03
5.030656326459820651e-03
4.753340433057177787e-03
5.254793057403935562e-03
7.178850481360386955e-03
5.537328057182711039e-03
9.599861059424704204e-03
1.140903189420939406e-02
7.907584578144097320e-03
2.582573509914345977e-02
2.556952458898076319e-02
2.316678130934849908e-02
2.404795567907285284e-02
1.493017854012664014e-02
1.494774303257250143e-02
1.340605735847123434e-02
1.285695510952617610e-02
1.169285908739633138e-02
1.105008346205254254e-02
6.788495889945935814e-03
6.020837512754411217e-03
4.315950972414418774e-03
3.514743078959438240e-03
1.442738639358329350e-03
2.189788953768851028e-03
1.211530848186376762e-03
-2.814881013189228769e-03
2.540885107410464309e-04
-2.120359859867384372e-03
2.230828686927320385e-03
8.859922154668301714e-03
1.236884907121582958e-02
2.436581405157029964e-02
2.557999860744045520e-02
4.104368310933015351e-02
4.100568096437943316e-02
4.061936255445511290e-02
4.504562684562667813e-02
3.335047922390588920e-02
5.199951478745441086e-02
4.982272198116619033e-02
1.305645387943340022e-02
6.172972966281135496e-03
-1.539096162970442910e-02
-5.815942286721320631e-02
-7.726034868151686330e-02
-1.203834432743686456e-01
-1.640753263259285555e-01
-1.878740785251984957e-01
-1.920051237957151047e-01
-1.921413156882889051e-01
-1.874996430993135232e-01
-1.910787943855288551e-01
-1.883967915521095327e-01
-1.838494758064165291e-01
-1.828561401962482680e-01
-1.711403362516989712e-01
-1.662620629513186787e-01
-1.603053011096794156e-01
-1.508033178710823652e-01
-1.467556133057421885e-01
-1.497251363704898142e-01
-1.404977495599402104e-01
-1.405747645092971509e-01
-1.259800129980485073e-01
-1.071338155023690980e-01
-9.421601800628502665e-02
-5.586995304820314978e-02
-3.393120253230351435e-02
-1.506032647317375080e-02
3.733298221766205571e-03
7.685133602830926912e-03
7.895092123379925456e-03
1.037086860974150045e-02
1.558349408791693570e-02
1.751619791074017496e-02
1.752308566341533036e-02
4.184723193861891039e-02
3.873566910578751105e-02
3.482965824734490790e-02
3.509745198085491985e-02
2.410487378350392729e-02
2.332643580320895721e-02
-1.013455643177094481e-02
-1.387806079033662709e-02
-4.056621559262437587e-02
-9.097468257705898509e-02
-1.030989934883223130e-01
-1.492857595554375472e-01
-1.659477550125173229e-01
-1.876268214513024668e-01
-2.117490021002609024e-01
-2.181684272101216682e-01
-2.531032957072031353e-01
-2.787001391010275331e-01
-2.880279298057559223e-01
-3.160609054265078877e-01
-3.028188788342397464e-01
-3.098746668677704319e-01
-3.275498774621755094e-01
-3.288702618481923468e-01
-3.623022610248640141e-01
-3.690698613102705861e-01
-3.599201516447390614e-01
-3.686666208388851840e-01
-3.414311043730401396e-01
-3.231037244318057944e-01
-3.001526435140430826e-01
-2.546766039750607558e-01
-2.026444819215803272e-01
-1.493644774782028617e-01
-1.380330201132318191e-01
-9.843131136921100255e-02
-9.330208337680299946e-02
-8.568987504577763037e-02
-7.040435529633934375e-02
-7.076666111334048437e-02
-6.302612241786405278e-02
-5.814538406191559206e-02
-6.053218547714691450e-02
-5.307906689814800849e-02
-5.630940523307689100e-02
-6.089104026380496443e-02
-5.661642788188687991e-02
-7.228740082258687527e-02
-7.601285300001719980e-02
-7.571667367634268841e-02
-1.252619589012279877e-01
-1.296473351156226250e-01
-1.729484393260944664e-01
-2.537476652816207934e-01
-2.567368741855010073e-01
-3.325057373533655825e-01
-3.571007128924546525e-01
-3.473027353163956055e-01
-3.992185199017902475e-01
-3.834295517185033475e-01
-3.801373223831695514e-01
-3.786826447518429339e-01
-3.397173832001724181e-01
-3.499814627831877578e-01
-3.521316250232257028e-01
-3.704300745136433481e-01
-3.755683090729629581e-01
-3.765591012195829701e-01
-3.773643609209316740e-01
-3.705413689500003938e-01
-3.674320933964976277e-01
-3.589985170203147669e-01
-3.465245583974364552e-01
-3.322514456646513681e-01
-3.046620420986984046e-01
-2.722117157117840414e-01
-2.559474891486827053e-01
-2.210355848795851619e-01
-2.250815592254644393e-01
-2.131219743834122105e-01
-2.048976562429997150e-01
-1.957996264775554163e-01
-1.807143665070057859e-01
-1.781552735483655503e-01
-1.754197780462238287e-01
-1.667777347562686141e-01
-1.728323274758603867e-01
-1.643098264859829405e-01
-1.636258309467486793e-01
-1.681104048922171246e-01
-1.356287126464576220e-01
-1.421368292536914490e-01
-1.475918763828125424e-01
-1.428365165367413980e-01
-1.784506339350824256e-01
-1.753543396337658988e-01
-1.737345031205968782e-01
-1.804067084113778752e-01
-1.649357736744274938e-01
-1.620580349170482604e-01
-1.487821754525479601e-01
-1.305395346735124251e-01
-1.229676367079740734e-01
-8.314074326063149167e-02
-8.033580077252343299e-02
-5.953057817828966841e-02
-5.103206862663517418e-02
-5.690104910101247832e-02
-4.145921557722206940e-02
-5.164894244109646121e-02
-4.928029962208228115e-02
-2.513886767032316033e-02
-2.294763006279165046e-02
6.995242209885458445e-03
1.797034408344045861e-02
1.366510458990030132e-02
1.865481273867900316e-02
1.557931230203238142e-02
8.077041676112964308e-03
-9.758537891026080463e-03
-2.760552843157311476e-02
-3.494353300509001753e-02
-4.588263987380577363e-02
-6.006684595701401730e-02
-6.522982261635545953e-02
-7.081148433623445093e-02
-7.486441707748980878e-02
-7.870800139143963037e-02
-7.950691738803228326e-02
-8.258122365847209156e-02
-9.660904717528641383e-02
-9.801082018913810645e-02
-1.093660716604656913e-01
-1.147393830762232225e-01
-1.078852026590460533e-01
-1.101229142139175249e-01
-1.001747697012053268e-01
-1.178567309818119024e-01
-1.313254413891338790e-01
-1.534850260205518346e-01
-1.640232063801840001e-01
-1.723518939580172271e-01
-1.833005114428818694e-01
-1.760387870806559563e-01
-1.833966911475852501e-01
-1.843502416002963662e-01
-1.775504361393020480e-01
-1.846765674868637019e-01
-1.766053230426564702e-01
-1.764342653155706875e-01
-1.774053164348839140e-01
-1.671058543481303282e-01
-1.711120776154144152e-01
-1.616628316791947073e-01
-1.552221238484108035e-01
-1.533483455568980802e-01
-1.185107677076047139e-01
-1.086979180536266493e-01
-6.401425231743509969e-02
-3.202286423801239956e-02
-1.473405591542663318e-02
1.251027007163965990e-02
1.635813595782419777e-02
1.464694040581885487e-02
2.083407174963995689e-02
2.011881886383484405e-02
2.094176545714043769e-02
1.647957416942860340e-02
1.378566551488885107e-02
1.555600279518534572e-02
1.113300772758519380e-02
1.249169525873948874e-02
1.161797406111092501e-02
6.120374083863542453e-03
1.343477170996289910e-02
2.771468898709927246e-03
1.448493234222172172e-03
5.074304319535228973e-03
-5.667403767969718745e-03
1.474269431824099322e-02
7.955073052179732762e-03
-7.032777080181918002e-03
2.434372531645969187e-04
-3.323412881659854046e-02
-4.498160067030992915e-02
-5.961324425089569584e-02
-1.419281151168396149e-01
-1.616902219910492933e-01
-2.098645363295522093e-01
-2.755841751733841827e-01
-2.717072200626741152e-01
-2.595677474233258897e-01
-2.534839232543247278e-01
-2.174463366479649218e-01
-1.870844271570736295e-01
-1.551212918804186214e-01
-9.540225825096218526e-02
-7.497831284700778864e-02
-5.164877405599044985e-02
-2.424271435473859815e-02
-1.986673835903865482e-02
-2.144092037034259993e-03
-5.418575892229530837e-03
-1.742843566521352883e-04
-2.625553259502986462e-03
-4.108722125951985021e-02
-7.532060394856489316e-02
-9.855647307087150866e-02
-1.264824513328962063e-01
-1.407002589770735557e-01
-1.551126655373611662e-01
-1.695595067195004857e-01
-1.810470869525140913e-01
-1.933933890962254432e-01
-2.081233952782979013e-01
-2.210215746545920457e-01
-2.345273375148728412e-01
-2.487139418412024072e-01
-2.630783565713061822e-01
-2.753678582591220780e-01
-2.917966502844132060e-01
-3.047505376911845421e-01
-3.174976941143815012e-01
-3.357182542234534717e-01
-3.431252837956038082e-01
-3.579879497772773256e-01
-3.662629461537684206e-01
-3.648393483991179687e-01
-3.707502638257428318e-01
-3.659799446753263519e-01
-3.550332868328796021e-01
-3.572453224998733967e-01
-3.416283744995364802e-01
-3.425995607886835881e-01
-3.333665483399799734e-01
-3.165729066957202464e-01
-3.119793979644961412e-01
-2.822507455889565753e-01
-2.710763665989003868e-01
-2.666161064431276650e-01
-2.451030509370706878e-01
-2.338311152748731581e-01
-2.140264529986466990e-01
-1.641847230268234925e-01
-1.357777369464813755e-01
-1.041223922595955337e-01
-8.228754449896211187e-02
-6.362152373810181505e-02
-4.050300545173593503e-02
-3.430519738741795444e-02
-7.957771838850434196e-03
-1.193885883200836683e-03
1.680602517978184440e-03
3.299409185765590780e-02
1.674388778350166182e-02
1.607534727973109270e-02
4.848872906113497333e-03
-4.444947156663758142e-02
-5.711623296888731355e-02
-8.473204468035235026e-02
-9.496501896596057368e-02
-1.133289352550243545e-01
-1.266777167190339115e-01
-1.074338754925845685e-01
-1.140690999925429300e-01
-1.310142443769600207e-01
-1.354536775911254765e-01
-1.484569395750094112e-01
-1.683580731216895998e-01
-1.736086664209898212e-01
-1.933438351904120112e-01
-1.982317654396059392e-01
-2.064515861895873106e-01
-2.122991427656323316e-01
-2.101066727209776885e-01
-2.153215195995100695e-01
-2.108113706684394684e-01
-2.085062036590176193e-01
-2.071182470031013856e-01
-1.954683256465215568e-01
-1.929333737187116371e-01
-1.856100737512539622e-01
-1.783086423509768481e-01
-1.759267179906519041e-01
-1.686859640653000092e-01
-1.655317253244559250e-01
-1.621778236443123800e-01
-1.572760524130187854e-01
-1.556373255236672692e-01
-1.519351086965597952e-01
-1.492548186585171133e-01
-1.474927598200230783e-01
-1.443611167591372368e-01
-1.427027609486638815e-01
-1.405148465207341213e-01
-1.380852228512651769e-01
-1.363551332548873507e-01
-1.338281908293856015e-01
-1.313179049990386704e-01
-1.285711222390291675e-01
-1.246404847303396318e-01
-1.194738911126117242e-01
-1.129498020536791464e-01
-1.038516774072115595e-01
-9.502502039414816026e-02
-8.639857650050039584e-02
-6.837208760832411136e-02
-5.745948802443753833e-02
-2.207883747245465572e-02
-1.281011171921746759e-02
7.381041112339153248e-03
1.948171259155825202e-02
2.953542890392790374e-02
4.121935287044047741e-02
3.524195781213509959e-02
3.835052576719448492e-02
3.202799630216376925e-02
3.096659084804778347e-02
3.036420375799896848e-02
2.815517296657608221e-02
2.817815169378439996e-02
2.721494744515729966e-02
2.691209619209190135e-02
2.640728724662955856e-02
2.585179490846165051e-02
2.625556534342480750e-02
2.417999481741349779e-02
2.526918185345666465e-02
2.405343764536167772e-02
1.794626652135873635e-02
1.582595843649459502e-02
1.514001388807175927e-02
1.186391144506353766e-02
1.089629798733003641e-02
9.098266103381390940e-03
6.235773742906284244e-03
5.019521080035153730e-03
1.412069504718202733e-03
-2.589515520850860404e-03
-4.471311695274554458e-03
-1.413706993698459619e-02
-1.985605041323272243e-02
-3.643492541359888426e-02
-2.953570510555738812e-02
-3.779751922652337809e-02
-4.094956970777792471e-02
-4.121302317702655454e-02
-4.611534743319480739e-02
-4.777598466293520724e-02
-5.079247363237363033e-02
-5.357245736584261009e-02
-5.792225359061509149e-02
-6.105275189309643941e-02
-6.518008866901484066e-02
-7.432915253276327350e-02
-7.476781414963229455e-02
-8.672283069875232064e-02
-8.442274080117045942e-02
-8.036837863583115582e-02
-7.658779017063496730e-02
-7.254457430483171598e-02
-6.197754934552196504e-02
-4.736036120844196867e-02
-4.565929842225099206e-02
-9.073845442879093295e-03
-8.234065213571227157e-03
-7.571174514233983046e-04
1.061757911732880838e-02
1.011912137193336607e-02
1.551175112782853839e-02
1.810460717511662779e-02
1.749838841359550173e-02
1.927975269179663109e-02
1.894251803158230121e-02
1.539530234679838128e-02
1.659895262934843116e-02
1.214388121170511051e-02
1.159593365806861100e-02
1.133204896328926861e-02
4.726911088285492071e-03
5.012700073058103979e-03
3.508993995523893537e-03
1.852426110635672397e-03
1.879102924894744675e-03
9.899395298496984144e-04
6.517385380715979247e-04
5.000620172103683410e-04
1.679946475796567596e-04
8.862452414791555154e-05
-2.580618369447497190e-05
-1.266245192702753917e-04
-1.576209126596494320e-04
-2.104680929994154110e-04
-2.375794714364310410e-04
-2.445948506355102685e-04
-2.668997622966619038e-04
-2.595684658431864598e-04
-2.449672713591124953e-04
-2.653541353818287749e-04
-1.879165796899258845e-04
-1.892107333451939098e-04
-1.863194953015858812e-04
7.205392668206320704e-05
-1.295189100586377311e-04
2.092073486065829904e-04
6.504429619398621742e-04
-1.309420423516735946e-04
2.017984955778887902e-03
2.504771309177204058e-03
