-1.840386241804347657e-03
-2.178317779134867661e-03
-5.311355577821230342e-03
-4.877109199613451768e-03
-6.879805413627667829e-03
-7.876249950769392133e-03
-8.569647384043957775e-03
-9.371860141751561096e-03
-9.670972284122513613e-03
-9.972384577232037278e-03
-1.020485046534722572e-02
-1.030360195574124040e-02
-1.041596955270791824e-02
-1.047949756591376458e-02
-1.051854049053295263e-02
-1.055576398135764545e-02
-1.057460182420924717e-02
-1.059006098618254371e-02
-1.060122390554811035e-02
-1.060721873021310858e-02
-1.061324607104589639e-02
-1.061454698601742123e-02
-1.061711816156581979e-02
-1.061895091132898650e-02
-1.061183821860430671e-02
-1.061967409207958783e-02
-1.060914137952179148e-02
-1.059223813036568214e-02
-1.062046853491390407e-02
-1.055038137656218178e-02
-1.055203402193253918e-02
-1.058697385122315746e-02
-1.034695844027412256e-02
-1.048530366821583647e-02
-1.035743048189290659e-02
-9.834221366520241869e-03
-1.011917264156431302e-02
-1.027036045524581075e-02
-1.116232992590043133e-02
-1.164833994117639958e-02
-1.224714379448443163e-02
-1.542699908266424377e-02
-1.561504913047864589e-02
-1.781588799711177062e-02
-1.617249659974533127e-02
-1.892610869169055604e-02
-1.927101619391266910e-02
-1.748311420835675645e-02
-1.996705391953516873e-02
-1.669739691316679889e-02
-1.074266649208714154e-02
-1.069353136218617259e-02
-1.834724055807948791e-03
1.612577353193457141e-03
2.426835550728589919e-03
1.573264923209363383e-02
1.707769959959937189e-02
2.502165012924869106e-02
3.571822510345144808e-02
4.163676322414914394e-02
5.570233606145410382e-02
6.754618278958211819e-02
8.776482453763080616e-02
8.953327202805966278e-02
1.045313567312728120e-01
1.076761066030290787e-01
1.075446615244023130e-01
1.150855656445549102e-01
1.111146500365117890e-01
1.120534664657630020e-01
1.132548903147989755e-01
1.061274212730486943e-01
1.061222395572834765e-01
1.029233887822563198e-01
9.489393376232319044e-02
9.435528978000458367e-02
8.383303747731651878e-02
7.594748049889701869e-02
7.071017958394600067e-02
5.274100830413209345e-02
4.664356768829547306e-02
3.199559148455986130e-02
1.668795549713053550e-02
1.075992346206304344e-02
-1.986684296834470478e-03
-8.044410247116480159e-03
-1.226519500747151083e-02
-1.962526478157245596e-02
-1.821156301846913947e-02
-1.719414562426128945e-02
-1.844389917512389773e-02
-1.599168220781485919e-02
-9.588187308520380869e-03
-8.344903736641649458e-03
-1.202327567408717989e-04
5.168324098602918547e-03
7.711499344552971355e-03
1.610655781647494372e-02
2.136761352094370195e-02
1.897316037099664246e-02
1.356423252564747939e-02
8.730344660833055936e-03
1.577575244743872201e-02
2.021729140740786274e-02
1.677462759306934045e-02
3.303128780252593405e-02
2.868441494123732255e-02
2.987611902086717564e-02
3.692135727012584023e-02
2.586744617418451631e-02
3.172551520041709538e-02
2.562143717089252273e-02
2.124851671695476840e-02
2.736950450784908853e-02
1.404175418728254715e-02
1.996855520677122409e-02
2.275541659631664243e-02
2.214587062658722461e-02
3.335855352324355177e-02
3.199545214829477985e-02
3.830136973651337290e-02
3.410095986596395345e-02
2.740764243952401383e-02
2.351667100869043667e-02
8.992491587871867531e-03
-3.652298304048768804e-03
-8.415476360603068098e-03
-1.606128099269744924e-02
-2.129770866265853421e-02
-2.322194823940303132e-02
-2.786323441725966146e-02
-3.055939038851075013e-02
-3.080967920367591595e-02
-3.263456463899600674e-02
-3.319096807587010312e-02
-2.351352686722959009e-02
-2.100265562799346133e-02
-1.809272551063501391e-02
-5.915685525099171997e-03
-6.052226512049729834e-03
-8.498998733300049818e-03
-4.890299979315906008e-03
-7.401677311521422976e-03
-8.733416018322698315e-03
-5.647964543340273274e-04
3.469510475479717967e-03
7.459148122459953283e-03
2.490049827237510172e-02
2.786038605372864740e-02
4.004337052602444796e-02
4.391592126573187760e-02
5.351628139711495785e-02
4.580455358442468705e-02
4.258870120290249306e-02
3.572167755562066782e-02
1.156124184894473036e-02
9.869650726966931742e-03
4.975170040348181506e-03
-7.981351625343099596e-03
-1.609743216999556630e-03
-7.657754831224995208e-03
-7.844727617608487913e-03
-3.416542257049331316e-03
-6.101904202076191726e-03
4.363040823610843041e-04
3.705447748902647529e-03
1.021618640374783414e-02
1.955104058461331479e-02
2.655744069517462086e-02
3.952437119903110668e-02
4.812067361678287747e-02
5.713721617681819659e-02
6.652830081128324746e-02
7.344158630162173074e-02
8.145556336745116144e-02
8.803908453196146455e-02
9.355246884391975326e-02
1.003087602386637661e-01
1.033580836478446840e-01
1.022912300355552501e-01
1.012883680377944379e-01
9.588724794002193019e-02
8.583270832406601769e-02
8.565394621847004231e-02
7.449936713671286015e-02
6.320655208189886187e-02
5.808922049072948873e-02
3.208505532785500824e-02
2.535818380804970643e-02
1.380788899848864847e-02
3.203129165476692984e-03
1.683847595354755764e-03
-6.266856909312079095e-03
-9.907562318253956141e-03
-1.058218942693071526e-02
-1.312496059540402098e-02
-1.190214426028140746e-02
-8.804834943403797021e-03
-6.928680316962013488e-03
-4.054166926656198496e-03
1.905254667350773055e-03
1.974382461097768694e-03
4.940289719297573379e-03
4.739633929971359509e-03
1.422107485990582124e-03
6.794665791481482647e-04
-3.161693575755636886e-03
-7.995661157336891173e-03
-1.089878272831099580e-02
-1.622444811953740323e-02
-2.174024350830782923e-02
-2.376238517747691903e-02
-2.937786904847436084e-02
-3.011307915358435103e-02
-2.828954327712226297e-02
-2.935369818108607073e-02
-2.545861131241251157e-02
-2.417944443614881284e-02
-2.238293341393426603e-02
-1.878244589657866032e-02
-1.900224800943181233e-02
-1.406053335288174992e-02
-1.354620652091691885e-02
-1.463092325475793057e-02
-1.287490597225735174e-02
-1.740908457425237657e-02
-1.725056235074025682e-02
-1.818931562481147096e-02
-1.624745588579817879e-02
-1.545942832506814503e-02
-1.307968959976974627e-02
-5.846320191031801825e-03
-6.038757686829530381e-03
4.435092925345553508e-03
4.052414372094667420e-03
2.061360426795551086e-03
8.343037889394961520e-03
-2.304831610245423879e-03
7.396349394892595165e-03
1.037381028712091799e-02
4.093173216546521463e-03
2.657861287994979504e-02
2.317685942375232941e-02
2.329046260846698996e-02
3.894273524521669333e-02
2.066597842132344987e-02
2.633889737943664877e-02
2.577614773075841484e-02
-2.024392475122275149e-03
8.908322932967863107e-04
-3.088936436601643493e-02
-5.499653853034697920e-02
-6.271412189251363012e-02
-9.223194069596081512e-02
-9.446457108673174397e-02
-1.015449898829942632e-01
-1.097658744512724494e-01
-1.104723475987722525e-01
-1.206090012057339372e-01
-1.257033814670306393e-01
-1.316681420252965862e-01
-1.401127308467458032e-01
-1.464716507374400345e-01
-1.529496888730430826e-01
-1.510287714804727233e-01
-1.475826756369047199e-01
-1.403192957489275139e-01
-1.394796834839935329e-01
-1.352177479929768944e-01
-1.293261806301234107e-01
-1.244814213966221605e-01
-1.193153805842399051e-01
-1.058157337862041941e-01
-9.925334701437413254e-02
-9.127015059006471365e-02
-7.582761675975921434e-02
-7.044860376229895860e-02
-5.357780546682974765e-02
-4.270392980580851872e-02
-2.948700483330544270e-02
-1.602230091530627495e-02
-1.363954635116080075e-03
9.640271773545778383e-03
1.877899780154211259e-02
2.722921490137830344e-02
3.067515162632534695e-02
3.305741713998504999e-02
3.431946658128767758e-02
3.092625129868407582e-02
2.890031545895455425e-02
2.297448273342211217e-02
1.669940126593279922e-02
1.284035048626702008e-02
2.207709036567917938e-03
1.753486334591658751e-04
-7.439816171867867298e-03
-1.452105608454263772e-02
-1.609373182103571165e-02
-2.699658109725426927e-02
-2.866565715940290818e-02
-3.439094358798498730e-02
-4.375885852797792297e-02
-4.176367976556342315e-02
-5.271004006776259382e-02
-5.384832609581760576e-02
-5.355365737041923452e-02
-6.268654102712582776e-02
-5.768607364123349429e-02
-6.357115341801082564e-02
-6.689682853484656133e-02
-5.925493583451993396e-02
-6.165726246160961599e-02
-4.983366657576868836e-02
-4.273283969780224817e-02
-3.666746469639046990e-02
-2.883736007944390917e-02
-2.476909953354203622e-02
-2.222830357151346983e-02
-1.642970471030718096e-02
-1.645273237111527509e-02
-1.519421572300469654e-02
-1.362324199635256243e-02
-1.408011590010940610e-02
-1.216198817802060031e-02
-1.073048576694212407e-02
-1.176806222382698573e-02
-5.114063772135715898e-03
-3.461534152469521435e-03
-1.403779989583338415e-03
9.114309026563948216e-03
1.086844231992192648e-02
1.567034457131834257e-02
2.212053673837338641e-02
2.217270262413289714e-02
2.976677213836421282e-02
3.241333840555947476e-02
3.687280161347005619e-02
4.133750777652077379e-02
4.549247656523826983e-02
4.744681889621672755e-02
5.333916530636369918e-02
5.435295718749303534e-02
5.181746810781188289e-02
5.185630933165868289e-02
4.461063727267693818e-02
4.055598424414542241e-02
3.683976450100829442e-02
2.798837232701125929e-02
1.895913250261202498e-02
1.674176073474289983e-02
-1.782982185658875006e-03
-2.606562040169870236e-03
-5.109742036980290808e-03
-1.141504286884966260e-02
-1.074270221217038176e-02
-1.284270497118876649e-02
-1.410553845044701902e-02
-1.409647603088190482e-02
-1.422794445592569235e-02
-1.448458280112871997e-02
-1.391086078373227411e-02
-1.241504399283617326e-02
-1.147485595687104329e-02
-1.044662780766609372e-02
-9.866535613380997966e-03
-7.565018398120094793e-03
-7.400033245429388923e-03
-6.489499398185488190e-03
-5.743599464199612183e-03
-5.620604117601855736e-03
-5.153289494404867874e-03
-4.979157613084183795e-03
-4.871493753937751817e-03
-4.715205756289240525e-03
-4.671321723956974210e-03
-4.615543300892085282e-03
-4.573373884907095017e-03
-4.556950170370777098e-03
-4.536891741670193504e-03
-4.526175567104160843e-03
-4.519495799401959668e-03
-4.518184970645808263e-03
-4.512338458875459618e-03
-4.516929807815155302e-03
-4.528101792540996026e-03
-4.512021769579790259e-03
-4.558643064821704671e-03
-4.559185982325479961e-03
-4.534701162443490439e-03
-4.719605004790215080e-03
-4.570661896556514961e-03
-4.701410185754136516e-03
-5.109211329106711288e-03
-4.422444888406780635e-03
-5.476244031812470964e-03
-5.790066716904146253e-03
