7.691158170230758331e-04
9.217594984428354767e-04
3.687441997022457719e-03
3.671456196157715096e-03
4.398088883031084535e-03
5.021624751142809116e-03
4.678174613823853946e-03
5.108621198210920589e-03
5.135481234729795397e-03
5.125205501907190153e-03
5.268139653032891459e-03
5.239771721138859403e-03
5.255892090086622913e-03
5.276040588679287678e-03
5.242599509199178179e-03
5.195651131031012344e-03
5.190258287620151331e-03
5.068307145744625763e-03
4.958100049811724197e-03
4.950076971067884392e-03
4.518723100831350745e-03
4.523173273675573647e-03
4.453348316517229295e-03
4.374332183573863449e-03
4.374203524933288796e-03
4.395390501549857956e-03
4.437506839077984093e-03
4.415816577753879819e-03
4.696004932244409423e-03
4.644348297114219912e-03
4.764366436165646049e-03
5.098781544059684603e-03
4.206688194466602637e-03
3.608142404385421362e-03
1.596900958788871920e-03
-5.603322193287726093e-03
-7.559711482376980582e-03
-8.984920416678261745e-03
-1.387622628010301042e-02
-1.391546600371035801e-02
-1.617302572754247478e-02
-1.654074205620540208e-02
-1.581471987095878565e-02
-1.727092021911658115e-02
-1.570528265239057655e-02
-1.559760438357367905e-02
-1.640403790304138451e-02
-1.169532045599514652e-02
-1.338611716161945339e-02
-1.300375001202360575e-02
-1.082875043160752906e-02
-1.689690344460060417e-02
-1.551754965163601625e-02
-1.014374201783148008e-02
-9.370407012336741739e-03
-6.189794304969434453e-03
-2.987062035460784012e-03
2.026512179258431294e-03
5.997979920513132369e-03
4.288545203680689012e-03
-1.790546303463731856e-03
-3.411181321255170578e-03
-1.037525326506597532e-02
-1.278166592560878688e-02
-1.396596097887535699e-02
-1.731728706628605369e-02
-1.695831862280714267e-02
-1.739977939438192012e-02
-1.503316417774716585e-02
-1.370452326882520659e-02
-1.616180567996850989e-02
-1.853750268738220061e-02
-2.121080876213806213e-02
-2.527429322380817661e-02
-2.668587279495827566e-02
-3.092645050205198795e-02
-3.261623766555131476e-02
-3.165336211984928066e-02
-3.343862885477294489e-02
-3.183958994444017337e-02
-2.900001526722193607e-02
-2.748076882415434116e-02
-2.532247200027232595e-02
-2.218393517131347914e-02
-2.020717471578740293e-02
-1.738880217895362457e-02
-1.335299726494514234e-02
-1.172505965710914436e-02
-6.676192545546316519e-03
-3.304288414772803186e-03
-1.718744617775493219e-03
3.825567217252048586e-03
4.460426289697999938e-03
3.929031196839390637e-03
6.569640611764629261e-03
5.063404088502430726e-03
4.449638157156924310e-03
4.618686943909272244e-03
-1.473910330217493040e-03
-1.528040412181088130e-03
-1.705384064221587359e-03
-3.488969244761524601e-03
-4.527679218797816293e-04
-3.693951442300442045e-04
9.401596190272916475e-04
3.122211636672321371e-03
3.477801352664289247e-03
4.447722350335858721e-03
5.033730716685110712e-03
4.394402795024838007e-03
4.847951863446833647e-03
5.552600449876072576e-03
5.453695986089849256e-03
5.020312532679426475e-03
4.992391200470665778e-03
4.284180613906575161e-03
3.279311397318240839e-03
1.082159056989173435e-03
-6.656021190390890799e-04
-3.284121600937393252e-03
-5.142613969950755870e-03
-8.076000153318612859e-03
-1.229156278333740429e-02
-1.590848329539198275e-02
-2.107592440477152121e-02
-2.578707103074471402e-02
-2.735713502667088889e-02
-2.954446234870689719e-02
-3.109745105175348162e-02
-2.907593751341717297e-02
-2.465274955398127216e-02
-2.375109917605535553e-02
-2.433109404243635407e-02
-2.473725286791666686e-02
-2.542466558273833582e-02
-2.459310891393058987e-02
-2.488352197021955620e-02
-2.442233366526542701e-02
-2.344568436030780925e-02
-2.361188199808425883e-02
-2.172249879560935945e-02
-2.089858916379169415e-02
-2.047620738387330094e-02
-1.561127686940072014e-02
-1.478483544218510762e-02
-1.442508431082374989e-02
-1.262691562785299426e-02
-1.272976883301920117e-02
-1.412165316957434899e-02
-1.351284835730650995e-02
-1.329610966414657668e-02
-1.383825543205932825e-02
-1.384681057175054381e-02
-1.524830721415573222e-02
-1.757351885725202262e-02
-1.728482273913405434e-02
-2.199553090199101585e-02
-2.018423245579551925e-02
-2.202145723598767160e-02
-2.256047561751151759e-02
-2.169832594193731728e-02
-2.354004091974815430e-02
-2.128000811842464812e-02
-2.307381066435067185e-02
-2.211859224881464886e-02
-2.035318644984071210e-02
-1.989827135037568195e-02
-1.663229921615386880e-02
-1.604243580304323680e-02
-1.363153809245377240e-02
-1.229456467496589309e-02
-1.270331821903071014e-02
-1.042462040962940407e-02
-1.212433832704717593e-02
-1.180856517525514723e-02
-1.410063851965001787e-02
-1.809279386085122995e-02
-2.139753116781200476e-02
-2.579198395857202133e-02
-2.604254117250601533e-02
-2.790533932450681154e-02
-2.889328623230776050e-02
-2.918641969935265035e-02
-3.011893457535809102e-02
-3.110703834562491069e-02
-3.034488924684669575e-02
-3.130924221264411861e-02
-3.042232374316487450e-02
-2.500837429024728789e-02
-2.498161210848040895e-02
-2.078398992765501802e-02
-1.878312879854952475e-02
-1.882350749653321012e-02
-1.638295535746060738e-02
-1.722107520177277792e-02
-2.070141186126249477e-02
-2.010506950164213727e-02
-2.494654077603411860e-02
-2.924895780389528965e-02
-2.918611156030533407e-02
-3.156323876587041610e-02
-3.172675027364233596e-02
-3.359344683462462539e-02
-3.468614297077089043e-02
-3.477270593053838343e-02
-3.524162198626916431e-02
-3.505265044757183840e-02
-3.423508689701338509e-02
-3.327901673126171245e-02
-3.187855607109865014e-02
-2.828777163109293807e-02
-2.200565870425815265e-02
-2.129680310757976411e-02
-1.758026435383311728e-02
-1.731208058436840488e-02
-1.742852150251323479e-02
-1.611367543889583726e-02
-2.107187667048238469e-02
-1.997812639126115425e-02
-1.853716767369058965e-02
-1.957184908330970863e-02
-1.756700336374465710e-02
-1.750851305279227735e-02
-1.827790631590112472e-02
-1.601319823705657508e-02
-1.793095834123738241e-02
-1.497487641705021882e-02
-1.586231268003525374e-02
-1.388333324012917640e-02
-1.257976357726702833e-02
-1.445950319093649954e-02
-1.330514583019099320e-02
-1.708962924000454256e-02
-2.326960284395565570e-02
-2.473983235163597361e-02
-3.005310069193928985e-02
-2.922251600444342873e-02
-3.087516391264535573e-02
-3.337695020768007698e-02
-2.938850362533089455e-02
-3.387681830348916734e-02
-3.389951837865277234e-02
-3.564770945115707662e-02
-4.005203404411899343e-02
-3.651827626939124771e-02
-3.917705100417112618e-02
-3.890425366936937912e-02
-3.616145306558126576e-02
-3.820597225266762070e-02
-3.457562210128989344e-02
-3.216048126644131810e-02
-3.045571190719997823e-02
-2.494760141335540873e-02
-2.369431018292874128e-02
-1.780939854597436006e-02
-1.486875041470403329e-02
-1.024868682291545964e-02
-5.457302814381890729e-03
-3.427327950896788371e-03
1.605713089727196959e-03
2.064739210585675097e-03
1.694831052973987118e-03
2.473340361064890747e-03
1.218509436989511849e-03
1.426551882069618379e-03
-1.622762226214948065e-03
-2.128487075303563819e-03
-1.971266434067922829e-03
-3.542934449514512172e-03
-3.356937375172287276e-03
-4.211015902740182330e-03
-5.023851999107036871e-03
-4.903543480405360248e-03
-6.848521950928486771e-03
-7.069679908599114070e-03
-5.973771571541646591e-03
-7.298931891235263363e-03
-6.839710799293424563e-03
-6.848843572798671633e-03
-9.458598806916686599e-03
-1.104276286018836609e-02
-1.311638110588266536e-02
-1.774375380429750113e-02
-1.910293417736989505e-02
-1.904888109530634283e-02
-1.707918638472639972e-02
-1.106901736782746511e-02
-1.063225798681025590e-02
-5.427484543933219427e-03
-6.705353185668131230e-06
-1.299550345939817384e-03
2.409557430420889573e-04
-2.340202909083151199e-03
-4.952590809607050441e-03
7.604801158232438012e-04
1.727932568628865731e-03
3.162911022009817601e-03
7.412974713943869427e-03
7.884886395375592313e-03
9.414899961404489884e-03
1.147330041316279962e-02
8.978675617910037571e-03
8.376844936797842034e-03
1.436689892825790058e-02
1.676799356734367044e-02
2.988627558136163972e-02
4.039197488731732788e-02
5.083774381730941927e-02
6.954423505414034090e-02
7.709488963900212877e-02
9.791155191325283391e-02
1.063098418858747646e-01
1.148717170292059553e-01
1.273730155576938139e-01
1.304738092638330071e-01
1.375442918133997217e-01
1.417183448409359836e-01
1.420430767118992244e-01
1.433802238433820320e-01
1.419968845465262586e-01
1.377682525232341859e-01
1.335603389606401237e-01
1.282505559316602373e-01
1.183145036989439319e-01
1.131536066566761201e-01
1.043824405837729397e-01
9.786400807873760210e-02
9.134379518545118759e-02
8.392774270265530856e-02
7.941049540422993880e-02
7.120010574586181640e-02
6.708232454853239879e-02
5.679269626509705210e-02
4.277800695016963084e-02
3.598716273395848042e-02
1.445763545740945052e-02
8.428512737351576481e-03
2.407477614299102786e-03
-8.423671430271752886e-03
-6.206282637539020305e-03
-1.207729395312826665e-02
-1.386450246733953763e-02
-1.243704589055077969e-02
-1.594927567733658846e-02
-1.705009307967928281e-02
-1.697204732597707919e-02
-1.695209117569245957e-02
-1.670729210439165363e-02
-1.469286276473828930e-02
-1.316399694162384212e-02
-1.219057243939782390e-02
-9.323383712229935810e-03
-9.237522905207925725e-03
-8.137327769341064568e-03
-7.308048528462586339e-03
-7.460145375679310201e-03
-6.712168751203240365e-03
-8.596163761402458858e-03
-7.997749173788187144e-03
-6.672744568257494430e-03
-6.862758165825412482e-03
-7.363718445577525397e-03
-7.656138345492518107e-03
-4.604095478802789840e-03
-5.437776160465695053e-04
4.322822002393821722e-03
1.537676801139509566e-02
1.873163538258739574e-02
2.397268366497181183e-02
2.888880367191968071e-02
3.014341648551560962e-02
3.331711902937352365e-02
3.437971278025868382e-02
3.562887488063144065e-02
3.759228344859671944e-02
3.805141091778437012e-02
3.947925489009928429e-02
4.079854385557660224e-02
4.153227195704668750e-02
4.273329564090808802e-02
4.319584997990780911e-02
4.381471783288907323e-02
4.411826269524399269e-02
4.417746993536898065e-02
4.435211168743879995e-02
4.380878829898935539e-02
4.377417307729402490e-02
4.299490602196567174e-02
4.204315987049239006e-02
4.168627632969836710e-02
3.957006497910960097e-02
3.884627520226727887e-02
3.714116090535708042e-02
3.404361348424946032e-02
3.364839372241430066e-02
2.903825652545125383e-02
2.647838869143645871e-02
2.450517785910590052e-02
1.616018921142085493e-02
1.506323563378483138e-02
9.429276657978239926e-03
6.369383941396351660e-03
6.007087627817183154e-03
1.752968930013047840e-03
3.616723118748047059e-03
2.228412297393738469e-03
4.382227037868212730e-03
4.819816966965019545e-03
5.287993069471875682e-03
6.330437198181656372e-03
7.131942356025359857e-03
7.920816614214258242e-03
8.566596187649759553e-03
8.826389048449111499e-03
7.403777424148322642e-03
7.706230841229008872e-03
7.231249109914972446e-03
6.833650091935474999e-03
6.858065082620011521e-03
6.392932147332509515e-03
6.248973703884245709e-03
5.996141653380701944e-03
5.377377759931263775e-03
5.307887100534015856e-03
4.335649492264367737e-03
3.469867261685922674e-03
3.264933653384509936e-03
1.605891542449567493e-04
-8.852241604714130880e-05
3.647055322712367963e-05
-1.142990761573822213e-03
-7.262679663591944381e-04
-1.050169138268235072e-03
-1.199572314956251278e-03
-6.083272495827713117e-04
-1.022017356488322650e-03
-1.559476321148570697e-04
4.307419222852867718e-04
-7.081641155199823109e-05
2.924246271494726577e-03
4.041193840857305875e-03
3.904813168019736613e-03
5.499862628644148349e-03
5.661667278989870704e-03
6.216724170233774854e-03
6.891726646798131475e-03
7.161764594198784077e-03
7.730840127972354175e-03
8.088968260999385498e-03
8.668964439905500405e-03
9.070583241329668173e-03
9.602175380937053722e-03
1.056235945491418998e-02
1.064278916223022030e-02
1.204630669591951787e-02
1.190165264292708004e-02
1.181258481623532856e-02
1.157263054218611760e-02
1.135201406420574717e-02
1.042546994410231166e-02
9.221090396528835303e-03
9.128242088438938417e-03
5.519288716910580178e-03
5.456581889876160017e-03
4.758316500914139442e-03
3.699241096594483094e-03
3.685813970770289699e-03
3.175352436860968616e-03
2.924802662720136365e-03
2.841475718037888253e-03
2.650855912800193209e-03
2.605982118597970597e-03
2.581483207008117980e-03
2.587122866103552452e-03
2.600902933708774348e-03
2.665863508952726404e-03
2.459061071132661192e-03
2.326332851144973912e-03
2.229316662326002486e-03
2.128490857032630870e-03
2.075485676578190785e-03
2.025765180953718707e-03
1.987261193225390264e-03
1.963293753870643497e-03
1.940784002988006412e-03
1.925495088121141184e-03
1.913986940340155034e-03
1.904302874568641109e-03
1.897122944099240410e-03
1.891523827765850428e-03
1.886617119050725162e-03
1.881539749930557538e-03
1.879024571092363259e-03
1.873099384562903038e-03
1.868101925506588084e-03
1.866895813361100403e-03
1.851162185904438491e-03
1.851324211002806268e-03
1.841056487541835015e-03
1.803637344108189938e-03
1.830382741993236357e-03
1.757251419720355515e-03
1.719799908579388312e-03
1.791428110588438654e-03
1.495423565174209581e-03
1.710788894313061519e-03
1.995948103389372577e-03
