-2.452665077418472034e-02
-2.381677863196463713e-02
-2.646304171564974744e-02
-2.932313995546910468e-02
-2.724556061075513250e-02
-2.857496834566669933e-02
-2.929808194179383402e-02
-2.889833387476701751e-02
-2.957145080430755718e-02
-2.953383363593564681e-02
-2.954977547579242317e-02
-2.969511328202842013e-02
-2.958041033378679824e-02
-2.955888025741858563e-02
-2.942734603858898276e-02
-2.923351007264263918e-02
-2.900509652444234823e-02
-2.854581053194113482e-02
-2.814302633819406457e-02
-2.736412929743399156e-02
-2.633634101172194208e-02
-2.594599910662593462e-02
-2.387580723819318976e-02
-2.330976331763957160e-02
-2.093351106846986706e-02
-1.565263798964797518e-02
-1.667063788644793446e-02
-5.271360825448423264e-03
2.947458220750340881e-04
1.674641909616190897e-03
3.921558006914861033e-02
4.473845528003494998e-02
5.397215527843417238e-02
7.510662430167153181e-02
7.805669435998284500e-02
9.014925901498220540e-02
9.470987915383193012e-02
1.010531959832148552e-01
1.043627685811947398e-01
1.105052824508739873e-01
1.108498884302598075e-01
1.157011867865910815e-01
1.205409702545093276e-01
1.193709106567367867e-01
1.300400142179067575e-01
1.336899589951616174e-01
1.323098656475088231e-01
1.601861986500745239e-01
1.430203820021554439e-01
1.453365146543926789e-01
1.348175333409113441e-01
9.557048908600233872e-02
8.808209488342337579e-02
3.702545820157308182e-02
2.869874221661259175e-02
8.784194839015858902e-03
-1.146386584414326240e-02
-7.232749310114468949e-03
-7.535958172938777601e-03
1.109874924277821570e-02
4.687972938954795138e-02
6.144046369997677171e-02
5.446800969253656061e-02
7.482400232285074670e-02
3.607406962328123246e-02
-2.815605876131532445e-02
-9.942325822278777481e-02
-9.831743571586690211e-02
-1.061984560092775753e-01
-7.736897123616806593e-02
-7.370082542492922828e-02
-4.895341340837135180e-02
-3.400093283202515471e-02
-2.214578465122003445e-02
-3.187841545854449925e-04
1.647973018284566715e-02
3.755505521026586413e-02
5.792914057098742797e-02
7.717824935759758087e-02
9.728935145169391452e-02
1.140234317897327043e-01
1.312330370096257692e-01
1.219549764165219069e-01
1.236628685615958484e-01
1.114647148979766300e-01
8.219607148428358101e-02
6.938600308377138037e-02
3.423408910714079156e-02
4.031205261683837998e-02
-1.430164969752339239e-03
-4.793511136443125327e-03
-1.802791960239236158e-02
-2.427983856403103866e-02
-1.281918994830991490e-02
-1.766834448729444687e-02
-1.714547858829810340e-02
8.802988402736121668e-03
2.916195669684227242e-03
-1.009924488317757649e-02
-1.589565462908880400e-02
-1.495032892956878710e-02
-1.925138156978026607e-02
-6.177828859433878023e-02
-7.781803609364255914e-02
-5.151866382486156720e-02
-9.017253564595556492e-02
-5.792570615679208668e-02
-4.881517880209513931e-03
2.072741020361944936e-02
7.960659042158087229e-02
1.156700315837659310e-01
1.577681075047619452e-01
2.043750593350244504e-01
2.236898489289119718e-01
2.522995516570419872e-01
2.732125367345510925e-01
2.326602543819832891e-01
2.272154267963528984e-01
1.634718906474413591e-01
1.691753583404180528e-01
1.637884844033642151e-01
1.584007416317607664e-01
1.884388679501661501e-01
1.794149719109315866e-01
1.549095298350841032e-01
1.448063098197244769e-01
1.003330126482143703e-01
9.739159907377477332e-02
8.510666438306160875e-02
1.013724805664491108e-01
1.239151108794263045e-01
1.313736331812592750e-01
1.422612797274037388e-01
1.573082154798914611e-01
1.607608516717362046e-01
1.577319990863454424e-01
1.640203048662740581e-01
1.615712340861667762e-01
1.641974730928253967e-01
1.649669013454797550e-01
1.627085099885844932e-01
1.693573560359842023e-01
1.613969956728358857e-01
1.650387573295412635e-01
1.612967620178571149e-01
1.255857907188531464e-01
1.186988848792610990e-01
9.054490385818581011e-02
2.018928680521493366e-02
-2.287898892036827059e-02
-3.269165737132582322e-02
-5.706212240975853424e-03
9.811575260725888259e-03
4.566399023485749609e-02
8.543039806694890936e-02
9.767195823837636348e-02
1.369214491003636069e-01
1.443150580831316088e-01
1.316815613830606135e-01
1.567784711662828789e-01
1.123060296354729398e-01
1.327666099528884702e-01
1.640078249237546804e-01
1.957412463529642765e-01
2.237670312022765895e-01
2.526038356712539956e-01
2.654495089852554335e-01
2.813856056328195021e-01
2.866455869997857620e-01
2.929017107402511755e-01
2.930233649823306696e-01
2.662827898620297451e-01
2.504286443541436924e-01
2.021083777949796711e-01
1.565310489787868631e-01
1.141718670178271527e-01
4.507942418895673209e-02
-8.268065209662040990e-03
-8.325854092994157407e-02
-1.187973147962752413e-01
-1.428645466807631215e-01
-1.713009059585113292e-01
-1.600719304939051679e-01
-1.653722507326948199e-01
-1.755013501973617107e-01
-1.456724588970024770e-01
-1.476161552980422287e-01
-1.229789625520116836e-01
-7.112190704035892264e-02
-7.188337373861447555e-02
-2.861265671739701699e-02
-2.201214752937481409e-02
-6.277945939194304326e-02
-5.007637974340693743e-02
-6.266654130926470334e-02
-6.968531273106047530e-02
-7.318423141745873661e-02
-8.736099408699062041e-02
-9.384946637090152421e-02
-1.239133586642408441e-01
-1.801487021738379102e-01
-2.266818104015338731e-01
-2.345389614140101497e-01
-2.564077377505944999e-01
-2.509883949806893666e-01
-2.518375477730728229e-01
-2.546234318889096793e-01
-2.397319081659565476e-01
-2.373782012425326438e-01
-2.217107018778311511e-01
-2.040086642067335254e-01
-1.696812096622518640e-01
-1.462588644942166838e-01
-1.106739990878647106e-01
-8.945739702373875502e-02
-6.353831807095328132e-02
-4.049642013404711888e-02
-3.032025709586654710e-02
-2.264487360673768726e-02
-1.575518077759785127e-02
-1.369010964071281679e-02
-2.106682717114301967e-02
-2.839677460802795053e-02
-9.211087655676060068e-03
-1.553382808486254880e-02
4.223514858074344479e-03
4.035496468123730279e-02
6.586166541912721883e-02
9.722699072919066543e-02
1.288258402546665626e-01
1.639044929093399217e-01
1.928461121372586351e-01
2.243853214306602839e-01
2.417708796851256725e-01
2.581911887204307310e-01
2.551470043973574353e-01
2.447357012665611897e-01
2.334358888875417426e-01
2.043096064170430992e-01
1.719900580241650045e-01
1.468824847082093599e-01
1.356970114785492620e-01
1.252545856858705842e-01
1.226478182022140706e-01
1.177877487173109583e-01
1.195087602720553560e-01
1.187861953020256239e-01
1.214978627886890428e-01
1.284484969663140241e-01
1.282411267570960911e-01
1.419067873532277868e-01
1.458219776414032554e-01
1.293974660011470990e-01
1.319333461882795933e-01
1.018635660260991949e-01
8.496397660460472401e-02
1.020950946252374286e-01
6.219649917301989933e-02
7.158508073591900167e-02
6.530802653164376192e-02
7.075382361782252272e-02
8.325239657564768858e-02
8.725527811701018488e-02
1.048322128475975695e-01
1.076396506798479313e-01
1.341109035724060705e-01
1.390152721052808904e-01
1.404285961238280478e-01
1.517538357445931685e-01
1.533364190407491279e-01
1.507368655343521435e-01
1.647059466818542317e-01
1.553305355553822875e-01
1.472463181090241935e-01
1.389419879812188452e-01
5.812363081936629261e-02
5.812465416787579442e-02
2.705291751304755507e-02
-9.275497548160142880e-03
2.082088722041478858e-03
-1.216486538564224250e-02
-2.521603612879258494e-02
1.011639704183060588e-02
-5.432613799506477714e-02
-7.855531433098959793e-02
-1.204526423243247185e-01
-1.071956189631590312e-01
-4.352226468746903110e-02
-2.976929976944641190e-02
-1.334366509562600819e-02
-5.694738218252437360e-03
-1.874661426208552167e-02
-2.657558549802584852e-02
-5.188281960156642530e-02
-7.817803594990982430e-02
-9.926548417922551049e-02
-1.027762782406425324e-01
-1.246108850268128621e-01
-1.236778419005260671e-01
-9.991562548176749492e-02
-9.752453668332201897e-02
-6.228283356602980908e-02
-6.314956959884895915e-02
-8.259493510117041359e-02
-4.045324943765705311e-02
1.134847242038179889e-02
2.604118742861914054e-02
7.759492722054067704e-02
9.329409481655870362e-02
1.161760104053761455e-01
1.613572432908802756e-01
1.705282788754326484e-01
1.937529426456779946e-01
2.131449771123006542e-01
2.151044467326516940e-01
2.316734147233527885e-01
2.344276871093221859e-01
2.351796851056552895e-01
2.409648857539157252e-01
2.356167140352783129e-01
2.311201836361868045e-01
2.265887122637545992e-01
2.116899681471182404e-01
1.955489331070733305e-01
1.763477152588426855e-01
1.908798585590052721e-01
1.841313025344628040e-01
1.916794531281274250e-01
2.086756265518856512e-01
2.083966194209481704e-01
2.253480649644239719e-01
2.337457998714002338e-01
2.083447886607303068e-01
2.075614889345709091e-01
1.763990237244436043e-01
1.124244067641771150e-01
9.692342551951864393e-02
6.427702109633376404e-02
3.957159496854314312e-02
3.109942111042234697e-02
1.542337436019840941e-02
2.228124733549837963e-02
3.710014452316953704e-02
3.252391077666819813e-02
4.127817645468813412e-02
3.505422328941120574e-02
3.770259165390080214e-02
4.433747605863744279e-02
3.208255204724444129e-03
1.762188527986060507e-03
-3.925683329169936397e-02
-1.156356341989060454e-01
-1.119033486769747399e-01
-1.690922123684671652e-01
-1.586743730369961913e-01
-1.366732644767240934e-01
-1.361520814263776358e-01
-6.657542739918535790e-02
-9.607280534940799976e-02
-7.810147285116107729e-02
-8.258620189866668071e-02
-1.724854229463654576e-01
-1.725886143506374371e-01
-1.907493115593171251e-01
-2.086226906563151406e-01
-2.253945532865694323e-01
-2.573466166600492655e-01
-2.698635496633364217e-01
-2.840374646657540247e-01
-2.961946112559629696e-01
-2.964701495867654857e-01
-3.012881477017671505e-01
-3.025366404775847173e-01
-3.018181497040994810e-01
-3.045512195352536033e-01
-3.032384480646715952e-01
-3.041266024750026165e-01
-3.049196113752748460e-01
-3.045550946767972000e-01
-3.059799944427651353e-01
-3.060751867296452322e-01
-3.065785120229750360e-01
-3.074193098456088347e-01
-3.075841340602009644e-01
-3.082519326421372940e-01
-3.087064177800005194e-01
-3.091751424283576966e-01
-3.095568317373524891e-01
-3.101967309660048078e-01
-3.105674070882717408e-01
-3.108939939171599942e-01
-3.118772254432366497e-01
-3.117277357056751907e-01
-3.127124002047498297e-01
-3.134185814182209873e-01
-3.130691065196272160e-01
-3.150796376285525113e-01
-3.145065181314929403e-01
-3.152427491535779169e-01
-3.171947297978464642e-01
-3.243724051280056364e-01
-3.333452570077625188e-01
-3.411138112272892320e-01
-3.510755710312574718e-01
-3.708625390768474639e-01
-3.797892118670096462e-01
-3.863800914205366976e-01
-3.533839699472304807e-01
-3.403297581359155943e-01
-2.952388047585345343e-01
-2.092242156004275044e-01
-1.950428554890862032e-01
-6.545435989574709124e-02
-5.730620966121061088e-02
-3.464305105808074270e-02
8.917204144505114227e-03
6.850401604810906972e-03
2.986946962076015774e-02
4.090330439081443087e-02
4.597226547983462169e-02
5.911583510866808694e-02
6.317612164318867074e-02
7.390841103126065403e-02
8.014404115061017631e-02
8.984100038592400528e-02
1.056789871841669476e-01
1.087090710240742886e-01
1.374594427882882830e-01
1.408423188260026493e-01
1.458162055269967838e-01
1.563316751724229958e-01
1.595638822374810528e-01
1.633007966007760936e-01
1.714758031345385847e-01
1.768743395886387404e-01
1.772178618028357466e-01
1.976667057870359900e-01
1.938475465655213614e-01
1.994781417919689326e-01
2.099207819948208653e-01
1.798842417264343851e-01
2.106498222746446269e-01
2.005946566464166525e-01
1.988726021519743037e-01
2.061199993666281149e-01
1.980800537226482805e-01
1.962818519126509342e-01
1.937987983962328742e-01
1.858783907368914967e-01
1.750859380190998849e-01
1.719640041351152560e-01
1.500453156339578153e-01
1.337317006899090277e-01
1.272377315620188687e-01
6.590810608562570894e-02
5.598375611727716972e-02
3.027685867974668973e-02
-1.186998580143820009e-03
-1.164033914857329211e-02
-3.592525746458753722e-02
-6.537606311789259661e-02
-7.238282963908430900e-02
-1.076194919939470057e-01
-1.100359909477009041e-01
-1.069208418498106411e-01
-1.185201755866960305e-01
-1.123434363051327434e-01
-1.133969183809513670e-01
-1.136159924128822135e-01
-1.048167901843668343e-01
-1.044251682689586458e-01
-9.431561310434166678e-02
-8.040532960663342166e-02
-7.795240386684768041e-02
-4.749805733099270177e-02
-4.540069208496409769e-02
-4.496887144699206196e-02
-3.801244097980594622e-02
-4.007623990370233480e-02
-3.775349324123834088e-02
-3.653722291694323082e-02
-3.685120850597318337e-02
-3.573857910239159469e-02
-3.565666202881311031e-02
-3.548958111446134933e-02
-3.514733416960880152e-02
-3.514480869014414283e-02
-3.500410276464726439e-02
-3.491732804620702874e-02
-3.489068431628566253e-02
-3.482828882661522657e-02
-3.478394537340896708e-02
-3.476168393424756281e-02
-3.472300243677624298e-02
-3.464506990836842965e-02
-3.466713410886552993e-02
-3.453179785306653010e-02
-3.442625529103869597e-02
-3.452070404556158156e-02
-3.396832251168632050e-02
-3.414735378261522791e-02
-3.395832147343398610e-02
-3.249256896113310311e-02
-3.410301063568905999e-02
-3.124407950822801969e-02
-2.961496505169610230e-02
-3.157193460121944517e-02
