2.470879936468839584e-03
1.074671142374252451e-02
1.062424475648700989e-01
1.105165502247069664e-01
1.087391274940409519e-01
1.275554990366122854e-01
1.149598185465707662e-01
1.195469988827503466e-01
1.207269239500506075e-01
1.175984087403755263e-01
1.198826561369644439e-01
1.190016728826267939e-01
1.189016352663547077e-01
1.193558345993929043e-01
1.191281887168291753e-01
1.194975908639029777e-01
1.192819028693081623e-01
1.201999011199359341e-01
1.200478075481423018e-01
1.203571281977438012e-01
1.230959134696834323e-01
1.239629627648113908e-01
1.309943141211542261e-01
1.325903621125996135e-01
1.386711969143921974e-01
1.459480024753585237e-01
1.491526946654516128e-01
1.674749636646697404e-01
1.757615348318090076e-01
1.954590599653726890e-01
2.443897675478781673e-01
2.753764253684560237e-01
3.445639402648354999e-01
4.012989628120316454e-01
5.238792718448391783e-01
5.556569721486369628e-01
6.619870800135370104e-01
6.940647015088603489e-01
6.723584386552163839e-01
7.152727849176451214e-01
7.006408910889282415e-01
6.574690460450037799e-01
6.618722361927439346e-01
6.489089574229471857e-01
6.397214166144397085e-01
6.428654645685996094e-01
6.300007264589320144e-01
6.366783869526236872e-01
6.298513177385598460e-01
6.159733782283405290e-01
6.210220250448245105e-01
5.533278566431973911e-01
5.410522463140615690e-01
5.092157519583045966e-01
3.658070783353065680e-01
3.080465917987724733e-01
2.138014978079806894e-01
3.669177975010233517e-02
7.876938664493925157e-03
-2.723073786117690132e-01
-3.575352950762570869e-01
-3.196952430930821709e-01
-4.558517152711537568e-01
-3.549150863036896753e-01
-2.480930941010582869e-01
-2.013746505799708653e-01
-8.672052287404617699e-02
-6.910185124940962376e-02
-4.807175288114600570e-02
-2.374192736945607285e-02
-5.979356630297585906e-02
-5.101635568116714287e-02
-3.232297307738293130e-02
-5.232597272865270599e-02
-6.394734605579382655e-03
-1.668848310824985227e-03
2.266842294813964723e-02
8.426843138999266791e-02
9.914352660801145634e-02
1.582163499364869219e-01
2.004006197623275920e-01
2.282828501926580100e-01
2.926770888114814673e-01
3.133792332318154905e-01
3.239574015345839664e-01
3.443718176273457554e-01
3.271678632865807623e-01
3.198462601615139622e-01
2.923257744460308616e-01
2.448884493220457592e-01
2.211197453591578488e-01
1.822488738546124698e-01
1.442515947055283410e-01
1.350082734287711694e-01
1.043821991454725734e-01
9.222438344996600201e-02
8.185283061065315446e-02
2.985611322991098271e-02
3.697159249512906726e-02
5.903428585401827161e-02
7.131815278284935056e-02
1.381024652046496382e-01
1.724107173068497867e-01
1.558493159260520289e-01
1.797705278052444677e-01
1.786671054924586499e-01
1.760210761324303430e-01
2.043280810036961770e-01
2.020221607253714080e-01
1.360427997853041748e-01
9.142432331266912848e-02
8.986850798647251504e-02
7.668411436360554612e-02
5.680010793394577734e-02
5.672952387106280914e-02
3.722612879865693641e-02
4.825094780872430517e-02
6.317719306305828730e-02
7.560418552533346159e-02
1.576852209884630762e-01
1.607777628941148840e-01
2.019760795659519548e-01
2.185330370777747444e-01
1.959905473044117608e-01
2.171622145364858480e-01
1.970707347710463908e-01
1.743384926012137015e-01
1.482764355490812369e-01
1.300461752862570597e-01
1.887198380268069187e-01
1.991406644656283087e-01
2.871420228830275923e-01
3.231667925899012750e-01
3.532259459321022699e-01
3.806052979360040611e-01
3.371527828570435870e-01
3.124745225411912908e-01
2.950938133966320986e-01
2.630962020427262682e-01
2.457585362922474481e-01
2.332044769292807573e-01
2.126033637657387121e-01
2.120238233137656525e-01
2.064976150953395373e-01
2.008106085782792316e-01
2.100728564602149517e-01
2.046436983765644868e-01
2.156461360480266820e-01
2.275184542503026486e-01
2.353964038329097452e-01
2.512539327339215478e-01
2.570351568290923927e-01
2.696006257843658327e-01
2.760476828345965195e-01
2.614409301380754003e-01
2.632254905071783058e-01
2.260186727056946732e-01
1.963892488716774409e-01
1.728870001567759662e-01
1.113752293738443505e-01
1.059342400759559349e-01
9.732744172917649761e-02
1.076616377646467254e-01
1.329054958765674699e-01
1.378456544227085745e-01
1.705665156857193721e-01
1.742153907916198230e-01
2.027020057074758463e-01
2.029285996309563578e-01
2.075967032804668932e-01
2.269988078693225830e-01
2.137204732705054455e-01
2.446932179326438694e-01
2.526097688102468819e-01
2.412960568049438148e-01
3.381509666612731446e-01
3.233989237391263760e-01
2.632089147657425410e-01
2.544672062682154512e-01
1.910931346240401230e-01
1.678148487701657809e-01
1.131251136862753970e-01
1.016266579181052537e-01
1.084523487311026824e-01
1.030679043374835846e-01
1.024047605728154037e-01
1.085522029948314954e-01
1.428781728951598051e-01
1.464611735961868499e-01
1.320847259110077832e-01
1.374427686649768443e-01
9.860769703729758973e-02
1.053168900366410615e-01
8.852543636409997141e-02
-3.418556538111577892e-02
-3.394620522559085862e-02
-1.060923326492431082e-02
2.358743243482037000e-03
4.150487602883224519e-02
7.207611621955495318e-02
9.663890173748221346e-02
1.074151272844852817e-01
1.190086077298988243e-01
1.283166230842505140e-01
1.405703163708759695e-01
1.521616405088193624e-01
1.644239660955484350e-01
1.765521090962343387e-01
1.915692363021356259e-01
2.032190896473714814e-01
2.154017601590546838e-01
2.273507751624664064e-01
2.376254862124156098e-01
2.481573056592464577e-01
2.584087166858268225e-01
2.679692168019526255e-01
2.773908142232633378e-01
2.882175246955231418e-01
2.971671169254421208e-01
3.087390407124384062e-01
3.216112751098110234e-01
3.135737917502776084e-01
3.271444041193106167e-01
3.309193925558608917e-01
3.210580662306544708e-01
3.477339723211548272e-01
3.341565063943386371e-01
3.734321301440070018e-01
3.152740125742682920e-01
3.177422186166604656e-01
1.842049297838787292e-01
1.926129260216267736e-01
1.786363172785684905e-01
1.455511115619742557e-01
1.747721292398721482e-01
1.301837695166846443e-01
1.403766479065057249e-01
1.737175171248452332e-01
1.909815925190738728e-01
2.722263127789064097e-01
2.881319936343003096e-01
3.692514507715053962e-01
3.437859842320592496e-01
3.559403342396119663e-01
3.324712248131679870e-01
3.177201417791777338e-01
3.240997499950837302e-01
3.046606339962267263e-01
3.036888626094184640e-01
2.992799223011283760e-01
2.946002362306671118e-01
2.941393297536290530e-01
2.913359309621975091e-01
2.898008954450814745e-01
2.876411367620308468e-01
2.880271228113557291e-01
2.839385817170757553e-01
2.848284212302119589e-01
2.835399427597366517e-01
2.777538870064181764e-01
2.842349328731167968e-01
2.769403963068913233e-01
2.731206358194888661e-01
2.879979949838301079e-01
2.580468062486219738e-01
2.764988012091157410e-01
2.712622679728490249e-01
1.949034513947640601e-01
1.938925351539968478e-01
1.920585450615953094e-01
1.989765443841769177e-01
1.892436967330086706e-01
1.931564268829033815e-01
1.830638723270390789e-01
1.621821620468690828e-01
1.441376139708430704e-01
8.914430735538483863e-02
-9.945211891130652238e-02
-2.357897788681210249e-01
-2.501812814962277032e-01
-3.136658894177610235e-01
-2.924809423821977394e-01
-3.195641466515813378e-01
-3.317081346249233231e-01
-3.119783885913183785e-01
-3.376330109835966597e-01
-2.817640419019176168e-01
-2.598557088876445875e-01
-1.560070098489347301e-01
-1.826348945760770948e-02
7.468353111786175946e-02
1.677085776027407160e-01
2.132965513795850032e-01
2.171453605579493351e-01
2.157865179335086980e-01
2.164088114004804331e-01
1.904632206112478743e-01
2.068532654616797306e-01
2.027490094139975940e-01
2.006885595180354087e-01
2.064273105219887605e-01
1.897809045919352511e-01
1.873307296503898267e-01
1.749566685879883066e-01
1.465918175762153941e-01
1.339822953870568045e-01
1.045380751874797898e-01
7.738592367637225911e-02
5.619416710338832888e-02
1.826044325798558549e-02
-9.821138481509273516e-03
-4.639107687327647528e-02
-8.448426114682587584e-02
-1.149488356818888918e-01
-1.589448855722355725e-01
-1.900679215828365021e-01
-1.938838223736690236e-01
-2.026068973158388353e-01
-1.878805424676617819e-01
-1.150410287182488250e-01
-1.344839267983221655e-02
4.294411444663732286e-02
6.746926990469663543e-02
1.023396893552087350e-01
1.611757008260717161e-01
1.744523508070284223e-01
1.508546482382924492e-01
1.647109575101116941e-01
2.136890963947795929e-01
1.842638997680108304e-01
2.568600806520637270e-01
1.712045225370123769e-01
1.131688543404460734e-01
5.697525626471628551e-02
-6.455825854801565573e-03
-3.891187587497443173e-02
-8.295757860616263801e-02
-9.921544105211679843e-02
-1.703039721869933076e-01
-2.261063115307061500e-01
-3.372719979570195648e-01
-3.498308535880669257e-01
-3.666321379446580986e-01
-3.762193042638055651e-01
-3.793544404266122605e-01
-3.888247397622614510e-01
-3.954602804623411627e-01
-3.948841381778175341e-01
-4.070457535508505975e-01
-4.066666770863818225e-01
-3.769010281208524660e-01
-3.828708114991046796e-01
-2.718056080828157861e-01
-2.290571764458370352e-01
-1.363371828289920706e-01
3.224678466053237241e-02
7.578504902096172557e-02
1.731271713755586361e-01
2.407858068007974750e-01
1.849991907512152089e-01
2.281596267398608990e-01
1.819041944704474223e-01
1.416718684082488577e-01
1.445670562444967000e-01
9.765256276610649600e-02
7.897928123771312536e-02
7.915925083945987706e-02
3.925612545268399034e-02
3.861861635243991203e-02
2.544890392535420140e-02
5.424794756724425453e-03
1.786812516094272996e-02
1.748289028932315317e-02
7.500112896183298850e-02
1.510117878716407125e-01
1.985649343309493775e-01
2.295451584391507149e-01
2.739090179169645367e-01
3.123973616302565537e-01
3.191921501093591407e-01
3.209542851202600855e-01
3.309843716583904527e-01
3.356959111439058452e-01
3.435416922565889819e-01
3.501089882703811162e-01
3.691680789897594517e-01
3.771675200631819935e-01
3.944207762454551847e-01
4.056670278786700390e-01
4.061597484771249933e-01
4.192675546622457450e-01
4.201044672937332969e-01
4.237129198142131070e-01
4.319263096245833933e-01
4.292856412921678966e-01
4.358423539600060348e-01
4.384247431681823071e-01
4.357855043129619244e-01
4.434800573558262959e-01
4.372504804040365789e-01
4.351877510286426554e-01
4.376882154557101279e-01
4.191060960807885816e-01
4.103174694050550908e-01
3.923864423332990570e-01
3.882813103178312519e-01
5.084672927434202849e-01
5.363915594505653806e-01
6.595952107840764578e-01
7.922800169230460599e-01
8.245165543548943488e-01
8.486362629182155892e-01
8.715002552863854168e-01
7.925594187544676705e-01
7.902348190965400310e-01
7.814577752813204325e-01
7.545678891088155593e-01
7.588792987750405672e-01
7.464766543319121261e-01
7.416321641522101160e-01
7.419920306146418065e-01
7.324602321530323534e-01
7.378209389075054414e-01
7.308399628212713939e-01
7.274796851461361458e-01
7.432058408749085965e-01
7.346473524045384895e-01
7.527200288724017474e-01
7.365648681098118100e-01
7.333663376517064458e-01
7.292154031949534820e-01
6.660993105262356107e-01
6.558844059501979240e-01
5.744086997252151328e-01
5.159957457441113338e-01
4.441656554032308857e-01
3.797351130927796303e-01
2.891781047751700862e-01
2.525786850772002712e-01
1.571942246259183940e-01
1.440758502258885909e-01
1.493510321930603957e-01
1.221940860493773706e-01
1.313985041962172362e-01
1.282758496327087716e-01
1.239003663423970530e-01
1.276017224488056045e-01
1.325843001157910594e-01
1.292384275021574158e-01
1.381023947575460709e-01
1.505121518894174115e-01
1.286564182936758283e-01
1.430230647646902331e-01
1.510902271378193606e-01
1.780449070869096762e-01
2.611461845936570159e-01
2.718367388838823229e-01
3.589758771755118261e-01
3.790261472035115764e-01
3.725657608118934649e-01
4.058889051689083538e-01
4.012304352644191496e-01
4.083256255821103853e-01
4.152355161453499810e-01
4.153983977819309947e-01
4.174867890650593716e-01
4.169830413543628156e-01
4.228946656581272223e-01
4.101859789596222217e-01
4.189895085542806874e-01
4.148026272659744995e-01
3.764949062355766873e-01
3.739414771267200455e-01
3.398727268241026334e-01
3.363169085829468830e-01
3.288721312983102774e-01
3.158067973291553421e-01
3.400756971554864672e-01
3.222576782179261135e-01
3.241839630056586041e-01
3.067286088850225134e-01
2.822365207110407170e-01
2.811648016038299502e-01
1.972541760019903279e-01
1.940110754505038615e-01
1.662407284486014936e-01
1.422672504136678062e-01
1.436733409580382703e-01
1.341822946891004231e-01
1.316174521339339432e-01
1.305647623989171224e-01
1.274076901151055541e-01
1.270556139962643605e-01
1.260596669195548081e-01
1.252348581097026958e-01
1.250650233258965016e-01
1.246008053338178712e-01
1.244067943143792737e-01
1.242713904178519985e-01
1.241144651360524404e-01
1.240328993832514187e-01
1.239397878470886866e-01
1.239035539018241566e-01
1.237523606528176112e-01
1.237365872170824443e-01
1.236569246264569849e-01
1.232758058875538243e-01
1.235418034209958410e-01
1.228405546549684035e-01
1.223535259293594551e-01
1.231298562395875262e-01
1.198985462322819939e-01
1.213493816558079280e-01
1.204816429127396754e-01
1.117553705780750389e-01
1.220337049656827350e-01
1.058941889146447490e-01
9.651135788524926873e-02
1.070690401251351426e-01
