-1.112163892118995037e-02
-1.025443941954998738e-02
-8.358078876977859811e-03
-9.571067193236972373e-03
-1.455790392420794636e-03
-8.954495189476153333e-04
-8.421165927212273094e-04
1.647206328129053893e-03
1.338705949710086327e-03
1.987411082909311053e-03
2.502580069317604083e-03
2.428116444503406433e-03
2.567767908940496099e-03
2.609688074827648616e-03
2.393890330308474663e-03
1.953700039749315873e-03
2.062944903187970309e-03
7.886433075379744749e-04
1.344507814305647211e-04
1.703763689574147740e-04
-4.671543930107726304e-03
-4.958483127473406471e-03
-6.185188319895526185e-03
-7.622830366257655858e-03
-8.012693284134574795e-03
-7.590656523091051690e-03
-9.246215677621311829e-03
-8.249106882358265419e-03
-6.531685060835309628e-03
-1.137700966990783970e-02
-2.156374172172922151e-03
-2.138283731784381726e-03
-1.761210464532020348e-02
-1.419444013425689641e-02
-1.894123776603941212e-02
-2.174020061594464717e-02
-2.003181676853660678e-02
-2.037601922730515602e-02
-1.817180501235595921e-02
-1.720004615834315811e-02
-1.043514670285323846e-02
-9.119524985837762499e-03
-5.467920621547162074e-03
-2.889901632637811336e-03
1.905499918768077737e-04
3.606131722717016274e-03
4.707950616698996366e-03
1.191796936487560417e-02
8.246969045254652284e-03
8.224353686480801243e-03
3.981359336434868966e-03
-4.349250406912127075e-03
-6.347092420529643585e-03
-2.764116497072403866e-02
-2.743352002657178934e-02
-3.087027797507656268e-02
-3.669456839182848318e-02
-2.749214652748341314e-02
-2.873479031712327172e-02
-2.364687905053202213e-02
-1.232220587179833592e-02
-7.994892156428687682e-03
2.179337895532107092e-02
3.339784145344782545e-02
3.125687606902004256e-02
3.096224670289396408e-02
2.227640991829476710e-02
2.223453478862510990e-02
2.210294800347806926e-02
2.790696643759724149e-02
2.905117167173501200e-02
2.779212786975094815e-02
2.242158096064041442e-02
8.915938071658453465e-03
2.468636227986248117e-03
-1.747695864193067952e-02
-3.237212024292710627e-02
-3.822372512699857144e-02
-5.909247178095445446e-02
-6.075883251444354205e-02
-6.567433291912183613e-02
-6.913462513303156309e-02
-5.726379070148090999e-02
-6.042193647082632485e-02
-5.468063990600745272e-02
-5.289423424206939062e-02
-5.048687305057276975e-02
-4.221670260699001559e-02
-2.740513185348417147e-02
-1.883414539765438864e-02
-1.110610039860445569e-02
-5.270333874926170885e-03
-2.912329197582305077e-03
-9.847830123489730719e-03
-8.212267848690120442e-03
-9.553041981738214991e-03
-2.483046642332489146e-02
-2.701423718582366199e-02
-2.893158312562320658e-02
-4.100396239421592176e-02
-4.034935601132344507e-02
-4.898268853587153110e-02
-7.616704425941853152e-02
-8.215853942890351258e-02
-1.299611024436269358e-01
-1.394150873371868826e-01
-1.699621057008794678e-01
-2.218852014555159624e-01
-2.319987951504114965e-01
-2.636205657402108660e-01
-2.793928062676769297e-01
-2.811146971410647399e-01
-2.923972535782716764e-01
-2.991335708978815067e-01
-3.001159612717028691e-01
-3.170258035183614043e-01
-2.965514498741551042e-01
-2.881359184664641360e-01
-2.712560663580528830e-01
-2.624767822633425340e-01
-2.706629310742808547e-01
-2.670085401225250621e-01
-2.378359363303127472e-01
-2.382160523515510775e-01
-2.326737311289576726e-01
-2.226391560022988325e-01
-2.261947657173163095e-01
-1.833494418880473875e-01
-1.698037959770360983e-01
-1.154479161640677848e-01
-5.705206454090818585e-02
-1.451866897750120518e-02
-3.089296398449508686e-03
1.182042630879934046e-02
1.661070854664540089e-02
2.364353378999164979e-02
2.961432656671728406e-02
3.193300110984752943e-02
3.545591781402086806e-02
3.762434924609247416e-02
3.715539707263979669e-02
3.868370516101649059e-02
3.766096850164511040e-02
3.339251352178376764e-02
3.328856861514369048e-02
2.225861762652000045e-02
2.160234817828218801e-02
1.259263438808570085e-02
-3.140961907440231737e-03
-2.220068263386094920e-02
-2.892099631258755049e-02
-2.351310421426236474e-02
-2.315200006770561439e-02
4.609281105658939726e-03
1.481606828033643977e-02
2.468708298634702397e-02
4.461104376870149435e-02
4.086210908807989123e-02
5.198679133338114655e-02
5.722381909220303209e-02
5.528999012547522462e-02
8.080786982678790642e-02
1.258638920191135768e-01
1.565354345036697459e-01
1.864539366715727842e-01
2.092743063606677389e-01
2.191824203725670217e-01
2.185857845837306523e-01
2.129493484997219133e-01
2.014573422230464539e-01
1.749684439151598103e-01
1.412912337034713250e-01
9.787944882595700502e-02
4.332606861181344249e-02
1.127221584647256601e-02
-5.555109991610254067e-02
-7.819313369863330199e-02
-9.990502146907880021e-02
-1.223005572595110002e-01
-1.162854798026230763e-01
-1.253563231077309270e-01
-1.227278639484947892e-01
-1.201939540081393143e-01
-1.274141096904671810e-01
-1.178513349726108272e-01
-1.212922431965416104e-01
-1.239937447265933718e-01
-1.144753879627343762e-01
-1.269013321531939353e-01
-1.181825183029712317e-01
-8.091351282866847405e-02
-7.647110694278784482e-02
-6.481753379748214638e-02
-5.374613707492767456e-02
-5.647001572166223532e-02
-5.191783171441134020e-02
-5.489514066541402448e-02
-5.958833494196792702e-02
-6.342281393413344570e-02
-7.145154179645689385e-02
-8.407338740217190631e-02
-9.558617260229347601e-02
-9.760875500060098298e-02
-1.100705629027122628e-01
-1.078995555529796840e-01
-1.073378727256799614e-01
-1.106459465995690700e-01
-9.815284761276600600e-02
-9.643619363600419714e-02
-9.841881703427034223e-02
-9.049698469125747047e-02
-9.542716608244874998e-02
-8.448988970957362066e-02
-7.778546619431969678e-02
-8.083203155838883380e-02
-8.307784760136226188e-02
-9.011656178238083847e-02
-1.028001909346797915e-01
-1.194958623412067239e-01
-1.282691802647055179e-01
-1.390084482343236505e-01
-1.817215310188204647e-01
-1.906522650051185597e-01
-2.081748333705582543e-01
-2.248368247029249034e-01
-2.312209924015571905e-01
-2.362765509508722717e-01
-2.408599692579665719e-01
-2.432962456955528874e-01
-2.440825630742523566e-01
-2.462322986199007302e-01
-2.408698786633888256e-01
-2.435415534722074893e-01
-2.379411871972242076e-01
-2.343196593424010932e-01
-2.424947909502745136e-01
-2.364417791807218172e-01
-2.443390717064670148e-01
-2.224794067315987167e-01
-2.091077801440789918e-01
-1.958926481202565573e-01
-1.850987845861895020e-01
-1.850069346953761296e-01
-1.837248262769599072e-01
-1.712876626444279626e-01
-1.727192442663291472e-01
-1.640377221800062291e-01
-1.551055429981648415e-01
-1.545262571487465986e-01
-1.398905146580588510e-01
-1.324742687100655958e-01
-1.219069998585625286e-01
-1.087642407304915543e-01
-1.036566491726410438e-01
-9.043964630378528713e-02
-7.820186282776009357e-02
-5.695871855136452194e-02
-3.734539760288622251e-02
-2.841529731265979297e-02
-1.920260193556138847e-02
-1.536801074463256707e-02
-1.687140864017398420e-02
-9.492015497661553808e-03
-9.286909336712168006e-03
-8.177272554904411669e-03
9.143005641467581365e-03
1.225613299054675344e-02
2.199819223012028022e-02
3.360590029291320169e-02
3.515377433847149263e-02
4.323280231307734950e-02
5.837395183165924872e-02
4.819365015289510390e-02
7.346797079868053193e-02
7.341132960249485695e-02
1.569326317117971520e-02
2.813823079346116848e-02
1.774066692389392880e-02
-6.211813061550909175e-04
1.566101061374032544e-02
1.143959412144345943e-03
3.008555261134141217e-03
1.478253698934211061e-02
-7.373766756733467036e-03
1.021427477817741375e-02
-4.018197665833551750e-03
6.996397534125271475e-03
4.180871930587475027e-02
2.632002281155510284e-02
3.008554079560323002e-02
8.599590565399049466e-03
-2.416530576452581569e-02
-4.790757276434510353e-02
-7.238392931781405248e-02
-7.513452497842829092e-02
-7.619142178030903489e-02
-7.064019121685055635e-02
-6.270619445825553750e-02
-6.116458466347877293e-02
-3.780299126830416467e-02
-4.065109218696544291e-02
-4.348737927574571754e-02
-4.650691088195609696e-02
-7.601543951772198049e-02
-1.163615031835445873e-01
-1.164332316199945400e-01
-1.060305969237445439e-01
-1.021833264773579358e-01
-9.695064263020189421e-02
-9.232285993283177727e-02
-9.194847454859510216e-02
-9.179388227838371217e-02
-8.256437265388626157e-02
-8.121168442462994852e-02
-7.508600121696662466e-02
-6.580825231736966985e-02
-6.321647319469601844e-02
-5.279701709525082276e-02
-4.406766074741132883e-02
-3.946575949169803255e-02
-2.428056242514550420e-02
-1.748664594702994610e-02
-7.022645588089112233e-03
1.293134562099148774e-02
2.012661523500447122e-02
2.543835755274714491e-02
3.680897130910148335e-02
3.092409871704620422e-02
3.867346460988838747e-02
3.253770118902858666e-02
1.838179336011077497e-02
1.119697090729504692e-02
-1.032047709932286915e-02
-2.773639954216076259e-02
-4.598000815014362946e-02
-6.515759927637310156e-02
-7.839918079519526961e-02
-9.544787552582663370e-02
-1.061540115065061352e-01
-1.195103824820504534e-01
-1.274837883970295904e-01
-1.068648137686858818e-01
-9.753223397334080669e-02
-8.709240887190228264e-02
-7.836489007336461254e-02
-7.759498080980255230e-02
-7.012558784510727894e-02
-7.130144969664697907e-02
-7.759022934686606032e-02
-7.887967952351869483e-02
-8.929330826368511720e-02
-8.913585169795412710e-02
-1.048044571667893499e-01
-1.155354279583751531e-01
-1.192547046339726413e-01
-1.631125535167368412e-01
-1.651934938036824230e-01
-1.671973917684034805e-01
-1.744824263766371619e-01
-1.714096112158057794e-01
-1.781022342885623111e-01
-1.700659358845479363e-01
-1.656141678176923093e-01
-1.649394905153074020e-01
-1.551467325128315089e-01
-1.526255810833316018e-01
-1.493315728731883785e-01
-1.446161721536568523e-01
-1.479808263953503733e-01
-1.455742970036576212e-01
-1.434465365952247717e-01
-1.442550132546819297e-01
-1.424028899811960736e-01
-1.425170353986801031e-01
-1.442368714865381596e-01
-1.440164555895539211e-01
-1.466065493175859880e-01
-1.505326275933678848e-01
-1.528445669342183844e-01
-1.567481493105092050e-01
-1.596400406891715362e-01
-1.622462391803612958e-01
-1.652403168562633917e-01
-1.674155246245531969e-01
-1.697038815690584679e-01
-1.717343470498199354e-01
-1.736794409015506024e-01
-1.751623829655883091e-01
-1.769178891354894756e-01
-1.783597119144962884e-01
-1.791954739742596947e-01
-1.811064408390628822e-01
-1.813977380453088983e-01
-1.824347214449723864e-01
-1.838135014270135259e-01
-1.826951805243231808e-01
-1.841978627564447857e-01
-1.824094350670475706e-01
-1.788901759230275279e-01
-1.754007532294685479e-01
-1.564089246234504071e-01
-1.481431389021103662e-01
-1.330671535338885103e-01
-1.167422333829909314e-01
-1.012487643137156001e-01
-8.148704486486582632e-02
-6.487935261285004973e-02
-5.217287116642548017e-02
-3.700443979757053053e-02
-3.097480568502397266e-02
-1.815683689145674087e-02
-1.285336974888113409e-02
-1.512068452711877106e-02
-1.295058717073481122e-02
-1.420419812553368188e-02
-1.455984498023395537e-02
-1.384908252522224284e-02
-1.439743094683177543e-02
-1.414115153407996539e-02
-1.325378095663519613e-02
-1.363242166407658239e-02
-1.239908755325827040e-02
-1.071428077859225801e-02
-1.168990773849310633e-02
-6.354900708798330057e-03
-5.780142416890119914e-03
-4.288564556464392712e-03
1.302672558295157705e-02
1.691892486743934790e-02
2.907760500710178039e-02
3.905289154549629327e-02
4.523198255105894544e-02
5.544807859221562163e-02
6.711832333453675303e-02
7.297573735481098500e-02
9.053956209678606926e-02
1.059001041814970207e-01
1.130742711740008455e-01
1.555851705209729541e-01
1.595830817416854508e-01
1.560162015376000966e-01
1.902584218906466784e-01
1.847877504893849498e-01
1.957524345256136111e-01
2.055416988724456939e-01
2.035251522944397928e-01
2.090250063545091297e-01
2.092995615683338473e-01
2.070148126499233021e-01
2.036240134437872218e-01
2.021584415534833923e-01
1.913490585380787645e-01
1.841060222293719462e-01
1.800139927832623554e-01
1.509801395281367697e-01
1.444460539479227590e-01
1.264568917846866369e-01
1.073412758498686059e-01
9.860376844622840975e-02
7.962518475333628387e-02
5.726086236031817378e-02
5.165155926067635517e-02
1.611332517405617004e-02
1.346379098553047125e-02
8.988950572215843177e-03
-2.831915551759273640e-03
-1.641144831293697487e-03
-6.149585513263209659e-03
-8.789343578048757974e-03
-7.325143189613702449e-03
-8.764742098649505944e-03
-7.799372609277179652e-03
-3.497708529158023803e-03
-4.002775365041387826e-03
1.474909416231313681e-03
1.754437431062367408e-03
5.295183582797255298e-04
3.385096624708764084e-03
2.476337045242487170e-03
2.878220446641767318e-03
3.458086793508386575e-03
3.163454491835746615e-03
3.496022572400094876e-03
3.540739658901797052e-03
3.525210017711514088e-03
3.644982483732833040e-03
3.632711452193706798e-03
3.661609351057835277e-03
3.690537162183526836e-03
3.689821138932012842e-03
3.707122536732809000e-03
3.711901957971160820e-03
3.719969585726685957e-03
3.722452422814316337e-03
3.727662532061622701e-03
3.741481907803414098e-03
3.724214178377799507e-03
3.759883350828387063e-03
3.757522569276670627e-03
3.721231259750339051e-03
3.860351695956684356e-03
3.714679873840838475e-03
3.800521043696309872e-03
4.083137589789922334e-03
3.452142822416294412e-03
4.493437249856724151e-03
4.930372111047296932e-03
