-4.747233882951043776e-04
-4.900139937836024738e-04
-2.442150117691817800e-03
-2.743935345048683500e-03
-1.860328085063026786e-03
-1.954412210030329923e-03
-7.057578472313103890e-04
-5.645673321872387391e-04
-2.842125196990900188e-04
9.500142515103858162e-05
1.436488559510453302e-04
3.211360207726291914e-04
4.206698285260153532e-04
4.638955747407900922e-04
5.374307079816727272e-04
5.663699990823351437e-04
5.935796153404807214e-04
6.186792031205513203e-04
6.298693218130262290e-04
6.422742436542856282e-04
6.492467281529191699e-04
6.543185434177735404e-04
6.565426599491455467e-04
6.565311818537558153e-04
6.585300499152183873e-04
6.490547089942179729e-04
6.493611870128085514e-04
6.428743404321841633e-04
6.126021174076451978e-04
6.312936533210959005e-04
5.747395578618500313e-04
5.336318244135556657e-04
5.931759191362667022e-04
3.400007445690726000e-04
4.609214542666232738e-04
4.959648647517169535e-04
6.132420951802864577e-04
6.107101156232451217e-04
5.619652977151308590e-04
7.686555552940021107e-04
7.525837285249136008e-04
4.682962441868288419e-04
2.169320731683248087e-04
1.423952377403098820e-04
1.218580163624872906e-04
-3.475658352215526018e-04
9.348148077007607240e-04
1.117359163729227285e-03
2.710061691689748600e-03
6.630645715708211561e-03
7.201456335718547756e-03
1.084788521270982527e-02
1.379184288147801071e-02
1.338503415309164057e-02
2.006384309472897948e-02
1.847384672818055962e-02
1.620700114785882454e-02
1.594005023125037376e-02
1.049858482265325285e-02
5.558497339174557281e-03
6.457826222493492265e-06
-1.143153204340072865e-02
-2.524329019257951640e-02
-3.682703616580969980e-02
-5.347612586067691798e-02
-7.924178813360555074e-02
-1.018522683508325533e-01
-1.361853866287750237e-01
-1.667289807925888268e-01
-1.680493871428688779e-01
-1.813330441913600932e-01
-1.820300230050944101e-01
-1.814812629845931613e-01
-1.888701670739058036e-01
-1.826350943142270866e-01
-1.815768138807403176e-01
-1.805383838516975981e-01
-1.664222586034780071e-01
-1.645241242528525105e-01
-1.511286454961117964e-01
-1.255586479322098326e-01
-1.156483972146242212e-01
-8.725148692723574961e-02
-7.139541969535191657e-02
-6.678401345457309068e-02
-5.048590752733681658e-02
-4.888521554497471389e-02
-4.340409379310900678e-02
-3.759854799767987921e-02
-3.674865958999529864e-02
-4.220709115849178433e-02
-4.270929380843125484e-02
-4.719719641980699848e-02
-5.622236581919129450e-02
-5.864687105249816179e-02
-6.017922281112630251e-02
-6.353254251978904255e-02
-6.047227104459879099e-02
-5.840455376113471569e-02
-5.357394764261175918e-02
-4.394129604562476560e-02
-4.187433593055234216e-02
-3.516373106057371634e-02
-3.770371708645151726e-02
-3.405634456660468906e-02
-2.607790734706859348e-02
-2.655665327724281155e-02
-1.678821644950712760e-02
-1.682281884088639157e-02
-1.934715013948815412e-02
-1.618697442093633421e-02
-2.228610762427927355e-02
-2.005964499496714834e-02
-2.175164481429083321e-02
-2.652303814033720245e-02
-2.642865497415736870e-02
-2.848950229458329861e-02
-2.663342439280468391e-02
-2.025169358436151520e-02
-1.258411996833759365e-02
-8.522503245276645198e-03
-3.027290452123479469e-03
-1.754838907585990837e-03
-2.734011299810665176e-03
-2.766338094805316072e-03
-3.853976028297231588e-03
-2.174034997624116599e-03
-2.773077891778153478e-04
3.395986413583820113e-03
1.747774394281548585e-02
1.973772004294532811e-02
2.343326875032473999e-02
2.742610329760170398e-02
2.580789577195276990e-02
2.579822901907609031e-02
2.357990967320140047e-02
2.060328253123519179e-02
1.865871666581181074e-02
1.202150255074933144e-02
8.183585882201105735e-03
1.295704679449887365e-03
-1.279335637476526101e-02
-1.907864385528940457e-02
-4.025701930257223615e-02
-5.168496591683454516e-02
-6.469711616946775823e-02
-7.936030398059039370e-02
-9.222214352684726668e-02
-1.067904110175987714e-01
-1.167936720842389781e-01
-1.255643323953012924e-01
-1.310823749136451610e-01
-1.405564578859274105e-01
-1.440053458835685585e-01
-1.498528934033184490e-01
-1.543657437683887412e-01
-1.501367415629990820e-01
-1.539790853816992711e-01
-1.528505855317817408e-01
-1.505865834103296830e-01
-1.532486502332758294e-01
-1.489515842876700802e-01
-1.434648380373563514e-01
-1.393164698491691500e-01
-1.299991125918981416e-01
-1.230736512301227326e-01
-1.126627713893690735e-01
-9.798081699876241835e-02
-8.591536557714973821e-02
-6.985299988703938534e-02
-5.041545368816829215e-02
-3.812553736662231685e-02
-1.713000563328660741e-02
-7.744064531929668004e-03
1.695438245498349364e-03
1.082787581059310202e-02
1.388932572597806857e-02
2.288933641195576782e-02
2.693833723098551514e-02
3.042642943507739214e-02
3.243884149484742990e-02
2.488431173010253669e-02
1.865339043831325261e-02
1.721294916279712470e-02
8.154913240566153548e-03
3.436470153411193100e-03
-1.057206408717326074e-02
-1.766096093491955829e-02
-2.519733619867206564e-02
-3.254968808128984314e-02
-3.514187869275920556e-02
-4.243020157110855700e-02
-4.552583726052491370e-02
-4.931728509918453102e-02
-5.386287652474374549e-02
-5.132743111168710376e-02
-5.382690676982321287e-02
-5.061101538728470656e-02
-4.623900925640134912e-02
-4.494732224593930153e-02
-4.243659058721716004e-02
-4.029674352804271664e-02
-4.144577381185077930e-02
-3.985870436592575672e-02
-3.658746220268438432e-02
-3.158511430343014653e-02
-2.436324464592227318e-02
-2.576611791880438138e-02
-2.552982371116744795e-02
-3.483764611751565682e-02
-4.069542920093812549e-02
-4.001374598004838606e-02
-4.103744455882723380e-02
-3.421953819455331863e-02
-2.387675238668547986e-02
-1.448588373005139755e-02
-7.430051427771740789e-03
3.540852046433674329e-03
3.542631928760490902e-03
1.317034189904320264e-03
4.167744989457069366e-03
-3.337300466307855252e-03
-2.961781629829120417e-03
4.001708103503642702e-04
-8.314088019267533609e-04
4.789225190692954735e-04
9.859210209004643649e-03
1.368986466837625662e-02
1.505971644101685922e-02
2.634301434752516977e-02
2.299445369748896045e-02
2.203987680659433290e-02
2.354346147510422149e-02
1.151500381618745204e-02
1.135929576535058515e-02
8.500703337681226809e-03
4.824980978501322917e-03
4.035882787967627096e-03
-3.028868210634874658e-03
-5.504651114861802523e-03
-9.646349842437753480e-03
-1.062880891478523888e-02
-1.617510868821999542e-02
-1.685041749786467952e-02
-1.480768515956425863e-02
-1.481468856435172801e-02
-9.501285137936483355e-03
-9.422816037866658251e-03
-5.180726462675448382e-03
-8.948810421908969751e-04
2.614521562335970616e-03
9.367590300824358771e-03
1.007433638560185744e-02
1.007804630393129182e-02
1.343268488148877809e-02
2.618555021648763786e-03
6.329847671504987457e-03
6.130117595594733286e-03
4.318272421325861088e-03
1.683193895801079684e-02
1.795064662028610439e-02
2.457851788773490406e-02
3.077916980686775522e-02
2.678263882997738293e-02
2.695090229985960470e-02
2.625918616999391858e-02
2.181539632670348103e-02
2.427454985920916505e-02
2.352831453822549004e-02
2.595421305009470297e-02
3.085760057650705976e-02
3.009258769174064443e-02
3.430058711249654030e-02
3.591617050943352735e-02
3.867855427018534326e-02
4.330630699316502519e-02
4.459530646305213258e-02
5.331201894661050794e-02
5.799263918644147198e-02
6.308239995178932524e-02
7.392981525501300666e-02
7.818623637706829943e-02
8.524877168183382647e-02
1.035353089387124614e-01
1.164329914699077650e-01
1.238578781176079557e-01
1.381035146368380373e-01
1.423494348931414466e-01
1.451395958080632098e-01
1.516042832358801551e-01
1.495829649459058386e-01
1.489855008312854223e-01
1.490196773320997814e-01
1.379589074583368324e-01
1.288506181225190506e-01
1.173820714798981951e-01
8.094156173302574642e-02
7.040614784672175053e-02
4.584249700151401402e-02
3.102645682188414147e-02
2.376199186261840346e-02
8.237461385413921006e-03
6.882693193907938808e-03
4.015387438281846182e-03
-1.105990710982914091e-03
6.463515681829606202e-03
5.721334764774321791e-03
1.051361372268526731e-02
1.707095181390997155e-02
1.306194575053892283e-02
1.822402170323603535e-02
1.650592503152332677e-02
1.064122003759001948e-02
1.201189448867978106e-02
2.941731505604617148e-03
2.043861332262657607e-03
1.368970050614741300e-03
-7.048448682090604610e-04
-2.783636630081104402e-03
-3.586609124984888475e-03
-4.331181480711407232e-03
-6.256790765660240859e-03
-9.242184511741302622e-03
-1.315413782039888402e-02
-1.639178848073092123e-02
-2.529365928078765313e-02
-3.373504548312918766e-02
-3.750612437922110076e-02
-6.106732048334417157e-02
-6.242271174425482322e-02
-6.644005669496397259e-02
-6.822185656670409770e-02
-6.600010902975410321e-02
-6.643940129818559637e-02
-5.572334034653949469e-02
-5.158879408201742095e-02
-4.758698045472362081e-02
-3.825352135298358547e-02
-3.588998232368309504e-02
-2.574259100096727010e-02
-2.010547658825255837e-02
-1.650053257773801199e-02
-9.837838861054467102e-03
-8.599702773080915991e-03
-6.440078180488496666e-03
3.233587616703116098e-03
3.982982550093805071e-03
4.108139860642200970e-03
7.776937304122177354e-03
6.547303179030754608e-03
1.014111063716030200e-02
1.003374138482270896e-02
4.373878823909791401e-03
1.821149681171415702e-03
-1.441651494090119253e-03
-4.559567882433996147e-03
-7.197951685757503909e-03
-1.104130879103900308e-02
-9.215816291768359411e-03
-6.647041176190672529e-03
-1.264112610738364140e-03
1.304955704666260589e-02
1.938028580216069260e-02
3.782527031357209302e-02
3.849968055895220537e-02
4.174612252065948437e-02
4.614619616305013633e-02
3.555347902246903252e-02
3.483621811047945410e-02
2.447497912326344199e-02
-3.605066124659913121e-03
-1.458033371861238922e-02
-2.978212123597500857e-02
-4.558094882858151203e-02
-6.126745793551879871e-02
-7.384070299526616921e-02
-9.215683874569532974e-02
-1.009115672422601639e-01
-1.124372602627801143e-01
-1.186705758935561045e-01
-1.211695209393208322e-01
-1.267089853924648901e-01
-1.281430407200908617e-01
-1.300789585059946296e-01
-1.318465342771812931e-01
-1.324000201538180488e-01
-1.320814994762106731e-01
-1.321976780730030332e-01
-1.309569296636919622e-01
-1.270577959003400259e-01
-1.251502386714161141e-01
-1.240986996075539861e-01
-1.214982548305953564e-01
-1.212477346271447209e-01
-1.200855108656458531e-01
-1.189690678286201286e-01
-1.194426274135416827e-01
-1.185041034602292015e-01
-1.189400725812064935e-01
-1.199741778616274790e-01
-1.201916011431942016e-01
-1.177365556678484498e-01
-1.181246273522429113e-01
-1.160236060332670155e-01
-1.147024873290127811e-01
-1.138182918559463991e-01
-1.102480578464811456e-01
-1.079124636057281761e-01
-1.053256422056358943e-01
-9.918990776658724584e-02
-9.698425881036611129e-02
-8.951287407978816835e-02
-8.220440126028956407e-02
-7.738644754206730481e-02
-6.224657914541967263e-02
-5.386610828397941919e-02
-3.842554837981556476e-02
-2.251032519872010404e-02
-1.513884837968869704e-02
-8.433046487441024641e-03
-4.284592862111276726e-03
-2.557309933570292484e-03
1.713289139443388397e-05
1.636810787492663571e-03
2.431376911109060877e-03
4.364656441286796779e-03
4.744501336082200191e-03
4.830310758961019017e-03
4.547499411549638104e-03
3.177272055289923330e-03
1.879728240958211715e-03
9.889196994466078333e-04
-1.148401544830800116e-03
-4.207968872111318356e-03
-4.686774599149789132e-03
-1.087895455569251081e-02
-1.109726392592033824e-02
-1.215287490272058853e-02
-1.427948449108273551e-02
-1.436553437593061575e-02
-1.549303713010318287e-02
-1.620539607103836655e-02
-1.661348089660451624e-02
-1.735008162581072599e-02
-1.780262123097884827e-02
-1.843944958121419495e-02
-1.900818393544112528e-02
-1.973072944999416239e-02
-2.067143282528031631e-02
-2.133550259443157612e-02
-2.299662092223615090e-02
-2.419868872911412269e-02
-2.561587003246602184e-02
-2.936214188320727947e-02
-3.003322018014142891e-02
-3.501197483268228550e-02
-4.119286975696163922e-02
-4.016698789511794626e-02
-5.701559560129882548e-02
-5.598345503526449413e-02
-5.390794454449102796e-02
-5.860712933211251197e-02
-5.111441754107738655e-02
-4.523665857001085699e-02
-4.443440509471236616e-02
-2.637266748092703325e-02
-2.511836613947049726e-02
-2.255386753116139092e-02
-1.565940918848180222e-02
-1.275010056829485074e-02
-1.057614406397435619e-02
-3.109557756295434038e-03
-3.206724878812421478e-03
-1.690126670167387641e-03
3.166235987886477149e-04
1.228876828569267833e-04
1.164465437407754276e-03
1.557340617039309127e-03
1.143008303472728762e-03
1.488482567230207639e-03
1.488861099463789812e-03
1.453361038360766189e-03
1.567704431217651490e-03
1.537593711904634711e-03
1.561252360538438900e-03
1.584674755913731891e-03
1.577091441071067340e-03
1.591884816257914349e-03
1.594594917274844365e-03
1.595832221280005974e-03
1.601045540537886312e-03
1.601732733924800733e-03
1.604109248046058566e-03
1.605672016252056820e-03
1.608137386296721325e-03
1.609936650436527951e-03
1.611659421428303807e-03
1.618729599943229602e-03
1.617566917471261259e-03
1.627579032368123681e-03
1.640918195256237068e-03
1.631514260645831231e-03
1.679325459973776474e-03
1.677281001556800129e-03
1.677161096892604763e-03
1.830274819927440620e-03
1.698225683449797879e-03
1.898164278427162330e-03
2.150523486248328599e-03
1.648896775506746883e-03
2.953247030178378883e-03
3.266856111081952070e-03
