-5.910044150635998181e-04
-6.318194776969350036e-04
-2.737336473167885668e-04
5.791092054406202799e-06
-8.389895425083809376e-04
-1.056010946772385772e-03
-2.214558780415700531e-03
-2.449117826421869527e-03
-2.801063044059293877e-03
-3.179674090604671290e-03
-3.282285371212484600e-03
-3.480179845322135986e-03
-3.594958966582886307e-03
-3.660205981334273533e-03
-3.742732138363164592e-03
-3.781471699037991779e-03
-3.816017547641615323e-03
-3.844346292310166311e-03
-3.858202062955427142e-03
-3.869435045457905731e-03
-3.874438195525017198e-03
-3.874023952401404146e-03
-3.865804506903642787e-03
-3.857678882766298230e-03
-3.836984681622973656e-03
-3.805271319964054211e-03
-3.782932254291724965e-03
-3.710392459926725468e-03
-3.653048562927190424e-03
-3.586435950035043053e-03
-3.383035866389328284e-03
-3.335228266617089495e-03
-3.055460060496913328e-03
-2.635548753889333049e-03
-2.683659487302048671e-03
-1.595876687983195348e-03
-1.647309359018280179e-03
-1.332473525444878180e-03
-1.000861173637504140e-03
-1.056983858868728579e-03
-7.940705384698103176e-04
-5.952243064059866209e-04
-4.054520270483699391e-04
-1.816420363573955081e-04
3.404076352959051113e-04
3.442833026044336137e-04
1.229580963570697924e-03
1.459866734709323313e-03
2.393458382330111364e-03
3.273480460438189799e-03
6.253602479572221810e-03
6.049876191917768174e-03
9.663795508869095496e-03
1.166909891243468438e-02
1.467267087336471786e-02
2.559690133102055995e-02
2.893792446945559968e-02
3.733449965076189592e-02
4.244483625032600960e-02
4.737252743218425821e-02
5.358166722172296587e-02
5.725212064170244475e-02
6.650480697554862763e-02
6.735330057251909253e-02
7.293213341067862621e-02
7.444733847525983328e-02
7.438409814835392209e-02
7.713948895360796254e-02
7.635368982093292123e-02
7.654734780925814830e-02
7.726904819206049935e-02
7.569538556619043179e-02
7.575909768105748565e-02
7.616114037136639814e-02
7.363265041349981166e-02
7.433482423998734323e-02
7.185481554420364292e-02
6.918538724036156495e-02
6.950101811355256787e-02
6.297365527272320851e-02
6.185893284378597701e-02
5.411353955866884946e-02
4.286063552677251559e-02
3.606785519057145728e-02
2.491321974410751205e-02
1.539964229699451563e-02
8.788699883710417854e-03
6.267590512207801313e-03
4.029464086402991495e-03
3.720896259427497292e-03
3.752631235617847911e-03
3.009268186205595486e-03
4.836850366006945415e-03
4.427071908623663593e-03
4.543327610816261936e-03
5.661596147068566169e-03
7.264407438349234150e-03
1.062983270549915961e-02
1.217017028424226266e-02
1.434175242774560731e-02
1.627425427392258095e-02
1.784709829304415366e-02
2.293270909706296087e-02
1.889392952824175617e-02
1.787269397096057436e-02
2.071512364636665660e-02
1.871298557744696667e-02
1.797836531747279074e-02
1.864485170296354549e-02
1.562521186207230933e-02
1.529671276891516121e-02
1.372627143041265860e-02
1.009006854418588797e-02
9.856847271637544233e-03
6.697417778350023970e-03
5.325950767400107304e-03
6.289704645893825531e-03
3.806343537999695367e-03
6.161192825069034158e-03
7.536658800412807981e-03
7.621813439556293125e-03
9.216643181228150600e-03
1.009380163249070511e-02
9.630859663262108725e-03
9.744413804258880360e-03
3.389803208025247896e-03
1.236872121385030904e-03
7.766664077757294907e-04
-7.705492999741242466e-05
-1.341305535601750552e-03
-2.367952446091430279e-03
-2.242103071809163715e-03
-4.013367334095391432e-03
-5.499053190164667274e-03
-7.128458263431534242e-03
-1.478834398541584855e-02
-1.696852156645248591e-02
-1.670859231859458255e-02
-1.909358915743942717e-02
-1.693743027985634628e-02
-1.297779734643700680e-02
-1.174203370753135189e-02
-9.705338401175694213e-03
-8.338166677506581373e-03
-3.516366738495846009e-03
-2.847126300658813121e-03
-1.804302849145163938e-03
-7.802647703169380807e-04
-2.355683353713992467e-03
-1.258500268407307951e-03
-2.187057689486456707e-03
-5.561051338450477728e-03
-5.025540140591535157e-03
-9.411353506413557696e-03
-6.539180507534000410e-03
-7.728603646480610920e-03
-7.447086889898407898e-03
2.112037605555244606e-03
-1.382134580273017277e-03
1.865794060007667935e-03
2.684795665477938617e-03
-1.096492151255825699e-03
1.831367635443849210e-03
6.649128128986736466e-04
1.138329193544021295e-03
5.090735487990547155e-03
4.328200096276838861e-03
6.275505879197466365e-03
7.113201361581919339e-03
5.674934822539884696e-03
7.780719353988323206e-03
7.666058961967480399e-03
1.009828682252937940e-02
1.375143235404331296e-02
1.734529517963895665e-02
2.321980160153440387e-02
2.450899690554029370e-02
3.252251887888000376e-02
3.219117233143775625e-02
3.106162249254542512e-02
3.401309406955566050e-02
2.577671525935553917e-02
2.673818179338675882e-02
2.866154901369333263e-02
2.531452910447569427e-02
3.093741892761840695e-02
3.004834037176327965e-02
2.907252242313372592e-02
3.075686284376360005e-02
2.888601278637945025e-02
2.922240758995919147e-02
2.934587102757458751e-02
2.881700245574786434e-02
2.899227267543702524e-02
2.910916770988215135e-02
3.009793585558643084e-02
3.111483689567621017e-02
3.166743048358536955e-02
3.230304203442455752e-02
3.298827844554318850e-02
3.315333898268539581e-02
3.352336110394125990e-02
3.433054497727198312e-02
3.455353232691193988e-02
3.638624381947382080e-02
3.709208888876390497e-02
3.774468622251823252e-02
3.916603608914597662e-02
3.956117347575172777e-02
4.008685961445767471e-02
4.144533338829840124e-02
4.087589694567175802e-02
4.121320445966376866e-02
4.036979590236135229e-02
3.674731980171261347e-02
3.583306979097529432e-02
3.194800895387946149e-02
2.829610587621050888e-02
2.464681257667789352e-02
1.919023185462755479e-02
1.664044464445077129e-02
9.020727135252178466e-03
6.417837388307544993e-03
2.535363698776734506e-03
-3.843659582286298770e-05
8.448327907259711419e-04
1.087633900777526964e-03
3.115692277399426981e-03
4.012733087106276283e-03
4.264493317149294950e-03
4.301363871702597146e-03
8.017119545598138785e-04
1.527465105766803938e-03
3.165245540858129675e-03
3.299870801044416883e-03
9.527708801216011256e-03
1.200673795945616379e-02
1.404681178211324849e-02
2.159377334239855062e-02
2.429086687679949882e-02
2.985680581022295832e-02
4.124673117327904565e-02
4.458572235421626173e-02
5.802652293988744270e-02
6.503435534936760631e-02
6.413657945956811879e-02
7.210505113349972850e-02
7.351367793844845733e-02
7.418417897232554292e-02
7.953710672669625503e-02
8.321153208797520129e-02
9.069759760792171777e-02
9.922772509287737519e-02
1.185157832679853002e-01
1.337758050505180873e-01
1.397166919806789309e-01
1.517068630852807798e-01
1.483873520935221346e-01
1.524561570753189821e-01
1.514588430333478064e-01
1.442339785371068717e-01
1.457732026524435343e-01
1.318913245625698283e-01
1.254849118034497002e-01
1.135086127252563221e-01
9.197102666012024752e-02
8.242540275476520351e-02
7.546458323943117108e-02
6.754155098131717216e-02
6.527753819467581320e-02
5.907354179342152317e-02
5.580268595776724516e-02
4.841612541950041787e-02
4.548599712550380203e-02
4.006888789098000253e-02
3.572634673619315415e-02
3.389936747357377017e-02
2.739547432356287393e-02
2.778897864163645121e-02
2.589691048769138942e-02
2.615203914620467529e-02
3.083849837327572521e-02
3.394848034364406769e-02
4.011779086661871468e-02
4.477739127333307811e-02
5.119803095727742254e-02
5.516744877024837984e-02
5.590375807292892463e-02
5.800335420507183454e-02
5.669405892988464701e-02
5.411570564794049992e-02
5.295312616995192373e-02
5.010959257915974241e-02
4.578078597156547830e-02
4.405895383465695259e-02
3.919476236804891878e-02
3.574902954617836109e-02
3.320665475468473349e-02
2.713336725535213032e-02
2.495356447221015392e-02
2.004983034701484854e-02
1.361384571353332559e-02
1.251928529714249096e-02
3.805343600963220253e-03
1.959864084907586568e-03
3.459996886213498324e-03
-1.985868348373544430e-03
2.130837586284790690e-03
9.078536885218071919e-04
-4.683497161142750193e-03
-1.348574008993731277e-03
-6.958214374075236824e-03
-9.871817579875352341e-03
-1.001862954107092182e-02
-1.270780787038929514e-02
-1.160927556123927257e-02
-1.123690205965652451e-02
-1.173921964875986219e-02
-6.415581884083061161e-03
-6.585408110662122755e-03
-5.512397454300171744e-03
-4.011915764605945844e-03
-3.953739818705601095e-03
-2.444972420035561571e-03
-2.505790790433792565e-03
-1.003151818891637528e-03
6.838938237137185240e-04
1.332547125954785237e-04
7.554544374805674187e-05
-8.736199369422742445e-03
-1.060301865985588919e-02
-1.896747937526956779e-02
-2.523222004549192585e-02
-2.747729355218616470e-02
-3.937000244836014878e-02
-4.048955664803694648e-02
-4.025894493368206012e-02
-4.197033394503689452e-02
-4.086975830015453226e-02
-3.736792867224929954e-02
-3.358962166750543987e-02
-3.225569621923835006e-02
-1.835218913822760783e-02
-1.734010773763482866e-02
-1.481024245991680553e-02
-1.001468289306023038e-02
-9.661554261000323066e-03
-7.607457703783945813e-03
-5.497836710163112213e-03
-5.211110922976247214e-03
-4.504006536083883516e-03
-4.403893316639515693e-03
-4.390133304149225826e-03
-4.177369900895556293e-03
-4.203175903452986868e-03
-4.177542829798378682e-03
-4.156285661815178195e-03
-4.212092632641583831e-03
-4.292040996064073674e-03
-4.341467581690387594e-03
-4.538091114940464438e-03
-4.767856020087932190e-03
-5.008256505599446851e-03
-5.405830788662031872e-03
-5.449915319429315952e-03
-6.298107095435135326e-03
-6.283902815141626137e-03
-6.441329245318273486e-03
-6.670666468302232505e-03
-6.663594076673951157e-03
-6.775301720258777166e-03
-6.826022263450483817e-03
-6.843479091212960330e-03
-6.889361935567174175e-03
-6.901565875699664822e-03
-6.916674381564290840e-03
-6.932193216911795505e-03
-6.936513992860438016e-03
-6.944689864582134602e-03
-6.950238977933236202e-03
-6.949942635605892323e-03
-6.957165644755438673e-03
-6.956401937761478790e-03
-6.952350671296406853e-03
-6.969152989711529037e-03
-6.946321479589924290e-03
-6.958150443655729094e-03
-6.984507335959797350e-03
-6.896620796830463598e-03
-7.019175266480849433e-03
-6.948750598725931746e-03
-6.802345216712168616e-03
-7.262960505861379423e-03
-6.575091559851488007e-03
-6.906721492369322611e-03
-7.289167491147636492e-03
