-1.950840022471379484e-03
-2.310058963963706417e-03
-5.799489227341521162e-03
-5.565504013602342974e-03
-7.945833641720956991e-03
-8.965506470457677846e-03
-9.601322560376792520e-03
-1.065764331774090266e-02
-1.100906454555223776e-02
-1.145592641761693925e-02
-1.180915242444196579e-02
-1.197224958619502906e-02
-1.210034009924333687e-02
-1.217182717420988228e-02
-1.217154246413196250e-02
-1.196166249595270389e-02
-1.198473552142835172e-02
-1.157791632970828037e-02
-1.108184498335742195e-02
-1.119150960071215242e-02
-9.610294347970808546e-03
-9.719371878468349366e-03
-9.483687539448313469e-03
-9.144662793763122521e-03
-9.406183719628447362e-03
-9.613336535267292399e-03
-9.670613446798766166e-03
-1.059198168168716363e-02
-1.121971807888783902e-02
-1.167296934866025697e-02
-1.450152190492278587e-02
-1.413721907273359120e-02
-1.515750430805560926e-02
-1.439095972223334782e-02
-1.543107389440032985e-02
-1.392857969159695328e-02
-1.460882295060063688e-02
-1.415801846640406259e-02
-1.287344396792307680e-02
-1.317115779542036777e-02
-8.897723467139340842e-03
-8.175469623089933260e-03
-7.830683182237922410e-03
-5.567448630168458229e-03
-5.628559252172886732e-03
-5.294677153964566160e-03
-3.612092001422814030e-03
-4.808547818876019765e-03
-3.296902268241746516e-03
-3.359781572764101716e-05
-8.493834583845710729e-04
3.488495796994925228e-03
4.085768113476211973e-03
-1.426422005003288689e-03
-1.478263093722237713e-03
-2.902889302912573140e-03
-7.402217975872954492e-03
-9.659027671704191118e-03
-1.296639305326046515e-02
-1.184866849222233030e-02
-1.942324352791364745e-03
-3.945346756170390809e-04
5.199007503571352650e-04
4.204138902867156531e-03
2.957426422630183866e-03
8.206451544590280880e-03
9.025738307330574348e-03
1.345465807378758323e-02
1.740329901854354572e-02
2.165657513120599481e-02
2.422392636688227435e-02
2.751516805730923679e-02
2.918447651557306427e-02
3.300786350718572931e-02
3.457371143786271139e-02
3.766599223084068221e-02
4.061844246192040930e-02
3.742334662656589261e-02
3.909319074241551784e-02
3.706306697738862704e-02
3.120501599175370955e-02
2.977538282236492917e-02
2.707152454621002471e-02
2.314171431020056388e-02
2.154344130815234737e-02
1.482574718624037231e-02
8.999035778776622030e-03
4.792302318436524565e-03
-9.922840774530435060e-05
-4.972670919778094181e-03
-7.220814847875679267e-03
-1.105417906495523989e-02
-1.257885948686066416e-02
-1.157434838528476582e-02
-1.392554807992174223e-02
-1.340907508475804207e-02
-1.058219344414634659e-02
-1.119233717081160283e-02
-5.500221846109328884e-03
-4.713744850576065924e-03
-6.042523495896693665e-03
-3.932031575630097302e-03
-1.145376411222708522e-02
-1.308766043779778336e-02
-1.417546758878603270e-02
-1.940625208487367637e-02
-1.978441168184890547e-02
-1.991321552289016666e-02
-2.206422498961442893e-02
-2.146629807516116026e-02
-2.263597522351551775e-02
-2.544526104594064739e-02
-2.455273196683411055e-02
-2.670239111314888156e-02
-2.577111620474993592e-02
-2.628193550208195520e-02
-2.646084442755014185e-02
-2.367134412356616119e-02
-2.320859023658616502e-02
-2.142597845687766941e-02
-1.793879108021522936e-02
-1.773075305480276490e-02
-1.481502992549616100e-02
-1.400024488299427515e-02
-1.755529552493296022e-02
-1.817008636746112946e-02
-2.664881546406040053e-02
-2.797244853969657608e-02
-3.022891723798110455e-02
-3.141261079965646658e-02
-2.463140057186881740e-02
-2.221872253577257539e-02
-2.044354173066843805e-02
-1.620681873738532772e-02
-1.577522698133306325e-02
-1.404275619722578257e-02
-1.175935541793581528e-02
-1.066505444230670188e-02
-8.503895434421411201e-03
-6.923289002214766570e-03
-4.942013755674766126e-03
-3.418541099454812642e-03
-1.450608297575579778e-03
8.677304581879218904e-04
3.113748752411897927e-03
7.574467403170491442e-03
1.158032816690621539e-02
1.420581393639950424e-02
2.035104956163742013e-02
2.298327373310904420e-02
2.410002364958372875e-02
2.584543334337702919e-02
2.554531572922008262e-02
2.565244813825396861e-02
2.657649308104960764e-02
2.518882023206341775e-02
2.803415188376797568e-02
3.198227590752048682e-02
3.457599920221071654e-02
3.909375157334019080e-02
4.472498016757912864e-02
4.929772965495208409e-02
5.720536087177870849e-02
6.737902293932673814e-02
6.978885741049220548e-02
8.087153744344487138e-02
8.304832673518341979e-02
8.478726932488760137e-02
8.916713970132998657e-02
8.810715102982627500e-02
8.880213852599658231e-02
8.508807252286181011e-02
8.072215181944460138e-02
7.848382410015224131e-02
7.770043101059709301e-02
7.400163462007261495e-02
7.938274428739998390e-02
8.259454946124075714e-02
8.674021714843063724e-02
8.841325301734617725e-02
8.598183296236337758e-02
8.718469152215999052e-02
8.481403480706090070e-02
8.139567056651104970e-02
8.312689547078523644e-02
7.637488122003763258e-02
7.417287532147755214e-02
7.072397448512067475e-02
5.427102032345828414e-02
5.218401275808502021e-02
4.597237793757824598e-02
3.956403409789967240e-02
4.102440894184019443e-02
3.466337357247159523e-02
3.478500460682672213e-02
3.358225852252741395e-02
2.861671002111004780e-02
3.024219065027312914e-02
2.461258353562809087e-02
2.177051931645755320e-02
2.118170218415653394e-02
1.390067340642287159e-02
1.383860268586418682e-02
8.185750958960244864e-03
5.844142501314277503e-03
7.170365217057520987e-03
2.118143018421930063e-03
4.571057532159297429e-03
2.619426177492676158e-03
-2.828774925959959361e-03
-2.627466788969039149e-03
-8.418170608555958223e-03
-6.131061815098482783e-03
-3.795515648953256323e-03
-3.975454998959222427e-03
2.656566555606901595e-03
3.794742872497959118e-03
5.093563955188615440e-03
8.954175006313468826e-03
7.719871154459877725e-03
1.029366051764197577e-02
1.388517032597574169e-02
1.687470439479725817e-02
1.789937247089205472e-02
2.100038994038689460e-02
2.386358175211557298e-02
2.035682201635761676e-02
2.372709129069604933e-02
2.531503356605556421e-02
2.630658503943830717e-02
3.284658846418513772e-02
3.491842518888899072e-02
4.105372783197258624e-02
5.247862624788245806e-02
5.770051171961004116e-02
6.840644028132690513e-02
6.868454065640137995e-02
7.458777664063225010e-02
7.551853481387904576e-02
7.408192500444905904e-02
7.906313910982781801e-02
7.443919244668206758e-02
7.707307372372486365e-02
7.557454045591339986e-02
7.118978918681628798e-02
7.107519428211003798e-02
6.688449547973936149e-02
6.306811187185225320e-02
6.037175125239842982e-02
5.506658984456418854e-02
4.931132060315072257e-02
4.416353118961312274e-02
3.972848402849739335e-02
3.500762580068671886e-02
2.442541470474687837e-02
1.977868786951384253e-02
1.399925217656035337e-02
6.208866270664895395e-03
3.877123014035554951e-03
-1.785364642473934301e-04
-1.059006441615323660e-03
-6.602015176610575914e-04
-1.586961160731024207e-03
-4.804245690189214656e-04
-6.949871321014531407e-04
1.299465266134355954e-03
1.604833401316002302e-03
1.526461009325688666e-03
2.862630387049271228e-03
2.795271188329392226e-03
4.066030251997340521e-03
4.635241300039400457e-03
5.353538461909783559e-03
7.390481477599735761e-03
6.956967535442884140e-03
9.259579408432421985e-03
8.863336482583824769e-03
6.875150534252309070e-03
7.287460204705768774e-03
4.375532954163672238e-03
4.581587939422542173e-03
4.245643729002972037e-03
2.959939150150305356e-03
1.989784279054834879e-03
-1.646280178263073973e-03
-1.850097813817230385e-03
-1.764115375088702413e-03
-3.081757397430944130e-03
-3.323245935789170390e-03
-7.529288136524926213e-03
-8.677412081787795953e-03
-1.014329583267210323e-02
-1.310137297520057309e-02
-1.345398232517389450e-02
-1.528711041121948860e-02
-1.487862340194318241e-02
-1.353849107861867206e-02
-1.379655688338459613e-02
-1.131100671571757220e-02
-8.028771505842123915e-03
-6.667374660398028147e-03
3.304871511351029089e-06
1.978761924477212119e-03
4.745321333817981331e-03
9.401857791894343078e-03
1.100403510416167983e-02
1.364414041663999586e-02
1.593424005176607983e-02
1.621141870639495122e-02
1.745998200357809851e-02
2.003535486070922439e-02
1.955612129726377185e-02
2.107304513209777574e-02
2.120322472619782031e-02
2.016055076833016269e-02
2.022335718163852103e-02
1.844640736131395592e-02
1.659373988047030749e-02
1.509644094215903572e-02
1.189208649149914483e-02
9.305028415870782166e-03
6.556855251857069376e-03
2.165613996800952804e-03
-7.046972677153660490e-04
-5.332922794153734450e-03
-8.931434248129775655e-03
-1.126721947141065029e-02
-1.728623309363408814e-02
-1.873783051371293029e-02
-2.284470377557715551e-02
-2.952912388116413905e-02
-2.965456749312488441e-02
-4.026106398095834898e-02
-4.378387539901057446e-02
-4.860412982623442402e-02
-5.923052992721043741e-02
-5.964611456143451007e-02
-6.276704385244319395e-02
-6.636336239988373242e-02
-6.305353578585451424e-02
-6.447795671578988863e-02
-6.055669015344457284e-02
-5.135595655550739130e-02
-5.003529050549242185e-02
-4.160507818887880516e-02
-3.767326546452833685e-02
-3.240317686825843618e-02
-2.613868453057915930e-02
-2.297022524494626849e-02
-1.603131042292745001e-02
-1.546474578847815799e-02
-1.237465988570216578e-02
-8.446291244140093427e-03
-7.249824812796767590e-03
-2.990010481276605351e-03
1.638907507246544458e-03
2.494603730835878545e-03
9.416099465158605034e-03
6.944842512870239015e-03
9.643188450930198150e-03
1.088004671574012774e-02
2.100280943283322922e-03
4.974390270617552214e-03
5.976180981746656400e-03
5.120949952223507150e-03
5.068073861385451011e-03
-3.650181740807628954e-03
-4.964460498380133570e-03
-1.003728037458780260e-02
-1.413301640220171636e-02
-1.350576910939650654e-02
-1.684852416622681023e-02
-1.755273180023624036e-02
-1.828470118975676975e-02
-2.062200151329584424e-02
-2.076826267134167583e-02
-2.231349798741313548e-02
-2.364510069939928724e-02
-2.412931329433764746e-02
-2.505397790253865650e-02
-2.553872968047383660e-02
-2.591879099418827048e-02
-2.644651240397430381e-02
-2.659431543300346326e-02
-2.690227322751902184e-02
-2.705262453062779945e-02
-2.707216310526018230e-02
-2.721573258882647658e-02
-2.705391590528111526e-02
-2.703188626044061849e-02
-2.688523100002530863e-02
-2.650744274975133305e-02
-2.643414744763305721e-02
-2.582852079082293903e-02
-2.542309375272190641e-02
-2.508540681398547037e-02
-2.397652751132436921e-02
-2.385824747604540705e-02
-2.297273946438362774e-02
-2.248879034030934129e-02
-2.302727176581781041e-02
-2.204327152224854966e-02
-2.228234336039736779e-02
-2.212889695107201835e-02
-2.079052268274595924e-02
-2.091880496002757744e-02
-1.887199452727987559e-02
-1.821799674063757923e-02
-1.803602303691985084e-02
-1.619951905745741633e-02
-1.631262803649263446e-02
-1.591190879712138170e-02
-1.293342680802108020e-02
-1.275229159955393668e-02
-1.038550645346884155e-02
-9.530362256310031047e-03
-8.907094938022193722e-03
-7.862123975006735446e-03
-7.554013767832407078e-03
-6.979084076800007308e-03
-6.499553300911968014e-03
-6.222408092968937689e-03
-5.609503535161592183e-03
-5.299573470849885254e-03
-4.744337438336033649e-03
-3.811990257687098132e-03
-3.609972392967317895e-03
-2.040421125649200407e-03
-1.774978403747619728e-03
-2.110646988831601980e-03
-1.195418501199151801e-03
-1.334926232782128594e-03
-8.674009562101021430e-04
-4.356717011710686317e-04
-2.654435320788934498e-04
5.330566620470993935e-04
6.208012507489297930e-04
1.474590211076995307e-03
2.161524166703205230e-03
1.896251181174956170e-03
1.640540526697641241e-03
1.676599270599943466e-03
1.262786090540613535e-03
1.052692916288230874e-03
6.969270375161444511e-04
2.878831098635025267e-04
-1.525183577216365522e-04
-7.322378885799384193e-04
-1.189795773061672621e-03
-2.034784315853869954e-03
-2.638409251440764890e-03
-3.362800409300727416e-03
-4.701194050928380989e-03
-4.987439127946094453e-03
-6.513007781891544043e-03
-6.711363684402937672e-03
-7.644250387651773532e-03
-8.625678203791422444e-03
-8.752621104008737746e-03
-1.043373693236038756e-02
-1.095573872073724898e-02
-1.156332731781067012e-02
-1.533559577454505357e-02
-1.578768848042341397e-02
-1.600806247178870531e-02
-1.729669362059003263e-02
-1.700190871842920115e-02
-1.747292805841169430e-02
-1.745032919805341101e-02
-1.700825872652451248e-02
-1.733639492057488865e-02
-1.595614605377972464e-02
-1.585583118238678701e-02
-1.536466406169110718e-02
-1.138258393602962354e-02
-1.079904163832754067e-02
-1.026705641985034903e-02
-9.563384572661870475e-03
-9.630067414923223351e-03
-9.270173957890971012e-03
-9.110878679130199331e-03
-9.058736157622388624e-03
-8.893405404775234224e-03
-8.851231290193368670e-03
-8.791334895424152834e-03
-8.730444363842189415e-03
-8.707173651163696224e-03
-8.671572261849351884e-03
-8.647029571797446718e-03
-8.629091248195441821e-03
-8.612154800540401667e-03
-8.592228438787380060e-03
-8.581247317514492309e-03
-8.568317436392280592e-03
-8.535724515985049568e-03
-8.543437664571811724e-03
-8.498599720834006110e-03
-8.457161609130981264e-03
-8.498871738467760756e-03
-8.323193239291721418e-03
-8.377922724968803192e-03
-8.362985793292780287e-03
-7.912562738446562299e-03
-8.430778056785170199e-03
-7.717078191269361072e-03
-7.194032454380425157e-03
-7.651765421167508463e-03
