8.056989543917431355e-04
9.149593351714193929e-04
3.569535124957252861e-03
3.634577505152533465e-03
4.119685680017112599e-03
4.594349117604123664e-03
4.096401096904722476e-03
4.367604179947502836e-03
4.330725020784041701e-03
4.261626386950510825e-03
4.339730875405779960e-03
4.300141212497532971e-03
4.305926159624416834e-03
4.317342383660152313e-03
4.305818308241522903e-03
4.312072816067960730e-03
4.311524541255971205e-03
4.310001855664572119e-03
4.311953111818097630e-03
4.311274394321724067e-03
4.311790906391679834e-03
4.312221804844570960e-03
4.312798757292624942e-03
4.313796585903106363e-03
4.314154785769073672e-03
4.317451678407458610e-03
4.318117371153746414e-03
4.321113216920476931e-03
4.331261255378448735e-03
4.327182794337382059e-03
4.348243349984507421e-03
4.365399428316710066e-03
4.350151770150225729e-03
4.450865218673881116e-03
4.418475729338079347e-03
4.432773337523667097e-03
4.554520846490776181e-03
4.545755591212135953e-03
4.925679034268656137e-03
5.080785691695488202e-03
5.104831142837366713e-03
6.760125858940591037e-03
6.914681811146545544e-03
6.759637248644694875e-03
7.201417174407947173e-03
7.169464426913444224e-03
6.081326161578517672e-03
5.824181137843139136e-03
7.173682293900683106e-03
6.804834455924809247e-03
7.216964914242287102e-03
1.117404071876387274e-02
1.190803982024987197e-02
1.330313592398952791e-02
1.411017038031072215e-02
1.595063866230522071e-02
1.468368540037032731e-02
1.552077975156743520e-02
2.089085313823552462e-02
1.795026568436511316e-02
2.099356206181638221e-02
2.143378919355231824e-02
2.053028698279918060e-02
2.290744711607536899e-02
2.322680989023521297e-02
2.190459262839765386e-02
2.320379616453435712e-02
2.186987704905421839e-02
1.917611660413786126e-02
1.838352559119438290e-02
1.736566774798498775e-02
1.663836328912052936e-02
1.683867022334707697e-02
1.664043190667648803e-02
1.679485615370723828e-02
1.844308865329040426e-02
1.799942386175745410e-02
1.783587471128352669e-02
1.802512422661547986e-02
1.718844791785751822e-02
1.716143212941374091e-02
1.609193466374696235e-02
1.495799150640153043e-02
1.457340055932450709e-02
1.276380222375604265e-02
1.171501972467065521e-02
1.068553866632727944e-02
7.306116344944122397e-03
5.998589294563121642e-03
2.979679115635950302e-03
9.642318694690108589e-04
-5.136604042785932259e-04
4.600695435169158435e-04
8.214401433740918914e-04
1.529797981391319830e-03
3.459283498115848978e-03
3.807355100404058879e-03
4.236952598502752125e-03
5.204143839739471152e-03
5.195428088972337509e-03
5.543561939075600069e-03
5.485748205397573442e-03
5.441248179321218556e-03
6.034545656056435406e-03
5.408718353196622849e-03
6.248432991513537885e-03
6.045162599872148240e-03
3.238956726379492012e-03
3.017337425566925593e-03
3.432242671149544205e-03
3.040010345898832688e-03
2.159323711464488336e-03
1.580051773453978233e-03
-4.407766527690067993e-04
-2.787993234028227248e-03
-4.902953083738384975e-03
-5.760104617951235587e-03
-5.355320377310491230e-03
-1.549159414077532935e-03
2.578836187487435448e-03
8.227320570948033415e-03
1.395720339185118827e-02
1.466742500130602256e-02
1.405023472651292966e-02
1.233413712535189576e-02
8.981386354370450575e-03
9.651561129907540795e-03
7.161524133054460520e-03
4.874633293977923346e-03
4.703767435596971878e-03
1.797145176974359855e-03
2.023689826752117244e-03
1.655632645269445495e-03
1.334569019517566459e-03
1.469188503189242405e-03
1.378895610620178326e-03
3.062528290790118238e-03
3.731519657973891933e-03
7.088656598003738145e-03
7.861535272550155412e-03
9.848296326328253789e-03
1.179258326392666235e-02
1.145029912075950368e-02
1.384955026166944346e-02
1.636205058775088567e-02
1.877674142574314864e-02
2.186033607924689828e-02
2.308758009838339162e-02
2.710028138123468308e-02
2.634733293684564381e-02
2.620344909953706627e-02
2.795852024263331334e-02
2.329480150662818425e-02
2.351859407379930725e-02
1.912595510046552483e-02
1.762576785520546599e-02
1.784390331266515195e-02
1.373587234822296402e-02
1.249622109234591223e-02
1.136072947003544803e-02
8.238714527165539800e-03
8.641305139142768654e-03
7.950075747305560339e-03
7.182159359858194918e-03
7.668411988132717988e-03
3.900821016052654928e-03
3.579592281577094904e-03
4.247575268644337640e-03
3.523645309113962454e-03
5.076341389937333130e-03
4.515684250043319227e-03
5.438858538418403152e-03
7.830719705833301403e-03
6.543926025348332197e-03
1.070153010512307594e-02
1.002569708494246113e-02
3.783186119686254845e-03
3.693901603718777963e-03
-3.161886894402060263e-03
-4.053336262250032719e-03
-6.604516868604033697e-03
-7.865488146522738727e-03
-2.717895968310766758e-03
-2.082085637062002989e-03
1.485063012457386313e-04
1.192721279827960385e-03
4.042225097494547142e-03
4.729101247391665624e-03
3.601300848276463382e-03
4.055580586192590598e-03
4.096129661454205213e-03
4.535461848535275210e-03
4.829385334862202478e-03
3.581985559101985399e-03
4.343657256393499214e-03
4.490795821124059922e-03
5.301482925921905710e-03
5.074238867641912322e-03
5.946234236645423638e-03
5.637889026868774661e-03
3.293201686487709934e-03
2.341011157247506295e-03
2.726175250247895709e-03
1.889617870018310119e-03
2.151179824345882813e-03
2.111610540047026505e-03
1.664170280196626073e-03
2.072743313927099748e-03
2.728359745641341719e-03
2.853236359031607276e-03
6.252404851055375079e-03
9.620963990666918028e-03
1.032483104369954878e-02
1.243058135414152644e-02
1.384750734838003684e-02
1.271751968439089643e-02
1.505487145160737048e-02
1.125192967561402038e-02
8.932905085967540043e-03
2.833146287354635674e-03
5.899832582258156006e-04
3.023028612161908057e-03
-1.579141197529013339e-05
-2.847607467434765203e-04
-7.858291506650330084e-04
-1.807581366444597484e-03
-2.115575244991749725e-03
-2.265510218895951371e-03
-1.811317974048662696e-03
-1.984600841196816189e-03
-2.621936021311938817e-03
-2.544649310303192385e-03
-2.794692711817587175e-03
-2.879090104760339674e-03
-2.473990439363149291e-03
-2.528849217584753714e-03
1.970968917816345086e-03
3.511481862843536961e-03
7.628560520135925158e-03
1.715666464886797873e-02
1.866847690922030303e-02
3.170089712609062277e-02
3.212746782456084305e-02
3.378111859122885641e-02
3.792578113914518018e-02
3.659301322961083097e-02
3.845223802652921602e-02
3.889451250834426860e-02
3.832501536663429631e-02
3.875692604819080261e-02
3.821689550552519188e-02
3.728659636341680184e-02
3.634769445907318902e-02
3.527976223057519706e-02
3.248146472458560141e-02
3.154559418632090634e-02
2.959661252556791688e-02
2.839377902376778381e-02
2.636944088949587026e-02
2.455749319668895300e-02
2.302613341977122891e-02
1.828344439266199953e-02
1.596610223448281102e-02
1.277356598546489086e-02
9.545412501219008652e-03
7.809660332691569125e-03
4.798297779138413488e-03
3.037523024968872328e-03
1.932786773151603426e-03
1.831848555612018486e-03
2.050825497396181144e-03
1.180242827214539455e-03
1.363534529960603193e-03
2.018213969603331256e-03
2.138477714171242716e-03
2.518634002217987576e-03
3.193473240557051333e-03
3.474790359691855898e-03
1.748947067488451721e-03
1.108184144985607409e-03
-3.466753562377900911e-04
-3.398308743732206955e-03
-5.019394701478306804e-03
-5.856906184176042737e-03
-6.662819272339100436e-03
-1.431210750320679537e-03
3.504086982606100550e-04
4.492660746813223992e-03
8.961343782641737962e-03
9.222669617905715489e-03
1.332432474118520720e-02
1.362236559896887883e-02
1.405969898645489241e-02
1.566277027323227308e-02
1.517479633583474624e-02
1.575087608518810356e-02
1.623730078486939829e-02
1.578055519991427777e-02
1.611037879826774516e-02
1.627172394993671792e-02
1.531379723022284652e-02
1.570334721573504386e-02
1.465214010355848397e-02
8.129029044936220832e-03
6.989345299739799060e-03
4.935431354753535248e-03
1.970003352750810885e-03
5.667611585328431473e-04
-2.286949792298828468e-03
-3.765191241074066723e-03
-3.672207075719800037e-03
-4.528418289936143870e-03
-4.278937002702563885e-03
-4.402738443279801545e-03
-4.088857513088851349e-03
-4.225408986284843668e-03
-3.914816882889266686e-03
-2.738376324351682930e-03
-4.471630116543594963e-03
-3.520219836053255918e-03
-2.166364154040906057e-04
-1.585230966975922267e-03
-1.001849784866233172e-03
-3.852207109874846271e-04
-8.037473784375350535e-04
-1.559914172648704063e-04
5.124018790618523923e-04
-5.511886757395824762e-05
2.075442467796322337e-03
2.462745176299576625e-03
1.651031843119363674e-03
9.983100489195298813e-03
8.453336715135312610e-03
6.936213407770754763e-03
7.683728973326185187e-03
3.343414193724613347e-04
2.510117633466750812e-04
8.008861000417649408e-05
-1.640072096409552448e-03
1.494076205104342687e-04
-8.734202281931436034e-04
-1.806926900682774605e-04
-4.165881436428421581e-04
1.579551245325055845e-03
7.047970970522239587e-03
8.180774882043195459e-03
1.423702966100833488e-02
1.527327534412006513e-02
1.544058744145505868e-02
1.663348074321199452e-02
1.672471593446523200e-02
1.776103036951198755e-02
1.695766260531412009e-02
1.633628990662865446e-02
1.529085728078448565e-02
1.210981708298357155e-02
1.049017078578295091e-02
1.034819166851805132e-02
9.423017469645725633e-03
8.628813030580316859e-03
9.029449760770955069e-03
9.991732727676980869e-03
1.063962747576067090e-02
1.119839771680198985e-02
1.177099845650354110e-02
1.187884626764050371e-02
1.270862401600081522e-02
1.229765880486114425e-02
1.307272726213487904e-02
1.283912384292310895e-02
9.899888122848962690e-03
7.007017965364250277e-03
4.514907672941084228e-03
-6.873289345806528198e-05
-2.756298337589899953e-03
-4.753781641031372407e-03
-7.818477949330302629e-03
-7.512811905704519511e-03
-7.980699712272124047e-03
-8.452669143304827534e-03
-6.888465559363438247e-03
-7.674873063610566058e-03
-5.801425002070878870e-03
-4.442680931661517965e-03
-4.255931593058794905e-03
7.156203362519259707e-04
1.359745612059856668e-03
2.751830457791903158e-03
5.665644378397238952e-03
5.715717009542277058e-03
7.320625930022195416e-03
6.975210428727242860e-03
5.106190976269640684e-03
4.607193914565466640e-03
3.726364028524763953e-03
-8.762169755988439808e-04
-1.077250619505220426e-03
-2.810329493652484641e-03
-3.761753948072052347e-03
-4.628567274411054741e-03
-4.569326801302297375e-03
-4.647396445153288182e-03
-4.810564148371939547e-03
-4.787657167559146096e-03
-4.868374519493396183e-03
-4.902005176728514713e-03
-4.986571591209396949e-03
-5.000158191333930677e-03
-5.114093212277130880e-03
-5.320871695173178158e-03
-5.213024295605007616e-03
-5.827073379457988790e-03
-5.893730743120591774e-03
-5.521913722730666801e-03
-5.345108797077402669e-03
-3.147124667755649662e-03
-2.816446963518245451e-03
-1.578632635559299151e-03
6.338278773000000088e-04
9.249703376808268793e-04
4.213293960514349380e-03
4.296644498126674962e-03
3.863381816738244243e-03
4.817422783502465188e-03
4.649501504351617222e-03
4.805600309287598286e-03
5.098433213645373399e-03
5.493934819028889645e-03
5.649859542858949764e-03
5.444183177583301371e-03
5.538181319515078985e-03
5.370286607862044710e-03
5.331118640284792341e-03
5.064096573778650162e-03
4.804106024806833498e-03
4.671760447735931292e-03
3.593316242966033622e-03
3.503627105843462944e-03
3.606238002767855281e-03
3.302949684131707784e-03
3.311370170540413934e-03
3.217369909316794476e-03
3.144650953002500401e-03
2.924657127904068624e-03
2.919425576925535355e-03
2.784816014560111217e-03
2.888072890201211565e-03
2.747368010513004128e-03
2.799996572410388528e-03
2.801985540399517128e-03
2.408939732548521541e-03
2.374758555742947138e-03
2.269368536104889120e-03
2.172429477874566334e-03
2.157667583131957917e-03
2.110782048813134373e-03
2.090014655479032011e-03
2.080037719177560245e-03
2.064818485414031835e-03
2.059963731339104018e-03
2.056618605314565907e-03
2.051236640033729259e-03
2.052584364599408916e-03
2.054391091293625467e-03
2.048093929635359974e-03
2.065671948037280884e-03
2.060840207425181179e-03
2.057314585572531627e-03
2.124626495829730257e-03
2.051705416307327175e-03
2.145338027749113009e-03
2.270615069338047590e-03
1.969217812464409655e-03
2.708041240189537971e-03
2.897324691566173418e-03
