-1.029623394562562870e-03
-1.152059279303882739e-03
-2.506237160494961206e-03
-2.550671890340705256e-03
-3.310700624843021262e-03
-3.521923756914629219e-03
-3.353493298641913641e-03
-3.605067303635167784e-03
-3.576363511370646720e-03
-3.591622010422505350e-03
-3.650963377100849370e-03
-3.635927579900724398e-03
-3.656068025865424551e-03
-3.665246735477840564e-03
-3.663992894541573224e-03
-3.671745882848269880e-03
-3.672514871572659517e-03
-3.673711016640511095e-03
-3.675730847030669879e-03
-3.675615305577568156e-03
-3.676343203059194344e-03
-3.676456899997750192e-03
-3.675901803101569703e-03
-3.676326814243877777e-03
-3.674606407601810776e-03
-3.673755203488354541e-03
-3.673900210376341256e-03
-3.666582413991091235e-03
-3.669272064831563193e-03
-3.662497765134447789e-03
-3.642875500208767915e-03
-3.664308482048194131e-03
-3.608837746123690765e-03
-3.596377524137028478e-03
-3.647768630077021824e-03
-3.383870962040100988e-03
-3.495604862846550965e-03
-3.378719662127261519e-03
-3.457777729478810243e-03
-3.679630082878212680e-03
-3.592624697794963295e-03
-4.245445788945693098e-03
-4.240302987812119909e-03
-4.089270997243895853e-03
-4.522426729795626238e-03
-4.252799715377764654e-03
-3.782404037456682782e-03
-2.324863857141873467e-03
-2.029031665969837153e-03
-4.212864908677420609e-04
-6.628263514431050182e-04
-6.330668052097084258e-04
-6.182481965768804860e-04
-6.289084804573486735e-04
-9.346313382915036458e-04
-8.323381063611750338e-04
-1.203936664559199189e-03
-1.153818142649006787e-03
-1.512009100949458784e-03
-1.205245882848938023e-03
-1.555223038222675784e-03
-2.230862308923798991e-03
-1.847700668953943101e-03
-3.349968586135098399e-03
-1.479455566166077958e-03
-1.351357630178779030e-03
1.651205718088631950e-03
1.287487935382646172e-02
1.849224801058172232e-02
1.855444140833132499e-02
2.276976248982433629e-02
2.182384172990271126e-02
2.196339917748700230e-02
2.304435537730481487e-02
2.192639105684280817e-02
2.138560267627614281e-02
2.165869484970098582e-02
1.970653208725684641e-02
1.953935219095538287e-02
1.755285910604764341e-02
1.339923353223166844e-02
1.180588914325141070e-02
5.018780182512644350e-03
2.706417218920908769e-03
2.870167116508966394e-03
-3.650082161467988633e-04
7.268594465109879613e-04
-2.010788360193909103e-04
-2.956631115871149600e-05
1.016870805590308884e-03
2.037807767160013453e-03
2.991808419203802194e-03
3.483280258114139060e-03
2.326169850702335725e-03
2.460322683879402356e-03
5.901639055147575065e-03
5.747829597993462346e-03
6.504566545192863765e-03
7.462034381255199487e-03
5.432725415458123860e-03
4.494887942970256060e-03
3.765424492881689744e-03
2.612870796549712250e-03
2.619077177111518630e-03
1.961487125460412498e-03
-1.879848981007277938e-05
-7.498473760237678602e-05
3.589829671129275419e-04
9.967162981954667215e-04
1.697260436716748833e-03
2.149631484176232898e-03
4.365420081664330744e-03
4.762084766870368184e-03
6.543385444145771897e-03
8.810784320805304520e-03
8.790051223249582130e-03
7.670987895558073651e-03
6.798629045276591981e-03
3.806078856160016212e-03
2.144437758462376577e-03
3.747079602306325856e-04
-1.383611506042254627e-03
-3.339026347900354505e-03
-5.484124806146704889e-03
-7.591634915854923900e-03
-7.627347932297301458e-03
-6.157543535889582406e-03
-5.027263733933930688e-03
-3.389231861904597534e-03
1.251132148644456188e-03
2.050152195346958191e-03
4.311708783121856459e-03
5.547193844812451508e-03
6.599229040314846806e-03
6.762553814976363445e-03
6.108620938936103716e-03
6.007260553938275835e-03
6.244627691607622724e-03
5.248750694283280116e-03
4.783498085578612516e-03
5.921477078506820479e-03
9.727116832769233407e-04
1.218409989095310805e-03
6.164115604988573520e-03
5.802762150064935676e-03
9.468266957661900657e-03
1.408095237327469489e-02
1.684188417976992605e-02
2.263388365470630006e-02
2.222809417038195540e-02
2.312009882863358748e-02
2.301521271262744334e-02
2.067516379257956088e-02
2.056540178343734329e-02
1.801506389239740727e-02
1.614133040536253755e-02
1.538877249116336714e-02
1.330235045178735157e-02
1.081216215919085337e-02
1.022261197111379652e-02
9.705967542650803873e-03
9.585032506892894252e-03
1.137293658443289980e-02
1.257170821461215879e-02
1.356769007098774203e-02
1.509712269425318547e-02
1.666703264184208472e-02
1.717355311012266905e-02
1.700857717594125851e-02
1.671579630980877043e-02
1.642488891484565269e-02
1.534657247034234770e-02
1.436963937165293241e-02
1.390371678764321627e-02
1.207102495734542827e-02
1.174978159869089801e-02
1.087895842192960517e-02
9.898717334223088027e-03
8.429621098448955574e-03
6.762073548551849299e-03
5.934746233736950226e-03
4.119730508121461840e-03
4.235464256137700008e-03
6.616840445028843339e-03
6.079734213417413782e-03
7.703514404085905209e-03
5.812785959426090658e-03
5.674326603134392626e-03
5.921273327689795772e-03
2.862403579669522361e-03
6.154224150983070470e-03
4.877718630793096213e-03
5.743641879260786426e-03
1.031580689584068837e-02
1.045384796037960272e-02
1.377346007018051023e-02
1.582459555542327367e-02
1.477692913249768064e-02
1.589679162837672605e-02
1.267777958577327897e-02
7.789544455689292532e-03
7.864825981747279593e-03
5.719995346508533092e-03
4.517449814830441605e-03
4.782681293736504302e-03
2.954035182043600934e-03
4.438730841866832429e-03
5.004028890223718301e-03
5.413847782473970444e-03
8.579946340102458102e-03
9.472329372433327052e-03
7.381313549180373509e-03
7.137884586634082179e-03
6.296009221958660633e-03
3.929022135948473729e-03
3.712711909732515931e-03
2.052106816617383679e-03
1.449259174323670099e-05
-9.996025041951682975e-04
-3.762652836378870685e-03
-4.402306526802365547e-03
-6.265036470190134960e-03
-6.671932992954539114e-03
-5.223786145902640024e-03
-6.019682434039388789e-03
-5.503684396121975506e-03
-2.651999438092994977e-03
-1.287980768917537698e-03
-1.965205045319556518e-04
2.033201305444156618e-03
2.266628161386969025e-03
2.565201765542911207e-03
3.775147887485284012e-03
4.323691952003463207e-03
4.331999547420534689e-03
4.923991288574636367e-03
4.538387536167587470e-05
-2.926644296035656005e-04
3.380352973748911461e-03
2.782537538076149033e-03
4.364220321433892776e-03
6.375254136173533724e-03
6.290063645066453629e-03
1.043087258424927818e-02
1.109983334868465746e-02
1.263439568290592070e-02
1.339351791452361197e-02
1.157616066363041478e-02
1.013322685918703440e-02
4.299363517202289299e-03
3.212519629309117889e-03
3.176203926233054069e-04
-1.685516052611081258e-03
-3.290433371853490867e-03
-4.366092816749311649e-03
-6.667763029951889221e-03
-5.849205639331837153e-03
-6.009940668843232608e-03
-6.304262085132183134e-03
-2.559044278741623001e-03
-2.287614901627909800e-03
-7.660734587317724392e-04
3.865840503406738331e-04
8.936068561220224726e-04
2.558366178337339106e-03
1.977741417797330026e-03
4.558429473359907821e-03
4.883254535576015028e-03
2.244213368456700157e-03
4.153102436808742484e-03
3.929155180739545873e-03
3.909265985802178912e-03
4.422192284487778090e-03
4.143825101186593245e-03
4.419946304041032052e-03
4.199329413353375742e-03
4.146164745102398977e-03
4.543439240857673894e-03
3.895751967182441589e-03
3.853981782398269683e-03
4.000372979155602388e-03
8.607312629189362930e-04
7.304364721714124266e-04
-1.087421428489600229e-03
-2.464638039381884696e-04
1.347248183692138866e-03
-1.251294183074387915e-03
1.591385309450132088e-04
-1.165278410886460116e-03
-1.225927255552913819e-03
2.176024659735221458e-04
-9.865515518200284814e-04
1.905922064652863139e-03
1.986332998054511374e-03
1.060466258403786792e-03
2.876547950888846093e-03
2.278457640806087672e-03
3.495707049800942257e-03
7.569538950942875447e-03
9.196193171919300052e-03
1.162420679777200795e-02
1.327419666906095447e-02
1.346730910538880902e-02
1.430431796005005030e-02
1.353173476950624531e-02
1.422860824964199827e-02
1.377236857050046816e-02
6.363812293983476392e-03
3.887875277532152479e-03
2.228415289082999375e-03
-2.797546583681949275e-03
-2.704507683656619255e-03
-5.437842125289659746e-03
-6.643179098024653423e-03
-6.163099159406184441e-03
-6.102634900401365456e-03
-6.717027426677363126e-03
-5.646096749454808730e-03
-5.546259641259339464e-03
-4.947476494939331837e-03
3.532342255801606840e-04
7.837391626351798311e-04
2.402608512955350158e-03
4.166935194802648922e-03
4.219439261993225901e-03
5.483729074760743290e-03
5.291143122150266352e-03
5.794115768184976423e-03
9.416612384972137054e-03
9.795755968411812287e-03
1.090956256216613074e-02
1.028380927684009911e-02
1.082623205216971460e-02
1.016969401769032659e-02
7.603806378472571272e-03
7.417220990936139111e-03
4.285458026704287889e-03
2.634365527845367733e-03
2.313023243741441515e-03
-2.825209173324553028e-04
-2.857205135018697642e-04
-7.812906389551590959e-04
-9.454384860723558104e-04
6.634902651629194048e-05
1.657102238388136520e-04
1.111135247631670668e-03
1.008311707882209680e-03
1.434724309183673307e-03
1.112867803055865102e-03
1.741713634004845353e-03
1.807202098282165333e-03
1.082927088511037063e-03
1.527554877196848123e-03
2.250412030648546013e-03
4.932235443966976121e-03
7.929021986712858627e-03
9.639317956577624080e-03
1.051625516111459775e-02
9.885972417943382842e-03
9.074687624235418248e-03
8.151450033803140163e-03
5.953198331348792845e-03
5.719651697473878207e-03
2.299886405525729868e-03
1.289805827901148233e-03
1.444135698022990140e-03
5.207614224232359409e-04
2.360134199944176510e-03
1.978668066811003177e-03
2.952442785651796225e-03
6.703693927511232900e-03
8.508103898999863635e-03
1.007129705694551590e-02
1.254732405188616756e-02
1.742819086782818744e-02
1.875143910250369819e-02
2.062297201991851112e-02
2.184487016875182389e-02
2.139080342670722154e-02
2.097697368082811903e-02
2.066690379669864491e-02
1.959840947270666267e-02
1.917753576743345956e-02
1.844987466048704852e-02
1.668318854960829101e-02
1.646346233814887858e-02
1.392712877412607096e-02
1.156272066703138181e-02
1.071139631788534455e-02
4.202096244109220467e-03
3.410094076726412349e-03
1.557068764571683953e-03
-9.348078988535749685e-04
-7.845698499421528346e-04
-2.354136108637643748e-03
-2.817123177500643894e-03
-2.935992278088419595e-03
-3.745886600360369412e-03
-3.571516119776007095e-03
-3.876236200368842096e-03
-4.016502370073810925e-03
-4.203039605667023906e-03
-4.583308707732479739e-03
-4.475066595704096060e-03
-4.837804261918082077e-03
-4.899862385463099428e-03
-4.274134642330992828e-03
-4.118997133615003720e-03
-3.242033159354430760e-03
-2.724416641104806733e-03
-2.348354735225750053e-03
-1.775525294593977054e-03
-1.095873270759405160e-03
-1.002724227020008671e-03
-2.859865863004590922e-04
-4.870378394823039899e-04
-1.055716068944282521e-03
7.596838294123267263e-04
8.981384494887450923e-04
1.870147159147964510e-03
3.512153369167539049e-03
3.724434138134416657e-03
3.600348530482445474e-03
4.076089827675900661e-03
3.949390682842260705e-03
4.130938065576274243e-03
4.170933774789316838e-03
3.984433205642899309e-03
3.997239390095655952e-03
4.056831439087409986e-03
3.981026695885356639e-03
4.097176794857481166e-03
3.887532291736701170e-03
4.035469043497582134e-03
4.040314999198769443e-03
3.225823193114543946e-03
3.153285890869017040e-03
2.822150129725255110e-03
2.609152717054313061e-03
2.550665851186126494e-03
2.413066288003325784e-03
2.363989828713891281e-03
2.322774301961402603e-03
2.278592991286794260e-03
2.260875693467971279e-03
2.238332368862019483e-03
2.226129991944491692e-03
2.206473501335321809e-03
2.198587299218905840e-03
2.187174638060678140e-03
2.145065024264488675e-03
2.166408054052100345e-03
2.092917237377491923e-03
2.033924920230459430e-03
2.107521745262754508e-03
1.765634434938304640e-03
1.888974356933289861e-03
1.772988025446493735e-03
6.143968499620539904e-04
4.730538249246275481e-04
-2.275873922472092291e-04
-6.690845077930625013e-04
-1.022292942737290308e-03
-2.164145745943396159e-03
-2.186545294690337912e-03
-3.594868791894426097e-03
-3.412728275252247933e-03
-3.503471106989981300e-03
-3.590517480151007596e-03
-3.467498065775179421e-03
-3.566746324289187496e-03
-2.629451222637122811e-03
-2.597966424823310808e-03
-2.375346727307093425e-03
-2.117172840231466065e-03
-2.130072843769603881e-03
-1.902983805710786302e-03
-1.864880823288725354e-03
-1.906313755528004283e-03
-1.907275381784210308e-03
-1.964125860376663736e-03
-1.971590999463605255e-03
-1.983752873560532155e-03
-1.998624103337046012e-03
-2.000600510316767958e-03
-2.006809602968706672e-03
-2.010127269070309877e-03
-2.011425133873292505e-03
-2.013592904239470006e-03
-2.014388369729644239e-03
-2.015072250612197358e-03
-2.015694768235815407e-03
-2.015996795596023891e-03
-2.016215843887410059e-03
-2.016433475423642496e-03
-2.016658880810858010e-03
-2.016453208786531115e-03
-2.016997855733624993e-03
-2.016904111611607896e-03
-2.016260909842104189e-03
-2.018562855646455819e-03
-2.015766905612956586e-03
-2.017134374953291360e-03
-2.022566960411840715e-03
-2.008683523110536048e-03
-2.028728586620640560e-03
-2.022983508762871141e-03
-1.989950977144482394e-03
-2.086791438852132318e-03
-1.961623045752191111e-03
-1.985658477431526993e-03
-2.043193001924511771e-03
