1.092453172161807472e-04
4.154515819148805436e-04
2.074347945717404818e-03
1.811254740835317560e-03
3.155488048687211076e-03
3.865181928259087737e-03
3.584519688206910717e-03
4.576682449937583171e-03
4.523905331045440133e-03
4.618052178590676196e-03
4.912908241091249947e-03
4.834650041604706024e-03
4.933426635668823439e-03
4.980641343593882574e-03
4.967627433762143892e-03
5.007094165616530167e-03
5.009624427317213580e-03
5.013492776036737944e-03
5.023819471378317136e-03
5.022814601941936845e-03
5.024699895574140547e-03
5.026636914332928939e-03
5.023187595229914107e-03
5.021168512106353315e-03
5.020885237334913112e-03
5.005657006229869213e-03
5.005306581025437129e-03
4.993076595597419412e-03
4.945839158985737387e-03
4.967964219254358653e-03
4.876454651069823606e-03
4.786809986261632635e-03
4.838990883076536853e-03
4.460501655623161192e-03
4.413878800152431711e-03
4.288044669941791683e-03
3.417264873700207820e-03
3.279474885409544831e-03
3.096310158369846872e-03
2.680728402518134552e-03
2.498576760672653087e-03
2.408315185831221353e-03
1.858023494972885692e-03
1.636775921410612775e-03
1.551977586730119742e-03
-1.565185750060209551e-04
1.373073211413458074e-04
-1.700369725960947792e-03
-2.933274929825908581e-03
-2.563464397249463032e-03
-7.279406955610114027e-03
-7.447469929671705902e-03
-1.038038407677974000e-02
-2.068429347120928630e-02
-2.101281138000414550e-02
-3.142014228692476679e-02
-3.548910595455279787e-02
-3.925376875057141196e-02
-4.669086372557458564e-02
-4.772794231914145174e-02
-4.808974627182748679e-02
-4.892576118734639351e-02
-4.471408986846588107e-02
-4.262661157800042705e-02
-4.408335623229615863e-02
-4.182546678360359038e-02
-3.901799261076821512e-02
-3.409189080293025670e-02
-3.157831229048146948e-02
-3.311874686125834688e-02
-4.267855063848990244e-02
-4.367823875459703881e-02
-4.489813164291949626e-02
-4.944093392384252966e-02
-4.759991527815032181e-02
-4.586771534671627709e-02
-4.825937724871189743e-02
-3.894106725781877609e-02
-3.581699505111749643e-02
-3.499115390907697049e-02
-8.952885332259772483e-03
-7.909940950317970870e-03
6.442876484140800525e-03
2.217902685634664389e-02
1.974944392914653943e-02
3.495440833825848997e-02
3.384424442142237172e-02
2.876082722823154400e-02
3.315423603893934146e-02
3.107645659869526927e-02
3.369716090686285248e-02
3.226792784374982181e-02
2.818161838495097937e-02
2.793786418412232825e-02
2.104726432465591976e-02
2.026849088517024972e-02
1.504659970620611520e-02
1.158902175612255316e-02
1.583342407970457846e-02
8.432083127531160918e-03
1.368367426581159826e-02
1.314464126319484991e-02
1.077585698506803094e-02
1.890700849433361863e-02
1.383010857667721534e-02
1.299413233142416441e-02
1.579817344718098537e-02
7.410547616459588205e-03
1.238886952056563080e-02
1.625362532126991069e-02
1.836537190320166116e-02
2.617776874918855551e-02
2.726026334136024895e-02
3.176413273209752197e-02
3.523879471590423557e-02
3.871727791103656696e-02
4.957018238626609286e-02
5.345517635451600691e-02
6.700707826350843499e-02
7.698203702112665914e-02
8.146212029240604280e-02
9.114427480431502859e-02
8.960002631181236687e-02
9.404105955378205817e-02
9.315867520276850666e-02
9.084190996114518968e-02
9.166095599692347662e-02
8.223390685885520468e-02
8.080184001757084733e-02
6.492653246877312656e-02
5.356582148780302671e-02
4.107497938697790563e-02
2.331684788462147842e-02
1.522046790257105577e-02
2.627266055204445679e-03
-3.715411432128810660e-03
-5.583408765696882409e-03
-6.637771795656379967e-03
-7.421197712474269723e-03
-6.838122545209512383e-03
-6.478736148185291858e-03
-1.239990726417661282e-02
-1.254792045325091657e-02
-1.526579185830171347e-02
-1.632719350456006760e-02
-1.737384505510930141e-02
-1.572611504269347607e-02
-1.475882962871876564e-02
-1.482925482402304429e-02
-6.013566531886967333e-03
-5.174632059995300584e-03
-2.498478594146155609e-03
5.293523187542359745e-03
2.982145536843660086e-03
1.166073884150894448e-02
1.398227315588202943e-02
1.774617133051744483e-02
3.728898182836137137e-02
4.271261759398843616e-02
5.131897424098977312e-02
6.209507807650981731e-02
6.328535093203135897e-02
6.890693009532122826e-02
6.760282216205204531e-02
6.819608133223743762e-02
6.579307318666470505e-02
6.004682334620125433e-02
5.675447963048665945e-02
4.493009431999511749e-02
3.815539416846353005e-02
2.908623461239554994e-02
2.091740348499352559e-02
1.097210062820848028e-02
4.523111116454234075e-03
-1.193165250841819475e-03
-7.965286712881075593e-03
-1.030517917506415179e-02
-1.633118574446348892e-02
-2.240150507650425990e-02
-2.434979714968051739e-02
-3.412515746118225529e-02
-3.746795753642427618e-02
-3.763498315513456871e-02
-4.421208597589993544e-02
-4.233114929431373158e-02
-4.369090658329365801e-02
-4.467794368819612283e-02
-4.280952049352504396e-02
-4.127237710924910874e-02
-4.351813217066663464e-02
-4.128661712099093717e-02
-4.383557673286676837e-02
-4.947198312525140362e-02
-4.825822602546064183e-02
-5.419084132858369152e-02
-5.359875300454701452e-02
-5.034642651278361386e-02
-4.800167025290606043e-02
-4.301702670464730566e-02
-3.432953680198345958e-02
-2.555528697457535789e-02
-1.819532803969479973e-02
-1.614652241580693441e-03
4.736602352102105631e-03
1.438331806210634001e-02
2.584898479014238748e-02
2.792504562235785873e-02
3.728419417199174690e-02
3.914312673417696953e-02
3.778326895147950115e-02
3.790307794433446509e-02
2.881996908596884052e-02
2.275052047336541608e-02
1.488075820404367519e-02
1.187158399870227345e-02
3.701392003263918179e-03
3.269180217122693091e-03
2.452792754936899966e-03
-1.247905782493396792e-03
-2.486418690318668132e-05
-8.913784127521539452e-03
-1.111079920310961699e-02
-1.171547995958639732e-02
-2.347083783349977748e-02
-2.381722596096211286e-02
-2.201309692026182790e-02
-2.597958840714120060e-02
-2.429821005787216603e-02
-3.346944716229976330e-02
-4.190995241892096074e-02
-4.677215786899464878e-02
-5.890558924115191913e-02
-5.909664087935769666e-02
-6.442728236230561845e-02
-6.862634292273847580e-02
-5.955340020049375294e-02
-6.292050824618108940e-02
-5.631098579897413081e-02
-4.737531103245398029e-02
-4.775119594045821453e-02
-3.793524267829318647e-02
-3.676516711976657303e-02
-3.373332857713172428e-02
-2.365027067388913301e-02
-2.410247814228606497e-02
-1.265039975203106210e-02
-7.709857282849183827e-03
-3.404467974652766911e-03
3.978821214703854095e-03
7.869276963447633874e-03
5.146027742905984192e-03
-3.657590613920581966e-03
-6.274980787586108624e-03
-1.650683938318121130e-02
-1.163186717499984160e-02
-1.926009336904788150e-02
-2.278398968501172198e-02
-1.004607506821508789e-02
-1.234484886257346953e-02
-1.520482907264021459e-02
-1.166960645746990474e-02
-1.059332017618997042e-02
-1.102024610445517284e-02
-6.656806088432128295e-03
3.136984190598701532e-03
6.212085818575504258e-03
8.975929191785166419e-03
4.148776086778251213e-04
8.471071143762206723e-04
-1.017594662222274550e-03
-8.190331490012464979e-03
-9.768764664286770649e-03
-1.396043189259601330e-02
-1.971473263505720344e-02
-2.063572725907242625e-02
-2.589638956087811361e-02
-3.281064885697230343e-02
-3.101347889833754728e-02
-3.968160859366087062e-02
-4.170046572043867306e-02
-3.448872030711902514e-02
-3.680547259210481537e-02
-4.100807802206482555e-02
-3.843993847606575615e-02
-3.647902447764003048e-02
-3.302511664569744015e-02
-3.191242009501355642e-02
-1.855572792425304318e-02
-1.347061751404439976e-02
-1.032348986202728108e-02
8.075185652891584895e-03
1.143385180830112056e-02
1.820688045413965811e-02
2.483306075720368919e-02
3.485087381921450622e-02
3.391374099251126539e-02
5.094382808216307151e-02
6.785832555692730694e-02
7.563545925787826252e-02
1.039839869082955781e-01
1.121899326236837774e-01
1.191227105678284437e-01
1.299979073227854609e-01
1.260045561350408294e-01
1.293721729359584571e-01
1.231169001155924675e-01
1.132184522643839425e-01
1.049254280526803335e-01
8.552036599570148057e-02
7.059471438120448750e-02
5.078081728956331670e-02
3.161896667659750554e-02
1.673778090930522905e-02
4.605999127274750145e-03
-6.608293003201035250e-03
-1.441500669364395408e-02
-2.405178454011773492e-02
-2.969014179482687074e-02
-2.972367827795925968e-02
-2.797909089346044959e-02
-3.026888185033231246e-02
-2.890714179639304951e-02
-2.962314256815097926e-02
-3.265020641641250276e-02
-3.380637610039177038e-02
-3.461386184791538645e-02
-4.281069240660465014e-02
-4.275324546484376292e-02
-4.433398238864607460e-02
-4.661402335047105244e-02
-4.509505894440102303e-02
-4.650970498544135939e-02
-4.338903067200357289e-02
-4.238377761364337665e-02
-4.145346502645864961e-02
-3.242974146538889907e-02
-3.506952437852704774e-02
-2.714021730350860487e-02
-2.729049912257950489e-02
-2.741427880625216945e-02
-1.183764785992568944e-02
-1.523249933282594046e-02
-7.024297159643687685e-03
-1.136010094558490826e-03
-9.124112039157600967e-03
1.018313225624144659e-03
-8.020084816207076125e-03
-1.163312644996851095e-02
-1.319583427611015387e-02
-2.737557694139561293e-02
-2.788889432051813028e-02
-3.633708265798184234e-02
-4.206287144439829068e-02
-3.955367545357224568e-02
-4.558253120094592215e-02
-4.289334448591919369e-02
-4.103457992419196065e-02
-4.166141378518860988e-02
-3.478637309225965368e-02
-3.303875430060001367e-02
-2.710635283770412504e-02
-1.668655449272291730e-02
-1.141656728593746714e-02
1.996002954689061071e-03
1.594008296678433786e-02
2.103566997160051869e-02
3.451877236056760667e-02
3.656249972487710109e-02
3.987849600423631208e-02
4.315345168950994459e-02
4.008640388676520949e-02
4.158285311808043727e-02
3.584237239169309197e-02
3.302179458637307524e-02
3.285361675511254409e-02
2.760523779836470196e-02
2.853943576207499874e-02
2.652497690402528738e-02
2.521248320779382462e-02
2.398079838386670340e-02
2.080966947123007865e-02
1.591630604497750248e-02
5.880722685406234058e-03
-6.502085110334885655e-03
-1.827004787232432148e-02
-1.853718435277899174e-02
-2.664395912196979022e-02
-1.711802450823748240e-02
-1.789666469390515519e-02
-9.334442845512172515e-03
-1.253798926970232756e-02
8.764861136514589006e-04
1.170334114488550889e-03
4.704276552300086164e-03
1.316682987405398512e-02
1.254145604000211217e-02
1.669522596132150954e-02
1.910306793459448302e-02
1.946961799807802110e-02
2.203093612190621178e-02
2.312484540913423842e-02
2.397192808529821986e-02
2.722062245776911762e-02
2.812575451066261570e-02
3.107646650659074208e-02
3.818485081862065672e-02
3.799177158735337484e-02
5.121170100605955400e-02
6.266494667963128096e-02
6.372176634126076877e-02
1.001996528260163111e-01
9.948860667134763747e-02
1.070786990492825635e-01
1.240103237271776293e-01
1.143985775108527225e-01
1.242619556378543461e-01
1.239208160514289753e-01
1.014592682023213316e-01
1.021678833367162254e-01
8.363169307957621368e-02
7.539135434670096725e-02
6.591563506928276028e-02
4.759948731030483327e-02
4.554522483545122430e-02
2.307665822233176747e-02
2.079610765290833621e-02
1.943299575267218304e-02
1.114883516070254779e-02
1.172277739641330342e-02
9.050337032570365120e-03
5.236211539850152592e-03
5.792637950528711083e-03
2.100432752766471720e-03
2.250510965456623338e-03
1.509436727709786595e-03
4.648913114438028133e-04
6.706854582572372445e-04
-2.108412123948728172e-04
-3.696039649847729478e-04
-6.505756915141106466e-04
-9.509621956792586785e-04
-1.028254492498875379e-03
-1.189035622819170331e-03
-1.267634539734990981e-03
-1.315778911567519471e-03
-1.371746981130615847e-03
-1.394169757059710284e-03
-1.416125952580440809e-03
-1.432401164959536078e-03
-1.440325160260926603e-03
-1.448403138766192998e-03
-1.452964218749533843e-03
-1.455967015901989429e-03
-1.458459843848305092e-03
-1.459557521030130714e-03
-1.460587332947757208e-03
-1.460653809329688895e-03
-1.460361815402950103e-03
-1.460439626069089808e-03
-1.457608553985543197e-03
-1.457167628037657134e-03
-1.454508952545931861e-03
-1.445000991004532229e-03
-1.448682828664651185e-03
-1.428995804138105891e-03
-1.411966811717845893e-03
-1.425515259838124136e-03
-1.331357180707942126e-03
-1.351967949005127663e-03
-1.319943257968062564e-03
-1.030317645508706378e-03
-1.288014613815562266e-03
-8.023162178950661062e-04
-4.339572942309716241e-04
-1.084480993839788106e-03
9.899915617199643407e-04
1.186723791596470219e-03
