6.385355463021114833e-04
7.370737552501898434e-04
2.964729615116953616e-03
3.043319575647792079e-03
3.410847535944210723e-03
3.776191722695619417e-03
3.350218885039502482e-03
3.559434771961215212e-03
3.520566657229876571e-03
3.456278268940039203e-03
3.514978045254755438e-03
3.478340941707938096e-03
3.475687468157633193e-03
3.482942951126674104e-03
3.464845242671183313e-03
3.455684862393549033e-03
3.458375539675950273e-03
3.416901460217128261e-03
3.403635996799700848e-03
3.401227785303132575e-03
3.239530103231426459e-03
3.244453756911143145e-03
3.237052464214264496e-03
3.227735937774783848e-03
3.246550381303530807e-03
3.297250051093130428e-03
3.365382258026640514e-03
3.411182488136913719e-03
3.664384790656105822e-03
3.760611294414242193e-03
3.993939805827476965e-03
4.449875433994395814e-03
4.399131832350925732e-03
4.497338980172292319e-03
3.097606413373616297e-03
-1.750266769759824996e-03
-2.862703545706034476e-03
-3.130934113595542842e-03
-5.980147579871332268e-03
-5.867972637276518827e-03
-6.704120491822871536e-03
-6.517980856418408020e-03
-5.891804276308678680e-03
-6.347385225522183053e-03
-5.348329531377375885e-03
-5.288162474582676874e-03
-5.486072472031118009e-03
-2.291911306859276479e-03
-3.376705234776903458e-03
-3.115678153967744134e-03
-2.427642770362449867e-03
-7.250655423341498956e-03
-6.980808067667735803e-03
-3.410890701451326466e-03
-2.771090712294624683e-03
-1.351360215595726185e-03
9.194582504797712066e-04
5.051877707861918143e-03
8.118774636726848806e-03
7.004547195224302726e-03
2.233362882069448319e-03
8.115933833817044144e-04
-3.354828277103506610e-03
-4.681076634641667504e-03
-4.572306712286896939e-03
-5.650244403324033472e-03
-5.244944307118348630e-03
-4.278452269478815427e-03
-2.207288779445004592e-03
-8.878386530582230921e-05
-1.113254138039866149e-03
-2.489278141989575196e-03
-3.808039266715146538e-03
-6.240004500686464027e-03
-6.951781383862904763e-03
-9.377495347444454732e-03
-1.040347486873042723e-02
-9.293234523575720149e-03
-1.067924612689350253e-02
-9.506070620640552984e-03
-7.732054700918854565e-03
-6.880673618730948765e-03
-6.128458246967596369e-03
-5.158964430741733338e-03
-4.546972951029085164e-03
-4.229467267735270361e-03
-2.453381506124716060e-03
-2.361186919776012659e-03
8.539119686193197116e-05
1.379180701711469562e-03
1.944168190284493482e-03
5.033421694291801730e-03
5.159464818982876198e-03
4.393365349308695454e-03
5.917338919922980091e-03
4.802518311689565195e-03
4.289622687135069209e-03
4.217558373498794116e-03
-9.303573773640317702e-04
-1.206036644635897787e-03
-1.305226236621673903e-03
-2.545138351703929609e-03
-3.790038203125146825e-04
-1.915671945871830271e-04
7.351247494724989047e-04
2.203383283778553772e-03
2.525899429772386802e-03
3.128176460417998739e-03
3.510090052930868020e-03
2.988755261427944020e-03
3.414658927492775827e-03
4.286715788578395261e-03
4.498892754319387330e-03
4.404898960427233376e-03
4.996381970035279792e-03
5.058225824601528947e-03
5.070394501698090826e-03
4.143740329325726335e-03
3.629827846230173575e-03
2.464141973873140538e-03
1.921193016615009141e-03
5.586960987977160125e-04
-1.968340719507372365e-03
-3.828253468256765171e-03
-7.171053915904052403e-03
-1.018107196006416866e-02
-9.871404204491973991e-03
-1.017957805406926979e-02
-1.081215286130061091e-02
-8.104800686682657462e-03
-5.857445734233578637e-03
-4.739153208663455727e-03
-5.787994142703637400e-03
-6.790285978834899490e-03
-7.229321677382410070e-03
-7.081177606274404075e-03
-7.437185576793008124e-03
-7.298264553480637677e-03
-7.056971787557234262e-03
-7.273503083635127209e-03
-6.344801192642709683e-03
-6.174004606531406127e-03
-6.015108429804454961e-03
-2.604760384614459873e-03
-2.245402988198015679e-03
-2.206411718870694878e-03
-1.145930082874306024e-03
-1.379844558640785620e-03
-2.244247483949292528e-03
-2.066758456049112239e-03
-1.577861586647873789e-03
-1.950563322624785170e-03
-2.141076422196678663e-03
-2.653357917339281211e-03
-4.294811357844010441e-03
-4.352179033393362151e-03
-6.792502283557376105e-03
-5.648459615215394025e-03
-6.247038399522768931e-03
-6.813120900099798281e-03
-5.711265578846124770e-03
-6.840046533726194117e-03
-5.859848107604536359e-03
-6.846970500013383962e-03
-6.594126701766355597e-03
-4.652388518240213253e-03
-4.230588665638103200e-03
-1.832760437152783058e-03
-1.041791694655503286e-03
4.680361708486385840e-04
1.573359080460150780e-03
1.061804817259027122e-03
2.733741863859889907e-03
1.800774279202723652e-03
1.849452336771061035e-03
3.485033916033400403e-04
-2.575042833150274508e-03
-5.258843043774198700e-03
-7.884345948473410123e-03
-7.342492584738601231e-03
-8.230210233738651654e-03
-8.414989083860216837e-03
-8.445199769040059520e-03
-9.201550838862364301e-03
-9.736817474649125601e-03
-9.585434588452531809e-03
-1.090129508743225423e-02
-1.011208276246743087e-02
-7.479868197775602079e-03
-7.473778287047225764e-03
-3.962683825450652973e-03
-3.006935008055907146e-03
-2.548113908109910473e-03
-8.460248672448643717e-04
-1.162170752883060062e-03
-3.236397501785408595e-03
-3.152366357184653578e-03
-6.229129471983381114e-03
-9.350479998806535825e-03
-9.602679995492989506e-03
-9.064184395596331170e-03
-9.058377232175104932e-03
-9.863502713153456114e-03
-9.778749921971715761e-03
-1.015520536745263304e-02
-9.974917480179621571e-03
-1.032261000734801398e-02
-9.792250805851089590e-03
-9.741176305911610975e-03
-1.042480485610710467e-02
-8.283379745350505710e-03
-5.714934984886149705e-03
-5.652514415252288260e-03
-3.464096489048715862e-03
-3.810479050654051996e-03
-3.697548188382550165e-03
-3.466078697314136162e-03
-6.246912523670667891e-03
-5.611607625749732639e-03
-4.017338954215398175e-03
-4.118327314192455658e-03
-2.280355199705796140e-03
-1.750121149760429200e-03
-2.650346512169602341e-03
-1.831800357165248513e-03
-2.703236020366817961e-03
-3.048373724393450661e-03
-3.110324547514692253e-03
-1.351897204913524424e-03
-6.052333544899808236e-04
-2.943903220332957601e-04
1.016412421752858723e-03
-1.413488150552302900e-03
-4.729822678827172271e-03
-5.693089644722961785e-03
-8.132948016206148489e-03
-6.211807234039884440e-03
-6.774907518458695398e-03
-7.110945866036270935e-03
-3.733663385331900415e-03
-5.957098544708980259e-03
-5.680800956737786823e-03
-7.171725530822083659e-03
-9.966672210815799918e-03
-7.719048080354209453e-03
-9.544258287837073529e-03
-9.568374632864199564e-03
-8.346914768130618556e-03
-9.813098897946655533e-03
-8.425399633201914595e-03
-7.205441424229214187e-03
-6.644789362609515235e-03
-5.040298072790923810e-03
-4.891407145328668764e-03
-2.953985001779263920e-03
-2.373377401416173170e-03
-1.931807781723319281e-04
1.366851251661974770e-03
2.272887275861563972e-03
4.489530175930048564e-03
4.409303841204672593e-03
3.469486597760313394e-03
3.515991083624011790e-03
2.600654893966651560e-03
2.384213313590086668e-03
1.047602862642201937e-04
-2.075555336578215472e-04
7.566802357738933009e-05
-7.056876099966845469e-04
-5.353089478876442084e-04
-8.797033325497361379e-04
-1.127482064217662835e-03
-1.079592938573291881e-03
-2.125698958577149165e-03
-2.050769180538613169e-03
-1.153478821515061372e-03
-1.778295274173751677e-03
-1.202998819085644190e-03
-1.020482893373763061e-03
-3.019411849905137210e-03
-3.970763141596698326e-03
-5.812613095919401222e-03
-8.778341522279688516e-03
-1.028507136447156037e-02
-1.032278293117844248e-02
-8.820992930924616629e-03
-4.719790538757487157e-03
-4.768726677900302774e-03
-7.126408803378229918e-04
3.084182205027340574e-03
2.056129196105712254e-03
2.136769035103330567e-03
-9.262073801335842958e-04
-3.585685468668907416e-03
2.314303104090064398e-04
4.949767310012776833e-04
8.947374657119951677e-04
3.347362467637238822e-03
2.335047931399085279e-03
3.293858043322110424e-03
2.643852214230650068e-03
-1.771790253601264421e-03
-3.139654902501297189e-03
-3.352501921354525578e-03
-4.126742895028508856e-03
-2.021819816071033886e-03
-8.551140539412341009e-04
-6.367557169894442950e-04
1.912314783963689133e-03
1.693985730579789656e-03
-2.290784417413619932e-05
-1.245493672023643842e-04
-2.001200801478051749e-03
-2.830189849229783165e-03
-3.422131808796380261e-03
-4.670236235779585444e-03
-4.877361813446857812e-03
-5.543969347404340692e-03
-6.056872850244005013e-03
-6.124391126181940627e-03
-6.592311219898707754e-03
-6.646604256876533466e-03
-6.671705971799802952e-03
-6.842619484353600068e-03
-6.606201823592374768e-03
-6.225411468784939825e-03
-6.011625250537905134e-03
-5.276726557539401612e-03
-4.719741523716627744e-03
-3.857990890612917993e-03
-2.282587346273066194e-03
-5.859162482952205578e-04
-1.940843859498900693e-03
-3.246107077723806369e-03
-4.182002061269200419e-03
-1.041703584725219185e-02
-1.057145927788217567e-02
-1.123841188377261435e-02
-1.311743649471656427e-02
-1.007497989127159425e-02
-9.809675485630942049e-03
-8.724357731651366521e-03
-6.578309082628828325e-03
-6.758232709809467581e-03
-7.695971222304216937e-03
-6.914963458217536496e-03
-6.460540734833544567e-03
-6.404076591808732094e-03
-4.774676290929318230e-03
-3.916865988329400368e-03
-3.341558275185473048e-03
-1.961178844643597305e-03
-2.074898179745426376e-03
-1.814720909214803408e-03
-1.612567295619805625e-03
-1.940893296609415373e-03
-2.028152738422852024e-03
-3.940048513688927147e-03
-4.016830773834315083e-03
-3.469530223203711773e-03
-4.287498906914802635e-03
-6.083961008247625382e-03
-7.514343108514828784e-03
-6.243323834739116646e-03
-4.701457707095331104e-03
-1.852449642561614096e-03
6.443764769822019761e-03
7.945125982847476079e-03
1.104491268179674801e-02
1.399456977634413145e-02
1.340646746508688571e-02
1.497851560372406160e-02
1.497904401355849673e-02
1.493630934223949720e-02
1.594261170408152462e-02
1.571847532683623080e-02
1.621359293444841337e-02
1.723252367260810075e-02
1.737265480738000092e-02
1.807027359591860394e-02
1.838737541629325775e-02
1.858258613342913396e-02
1.887908696074884485e-02
1.891174963635759362e-02
1.905118287096671872e-02
1.891891189550308841e-02
1.897833548915886168e-02
1.874979123293549557e-02
1.842475417291439613e-02
1.845180623529803915e-02
1.754062979000671485e-02
1.740949052987971618e-02
1.677551110397255268e-02
1.523390204840363756e-02
1.540843528779693369e-02
1.290375021023252265e-02
1.155462037627285471e-02
1.075989629198266170e-02
5.294755254702163821e-03
4.914725787959077323e-03
1.654755789121952186e-03
3.227670714410368376e-05
6.602312997594205206e-05
-2.237096268839042223e-03
-5.060470198192377513e-04
-9.257887290964641721e-04
1.237857937420716549e-03
1.712129120212779786e-03
2.312452558341258207e-03
3.209522157058765108e-03
3.998046182491075962e-03
4.690596216282305435e-03
5.662425205241183000e-03
5.833131459621203156e-03
4.725063374688461514e-03
5.046813634811688279e-03
4.709366302597316548e-03
4.496546207373792320e-03
4.548165067185361288e-03
4.299649869047916101e-03
4.254228290927866522e-03
4.129339243349094447e-03
3.795484089700441096e-03
3.782186445053146995e-03
3.156328862321471085e-03
2.591394693584086768e-03
2.444536630618909280e-03
2.679763900629349450e-05
-7.515558371628194238e-05
2.082133467213003050e-04
-4.782742239134722857e-04
-2.224922943548603344e-04
-3.664848917198246453e-04
-4.415803442602628313e-04
-2.034311961767359186e-04
-4.865327062637239057e-04
-3.790451223380201909e-06
8.418096475249301901e-05
-3.859305012801970253e-04
1.614963061566431499e-03
2.285120611449121229e-03
1.989046488038834128e-03
2.761468015881436786e-03
2.755758426672943150e-03
2.895299805364198991e-03
3.126806007595636563e-03
3.197275747147011651e-03
3.369142015767531695e-03
3.498419094491800677e-03
3.809872500166427544e-03
3.951442004744317241e-03
4.372998140406610286e-03
5.133593071904424786e-03
5.148933981841912963e-03
6.860346799224928231e-03
6.728350720308019089e-03
6.783083530210594694e-03
6.854384342495016547e-03
6.723395712570798440e-03
6.240761881586206865e-03
5.513104481512443207e-03
5.508347549346678633e-03
2.911195062198771843e-03
2.962193633249445620e-03
2.643994682133221641e-03
2.045483369587040509e-03
2.101382197390329071e-03
1.881962718387071663e-03
1.782943564602736900e-03
1.782106845396472109e-03
1.725470433062588392e-03
1.738265042661407299e-03
1.771926962649330748e-03
1.821263327416440796e-03
1.900372052130397003e-03
1.975116920450880297e-03
1.829804762367169373e-03
1.724731703174884820e-03
1.659834282921179762e-03
1.598280145001224452e-03
1.565678265240021388e-03
1.540440246860876267e-03
1.521248913546352933e-03
1.510378573959973453e-03
1.501310831759482744e-03
1.495337337718825573e-03
1.491433868792966079e-03
1.488309268809451420e-03
1.486193652468224434e-03
1.484713801878465673e-03
1.483342310862976977e-03
1.482080182549481377e-03
1.481420189973033400e-03
1.479391838439704640e-03
1.478087511452948460e-03
1.476953216332733444e-03
1.470559503746560063e-03
1.470920566620063279e-03
1.462627190233777930e-03
1.446276999144442557e-03
1.455627197574045802e-03
1.406307398577948294e-03
1.392455815562676546e-03
1.405751116029612790e-03
1.207620264564658987e-03
1.374143214443316816e-03
1.579517199871221037e-03
