6.854004571738265368e-04
5.008385994382292834e-04
-1.902191940286748707e-04
-7.305752266047589550e-05
-4.580828647011392059e-04
-1.069571054189167973e-03
-3.519926040362646104e-04
-1.310441773676159242e-03
-1.230477228995492060e-03
-1.212017376104452615e-03
-1.554399729996031000e-03
-1.438664621325537983e-03
-1.524821687293446753e-03
-1.582444894922659757e-03
-1.553792623136293670e-03
-1.594836091776578825e-03
-1.596303939802181044e-03
-1.596474108378605206e-03
-1.607328449778486689e-03
-1.604234955907973175e-03
-1.606633042175959446e-03
-1.605678803284328517e-03
-1.601616384231410077e-03
-1.601989410114043914e-03
-1.588643630457490944e-03
-1.584723988997217576e-03
-1.575949448765595531e-03
-1.531312987267053000e-03
-1.543493016627664688e-03
-1.474017510555938881e-03
-1.382652717093660766e-03
-1.430623123894743864e-03
-1.143454568630954517e-03
-1.122033995581931927e-03
-1.057381650755779157e-03
-5.857209208346631554e-04
-6.842218971529194938e-04
-3.396095322020971103e-04
-4.317784307442746792e-04
-4.164091590370991541e-04
-4.362442858223691561e-04
-1.153665916956943651e-03
-1.109196699414894067e-03
-3.738346676717064360e-03
-4.403542595978244927e-03
-5.656912175556702040e-03
-9.225695818018448888e-03
-9.284903610271949895e-03
-1.178012506246591158e-02
-1.329350176869042131e-02
-1.197650718033710718e-02
-1.476852109242916475e-02
-9.634079575082820160e-03
-8.737642088662476991e-03
-8.793280552502261496e-03
-6.436679391582365330e-03
-2.506818095780832811e-02
-2.866346717810058439e-02
-3.651525158164235785e-02
-4.944150748310607857e-02
-5.227073760261935487e-02
-5.361614314358221361e-02
-6.125851882089133199e-02
-7.426777377586477047e-02
-7.768074357262862162e-02
-1.080423537789669541e-01
-1.210623706003290806e-01
-1.240860607533889326e-01
-1.496018159391256375e-01
-1.476384826176824761e-01
-1.530564992304553062e-01
-1.650157847104994635e-01
-1.525701347002923758e-01
-1.596698773458388732e-01
-1.541855352619212749e-01
-1.347349791920569306e-01
-1.357664385416397779e-01
-1.092105085918405050e-01
-9.594921623162461222e-02
-8.509634401392243697e-02
-5.246645624707207273e-02
-4.514204576163111798e-02
-2.706311066477286656e-02
-1.085132754299162651e-02
-1.390507918584054856e-02
-2.961292849986096615e-03
-1.948314733491122259e-03
-4.459978478082610685e-03
-2.532827856210029174e-03
-2.918838059742697322e-03
-4.102900369018392703e-03
-2.331872163352608374e-03
-1.457772332329459932e-03
-5.238333552315586027e-04
4.615112481657864842e-03
4.053831040323211711e-03
8.779818286883895109e-03
1.068753639838873094e-02
9.268967109020240236e-03
1.864845719239290739e-02
1.731284786863551348e-02
2.678978008478708969e-02
3.444531234165154610e-02
3.552070310987416601e-02
4.470537046493484185e-02
3.707580654290933142e-02
3.774727961962860007e-02
5.222996061804985324e-02
4.615152648411837560e-02
6.056312767843639172e-02
5.692610137107465690e-02
5.376505327891980407e-02
5.706145969101382442e-02
4.960637783494355885e-02
6.196781979358403220e-02
5.816015426109986952e-02
6.333559862096370396e-02
6.897181464391077821e-02
6.723631262976885459e-02
7.525174237668444399e-02
7.758809075554282120e-02
7.888772556294280924e-02
8.269891516025290601e-02
8.230603941881474428e-02
7.367809154367713220e-02
7.323010657886568076e-02
6.420694132599655268e-02
5.430532437872589296e-02
5.661736208080306310e-02
4.326171719536184290e-02
4.232352051247214447e-02
3.794779594290959707e-02
2.525802400106279960e-02
3.005392144359695164e-02
2.134921431419771476e-02
2.103576288321972604e-02
2.710510429825654932e-02
2.213888142419738816e-02
2.933077728674493220e-02
3.360531480727491777e-02
3.154426649706176117e-02
4.052228762910577153e-02
3.871414767992861078e-02
3.340432134795330577e-02
3.828163393806821579e-02
2.774243538692418645e-02
2.502826693619779330e-02
2.672778139048805762e-02
1.691354534825973907e-02
1.895964227753377945e-02
1.600624743611633177e-02
7.174045488129913647e-03
3.667182441923391711e-03
-3.606951037427051426e-04
-7.904432690102590822e-03
-6.817976335096759266e-03
-5.839952981567923980e-03
-5.382946994842875178e-03
-1.332198149518905653e-03
-1.197243495993080553e-03
8.428302285016469123e-03
1.098117481517131046e-02
1.298129387422338778e-02
1.731814363506548743e-02
1.879374194370700413e-02
1.741707810261575173e-02
2.055105699689810383e-02
1.900008342515674756e-02
1.339673523914570834e-02
1.122131796231404244e-02
5.922944571506520359e-03
2.508604236585549978e-03
-2.599402379864162050e-03
-5.422443160580620730e-03
-9.446054191701943117e-03
-1.014351653898605196e-02
-1.280443000485187097e-02
-1.167281333915865492e-02
-1.147861885929612503e-02
-7.461121975318680231e-03
2.161755527227288750e-03
6.581914039984819616e-03
1.599152372928126092e-02
2.239306409174794676e-02
2.925851397596838238e-02
3.291070093565443000e-02
3.902397309074447790e-02
4.013838349666072614e-02
3.765764358285451224e-02
3.900798754592133682e-02
3.536135293660647855e-02
3.302948941695529883e-02
3.122813059535099398e-02
2.522133805809295345e-02
2.666941910535610555e-02
2.380516038427805958e-02
2.364014429397701123e-02
2.641587490963214976e-02
2.662375740644103497e-02
2.998585366858933995e-02
3.304252652032761001e-02
3.507713267299668314e-02
3.988866882820576304e-02
4.341016846071365370e-02
4.686895488529514708e-02
5.338512817113286180e-02
5.673174677710666330e-02
6.259732311459818843e-02
7.006116324802083573e-02
7.344265926889682883e-02
7.912762254737541745e-02
7.930098007367368529e-02
8.188161766068528802e-02
7.995783522624808071e-02
7.371498934516078350e-02
6.833174840189910892e-02
5.565946732215950460e-02
4.699708584530408462e-02
3.592836468385605941e-02
2.690843449780688443e-02
1.670741103013450440e-02
1.047869365417533269e-02
5.255085184838335227e-03
-1.815735146566885001e-04
-3.527192283726095418e-04
-4.048164363527077293e-03
-5.022434047163676710e-03
-8.117321538862184299e-03
-1.091809377230979622e-02
-1.328156454239712118e-02
-1.090590342500100812e-02
-3.022763381628880332e-03
-1.405328890576588345e-03
5.279640255075207858e-03
8.727783129798024134e-03
9.233306626137239431e-03
1.070689156988749967e-02
1.090934819464279941e-02
7.594079706638394607e-03
3.201598955471380778e-03
1.742902645027110667e-03
-4.311975866450014176e-03
-1.681657210495620183e-02
-2.316082490675795691e-02
-3.479550434888466215e-02
-4.714917314538272231e-02
-4.900773459349234279e-02
-5.759744269357548740e-02
-6.553152460581920802e-02
-6.329525762863982830e-02
-6.359918870458426687e-02
-5.824687977990437165e-02
-5.667303667244823207e-02
-5.380954753649228733e-02
-5.096079187971780389e-02
-5.024439241033055309e-02
-4.640930656693176976e-02
-4.259881294763331189e-02
-3.488456445375414522e-02
-2.296125982739115334e-02
-9.960960991004391002e-03
-3.446388764556360812e-03
2.763699406437060326e-03
9.448651636962819914e-03
1.264102634485865344e-02
1.651470710877642883e-02
2.751959218587612249e-02
3.153278862417878414e-02
2.469748095249523281e-02
3.592636635400456996e-02
3.330279973733753229e-02
3.323449719994893414e-02
3.264908938091284907e-02
1.736146050857018466e-02
8.429924780451625299e-03
-4.316525794238257503e-03
-1.940773905954090023e-02
-2.855271910793329843e-02
-4.233716902769715795e-02
-4.981685824252275047e-02
-5.589987604592303039e-02
-6.239682507282873214e-02
-6.198652970323979133e-02
-6.707827692101982209e-02
-6.839914227743837394e-02
-6.869243131864313789e-02
-7.519719482804949895e-02
-7.599832396233151266e-02
-7.976606276629258363e-02
-8.648682499664442358e-02
-8.435654803597016083e-02
-8.788916580984308669e-02
-8.821246376628760766e-02
-7.731233668377147927e-02
-7.845896967257923182e-02
-6.866062190279707822e-02
-5.734050657062558787e-02
-5.290265817694454753e-02
-4.328086578828858888e-02
-3.933722874541577957e-02
-3.841652198576493010e-02
-3.431225095503392941e-02
-3.700592126404865512e-02
-3.570509806679648263e-02
-3.579604435868127821e-02
-3.959497485805985734e-02
-3.564061106316014638e-02
-3.924954649928707323e-02
-3.832800794624719593e-02
-2.752424430128988173e-02
-3.013268333862385850e-02
-1.547322475691151854e-02
-1.231395212838971506e-02
-1.670140021333776578e-02
-1.057530447276537611e-02
-1.367100913336620309e-02
-1.245573326313916332e-02
-1.006257214265151960e-02
-9.286525461431091588e-03
-5.738787912220531286e-03
-2.605933567804192066e-03
-1.876766343192274060e-03
8.456249363663424778e-03
1.044916058705357663e-02
1.295624408698134965e-02
1.729316092588087383e-02
1.872056154344901510e-02
1.756772660559028157e-02
2.067094151009853456e-02
1.924106539228387716e-02
1.382693716542873590e-02
1.167689870328942996e-02
6.790020626653497232e-03
3.562594517155212841e-03
-1.283464413725155700e-03
-3.023550520109898575e-03
-7.646618444738764904e-03
-7.457356804425237413e-03
-9.078152873162093767e-03
-1.039113318672264114e-02
-7.559675728772655146e-03
-6.533019039282026569e-03
-6.738128913028124589e-04
9.206556757109678191e-03
2.060540424193164910e-02
2.133695380809317449e-02
2.381423446667526797e-02
2.265443262019836354e-02
1.546132218918857409e-03
5.307415709389634931e-03
-7.143943534456392158e-03
-6.425317570945234501e-03
-1.227015295099376279e-03
-1.765717208808923258e-02
-2.288835982802827490e-02
-2.901193908459241341e-02
-3.233556075497802385e-02
-3.117385626416115454e-02
-3.482609612365228369e-02
-3.400857964797800864e-02
-3.665985357152000412e-02
-3.990109598886425191e-02
-4.151399673734517543e-02
-4.598841422740362894e-02
-4.732455474880212232e-02
-4.822240415836829414e-02
-4.522152193702951711e-02
-4.167843093414863587e-02
-4.461476994929336470e-02
-3.820452527081355520e-02
-3.876311306074764484e-02
-3.840607788260382016e-02
-3.679029919373972418e-02
-4.081948384026824056e-02
-4.028839862127558957e-02
-4.171655572124781386e-02
-4.428004695097866733e-02
-4.038621619977458832e-02
-3.622923076102896323e-02
-2.910119240741895069e-02
-1.696245421357400404e-02
-7.782216697933808623e-03
-2.734710355713075320e-03
9.331189883746246472e-03
1.252098476723208058e-02
1.383608065486630241e-02
2.253515859767141541e-02
2.171174451617161050e-02
2.571869525576258100e-02
2.751374715961526704e-02
2.802585866645477403e-02
2.858543593478701447e-02
2.805288368196433291e-02
2.803653510347309599e-02
2.510442335877669309e-02
1.865783751025679518e-02
2.582526250349444219e-02
1.692051022073188735e-02
1.423111548881844830e-02
1.258693438944793845e-02
1.999150838916669958e-03
-8.179038616045412186e-04
4.795904515254332070e-04
5.629978091138771769e-03
8.076416133031819392e-03
1.674286793542345206e-02
1.782711696883756275e-02
1.925870431240613023e-02
1.443246910587655911e-02
4.657815921980270821e-03
-6.857017399036177338e-03
-1.965110317015244037e-02
-2.170548113249855596e-02
-3.617629203901664287e-02
-3.557287631947914780e-02
-4.260960470645407810e-02
-5.088955356194697910e-02
-4.835351656217240501e-02
-5.643472701002402031e-02
-5.400507029147095378e-02
-4.746776978146668990e-02
-4.487788005215247178e-02
-3.924484155835730043e-02
-3.600112212325053129e-02
-3.409105051078206022e-02
-3.112285938990917364e-02
-2.950531435009912454e-02
-2.740488004658814952e-02
-2.620712751211421929e-02
-2.423954901979327725e-02
-2.320175543938423138e-02
-2.257476390519759513e-02
-1.938772706868221660e-02
-2.000680856540534500e-02
-1.742706276142008681e-02
-1.375301142194462756e-02
-1.883319455729738634e-02
-1.150777889501799697e-02
-8.740469239736836995e-03
-1.525290842737061191e-02
-2.984671298982980673e-03
-3.595568989857111583e-03
-2.424148838582740675e-03
2.504940880944824238e-03
2.716506389221462394e-03
3.774716668759114067e-03
4.665023529481861914e-03
3.556683363696837557e-03
3.585555668230230083e-03
3.050979707393308531e-03
-7.430085050939075342e-04
-3.650776580556952880e-03
-1.368295704390000769e-02
-2.227662897810821219e-02
-2.691297475879223661e-02
-2.945215815376188775e-02
-3.382239228532627623e-02
-3.469066399781581267e-02
-3.621316162607317313e-02
-3.773723536861220418e-02
-3.616806307836904766e-02
-3.718895703477437947e-02
-3.560586426998769288e-02
-3.435721244063579677e-02
-3.487128498380881458e-02
-3.021994051285631019e-02
-2.839558440599353195e-02
-2.780862584659165790e-02
-1.583914348801813629e-02
-1.565713578413826385e-02
-1.161675113263631494e-02
-7.660567489962171600e-03
-7.119831181818599315e-03
-4.567338713566100952e-03
-3.500251032482648746e-03
-2.211259169854711167e-03
-9.127711143909254896e-04
1.741736036930768727e-05
2.271259481105838626e-03
2.500062977201863209e-03
4.793794676483469595e-03
5.011919400742490503e-03
4.569864728470380243e-03
5.169003626436080231e-03
4.657503651322210912e-03
4.892169152119024873e-03
4.879743222478540553e-03
4.765419606504179249e-03
4.867206553411219418e-03
4.810636236646854101e-03
4.814990573325512828e-03
4.832148326947519924e-03
4.813406657335615735e-03
4.822229252516047060e-03
4.821449595432247999e-03
4.817017682522494945e-03
4.819571502622331700e-03
4.818062560257867569e-03
4.812025388285664194e-03
4.816025482187790384e-03
4.808188289671037723e-03
4.794202711336886975e-03
4.812764701774880152e-03
4.762012950388199925e-03
4.763640824784049627e-03
4.786918550851741207e-03
4.604590337993151247e-03
4.750047875776608648e-03
4.559092171729747442e-03
4.321973596236601545e-03
4.613062947447053343e-03
3.642513134614335738e-03
3.585073945799565221e-03
