2.148413100608544957e-01
2.263946717135370823e-01
4.326604508845778851e-01
4.680899816077082609e-01
4.451396018291981505e-01
4.807265367582614357e-01
4.645067293577221368e-01
4.670737395696060168e-01
4.736141657885436507e-01
4.672026597124018243e-01
4.712016705773514058e-01
4.707789719083172453e-01
4.697557859589485685e-01
4.712125844674850406e-01
4.704608479342355376e-01
4.706669533471378730e-01
4.709064719058921877e-01
4.706501265667569767e-01
4.708401923451530635e-01
4.708011091728475095e-01
4.707779497266225133e-01
4.708300862745128379e-01
4.707837711731231445e-01
4.708216539839547021e-01
4.707718241023410854e-01
4.707830444470594289e-01
4.708065644763337332e-01
4.706295518490050678e-01
4.708335318361484001e-01
4.705938378710888825e-01
4.703895513655814709e-01
4.709775235932405213e-01
4.696315461773172273e-01
4.703989488807271413e-01
4.703203594962516165e-01
4.654305510112568545e-01
4.640988248834334029e-01
4.609925335378621258e-01
4.595708146187639787e-01
4.576241874940658594e-01
4.597906645091563993e-01
4.565947233419480611e-01
4.577975772012966016e-01
4.713959334881149266e-01
4.822628179383057767e-01
4.927509918564144664e-01
5.425315221310428315e-01
5.590826605711157749e-01
5.903061393821114056e-01
6.075067488895242729e-01
6.569682563978841427e-01
6.616279070715032073e-01
6.258464963837047090e-01
5.846780641800618517e-01
4.424344942732717501e-01
4.167212605584203478e-01
3.054728931313515083e-01
2.222267219494631074e-01
4.116466361691909492e-01
3.476837187292690090e-01
5.001541298117621048e-01
9.060283446669565866e-01
9.913668925548306810e-01
1.351215315460067456e+00
1.499727127524795423e+00
1.644164319430949650e+00
1.811432635553376080e+00
1.816274691137885977e+00
1.919455080836633964e+00
1.918496948716850170e+00
1.944880874990493780e+00
1.998503486669213736e+00
1.970263828591830357e+00
2.031757194415975132e+00
2.018578123072308106e+00
2.007992378843045156e+00
2.032057679150806262e+00
1.955680119245518656e+00
1.980283738419482020e+00
1.934564190751648427e+00
1.804514630243141848e+00
1.785289055027012850e+00
1.586910796501008969e+00
1.476078757050291790e+00
1.315590608564890740e+00
1.050088319229904421e+00
9.879256447523567797e-01
7.284415330320663795e-01
7.069324681832308555e-01
6.875225889574341220e-01
6.117984621856392691e-01
6.094996271324386594e-01
5.665779164795489153e-01
5.422446190736617266e-01
3.960404811329884533e-01
3.625410967381328398e-01
3.961960587391014643e-01
3.432894488267758670e-01
3.825045827169837320e-01
3.174070623380195744e-01
2.765017730501103665e-01
2.730814678164859011e-01
1.715280077113924551e-01
2.019797218800201133e-01
3.894738392016548478e-01
4.303386586168616024e-01
5.593660279743914998e-01
7.064940621134350174e-01
7.666191860766332633e-01
8.003515725917527135e-01
8.419948175423352943e-01
8.485693682536384896e-01
8.449131026092765451e-01
8.133790786693707586e-01
7.593048044684295173e-01
7.140257875074896843e-01
7.074072372067579106e-01
6.559527578221134858e-01
6.509953400268050361e-01
6.424386129020902558e-01
6.203569719674889571e-01
6.410233959581913554e-01
6.318134732421423205e-01
6.419718721223806046e-01
6.229403964798543303e-01
5.942735609630525051e-01
5.958342460324951295e-01
5.360924045986820152e-01
5.560801371764479972e-01
5.762691793658156758e-01
6.070839439580514307e-01
6.171265946817057202e-01
6.298837788874143140e-01
6.339138589165872473e-01
6.357846546567728074e-01
6.407470749872392624e-01
6.502867297847376715e-01
6.531050732636779488e-01
6.653740094723985532e-01
6.731278577970064569e-01
6.803766076720961786e-01
6.983386776832863907e-01
7.038120834759916677e-01
7.106368959664228768e-01
7.181435453362493559e-01
7.132959095053925669e-01
7.147900581839931045e-01
7.103755713044971332e-01
7.086802166880976639e-01
7.001135630810536581e-01
6.970281538433503732e-01
6.852929618843709436e-01
7.129729661525620044e-01
7.006096463661557472e-01
7.583089942399806604e-01
7.550825959195898163e-01
7.462844749082061524e-01
7.707324153700503278e-01
7.477626747477620350e-01
7.497107138969176798e-01
7.658175658918013884e-01
7.564136267627109556e-01
7.655496497578386794e-01
7.672218014772345107e-01
7.449805832928616534e-01
7.511919932264247146e-01
7.290477027677220168e-01
6.931432751089093847e-01
7.344785365948415246e-01
7.362766735533965434e-01
6.943594285124513599e-01
7.111236616454050807e-01
6.566207934197725304e-01
6.726628204401101652e-01
6.555945064419611557e-01
6.145188902721083757e-01
6.338280127585013135e-01
5.480467186240930433e-01
5.749922753173200007e-01
4.051552230633594931e-01
1.153125324447973610e-01
-1.747447420360508444e-02
-2.662478091333257413e-01
-2.801188467373882940e-01
-2.639441146408451067e-01
-2.711300157202805039e-01
-5.145786138872633642e-02
6.418599127794350281e-03
2.399109216302026948e-02
1.387362966919614138e-01
1.380531793546277974e-01
2.217879689360948425e-01
2.574336790834639843e-01
2.777869843842725728e-01
2.980305994098711442e-01
3.235592499102338260e-01
3.292624161651113712e-01
3.578688530446877958e-01
3.612922071151572490e-01
3.810184810285833779e-01
4.017090115174321019e-01
4.039813538432025508e-01
4.308778224526788603e-01
4.411951382057915927e-01
4.509614312648530521e-01
4.852276826833534784e-01
4.907382108380410335e-01
5.293831212944796194e-01
5.799046696019470870e-01
6.233477503699716982e-01
6.858652416569139820e-01
7.397622027920736087e-01
7.983712424363694771e-01
8.605547377802511555e-01
9.245659350038963886e-01
9.916631667694769670e-01
1.054058359791269606e+00
1.121675519562831624e+00
1.187078008690982456e+00
1.245072756036790018e+00
1.316722365739302125e+00
1.364946815657128498e+00
1.354748530575184073e+00
1.376659665307183200e+00
1.335861154052253585e+00
1.281798085729171532e+00
1.088388144868924545e+00
1.092616050666855188e+00
8.306207835639254355e-01
7.520638435656364917e-01
6.631779581676826574e-01
2.147753633446460864e-01
1.539657788933280480e-01
1.812875098464845208e-02
-1.115039589164025097e-01
8.131118492930237973e-02
-1.702063943446335478e-02
9.491956185798169909e-02
3.262128257896983463e-01
3.753605437369711972e-01
5.193199963062905544e-01
6.187881297157671323e-01
6.639427860427882244e-01
7.196908414253416764e-01
7.857431565056711698e-01
8.075979731245064297e-01
8.675170682773595265e-01
8.946370510471602921e-01
9.195355418125386038e-01
9.822402753078597337e-01
1.059859589133721691e+00
1.124220789955446831e+00
1.110405456589474316e+00
1.093280709478436252e+00
1.082402751177737432e+00
1.039872316492012061e+00
1.007357035449761851e+00
9.696591203312613372e-01
8.938680850627515051e-01
8.843970157230307549e-01
8.601934385637782787e-01
7.310589391693035344e-01
5.621849580706191896e-01
5.088722443311829435e-01
5.549067630813877550e-01
2.932285053067856806e-01
3.672138952863226447e-01
3.760688463697182682e-01
4.886232668203707163e-01
6.680780882828543099e-01
6.648628389513602244e-01
7.212824079814282863e-01
7.494050338771954811e-01
6.982608355459264393e-01
7.291450413330549107e-01
6.150168055618435714e-01
5.131808802699291405e-01
4.397819191553546392e-01
3.339386165243102278e-01
2.873622517533661047e-01
2.306325247747333385e-01
1.952234133938144656e-01
1.828330329193223469e-01
1.527134155195224441e-01
1.439930754259047818e-01
1.321671759094095178e-01
1.230371830132017258e-01
1.263839169388775996e-01
1.222120290952648236e-01
1.277238915624700766e-01
1.223695557912275050e-01
1.184920038821215965e-01
1.123416303251105614e-01
1.010648934856113873e-01
1.045940296025790889e-01
9.659396087163756028e-02
1.087163294578439021e-01
1.037507395359770768e-01
9.455783364634826049e-02
9.270708050157489000e-02
6.200116476822263578e-02
7.450473054483781887e-02
5.964003911769711480e-02
5.040006198684239547e-02
6.469802786468535627e-02
4.553157197873488465e-02
6.111891225806192346e-02
7.209477839914570085e-02
7.387128534740629304e-02
1.255420103429810696e-01
1.351966442571201910e-01
1.890211457781882376e-01
2.412206409517292371e-01
3.512228858413755650e-01
4.836881962091696963e-01
5.304738239074948680e-01
6.989500412230550408e-01
7.159976533616686512e-01
6.936767998370465538e-01
7.575623768025739890e-01
7.241553291225168998e-01
7.340227611312433176e-01
7.596434644781957513e-01
7.460002457989903801e-01
7.623093040488448935e-01
7.636357013841206243e-01
7.429690840708903510e-01
7.516431764443327612e-01
7.285036932379437280e-01
6.978868316275705919e-01
7.357625641947218575e-01
7.428383900999858680e-01
7.059290632235235563e-01
7.170409262916224158e-01
6.865676434012941698e-01
6.899022299375910938e-01
6.865465412942112211e-01
6.759039059529651228e-01
6.591522962881458669e-01
6.596289756909746727e-01
6.658080640657085825e-01
6.569758576436568465e-01
5.862424890348159057e-01
4.459290046413227349e-01
2.897357918076454708e-01
2.268373763474739735e-01
1.814348958373004084e-01
1.769848054627424783e-01
2.262960800317277144e-01
2.444730137365528078e-01
2.747775237034781326e-01
3.162528834652211240e-01
2.557758517627314876e-01
2.470543293855775036e-01
2.144542462185910214e-01
1.978003523956051724e-01
1.646614845787474357e-01
1.322376505706197303e-01
1.305152003750869594e-01
1.014051497904554094e-01
1.145136336532193572e-01
1.157284898621342151e-01
1.175455668161642375e-01
1.595787765497453103e-01
1.741961115246194181e-01
2.558963925887808299e-01
3.215561601998656593e-01
4.003415870635341767e-01
5.737454496465012044e-01
7.523811767641224169e-01
8.322343993625050951e-01
9.409430615821462451e-01
9.345736530777392082e-01
9.695393594199663845e-01
9.829621057178608012e-01
9.264854462494860332e-01
9.335354489476249684e-01
8.454542360256469546e-01
7.689912315469404902e-01
7.434044906728592972e-01
5.667746381733265171e-01
4.725535585377450554e-01
2.703744012210835268e-01
2.315494784209409795e-02
-9.704084676019138211e-02
-1.770916134473226045e-01
-2.995921411651324417e-01
-3.150925022809660803e-01
-3.349536417755580864e-01
-3.603436951373014674e-01
-3.599595880028491068e-01
-3.535941457614005801e-01
-3.501254163402585107e-01
-3.339717708078268066e-01
-2.533200669815395822e-01
-1.793589973164349261e-01
4.605819971211469466e-03
8.527214973880847815e-02
1.590871421774377181e-01
2.830360776183780680e-01
3.101349803430246133e-01
4.202133985569284080e-01
3.499981277786057277e-01
1.173377305129588571e-01
8.776474506364830008e-02
-1.062545736039169353e-01
-1.705329033569477626e-02
2.649568357888084091e-01
4.416456872963911984e-01
5.603505679454809929e-01
6.902188651942073871e-01
7.708987462724949946e-01
8.022916022685431248e-01
8.300216538104374653e-01
8.423349183811414953e-01
8.605370960336066188e-01
8.648894731561967975e-01
8.727298587564612520e-01
8.940456597991047749e-01
9.088833439094484712e-01
9.667958202618703867e-01
1.002858720402735937e+00
9.997065870762440465e-01
1.023308494563963222e+00
1.002080663308096753e+00
1.002546687191849140e+00
9.917032792117561613e-01
9.674661038050597073e-01
9.609748512291691469e-01
9.199206211180946946e-01
8.962357291296724204e-01
8.840640667634243055e-01
8.417934653529161038e-01
8.340660466092141290e-01
8.032934958927996361e-01
7.702999785008562972e-01
7.455160222163931261e-01
6.918048715195852516e-01
6.893136254490822568e-01
6.546084883213714178e-01
5.903308798239048638e-01
5.869484270051630315e-01
5.561966356417428203e-01
5.161545649635633781e-01
5.208522079269766181e-01
4.980721633870825449e-01
3.905758281598142312e-01
3.542558585977790275e-01
1.880296710725324338e-01
1.294425606288931718e-01
3.108287204537314372e-02
-1.439690096383926601e-02
5.744429236306268505e-02
9.109233885321693647e-02
1.248598585060558125e-01
1.345455920885406664e-01
1.523330809694029564e-01
1.648088229942949179e-01
1.856845790306181354e-01
1.906684194030059398e-01
2.116484281023456315e-01
2.107241663770217655e-01
2.175985291984146308e-01
2.242392464784663531e-01
2.230673455231728941e-01
2.302101709440202149e-01
2.308542645210288347e-01
2.322090021105711888e-01
2.428371813353489561e-01
2.443535425649396020e-01
2.531946990994519142e-01
2.570433671298749667e-01
2.618344808962449477e-01
2.674140155845912692e-01
2.710209294184964812e-01
2.803561846224917886e-01
2.839567882677451749e-01
2.959014079621580251e-01
3.113609136619086004e-01
3.168102211171743843e-01
3.579836544519170993e-01
3.875911639842950507e-01
4.070199483015553565e-01
4.536203092675219484e-01
4.548586789992586366e-01
4.628082212818125929e-01
4.743533913181454675e-01
4.733496286406487785e-01
4.788240685422438525e-01
4.808807489038340321e-01
4.813096720986571597e-01
4.834464923302819739e-01
4.835895857026087929e-01
4.842078095997188747e-01
4.846966679957929736e-01
4.845891868000059555e-01
4.850383153244647860e-01
4.846034443645786949e-01
4.846576500577735591e-01
4.847558106121762633e-01
4.830456938833974645e-01
4.843202985624602830e-01
4.820275592453544533e-01
4.793225228554269801e-01
4.833258484000154676e-01
4.710537177214133564e-01
4.747603125258361700e-01
4.747264396025804301e-01
4.394532731100203593e-01
4.762448829279097295e-01
4.188529251333827363e-01
3.672729843588115606e-01
4.059602983868452197e-01
