4.837012365062678780e-03
4.841617078152666946e-03
8.680130801485377509e-03
8.428567999329866778e-03
1.088893772511365793e-02
1.137518629765334535e-02
1.251961678250495744e-02
1.224464762204265783e-02
1.240151377438475193e-02
1.253244715303654389e-02
1.234473095990372069e-02
1.244250009154328207e-02
1.241478609679364485e-02
1.238375132377310915e-02
1.241359540926829236e-02
1.239043035497630098e-02
1.239245598289687687e-02
1.231636242820834636e-02
1.216897013657871306e-02
1.218070557245114552e-02
1.098202281017050461e-02
1.107508285231493042e-02
1.067924998873916176e-02
1.065289984353362529e-02
1.046385520976295981e-02
9.898775446036373049e-03
1.031168777798656053e-02
9.135907896557843993e-03
8.750644343471202999e-03
9.311805709693220245e-03
6.271059074121137014e-03
6.272202497650747159e-03
5.385806673178792151e-03
6.945985503036633188e-03
9.654090033009021452e-03
1.670591235629998589e-02
1.821238778682464018e-02
2.017799648762151274e-02
2.247988711309606424e-02
2.323790694817480171e-02
2.278679137070574109e-02
2.393102214666261926e-02
2.481791571824859197e-02
2.406902319236660370e-02
2.744496470973099497e-02
2.712123151690274889e-02
2.714917456143037949e-02
3.617853354853816511e-02
3.181605309040556884e-02
3.347025355019037779e-02
3.328972754994877908e-02
1.901932161339440694e-02
1.787154603403019390e-02
6.655872345709850681e-03
2.005728877124876228e-03
2.120722292122141487e-04
-5.602986284480750492e-03
-7.194714969102486250e-03
-8.555524144719861210e-03
-4.913934973657877424e-03
4.007218112984279809e-03
6.534944782025680320e-03
1.321941861251279583e-02
1.591419363292209677e-02
1.487641835761546912e-02
1.019536282145934274e-02
4.956372788275884358e-03
-1.158140941120741716e-04
-1.606940166233906953e-02
-2.655390020275869706e-02
-3.603658752644538221e-02
-5.068523320843769386e-02
-5.381234921337961497e-02
-6.366665599386109320e-02
-6.814931684887667873e-02
-7.175688873422812752e-02
-7.854659624930419859e-02
-7.376767157561084365e-02
-7.669977841489510062e-02
-7.455012820662448858e-02
-6.395708056833444843e-02
-6.176735412363465461e-02
-5.411502414176696391e-02
-4.622010967786623070e-02
-4.263174789648318391e-02
-3.305843243034101847e-02
-2.323692753707917377e-02
-1.839086175321736141e-02
-1.186811397173735509e-02
-3.712500860658084819e-03
-1.871794480638098741e-03
4.290707516899484528e-03
5.009259810524133334e-03
4.978746920365363822e-03
5.389511988009225256e-03
6.923991862738032056e-03
4.614625767472456050e-03
4.301191883316941508e-03
1.060240506319556214e-02
8.899719656379449437e-03
8.355994650706858456e-03
9.454076361105314547e-03
3.390738350116424046e-03
2.958327852053410211e-03
-2.132658943315210562e-04
-2.154997870643465818e-03
-4.058765491380669430e-03
-8.363456491287704977e-03
-9.227108245465681993e-03
-1.485481814576833370e-02
-1.501092355408908952e-02
-1.866466274737449069e-02
-2.000378235508816147e-02
-2.088935226506358211e-02
-2.567019213629100072e-02
-2.741483678575636074e-02
-3.055856098948636634e-02
-3.660129568847393655e-02
-3.891640374232881172e-02
-4.039692277292387251e-02
-4.159863294546783247e-02
-4.004193754026062757e-02
-3.762854925795864475e-02
-3.489773918765631811e-02
-2.881986473213521069e-02
-2.243928154178628093e-02
-1.579297417995159311e-02
-8.625808893815249678e-03
2.409926349103542684e-03
8.841230954433022468e-03
1.479288944907390137e-02
1.862056567115379785e-02
1.867160372009173466e-02
1.913395229847499046e-02
1.887719790159341285e-02
2.022459629711062870e-02
2.006777679374086021e-02
2.073479660178981221e-02
2.204460396475530631e-02
2.171662249461181818e-02
2.411139855897376921e-02
2.571402966802712603e-02
2.552230425531634705e-02
3.258632450912311157e-02
3.535153058987631353e-02
3.058729654843179990e-02
3.298724751064330968e-02
3.233818446242008732e-02
1.552414213918783779e-02
1.431690358766711697e-02
5.132957345445412350e-03
-6.056921551027826499e-03
-8.133150720581497697e-03
-1.279008573988234601e-02
-1.832817155081842633e-02
-1.573310039103967967e-02
-1.787342047397799671e-02
-1.693628787527532570e-02
-9.921621144678205440e-03
-8.243973957211081158e-03
-1.503936276389481602e-03
-1.742216574750119450e-03
-4.071606860033594004e-03
-6.993920842468360523e-03
-1.455570083774104274e-02
-2.155385747988325038e-02
-2.842563220283607708e-02
-3.478198536740112479e-02
-3.846493026593589964e-02
-4.670388436438104723e-02
-4.861659432131478636e-02
-4.938690338604310309e-02
-5.287439840370574545e-02
-4.894613929977382344e-02
-5.313733402362553343e-02
-4.986188740866305535e-02
-4.800338117718837283e-02
-4.796846519087918925e-02
-4.442604914113373882e-02
-4.735362409776352338e-02
-4.725445487990653087e-02
-4.972427988463394566e-02
-5.186301575296705518e-02
-5.178703406575146245e-02
-5.599212773453180608e-02
-5.429684294541164274e-02
-5.550331919836629102e-02
-5.716094579276593396e-02
-4.395822205491927565e-02
-4.374624388129777497e-02
-4.444671374719817020e-02
-4.390600243728164098e-02
-4.441242766628721028e-02
-4.459172204296672770e-02
-4.844154477697266287e-02
-4.990743392518988408e-02
-5.425878768461350754e-02
-5.893644713778796451e-02
-6.627737971887040502e-02
-7.534028967333557258e-02
-9.373917182113486457e-02
-1.088197755226400221e-01
-1.112613484501782796e-01
-1.238496541178536331e-01
-1.220231951368785372e-01
-1.218600160019485262e-01
-1.240792743651100150e-01
-1.146858562162526018e-01
-1.100112821925311735e-01
-9.444362224474077416e-02
-7.550941233415871257e-02
-4.609745074113747593e-02
-3.655903327941272679e-02
-1.937917307025313271e-02
-1.150711583032821422e-02
-9.760735722316182111e-03
-5.021467321081416607e-03
-1.242970865123992769e-03
-5.001784807248324397e-04
2.153153657328599202e-03
2.733564206317634377e-03
2.432586596565575188e-03
3.655407823060839376e-03
1.534573179289278099e-03
1.944182611663263687e-03
-4.519125921821799804e-04
-4.755995135574555763e-03
-7.027893863738618289e-03
-1.408421027676461795e-02
-1.470872301427656077e-02
-2.290305309774044729e-02
-2.276278248971375789e-02
-2.893842939246897214e-02
-3.762030316374322808e-02
-4.126670395506555622e-02
-5.097729856739526000e-02
-5.426515330036740109e-02
-5.901724360400853464e-02
-6.698519039125803987e-02
-6.763941670298027897e-02
-7.774469299104723452e-02
-8.096912560361888000e-02
-8.136059369766449056e-02
-8.280659150775758481e-02
-7.945037115495105773e-02
-7.665221133937973053e-02
-7.450094554648510614e-02
-6.811552442077777048e-02
-6.379185616315546925e-02
-5.877066390857147576e-02
-4.930176041907376877e-02
-4.348091501669680559e-02
-3.893208199746603371e-02
-3.266621610513755630e-02
-2.155971363463932144e-02
-1.786784426006674670e-02
-1.208644379749022370e-02
-3.673935014267200403e-03
-2.634311081069246659e-03
2.709404989398146637e-03
3.595514522662298599e-03
3.258241272068376337e-03
5.968753003794699183e-03
6.011168216446080570e-03
6.307091155237751386e-03
1.097760334947683186e-02
1.096612715882397913e-02
1.304811522635338991e-02
1.514811323891170763e-02
1.540630342867099246e-02
1.743565065375983839e-02
2.035143577222752603e-02
1.891018178711003847e-02
2.471581811898612702e-02
2.379008338601300981e-02
1.828725189344433677e-02
1.875543955269892704e-02
1.197374997988560723e-02
9.806964348772831408e-03
6.845866587453918774e-03
4.999054360120312214e-03
6.524365586615086220e-03
7.695243852385761849e-03
8.354921260894990903e-03
6.118778545744691690e-03
3.716412578082577134e-03
6.923353291874699035e-04
-4.887270683686081689e-03
-1.350978436707705663e-02
-1.812748293219966847e-02
-2.184731411186514871e-02
-2.452496912218442640e-02
-2.366061509819293932e-02
-2.145554207670054628e-02
-1.809418934979417984e-02
-1.620288331586675415e-02
-1.145675211317784443e-02
-7.497026070817989878e-03
-8.250848296026902506e-03
1.299536847458572725e-03
-2.124014675012860843e-04
-2.594297910107462232e-03
3.527509059818104750e-03
-1.098360210426585840e-02
-1.648123371271968673e-02
-2.981587084934734372e-02
-5.806319216344994760e-02
-6.359257667083956234e-02
-7.745089856131039119e-02
-8.554901792474930988e-02
-8.659401001331981651e-02
-8.917362811083698326e-02
-9.125645148002409224e-02
-8.941766567000268562e-02
-9.142213194549750344e-02
-8.947770817480374395e-02
-8.903409886901242354e-02
-8.886141980386655370e-02
-8.555595089770680339e-02
-8.639552713391608629e-02
-8.214577985211880817e-02
-8.012520111351439933e-02
-7.879695681447780597e-02
-7.073801100645385476e-02
-6.947586511511534557e-02
-6.481794722111276774e-02
-6.066355547303382834e-02
-6.125382350552807664e-02
-5.750877627142542137e-02
-5.835487543306434877e-02
-5.865554071491787397e-02
-5.817606749347960238e-02
-5.574318831384841855e-02
-5.010861386038414217e-02
-4.402034885122661084e-02
-3.439971181428829600e-02
-2.762491871668219801e-02
-1.638551472496457134e-02
-1.156436937236484871e-02
1.435597476424755811e-03
8.390792433754325208e-03
8.871725773674510318e-03
2.210379319986011809e-02
2.220134520463904262e-02
1.798082867046416414e-02
2.067543185689299512e-02
1.697597454057157146e-02
1.703942805151382328e-02
1.218415717755232108e-02
6.619234153675514036e-03
8.611332053674343586e-04
-1.777990530553789222e-02
-2.594621691302749500e-02
-3.231364748594794251e-02
-4.174791287213683311e-02
-5.544366235416120503e-02
-4.898858196121068376e-02
-6.544728854149264863e-02
-5.978001612465111414e-02
-4.894232169077994410e-02
-5.777526454292872260e-02
-3.629529477579591934e-02
-4.171911584695519454e-02
-6.063447685920346497e-02
-6.100774003346962765e-02
-6.541950547407343608e-02
-6.683182844118190635e-02
-6.088134972965476149e-02
-6.538502003697850562e-02
-6.160116194290898156e-02
-6.171624776175711063e-02
-6.208070451229041192e-02
-6.005748190209142523e-02
-6.125058035615993379e-02
-6.077698577883384329e-02
-6.075109758034129975e-02
-6.167704163670428841e-02
-6.195085307371855227e-02
-6.283046453408126786e-02
-6.274584893212925563e-02
-6.316660233379998990e-02
-6.334028299802901829e-02
-6.318052758460794560e-02
-6.331524258121166981e-02
-6.310270864909768573e-02
-6.268934269746954946e-02
-6.252433419693541328e-02
-6.190505835557102987e-02
-6.103399175463886800e-02
-6.068641244191247397e-02
-5.908786775362603189e-02
-5.799857973588032345e-02
-5.693141097786954402e-02
-5.390727064644334349e-02
-5.307432598349142577e-02
-4.982645120999307925e-02
-4.623758779791212886e-02
-4.521866352425633895e-02
-3.863313334043839975e-02
-3.693498946490013368e-02
-3.485390806363016653e-02
-3.075767407591586955e-02
-3.089689181581848146e-02
-2.828531837158701490e-02
-2.537298379772084944e-02
-2.481500285897992111e-02
-1.612405502647237809e-02
-1.424715071305734070e-02
-1.055237481106286596e-02
-6.644150040640822014e-03
-2.152592145769528006e-03
-5.641742953888560308e-04
3.088516278097926983e-03
3.347474792484778777e-03
3.229640381175506725e-03
4.593514544215343727e-03
4.178456788191466618e-03
4.514175811154025504e-03
4.776509709536631669e-03
4.740858898052752526e-03
4.917707027211674214e-03
5.048742020445497018e-03
5.364069754032726838e-03
5.289628747861958337e-03
6.131864470089521887e-03
6.669688967314265152e-03
6.577075746316326382e-03
1.061319738916608781e-02
1.069972473443642387e-02
1.242200007735248454e-02
1.357012922407735758e-02
1.406624772944550447e-02
1.516982115247533791e-02
1.618236775765172566e-02
1.686310269885001045e-02
1.870051150881596805e-02
2.024555354091470485e-02
2.112537206876506646e-02
2.546821844987802105e-02
2.345241309837301988e-02
2.295165752675927887e-02
2.429681196615738475e-02
2.315427677022656450e-02
2.335635069973119801e-02
2.334215339458951474e-02
2.291420556873069100e-02
2.266324060601458690e-02
2.226404577200080323e-02
2.181462137364029857e-02
2.049303844573327829e-02
2.016999650394707064e-02
1.822760394580115462e-02
1.553838243712764820e-02
1.567908202491709313e-02
9.226550633851285724e-03
9.365737878670395838e-03
7.817718269906475184e-03
6.025057685310470160e-03
5.996809968688260328e-03
5.321510609984758666e-03
5.096696467816264411e-03
4.756426180626346575e-03
5.081452600936548110e-03
4.896411022929336200e-03
6.029960419222585473e-03
6.220495848466229931e-03
6.631629302140121945e-03
7.127041612989218171e-03
7.406812872285771857e-03
8.047749450980079544e-03
8.254912998601407828e-03
9.290181208220154446e-03
1.022367192223891559e-02
1.054430476886313028e-02
1.344130090512634344e-02
1.418527548788110770e-02
1.428614946823191130e-02
1.621673575193995770e-02
1.599665601056415518e-02
1.639066237168914156e-02
1.685706684903386446e-02
1.676262935238752305e-02
1.698522229212194243e-02
1.705302092360829955e-02
1.705877727724790585e-02
1.713243238517324699e-02
1.713889299038022507e-02
1.715531537423622965e-02
1.717425403712484130e-02
1.717757240576706437e-02
1.718620064528701696e-02
1.719363718786997078e-02
1.719836421712261573e-02
1.720352270804679368e-02
1.721808654361565993e-02
1.722163957962623629e-02
1.723785176815154779e-02
1.727918202301097564e-02
1.726867734985323630e-02
1.734931281340621259e-02
1.744784721653279760e-02
1.737144080724021059e-02
1.766845667411437795e-02
1.795126832862650040e-02
1.725694823650223211e-02
1.851427961967498301e-02
1.880488305016733350e-02
