9.019657539562081147e-03
8.795300931182980370e-03
1.294523155640541281e-02
1.300170193302502795e-02
1.622726631093903901e-02
1.615405780304276367e-02
1.763853891115403985e-02
1.729465529435006768e-02
1.740053576973461455e-02
1.764346372566328106e-02
1.744198905552307721e-02
1.755784274657841773e-02
1.755406313213491235e-02
1.752237740380354486e-02
1.755927059279310115e-02
1.754444719461512384e-02
1.754696918268667041e-02
1.755330575451087213e-02
1.754907280555086449e-02
1.755285609870948019e-02
1.755264068177867301e-02
1.755454928346826191e-02
1.755665377166841859e-02
1.755569182218760446e-02
1.756660872846513982e-02
1.756184044739811032e-02
1.757031144333505088e-02
1.759987943875965591e-02
1.756429803020226679e-02
1.764180038812647108e-02
1.765981464083531127e-02
1.757989929622603281e-02
1.787446465371758664e-02
1.760704817450094856e-02
1.777596967187141871e-02
1.772436519563284560e-02
1.760313519328931750e-02
1.781540087810153800e-02
1.735940712787042636e-02
1.732384165703205331e-02
1.725223452111518743e-02
1.631711425270926386e-02
1.605136846542335252e-02
1.428832252396582819e-02
1.426845146403124542e-02
1.259225580627385509e-02
1.155153261767556845e-02
1.000698524968099586e-02
1.106902068724473914e-02
9.941462311345889910e-03
4.852864729518387675e-03
5.874467759997906158e-03
-5.115815546700103276e-04
-3.671346917325725608e-03
-9.278529018232896733e-03
-3.347473636485224363e-02
-3.893223216830965505e-02
-5.355493165313353343e-02
-6.478608994787188324e-02
-7.122229205199638591e-02
-8.183924815543229536e-02
-8.909960357122634345e-02
-1.025152856967331411e-01
-1.008458692075611951e-01
-1.032678245354020363e-01
-1.013406710993985105e-01
-9.794204266254069591e-02
-9.838378203350038598e-02
-9.111370542086948132e-02
-8.777256799949562094e-02
-8.349523231532877954e-02
-7.155623585210942050e-02
-6.880363501256385461e-02
-5.583901573554929387e-02
-4.804149977631463897e-02
-4.187895719875123907e-02
-2.983213614784741702e-02
-2.551991014227978152e-02
-1.630810862077185577e-02
-7.461880835422093211e-03
-1.821901891640727734e-03
7.378894743881217466e-03
1.248952624602030215e-02
1.866588341498954737e-02
1.639651265919386119e-02
1.650998104837265654e-02
1.610307050506358875e-02
1.729681165559469186e-02
1.503373226557332652e-02
1.343358849266627214e-02
1.430510257339753094e-02
1.346861423484266296e-02
1.002212960759240115e-02
1.059904253654915356e-02
1.019511753357344938e-02
9.898417763264838118e-03
5.574134768426827931e-03
-3.049084854923443319e-03
-3.832635596706272102e-03
-1.738397192452982229e-02
-3.039395071495953199e-02
-2.861212926518732352e-02
-3.907233148051007104e-02
-2.895930272789077817e-02
-2.666468206602785537e-02
-2.987513136554405604e-02
-2.651997582394340428e-02
-2.726367815123294583e-02
-2.558622859451949866e-02
-2.504279404405643922e-02
-2.390597483716785238e-02
-2.493702606903501831e-02
-2.873196294656098215e-02
-2.970493812214810778e-02
-3.354978479602892943e-02
-3.476622416711330071e-02
-3.678929202248518160e-02
-3.730418534797552005e-02
-4.249706205623143135e-02
-4.584628131906395843e-02
-5.105974422073055602e-02
-5.415529800604911015e-02
-5.405982596441133436e-02
-5.734443603449286553e-02
-5.236687253320177621e-02
-5.317152620896701404e-02
-5.303700124568674207e-02
-5.368110475881971572e-02
-5.206804728526021747e-02
-5.069552010277698917e-02
-4.926751712244265002e-02
-4.598870250730464904e-02
-4.373071266012407837e-02
-4.160827185684199542e-02
-3.849049437189900474e-02
-3.289759963614856397e-02
-3.190881321900339990e-02
-2.354598695983691273e-02
-1.991768763774737216e-02
-1.572027427365908434e-02
1.685946826044729162e-03
2.525661967257268863e-03
7.514265964125170331e-03
9.665435480280109085e-03
9.468762016784064081e-03
1.342499054018147717e-02
1.730940594147181710e-02
3.347980076918969511e-02
3.596686945894728843e-02
4.294539658218122363e-02
4.645614510611738301e-02
5.054371270423252405e-02
4.709450362883090685e-02
3.723992411299356653e-02
4.244818198751338506e-02
1.641328396562095199e-02
1.981722393127581874e-02
2.364612978917502231e-02
1.544571624017539169e-02
1.980691153223671647e-02
7.749709502133717877e-03
-1.651483892726637870e-02
-1.835536437852871780e-02
-2.990899128671702795e-02
-3.964703460989309897e-02
-3.191567653882632083e-02
-4.064748723529659769e-02
-4.716179611125361631e-02
-4.529196630316621036e-02
-6.207653199762394602e-02
-6.421264831164576192e-02
-6.497160379049292389e-02
-7.947832164824045198e-02
-7.448899585643894983e-02
-8.582312254887128344e-02
-1.043423988629987448e-01
-1.057729595542321183e-01
-1.332423864632572286e-01
-1.418580169550675285e-01
-1.444958098613361164e-01
-1.580195822798693139e-01
-1.509828602289376986e-01
-1.492580536076337783e-01
-1.447891227011669502e-01
-1.338634523260579801e-01
-1.238679676981712940e-01
-1.141505311723494398e-01
-1.080505253578329522e-01
-1.015426627534257997e-01
-1.065090905805360783e-01
-1.031510413743455673e-01
-1.031552404659894367e-01
-1.072741488697498552e-01
-1.014970161013615257e-01
-1.065857913808012647e-01
-1.080801079874750270e-01
-1.080748292823291712e-01
-1.223110072422617101e-01
-1.242766509776882106e-01
-1.325575405430157727e-01
-1.467686879113178633e-01
-1.468796226408331795e-01
-1.574070121448537807e-01
-1.588080619983497643e-01
-1.583857765247180804e-01
-1.642837610034521278e-01
-1.603330434846967079e-01
-1.618912358559522202e-01
-1.625294363758654770e-01
-1.570952948858971576e-01
-1.593788535313684362e-01
-1.540965705478861969e-01
-1.492458922370994978e-01
-1.489999952992470122e-01
-1.330717325650795924e-01
-1.314786607896616388e-01
-1.159899708580261063e-01
-9.689982435912893044e-02
-8.232634768808363979e-02
-4.444500939815300422e-02
-3.120147500093175749e-02
5.102955490532947109e-04
1.794569452486317537e-02
1.077087615588432148e-02
2.573947629120098418e-02
1.554568653341500961e-02
1.250003948461266001e-02
1.588591438943381950e-02
1.533797375076641212e-02
1.670136002567534222e-02
1.799946935065366987e-02
2.547426341173137515e-02
2.433537520145603178e-02
2.283569020582829068e-02
2.014553449344104463e-02
1.044541215089086691e-02
5.379202416889949240e-03
-1.076166911423052583e-02
-2.266393519411854726e-02
-3.381331490039377052e-02
-4.734394763855861998e-02
-6.319932826040230989e-02
-7.242706363220952070e-02
-9.472340461485473373e-02
-1.047774284368415965e-01
-1.041874765016513188e-01
-1.065478683252414904e-01
-1.056057410430064347e-01
-9.317679043976073716e-02
-9.165643663443039102e-02
-7.598396400039227061e-02
-5.719877400620623081e-02
-3.905874166256647489e-02
-1.441732738723415855e-02
1.258936104702709433e-02
2.248590465846793743e-02
4.561677297746660753e-02
5.061835592023185976e-02
5.970175853459566001e-02
6.886910114662304905e-02
6.902267706079577569e-02
7.687272955724309964e-02
7.356645601192837725e-02
7.252035846641062544e-02
6.876357903612383138e-02
5.639747273586624698e-02
4.372513095245283976e-02
4.562989116373854237e-02
3.920284210067414427e-02
3.090147193322951083e-02
2.603848494294019530e-02
1.758385254179132412e-02
-2.322482622213813304e-03
-9.872068811200658198e-03
-2.063561152642492610e-02
-3.395576038134861391e-02
-3.798827558191018861e-02
-4.647510258373262204e-02
-5.073714317887699499e-02
-5.546129637285542729e-02
-6.107760071613577840e-02
-6.854504911546148438e-02
-7.921438310834068297e-02
-8.768624917092485149e-02
-9.934088738798584062e-02
-1.148731155874161414e-01
-1.227618326396565096e-01
-1.312754549986363817e-01
-1.359765189293998533e-01
-1.348772228664122941e-01
-1.332794746386121165e-01
-1.299822559248730858e-01
-1.267109559754760473e-01
-1.206055464078905903e-01
-1.179183975222593689e-01
-1.151959592712053088e-01
-1.108311667236050180e-01
-1.102559977325057866e-01
-1.055841174641114905e-01
-1.032258999082503043e-01
-1.014540269411539075e-01
-9.466362826263584329e-02
-9.456674553285596141e-02
-8.827715485430054354e-02
-8.246863435972957845e-02
-8.041111153879927642e-02
-6.920198176759778663e-02
-6.294698071124464611e-02
-5.528999127431688532e-02
-2.678197296589485132e-02
-1.805157394182316938e-02
-1.104289796950071699e-02
9.478032599503753014e-03
6.442874794838665715e-03
1.981125854104734754e-02
2.133345981284310439e-02
2.647756738226532403e-02
2.996751113064237068e-02
2.149883505039718035e-02
2.136148804310301907e-02
2.118612640599651376e-02
1.901219961558937854e-02
1.857827180868128550e-02
2.040272449437807722e-02
1.650386171367130422e-02
1.943231310947787782e-02
1.896793870351193984e-02
2.207584423840830770e-02
2.047175684866487169e-02
2.353709358980154986e-02
2.051403307153917832e-02
8.196889153849288082e-03
4.410005233470482467e-04
-4.631813067199837958e-03
-3.159265565896973715e-02
-3.707066243964224350e-02
-4.120747590007770023e-02
-5.178929981725221426e-02
-5.460723720348975574e-02
-5.253062740150310495e-02
-5.848639101363464765e-02
-5.688845632029713301e-02
-4.141945818878511182e-02
-3.936746195771933382e-02
-3.008971008047557280e-02
-2.189916951401526049e-02
-1.825030605304280712e-02
-1.066431526733642270e-02
-2.340039075714864421e-03
-3.942174036981544241e-04
1.044864027885672279e-02
1.109195974719151719e-02
1.170043009294536446e-02
1.538662855843226165e-02
1.480820151556784363e-02
1.595052627354127950e-02
1.698425018364814812e-02
1.692557950393622571e-02
1.784248448199087997e-02
1.852640224038287417e-02
1.853001944698309117e-02
1.961932376381193485e-02
1.934284699674101993e-02
1.985001738235425695e-02
2.020311271288361896e-02
1.932562854758685528e-02
1.949219435765867092e-02
1.948458748851659289e-02
1.932010606716802123e-02
1.939450187395250214e-02
1.935636014193572660e-02
1.933683079101850694e-02
1.935271275489345091e-02
1.933646474052613112e-02
1.933779817209697535e-02
1.933891169634902041e-02
1.933491892035332435e-02
1.933704271846010611e-02
1.933780507312840222e-02
1.933705792723879741e-02
1.934209419832099916e-02
1.934424991689560544e-02
1.934509988381187887e-02
1.936412161828373127e-02
1.935896680771461917e-02
1.937902820931765996e-02
1.943106597959655055e-02
1.938524973021266140e-02
1.952425348552901466e-02
1.959405618985079686e-02
1.945809999972551371e-02
2.002878065989777134e-02
2.001389132429892692e-02
1.951010961143354733e-02
2.151903114626677049e-02
2.185603609532643654e-02
