1.393065397368516756e+00
1.442358411766959891e+00
1.412647267506683901e+00
1.412347380629867866e+00
1.363899591868246164e+00
1.368287396828496538e+00
1.372232364705355812e+00
1.360526905370158746e+00
1.365307236939634405e+00
1.362821152605944386e+00
1.361038947285895029e+00
1.362194631255672972e+00
1.360826548981775241e+00
1.360837646604801110e+00
1.360830657895129248e+00
1.360422133214535423e+00
1.360454937274834686e+00
1.360301176208520646e+00
1.360167940537202247e+00
1.360001722059671403e+00
1.359879976627342169e+00
1.359590825043776485e+00
1.359129077277865472e+00
1.359034051966089729e+00
1.357805881415610427e+00
1.357147021800483300e+00
1.356540015797385257e+00
1.352320647378263851e+00
1.353008685627255625e+00
1.347451907474817245e+00
1.337767672848593881e+00
1.344048264504625445e+00
1.313089793505801905e+00
1.308490409727704584e+00
1.311241819056982338e+00
1.188938487121228516e+00
1.196443850732991754e+00
1.144075028129916349e+00
1.169505375714369633e+00
1.200382980393047250e+00
1.174432969634440660e+00
1.419086735188083370e+00
1.434791595848948331e+00
1.467113258882396076e+00
1.610235409664693140e+00
1.594502018832899992e+00
1.586383682996231004e+00
1.555431960325518448e+00
1.287566366772801008e+00
1.379569544069841447e+00
1.261984583601229781e+00
1.426078555399679315e+00
3.352066177349386500e+00
4.213465693349081498e+00
4.299121100117039518e+00
4.994076363346684921e+00
4.948414963220240992e+00
5.142116511470880447e+00
5.463693502001694569e+00
5.501094516162913450e+00
5.729193892407601574e+00
6.393239354770885008e+00
6.771870362252487396e+00
6.786370282920604957e+00
6.860173957710514081e+00
6.853114873813819230e+00
6.858895544901040253e+00
6.892467359534123261e+00
6.850651809191077746e+00
6.876940147136370030e+00
6.853186712690792604e+00
6.797013176415288349e+00
6.783811175069754285e+00
6.710222316486185612e+00
6.659946584405141756e+00
6.627053184135704988e+00
6.537802675328512336e+00
6.498063375814656872e+00
6.433070918171137187e+00
6.315458021707349268e+00
6.257734428179864139e+00
6.096711317495220328e+00
5.951857290339525264e+00
5.801981915278845214e+00
5.325623226573016566e+00
5.003483664730516089e+00
4.488683615676689165e+00
3.116514394055514448e+00
2.486034217726738937e+00
2.130852013702008829e+00
1.794557770835391031e+00
1.697327581155038567e+00
1.539856148770294419e+00
1.596905415703475439e+00
3.354938265150558596e+00
4.124503113243807029e+00
4.088847252701952151e+00
4.608512053068527514e+00
4.671459540658799092e+00
4.687262366553122561e+00
5.696408959340307554e+00
5.857366610230872794e+00
5.911366148295599032e+00
5.971355302453122960e+00
5.859758121632694383e+00
5.742382105080620747e+00
5.635407316402560873e+00
5.505734399814316227e+00
5.395876762478549971e+00
5.271044769861551238e+00
5.146653766071517033e+00
5.035766796311948568e+00
5.015097600138587630e+00
4.959606236555317516e+00
4.968727848404704162e+00
5.037240699217309547e+00
5.173628292360940684e+00
5.241363296550403561e+00
5.362977622424648594e+00
5.471437160920966214e+00
5.552043912048695518e+00
5.644310669951913439e+00
5.689375993353739780e+00
5.749198533350227791e+00
5.768368752803829658e+00
5.734802743523177426e+00
5.710921769994609321e+00
5.665742362868126492e+00
5.643768144945686238e+00
5.611592430643779217e+00
5.561417215145417536e+00
5.543413772299659037e+00
5.478858524442656197e+00
5.411435569325407258e+00
5.357086367277408279e+00
5.181425445190643408e+00
5.100981703303497206e+00
4.929293289554093960e+00
4.732114632642754337e+00
4.607519357661065129e+00
3.563019299637380843e+00
3.380749446759036214e+00
2.938508068237414506e+00
2.434586241064101930e+00
2.646106121836787395e+00
2.157234711750577016e+00
3.026314156852937032e+00
3.794645064125838463e+00
4.104104255373687060e+00
4.783141076878091091e+00
4.899941137943785385e+00
5.226881660145057396e+00
5.310198327278738972e+00
5.331158635149901848e+00
5.450769488195520651e+00
5.737514354600235400e+00
5.934881534902920031e+00
6.088060249975502991e+00
6.201567465618438746e+00
6.289501181244127714e+00
6.370834550494739013e+00
6.450896569432961414e+00
6.501789478246303489e+00
6.577057511169933868e+00
6.623858314033427064e+00
6.666295298546560666e+00
6.711545584173138401e+00
6.742891701187474496e+00
6.781744497534562655e+00
6.817651311829377114e+00
6.841323747919565434e+00
6.872976867981421378e+00
6.893553288780754684e+00
6.910810646367997023e+00
6.925075598182111491e+00
6.923185877738020189e+00
6.930689531633021261e+00
6.925773639815498761e+00
6.907714994434366318e+00
6.898386341933231414e+00
6.868062993691423479e+00
6.839629151437280008e+00
6.805238749606626669e+00
6.736049095128826103e+00
6.705892581440359379e+00
6.629695493626851288e+00
6.572583040455818981e+00
6.564907380723306041e+00
6.498098780875741554e+00
6.514009804213947596e+00
6.495962873048696906e+00
6.457328415780462016e+00
6.502211679726359606e+00
6.453669029720834338e+00
6.481881920498274496e+00
6.547424895392343736e+00
6.553925707063407380e+00
6.652751850808990675e+00
6.698107548756639495e+00
6.727530288505314537e+00
6.818733248855254558e+00
6.805455489366388555e+00
6.827511498149364755e+00
6.825867815443037223e+00
6.789842157415369783e+00
6.804201089471899166e+00
6.768662590423859093e+00
6.754508857392984567e+00
6.752403651947826546e+00
6.702566865669110641e+00
6.708902760214892069e+00
6.666197247764234390e+00
6.610562743878575453e+00
6.585988521586743083e+00
6.474497156215937466e+00
6.432617508951035568e+00
6.347325500124465947e+00
6.229525492560188837e+00
6.163547567821854756e+00
5.934113616614138387e+00
5.813759894901729730e+00
5.588472409090014636e+00
5.313295648070313071e+00
4.172539918570787876e+00
3.950581180582035667e+00
2.991465282967183281e+00
2.490555042611105829e+00
2.488134969933235130e+00
2.298064990982073841e+00
2.326229191686616016e+00
2.686882664641796037e+00
3.621570971950649476e+00
3.937932229131387629e+00
4.064466571793212246e+00
4.443272202496500789e+00
4.061523997108989370e+00
4.223740175009869091e+00
5.066784991268429295e+00
5.317402749646338300e+00
5.519359466949093296e+00
5.731242330096229409e+00
5.955497752478393636e+00
6.043635628472127763e+00
6.254960787220170459e+00
6.326344429840785821e+00
6.389170581132232130e+00
6.494700118556292701e+00
6.454549022269852721e+00
6.495784520792090788e+00
6.466456748490012174e+00
6.296087852128251505e+00
6.249487299745988267e+00
5.963027773692280320e+00
5.746191139021298078e+00
5.435440603054551900e+00
5.410762155824011543e+00
5.293891025090420754e+00
5.263318517021945198e+00
5.208382702405839559e+00
5.118262710806228633e+00
5.104293366784316888e+00
5.012981741311006267e+00
4.954481441462974090e+00
4.914220905464666167e+00
4.827125791271155819e+00
4.828563025481352966e+00
4.870374734030617603e+00
4.922604011796918755e+00
4.971226583143092626e+00
4.967014239098333839e+00
5.012575957232528800e+00
5.002597985584095852e+00
4.984263361533836978e+00
4.990454646566809593e+00
5.000885248023489993e+00
5.014881086362042772e+00
5.055756841448681982e+00
5.096512110132624507e+00
5.179577621453301361e+00
5.307553987214676638e+00
5.461388097646254991e+00
5.663411304821905468e+00
5.813201071614487958e+00
5.959481611353205643e+00
6.111137914850869102e+00
6.217307607062850572e+00
6.336572684849261172e+00
6.419772110231943607e+00
6.498469290781359931e+00
6.577169143632550785e+00
6.603320882282282867e+00
6.671269012630706818e+00
6.687329165542509557e+00
6.693981607618129104e+00
6.707170560012304605e+00
6.675352126452601453e+00
6.680983739891180662e+00
6.663097610685470684e+00
6.636395799895344894e+00
6.641824819682819125e+00
6.598815137224048222e+00
6.586844247337181102e+00
6.564829862074708089e+00
6.487381064725396662e+00
6.447595817781575533e+00
6.337019586569732077e+00
6.235174557805293283e+00
6.145941377261098459e+00
5.990447198300432596e+00
5.733789123955291167e+00
5.538107147830690025e+00
5.344146575888381712e+00
5.080186919773958643e+00
4.868792732106993704e+00
3.853371208685637317e+00
3.637748334637565417e+00
2.721131294199675033e+00
2.410029074307723285e+00
1.588439334403786374e+00
1.474005326282022077e+00
1.559629388334707434e+00
1.316502382971669105e+00
1.294916964850876928e+00
1.353521136167306738e+00
1.133093860731405833e+00
1.171912442997332215e+00
1.475713097525584105e+00
1.949085107782118520e+00
3.048598356507093321e+00
3.832661557851767764e+00
4.248183162468801122e+00
4.221254671552890692e+00
4.634857332080049908e+00
4.556264834698739108e+00
4.238348226620161086e+00
4.142727350432364730e+00
3.974662739471913397e+00
3.761758469177082898e+00
3.678005367696616457e+00
3.481602900980454773e+00
3.260496370984003356e+00
3.193964967122466359e+00
2.847070438662864245e+00
2.795364344884073926e+00
2.734007623963868205e+00
2.565058223041941421e+00
2.544314611869596732e+00
2.425419479559115743e+00
2.291735626716021823e+00
2.278847421890056957e+00
2.026204893184563982e+00
2.011709114652966424e+00
1.966831492367764334e+00
1.888279956399485648e+00
1.884993760905887328e+00
1.844512578710191697e+00
1.807678904722151536e+00
1.799427226363978338e+00
1.746894802394325819e+00
1.704586730947778239e+00
1.691627437979890791e+00
1.545846100085185970e+00
1.536560354766560277e+00
1.480642255903009907e+00
1.449360895025855633e+00
1.407555296682142076e+00
1.401830028353063140e+00
1.390795468212853825e+00
1.379960065423312399e+00
1.377822878030181775e+00
1.372330872708054317e+00
1.369643204937798009e+00
1.368183836857798541e+00
1.366173182725413549e+00
1.365375237040209688e+00
1.364556974880558604e+00
1.363930965243650428e+00
1.363455404998030973e+00
1.363111794223009321e+00
1.362830486952908648e+00
1.362129730658714566e+00
1.362356366288397291e+00
1.361345605763755851e+00
1.360363123018023979e+00
1.361602772202614053e+00
1.356784996331501736e+00
1.358362835191869289e+00
1.358183896516397704e+00
1.343373738325997602e+00
1.360490363944503622e+00
1.336442021500383825e+00
1.317678330568432754e+00
1.374134615977395280e+00
1.236801149618747209e+00
1.326325501926960193e+00
1.389040758160076994e+00
