1.883210593785769493e+00
1.851539325671761826e+00
1.498721397792017962e+00
1.515514304575037663e+00
1.369150795282342958e+00
1.373610340949681152e+00
1.380546799792292667e+00
1.343280011232311555e+00
1.354146614031604745e+00
1.345577784620544559e+00
1.339177128584444709e+00
1.341594990982172497e+00
1.337227762063075476e+00
1.336825379173450123e+00
1.336596830384760404e+00
1.335307857534824727e+00
1.335384538853039871e+00
1.335002907312605069e+00
1.334716137487046650e+00
1.334663457060114133e+00
1.334494080944637950e+00
1.334357838906278682e+00
1.334229435436077082e+00
1.334180939783322861e+00
1.333777239678075599e+00
1.333729656997630908e+00
1.333472810517818852e+00
1.332253498667386182e+00
1.332942189898583152e+00
1.330671324539691946e+00
1.328688598849067759e+00
1.331125431409839077e+00
1.319788541829853390e+00
1.323488780733572678e+00
1.320486816207502301e+00
1.280284669482182780e+00
1.282336928447657121e+00
1.283427889944111167e+00
1.313795908641797849e+00
1.329704528597628554e+00
1.324276147741786813e+00
1.514963980638918573e+00
1.533962116077375981e+00
1.578966743830766184e+00
1.710773082373790555e+00
1.695876126900930370e+00
1.752938831643997775e+00
1.681365927464689713e+00
1.444661799244037592e+00
1.523216634905029787e+00
1.431023760845612003e+00
1.585571004246280946e+00
3.514515539893436458e+00
4.301157919972142807e+00
4.333180340216792992e+00
5.007971178904835341e+00
4.956668535798090858e+00
5.145912445634013288e+00
5.464498973118476322e+00
5.506004184252213385e+00
5.734764563164142182e+00
6.445051015028715469e+00
6.850786855904469341e+00
6.866911539703161260e+00
6.946933361946367569e+00
6.939756057967291447e+00
6.947093208203185988e+00
6.983533647053839388e+00
6.939944172573899728e+00
6.968919355530478477e+00
6.944445519584835580e+00
6.886144190093212991e+00
6.872784437879185582e+00
6.795803553186663848e+00
6.743175123580771313e+00
6.708869927928863497e+00
6.615384635835629190e+00
6.573194119947032732e+00
6.505636749998162216e+00
6.381636231355281019e+00
6.321180544728164818e+00
6.153544062544670012e+00
6.001408743746369012e+00
5.846525603552343853e+00
5.359087708345008139e+00
5.025845541770635805e+00
4.497971082575755730e+00
3.158750140496654701e+00
2.499400309038662726e+00
2.176665069953299003e+00
1.874789242516158749e+00
1.769542173625309855e+00
1.660134290772836030e+00
1.719318972655615063e+00
3.499271106997996927e+00
4.232746366444985142e+00
4.144441113616914585e+00
4.621133147498396099e+00
4.658314606707699923e+00
4.667094405747469033e+00
5.695624443008064475e+00
5.874078924492763143e+00
5.922052719712898039e+00
5.994200298431638707e+00
5.876637214173595858e+00
5.756415835370442657e+00
5.646109809103714738e+00
5.509733701142909723e+00
5.397862692780559080e+00
5.266621210963982946e+00
5.137321047062739510e+00
5.023197872009286691e+00
5.000874139169608767e+00
4.945294496286479990e+00
4.955500688064369719e+00
5.028045010875206167e+00
5.172104584919593684e+00
5.242977047593325501e+00
5.371524696835993318e+00
5.485284649255606659e+00
5.570481301793260620e+00
5.667977033315557911e+00
5.715790825390421048e+00
5.779868133368297300e+00
5.800852887492765397e+00
5.767135432024016239e+00
5.745005098103044716e+00
5.698185767300316229e+00
5.675839292882315590e+00
5.643539607867091412e+00
5.590634013718485562e+00
5.572375148167938441e+00
5.505611856151851669e+00
5.434515052807317836e+00
5.379254914530045006e+00
5.197668944092245447e+00
5.115213012689197036e+00
4.946481189241831444e+00
4.747666410947982030e+00
4.627966110440951297e+00
3.643865107316111018e+00
3.466906101057973810e+00
3.086789912674622105e+00
2.618467464172960391e+00
2.836314893473111720e+00
2.394684491235126167e+00
3.207483377151089776e+00
3.915365015583394559e+00
4.219631615879492870e+00
4.810805729085330107e+00
4.911902289243902153e+00
5.249265019391042841e+00
5.319642154020377767e+00
5.342430538654067362e+00
5.462679637593734761e+00
5.744080593637582055e+00
5.962542347483440253e+00
6.122493588699325251e+00
6.243736383621305563e+00
6.337875794704133092e+00
6.422464808926704016e+00
6.508854698183863974e+00
6.561526968478026411e+00
6.640749770829758702e+00
6.690661219316542230e+00
6.733811447051003540e+00
6.781948280468763635e+00
6.814422278679248102e+00
6.854792631893658061e+00
6.892936750221166697e+00
6.917391054206118994e+00
6.950972952963756057e+00
6.972946958426946118e+00
6.991168234302531204e+00
7.006850152328911285e+00
7.005210150510349010e+00
7.013333956732295427e+00
7.009158323293800841e+00
6.990032931282762263e+00
6.980562171572863406e+00
6.948543994395353529e+00
6.918145870433471067e+00
6.881542492288516222e+00
6.807770687015381128e+00
6.775652734747064088e+00
6.693600874091042208e+00
6.632786462565710472e+00
6.623533413085912258e+00
6.552732513722208552e+00
6.570330793209735454e+00
6.551381856831726580e+00
6.510801794983930968e+00
6.559054085529207434e+00
6.507886230178484332e+00
6.538433420990083178e+00
6.608639294225822525e+00
6.615879871271078905e+00
6.721773977588111570e+00
6.770415779327403349e+00
6.802482286642484333e+00
6.900427044785213404e+00
6.886838002359929156e+00
6.911576109803459822e+00
6.910416806305739179e+00
6.872480149389449622e+00
6.888503021954094585e+00
6.850954919377249652e+00
6.836196507162139113e+00
6.834410579793281038e+00
6.781433175494194998e+00
6.788314511426461806e+00
6.743219625493902747e+00
6.683747821008902967e+00
6.658107299571721427e+00
6.539690189436460521e+00
6.495151809730584702e+00
6.405132472604954330e+00
6.279514074421758352e+00
6.210004317771076643e+00
5.967549491216015412e+00
5.842239285601163346e+00
5.604710090173624870e+00
5.316985482163852694e+00
4.252536313862160355e+00
4.024899862405148632e+00
3.110486307628499869e+00
2.641796616461107750e+00
2.647714213876454448e+00
2.519535032146497766e+00
2.532235067355805835e+00
2.899754807283962510e+00
3.792279896363798031e+00
4.070505725078084502e+00
4.145987782028174529e+00
4.472430664208732587e+00
4.065492103351171060e+00
4.214704276875235855e+00
5.059284268622905145e+00
5.319391599504317725e+00
5.529412432721010795e+00
5.750341257496327074e+00
5.988374937712356072e+00
6.081120988056803789e+00
6.302448307234514324e+00
6.379651265651631320e+00
6.444337392440418810e+00
6.555806008314362110e+00
6.514842847547102522e+00
6.556271053803204296e+00
6.527552424434106548e+00
6.347816872038918312e+00
6.299540995023149570e+00
6.001424048418546597e+00
5.777813600635515634e+00
5.454411334282981194e+00
5.429965856515147848e+00
5.309834524180493176e+00
5.277567847726691852e+00
5.221594639219723888e+00
5.127583290120940163e+00
5.112435535745081694e+00
5.018114451036222334e+00
4.955486270326752596e+00
4.913630127965394223e+00
4.821822310146404611e+00
4.821880911834330874e+00
4.864815396559285077e+00
4.920724369662721642e+00
4.971563260834656717e+00
4.966585845451696457e+00
5.015154662977716171e+00
5.003696763013327775e+00
4.983898078060111203e+00
4.990244084918846745e+00
4.999616730849657742e+00
5.013730597707065861e+00
5.055568450347860399e+00
5.096075957243370702e+00
5.182813436564605247e+00
5.313738706382123311e+00
5.474499709101453782e+00
5.687510271547655094e+00
5.843860460823291803e+00
5.997663984568589512e+00
6.156969829594670429e+00
6.267893246902155546e+00
6.393613349151066494e+00
6.480737975187554234e+00
6.563605237752653920e+00
6.646580416273292435e+00
6.674115302322359611e+00
6.746127277739573103e+00
6.763108805175582106e+00
6.770830054827627897e+00
6.784923249256202382e+00
6.751675941358070254e+00
6.757924850919894588e+00
6.739094896963733206e+00
6.711102875796936651e+00
6.716744528916762214e+00
6.671348109766060297e+00
6.658487540924463488e+00
6.634983231407391990e+00
6.552971715447259093e+00
6.510313784425781236e+00
6.393565675277819160e+00
6.285832337031091122e+00
6.190878203210740338e+00
6.027533345136654397e+00
5.756628962782766479e+00
5.551901727629307892e+00
5.357078425944084898e+00
5.083494650089158462e+00
4.872629932092566563e+00
3.957707791591660307e+00
3.722336638331672720e+00
2.857582875013502388e+00
2.585500307728730185e+00
1.678554434431174247e+00
1.596603632732391143e+00
1.681362037243130159e+00
1.441221546393103292e+00
1.419724892588386744e+00
1.499096165587407770e+00
1.286121037176437110e+00
1.296991777679206814e+00
1.738141954420385549e+00
2.173979842896003323e+00
3.275824022126923474e+00
3.997587542898820789e+00
4.376476456349363886e+00
4.312750181925261828e+00
4.692120012205465152e+00
4.610790812916227388e+00
4.273078985016591780e+00
4.175084035339287070e+00
4.001502176787328224e+00
3.781151818913562668e+00
3.697801764301158478e+00
3.495656332899866658e+00
3.268623089466062837e+00
3.202770651390211665e+00
2.840806311398698103e+00
2.790440601452300662e+00
2.728393947780978213e+00
2.555339262038208936e+00
2.535716921394883805e+00
2.414472440663443020e+00
2.277121547647412925e+00
2.265326886362589498e+00
2.003707560596045933e+00
1.991003420634655408e+00
1.947315105646185485e+00
1.869398658891406440e+00
1.867462731094483130e+00
1.828841799702763282e+00
1.796653833115850141e+00
1.786691705885139481e+00
1.743616576394620310e+00
1.705852440456246955e+00
1.688659330474694853e+00
1.578278533650833371e+00
1.562854204343918862e+00
1.514414755370759869e+00
1.492643982738088182e+00
1.417023737208229051e+00
1.418531562043665373e+00
1.402725417084997428e+00
1.385055601363930355e+00
1.385367967097049791e+00
1.376498299904994171e+00
1.373116723003519279e+00
1.371751376723272298e+00
1.368603671478412886e+00
1.367864287163460979e+00
1.366796403896861856e+00
1.365894873753052519e+00
1.365422145710912361e+00
1.364891370240037594e+00
1.364535450629250413e+00
1.363728946220930771e+00
1.363753159753442024e+00
1.362673639261831049e+00
1.361268345293086490e+00
1.362248551827706766e+00
1.357060565036253497e+00
1.357311043689682473e+00
1.357127267534663062e+00
1.339868654010278881e+00
1.354548832224297339e+00
1.330624207591154295e+00
1.300980000471308573e+00
1.358815155698086308e+00
1.211392009636508060e+00
1.270095554184680120e+00
1.340314224543038613e+00
