1.872700032392986616e-02
2.089492584105727413e-02
6.025371431295935970e-02
6.103314705720172539e-02
5.660109373774143554e-02
6.275702780042038964e-02
5.639436541693667454e-02
5.728393495916966893e-02
5.737069131031211078e-02
5.555565392851991718e-02
5.623009721502232605e-02
5.566263351302590257e-02
5.537542252066737780e-02
5.550556501097662215e-02
5.522841216119988433e-02
5.522789274780641466e-02
5.520228400462028062e-02
5.512175806799125138e-02
5.513399646133576582e-02
5.511172132363608561e-02
5.509477079442423597e-02
5.510875786943097987e-02
5.511258426172547381e-02
5.510627188865554332e-02
5.516631934328557196e-02
5.516568708180540070e-02
5.519230318300888394e-02
5.537168654092090858e-02
5.525604815662611691e-02
5.555136882146387289e-02
5.581461258738176084e-02
5.543428586015892306e-02
5.684512551335377945e-02
5.631886016888975471e-02
5.651805680600305998e-02
6.097912921232859218e-02
5.961669343577057079e-02
6.329662832034146924e-02
6.065937320300852226e-02
6.012290524199646186e-02
6.239474673510699010e-02
4.760188548805896480e-02
4.780678700694515615e-02
4.306140230495246468e-02
4.024063419659607010e-02
4.130244344892660541e-02
4.738805926534658125e-02
4.503788080964037793e-02
6.013095192994949434e-02
6.030896644975818760e-02
6.775676175319605976e-02
9.777242581617041906e-02
1.106044205435897237e-01
1.252196775008159735e-01
1.472487577753261723e-01
1.575010438146888792e-01
1.618380083719665463e-01
1.600138679860437507e-01
2.064589110925533211e-01
2.297818098715854462e-01
2.503963584534854014e-01
2.953378182572500843e-01
3.058816890143067346e-01
3.380981371771161759e-01
3.585302249099445726e-01
3.668546776019748212e-01
3.995863491120023592e-01
4.069165015394816676e-01
4.295086944864625611e-01
4.570575196431153064e-01
4.561744820951819102e-01
4.890919071923358064e-01
4.987375783697036158e-01
4.750952663761405792e-01
4.918526604338110952e-01
4.946599471010305615e-01
4.965314319273246291e-01
5.049107037019512356e-01
4.930208802259717360e-01
4.941323198266436290e-01
4.807105019693568293e-01
4.536517210046885351e-01
4.338945948375612094e-01
4.000100222558886642e-01
3.696589592627372300e-01
3.382921604632761481e-01
3.029406206487032516e-01
2.670574915746858902e-01
2.315804939811332563e-01
1.935991192612196155e-01
1.532533998722321877e-01
1.157572332602467557e-01
9.261862041628142472e-02
5.633820601997745897e-02
3.705721350997419339e-02
3.588761286292330155e-02
2.039122414927397806e-02
2.017063256886359596e-02
2.616224702691393941e-02
1.847790600503467981e-02
4.590931531301163659e-02
3.853055926890573690e-02
5.141269926995631345e-02
5.911930280133918802e-02
4.954841183349673744e-02
8.380453062830267585e-02
8.318656924822555310e-02
3.858271757744401176e-02
5.232860796958493238e-02
4.563634018119450825e-02
3.337970055072936315e-02
5.348275796715809549e-02
3.842907476110515863e-02
4.434978678816799830e-02
6.648888370255477687e-02
3.571261646242772370e-02
1.128714519847039827e-01
1.644904239868459073e-01
2.383583728901533527e-01
3.411235745061004243e-01
3.518722649846521278e-01
3.654502730708901748e-01
3.769239749507393156e-01
3.309474812808788080e-01
3.287602296787506262e-01
2.644695200770332266e-01
1.852590999753630507e-01
1.481801159325182859e-01
5.315710009807642078e-02
3.041264843125858139e-02
8.239453974261245345e-03
-1.251169075792374526e-02
5.915914606065431763e-03
-1.235649108733768986e-02
-2.851534195504752331e-03
5.821374555870757229e-03
-7.475261873435438964e-03
2.060032068386616691e-02
-2.234691860763842169e-03
2.584583895516113020e-02
6.172775826446161990e-02
3.632013016757273255e-02
1.192210033443127370e-01
8.689566760849248839e-02
7.388242982514588164e-02
7.591278714553123530e-02
-2.923478295071500407e-02
-1.834003498194360787e-02
-6.514117069308697494e-02
-9.460392915081579368e-02
-6.449203663431038458e-02
-1.184146022001153487e-01
-1.002426667339615385e-01
-1.111758261747112925e-01
-2.089193593969791152e-01
-1.955310513121236438e-01
-2.632610756751027625e-01
-2.721092014334284270e-01
-2.652158694815941464e-01
-2.908762653530168052e-01
-1.845482271608301916e-01
-1.745846201576812251e-01
-1.481418314626877786e-01
-9.212716581098207014e-02
-9.411251421385459504e-02
-5.956889778302522365e-02
-5.172491683103548621e-02
-6.265788914241243734e-02
-5.054663182468664001e-02
-4.355284767839728149e-02
-2.921580239940780449e-02
-2.652757409627371638e-02
1.215574350744816345e-02
-8.857028949336147317e-03
4.726219913887968159e-03
5.697444293913282026e-03
-9.557820929629472217e-02
-9.298203228550873389e-02
-1.344389240127424057e-01
-1.582902450967281216e-01
-1.024612350718153847e-01
-9.507003075560649386e-02
-1.230209192451231365e-01
-8.372926444606777763e-02
-3.236219815226158009e-02
-2.196145847650299646e-02
5.517046127685403673e-02
6.540271526620533571e-02
7.141137212425878456e-02
1.106253785974736642e-01
7.923384716176729015e-02
1.018957956320605401e-01
7.623321802116277135e-02
4.945224036867137268e-02
4.972289138718287427e-02
5.228028801191458852e-02
6.852194511098076701e-02
7.209468584295532223e-02
1.108969566264454559e-01
1.236990946724728785e-01
1.126209793877894494e-01
1.261215451947870214e-01
1.698515159043824108e-01
1.785118869756504856e-01
2.471006280956208057e-01
2.327786622562505736e-01
1.873344143787426530e-01
1.834453198939915708e-01
1.128460714503579237e-01
1.328058761492094952e-01
1.802548419864526963e-01
1.945138745943277292e-01
2.159115248579887014e-01
2.367800119044797813e-01
2.399457257709413094e-01
2.390413007335665529e-01
2.306096443567897947e-01
2.020244405243015462e-01
1.587778310286849237e-01
1.040944020169116968e-01
3.844543465715987568e-02
4.809417292328583941e-03
-2.658688517961052891e-02
-3.896307189387386571e-02
-4.643612325517283701e-02
-5.174834158239295656e-02
-5.586261086617579780e-02
-5.188635199971890904e-02
-4.989189883681560689e-02
-5.108584131453092897e-02
-9.430269669505712826e-02
-5.998038432936439457e-02
-7.539033362637076463e-02
-6.740662259346642815e-02
-8.381525824292589827e-03
3.592690812381791991e-03
7.282289083328838397e-02
1.219336726880794197e-01
1.484715951695210479e-01
2.429552453345346641e-01
2.534566421908669431e-01
2.864097553456690926e-01
2.978413140667882097e-01
3.075837373677748343e-01
3.305058676351523839e-01
3.291935013137843868e-01
3.462822313394487428e-01
3.568745076806605909e-01
3.579165702906774715e-01
3.799097328432406995e-01
3.811470858018788377e-01
3.944860679265728143e-01
4.133824640239392445e-01
4.131342206901136849e-01
4.380390409872577107e-01
4.435355027228116698e-01
4.535231264890773883e-01
4.721163389245916497e-01
4.687663885340389025e-01
4.807828707126607370e-01
4.853322756612515887e-01
4.746458992292225676e-01
4.835758099567181167e-01
4.457430275221755389e-01
4.224371700128705664e-01
3.961074404814575733e-01
3.248186763586946579e-01
3.099817196866537228e-01
2.475358227053135185e-01
1.786513520348234074e-01
1.486709994641027266e-01
8.249310586502701936e-02
6.334718172909707679e-02
7.598310514630320089e-02
5.502695091050689019e-02
8.048168011184014814e-02
8.527934063841366430e-02
6.307387915035254922e-02
7.708512343206649908e-02
6.112096243194528600e-02
7.903794922304413495e-02
8.868020843656036767e-02
8.225967737204574470e-02
1.673051048342333313e-01
2.056498382275676606e-01
3.441966136165923729e-01
4.042940743755446542e-01
4.436768763010902616e-01
4.861317584513668577e-01
4.898168919145457489e-01
4.887391292326703218e-01
4.892906207207483038e-01
4.884624355972423948e-01
4.862368919395576583e-01
4.873358972698464964e-01
4.826019969387823627e-01
4.834575375150011456e-01
4.808947184811641629e-01
4.754775358657983841e-01
4.779307165267709934e-01
4.673569468003088700e-01
4.646521853682776815e-01
4.581426463046445186e-01
3.903298415019920142e-01
3.715532028934152020e-01
2.968861510169900630e-01
2.336556860053388973e-01
2.265329453645265056e-01
1.462518710935965804e-01
1.228644792134649250e-01
1.046720864292920439e-01
6.522893889395259270e-02
6.580058438143612798e-02
4.930280402662479133e-02
3.651809047005457470e-02
4.210313171989356340e-02
3.196815874240958172e-02
3.165417295493857391e-02
5.803810349155704568e-02
7.674505110343385339e-02
1.163018807598371063e-01
2.051248108469726772e-01
2.729399128226709381e-01
2.479169368851305011e-01
2.926775484294234508e-01
2.906648122790261302e-01
2.695673923793446281e-01
2.846748247425495704e-01
2.517445450196760248e-01
2.146528429193694798e-01
2.160045201770224854e-01
1.310194501985588733e-01
1.283276390696886926e-01
1.289050039510676871e-01
9.749059011361203841e-02
8.407989372784555049e-02
9.087421556944513812e-02
1.068336807265557603e-01
1.236705577832212105e-01
1.841743143690785511e-01
2.218725595081385560e-01
2.506234406059339448e-01
1.954362224247845337e-01
2.335200584584429806e-01
2.821462138324349889e-01
3.270969617075376590e-01
4.556486954711211901e-01
4.858192259368926957e-01
5.224003997875431571e-01
5.634172534658372644e-01
5.748074109644502050e-01
6.088306093654654028e-01
6.201284426882514023e-01
6.279343277181437255e-01
6.432896307673969805e-01
6.361991257501601327e-01
6.359854144662737685e-01
6.207144086073466127e-01
5.999106826755091770e-01
5.877700738902922328e-01
5.562837297966374273e-01
5.328196560366010859e-01
5.113771313550961040e-01
4.822177319776474458e-01
4.652630685338435823e-01
4.238743258336855613e-01
3.835741722530390252e-01
3.419677645860566551e-01
1.665900405280625329e-01
8.251698375251909079e-02
6.801929084017431862e-03
-5.192613858894822021e-02
-9.579197071290627974e-02
-1.478694648267251943e-01
-2.038113639324805881e-01
-2.255102852901383348e-01
-2.475660280457387674e-01
-2.562173545020121623e-01
-2.633899716026376625e-01
-2.743074206893628686e-01
-2.747113175627713400e-01
-2.823542582669475443e-01
-2.874435408309085060e-01
-2.859751095940532561e-01
-2.960776793070926671e-01
-2.943357320277582012e-01
-2.971605580935832158e-01
-2.917329352551660260e-01
-2.529068336424171171e-01
-2.385778749739407290e-01
-2.200302934699168433e-01
-2.019442554048375138e-01
-1.835510556711831553e-01
-1.597943456595831146e-01
-1.405112774439513934e-01
-1.269081754095341130e-01
-1.038362292963891653e-01
-9.875532577553297608e-02
-8.815313920457787389e-02
-3.990470119968436702e-02
-3.678335734207949237e-02
-1.658260678812466249e-02
-9.007159809338503810e-05
2.468167336145499734e-03
1.520041708544778679e-02
1.941164815516431552e-02
2.123613299145921118e-02
2.819183630354687303e-02
2.626835828685187418e-02
2.689915075793817417e-02
3.147157544984033328e-02
2.056557652944859468e-02
2.801732071143656425e-02
2.914377360472904244e-02
3.533050331656669568e-02
6.238842585763863108e-02
6.927618430907563074e-02
9.360011220587118042e-02
1.312241878143854401e-01
1.401595816332904532e-01
1.969600983600377497e-01
2.039098273961642560e-01
2.193270147136147930e-01
2.381252581377572564e-01
2.512635076830187497e-01
2.660350316207074628e-01
2.751149579406184653e-01
3.157206471291019723e-01
3.230570462950959065e-01
3.378495396571425391e-01
3.500534397375350548e-01
3.496611695303709078e-01
3.611686856108211052e-01
3.523285715072292379e-01
3.558969582304091772e-01
3.537843942181216339e-01
3.185562772371290374e-01
3.101603027135999557e-01
2.915145061907472579e-01
2.754715113575046392e-01
2.590985526408414730e-01
2.474870037145114054e-01
2.253329155366649295e-01
1.991010833468156160e-01
1.921833451059363207e-01
1.314623352846457094e-01
1.257729142711083992e-01
1.107643515368931381e-01
8.652863093142014461e-02
8.611847541791513294e-02
7.269093103311509430e-02
6.938691064754638760e-02
6.892799052175783980e-02
6.421114800203971129e-02
6.407877639579635798e-02
6.277091265272956300e-02
6.149109944406740830e-02
6.137607800298076899e-02
6.065425090121058516e-02
6.032822178032914290e-02
6.016356979041584396e-02
5.986215389473314996e-02
5.966513494461626183e-02
5.960863607934158842e-02
5.930506170028661261e-02
5.908822592550852515e-02
5.918369649584716979e-02
5.823656227264994295e-02
5.846347666934380988e-02
5.808637070194391794e-02
5.564916110101376934e-02
5.806490463501620680e-02
5.335692475195862039e-02
5.063951410848328838e-02
5.396385966154117197e-02
