-4.816164034530927437e-04
-4.862826418107163797e-04
2.601952749256275770e-04
4.923884187031019911e-04
-2.513995078451449752e-04
-3.616064431922878753e-04
-1.305476053582127092e-03
-1.499702064147038268e-03
-1.768995883512069914e-03
-2.088017504607550361e-03
-2.167609547808323472e-03
-2.329827169363129884e-03
-2.427630109590689020e-03
-2.480062047963861507e-03
-2.550466148202814535e-03
-2.583556960121167773e-03
-2.612935921502842172e-03
-2.638209405072636324e-03
-2.650752979947058104e-03
-2.661799362058970327e-03
-2.667815200172968942e-03
-2.669554212557182990e-03
-2.665959722505303279e-03
-2.662341641428680929e-03
-2.650320569719180099e-03
-2.630891653155073649e-03
-2.618889226237780359e-03
-2.573266619773194406e-03
-2.539079051821150311e-03
-2.501317399798824986e-03
-2.372677257495406627e-03
-2.352219800785597566e-03
-2.182489156214727048e-03
-1.923516136193066271e-03
-1.983413304804382531e-03
-1.312105997995286280e-03
-1.411864788573368151e-03
-1.244200127561763446e-03
-1.132920767120576197e-03
-1.300098816974705300e-03
-1.224087364214166643e-03
-1.440888912246672060e-03
-1.586936476906912561e-03
-1.677579015089583885e-03
-2.664021474349301515e-03
-2.519791670430749069e-03
-3.809028480620083555e-03
-6.240763749757213645e-03
-6.753201322616577892e-03
-1.622400143623960872e-02
-1.719258992726133833e-02
-2.078232718879588145e-02
-2.355902997896402312e-02
-2.465180755384821162e-02
-2.512933969265548906e-02
-2.578647350754858028e-02
-2.669341970267664899e-02
-2.610268404818359353e-02
-2.633927485915403544e-02
-2.719830927825023226e-02
-2.402720153723603147e-02
-2.625195067723769607e-02
-2.228631856779944576e-02
-1.624859750493679034e-02
-1.678981760292211703e-02
-5.717481960370172228e-03
-5.252024878628623952e-03
-5.426838287925010891e-03
-9.883120939911552248e-04
-6.610545415297851019e-04
3.332749721747439459e-03
5.249159002106216013e-03
5.323762130230298879e-03
7.999119407632048623e-03
7.655805355795720912e-03
7.990406954330167219e-03
8.444928653674653451e-03
7.368360439747454610e-03
7.705284058624106182e-03
7.009637247186577616e-03
5.868368746582476071e-03
4.832050973955511787e-03
3.551442185142096239e-03
9.143752522570592484e-04
-2.603386776076117501e-03
-7.245615918651307323e-03
-1.269878513959730310e-02
-1.431194358901680466e-02
-1.535652644089666174e-02
-1.827793954301190280e-02
-1.094047454924964441e-02
-9.951464539087658337e-03
-9.327821058259714790e-03
8.291195337690166313e-04
-5.247577832494465739e-04
-2.563424025080390366e-03
-3.669670136956534423e-04
-3.948270784793629640e-03
-1.061398665323149944e-03
-3.526992543988607693e-03
-8.113557668450416954e-03
-7.115442836897147537e-03
-1.307593056133500922e-02
-1.396233614325061330e-02
-1.413657805537177868e-02
-1.686566411403695245e-02
-1.567944630644968820e-02
-1.436052964984305645e-02
-1.497183104259996837e-02
-1.437472804474882598e-02
-1.569313325732877781e-02
-1.523013597278810756e-02
-1.651123103324379088e-02
-1.464071250571289534e-02
-1.115050727307100725e-02
-1.190296299181595359e-02
-8.387476690536011664e-03
-7.574176596435276340e-03
-7.135709641379503823e-03
-5.725815618549022316e-03
-7.266308346703703042e-03
-3.207300237702893561e-03
-1.695961456919486358e-03
1.735217832346776191e-03
2.241176416363027061e-03
2.029179236121459503e-03
1.420708732619296302e-03
-9.671187139814402603e-04
-6.402720562660143069e-04
-7.662495869899489317e-03
-7.902272107036279261e-03
-1.239166845939834380e-02
-1.439511758425343797e-02
-1.507874996440740356e-02
-1.622579717187379658e-02
-1.342187202668713823e-02
-1.263311037683451273e-02
-1.137494237773527782e-02
-6.856578534126767446e-03
-4.895957380034702752e-03
-6.067821706917586252e-04
9.589281753876995398e-03
1.258938995120137405e-02
2.522478393312817951e-02
2.969345404476822492e-02
3.767785552206013439e-02
4.922758822573997106e-02
5.481913824212460845e-02
6.079549940374440187e-02
6.388261285262240852e-02
6.358516115213171116e-02
6.556699711922836515e-02
6.675332708195781672e-02
6.824429321371006107e-02
6.900301533428916667e-02
7.117622954371299882e-02
7.207464346543351885e-02
7.358748352590491204e-02
7.755523329025885981e-02
7.932008617592133104e-02
7.965393118394768768e-02
8.122159155415657750e-02
8.290718301375969712e-02
8.135929131112781820e-02
8.633190276578936451e-02
8.814194520976954828e-02
8.507370962160762384e-02
9.486201397643702349e-02
9.481262577592958207e-02
1.020699534240953055e-01
1.209866281836934898e-01
1.238362959975496114e-01
1.492929324036627592e-01
1.495426473795476163e-01
1.584998986845805313e-01
1.604430965609985604e-01
1.508819545857385813e-01
1.558080477031154598e-01
1.418475471161906587e-01
1.343554416606503599e-01
1.258003988477196800e-01
9.821259064239187819e-02
8.636194814094126648e-02
8.124018124687487630e-02
6.505919320558559149e-02
6.412310059644539539e-02
4.921317075898436894e-02
4.211836291464687160e-02
3.653716089544112311e-02
2.550672965304558171e-02
2.356015369671413812e-02
2.020879952768814616e-02
1.543305252162863878e-02
1.600223805919699302e-02
1.126860799887188791e-02
7.646336916958009627e-03
5.332538358956301697e-03
1.023347967150272167e-04
9.005248820230969068e-04
-3.459295396157595695e-03
-5.294804683704868072e-03
-3.201706721206060060e-03
-6.101193597680415123e-03
-8.000746189351761253e-03
-9.700919216547381277e-03
-9.809037883869995908e-03
-1.068906411675362052e-02
-9.886187562834269915e-03
-7.790221611843304271e-03
-5.673841039784304971e-03
-2.718083221270656356e-03
-2.172197105739597910e-03
-5.777335950015288204e-04
4.270906659953898374e-04
-2.229318735078896722e-03
-1.455793496383925648e-03
3.083938713712412890e-04
-1.844388202835520922e-03
-5.767692919481602880e-04
-1.490986492643787227e-03
-1.790968258228264930e-03
1.255036672750630116e-03
1.138959535715586627e-03
8.280276486879028239e-04
9.621818301156690161e-04
8.193408695376824162e-04
-1.981018248491671439e-03
-3.780982405491691446e-03
-4.123982522970799473e-03
-1.021736565924847087e-02
-9.857559540535094228e-03
-1.065191436764212005e-02
-1.315894050247688914e-02
-1.005396507795987444e-02
-1.077724067698427116e-02
-1.001494260165441789e-02
-4.421138696182960910e-03
-4.459348311771213144e-03
-1.428792091162952747e-03
2.696748869619645939e-03
5.668374834664891134e-04
4.982328427679398250e-03
9.982125404273544875e-03
8.202890748558818237e-03
1.051516807829375524e-02
9.633734959816656410e-03
8.121931041942120552e-03
7.853627565323895512e-03
4.753616998123725602e-03
4.201501180840036369e-03
5.096317302205663653e-03
2.662307368433353312e-03
4.391545037640000662e-03
4.148645594030924560e-03
2.887960675261177883e-03
6.169847185462102278e-03
3.672190441312301028e-03
2.942050838743241400e-03
3.538123964206450582e-03
-4.717358431538522419e-03
-5.357343859964116065e-03
-6.220596922939259851e-03
-8.190234879720186684e-03
-9.286995723758451754e-03
-8.892334801644809564e-03
-1.012284911194647787e-02
-1.292395177358215269e-02
-1.195809281955337831e-02
-1.618525694549692931e-02
-1.523992051750538111e-02
-1.621294706441792424e-02
-1.703317382783304385e-02
-1.598888812586041555e-02
-1.509738138136080578e-02
-1.443005134378979107e-02
-1.144201398442173598e-02
-8.507673716466723074e-03
-6.812787055156977779e-03
1.660236449131486389e-03
6.766855472033244528e-03
1.700016009167334627e-02
3.360558171661268828e-02
4.346559244165780489e-02
7.098670599847198281e-02
9.368491680813449685e-02
1.015243121963473605e-01
1.234093075386468730e-01
1.268374465213161217e-01
1.304199956973775554e-01
1.384243339249116578e-01
1.353134824047824980e-01
1.355955524677265878e-01
1.338901914915098246e-01
1.240855328857518591e-01
1.120628446279647999e-01
1.036687712830302449e-01
7.383633816146441264e-02
6.524874306174480165e-02
5.688280101407063027e-02
4.734781419700251348e-02
5.016023191200032205e-02
4.871062746068256094e-02
4.795901523285567986e-02
4.797558679014906485e-02
4.414344357293738946e-02
4.294951246091239377e-02
3.891385639072430375e-02
2.967963093749355005e-02
2.495029663909473922e-02
1.990736410353466726e-02
1.560869763214815797e-02
1.335647453633396348e-02
9.890131116983150519e-03
8.928717298289395865e-03
6.286698354400964590e-03
5.134522397148538753e-03
5.704391831124102329e-03
2.727277533693929935e-03
3.736428253032185887e-03
3.464986658552435435e-03
-3.079757296926015700e-03
-4.478979917757623707e-04
3.765059128205400631e-05
-5.697942375549066131e-04
9.034612636640801733e-03
1.091205088574093325e-02
1.778698931216518911e-02
2.095248500384007742e-02
2.409605391545614414e-02
2.548862175831189195e-02
2.406503858301854010e-02
2.315135625596189198e-02
2.396651292052278878e-02
1.999688388613820797e-02
1.668322983622161013e-02
1.347360156922609332e-02
4.969064970954088431e-03
4.233830005884493472e-03
-1.563588384861912175e-03
-7.296100269933906632e-03
-7.500490500966375436e-03
-1.393337227211892231e-02
-1.429360342542853116e-02
-1.225023364608335968e-02
-1.331269713606499788e-02
-1.060864617884484280e-02
-1.032785880033804983e-02
-7.758811458932629752e-03
-7.259621080249223889e-03
-5.998631210177158592e-03
-6.839210538375592452e-03
-4.869258312668111460e-03
-1.300954048571354186e-03
4.080391598433247887e-04
1.533575945914339607e-03
4.665371230961294115e-03
1.037545150334100164e-02
1.381863035089022675e-02
1.874734254897226365e-02
2.431620338650231083e-02
2.943177917965950074e-02
3.501505375545296839e-02
4.409639681319392490e-02
5.807430694289534429e-02
6.211771432265673909e-02
7.270024754943840706e-02
8.112994440593128409e-02
7.342686261222447497e-02
8.524244207846461141e-02
7.776047182955511672e-02
5.324355267174546436e-02
5.088243691124714335e-02
3.260750774681004521e-02
2.481802348656412388e-02
2.130339831269657466e-02
1.454991320884176272e-02
1.303753417395625905e-02
1.115666729793474317e-02
1.041008520303085376e-02
1.177890729615362932e-02
1.043960898259768330e-02
1.128637241412105800e-02
1.155983520690621880e-02
1.123031806052095065e-02
1.233378145928579021e-02
1.228052953592125018e-02
1.288095549006296366e-02
1.392539005480069279e-02
1.395107499785061891e-02
1.531111653421947036e-02
1.554600248544763842e-02
1.539351272547805939e-02
1.629259897780192465e-02
1.582820813574305208e-02
1.631664399575185123e-02
1.664160811379742505e-02
1.611534003972899323e-02
1.711474490863927958e-02
1.632541036402894788e-02
1.597128057054056707e-02
1.556382066461880348e-02
1.295906760557680865e-02
1.239758212033959493e-02
1.023297366515329640e-02
7.521962206322447934e-03
6.822061344286584408e-03
3.135616558485283985e-03
2.507971022547019705e-03
2.398238961822311052e-03
6.038017214588635179e-04
1.443213021573145662e-03
9.660154172087234876e-05
-4.886749512641836017e-06
-2.517507437077129472e-04
-2.707773264808923611e-03
-3.803401137325835690e-03
-9.536986000447868206e-03
-9.510044204520042010e-03
-1.149526863730686993e-02
-1.237803018688054570e-02
-1.301041001476430960e-02
-1.355075485089793363e-02
-1.334812414432303904e-02
-1.381137050839450001e-02
-1.308160955348194876e-02
-1.319721974076325591e-02
-1.291052511279977728e-02
-1.041474555734268718e-02
-9.611995942174341931e-03
-7.562742572985273713e-03
-4.959160226787519971e-03
-4.083226745723415874e-03
-3.773250583872436313e-04
2.889423220238855269e-03
3.843559472072443500e-03
1.316495408120983354e-02
1.394050656840711833e-02
1.642839999208719690e-02
1.982156724301993231e-02
2.018268947328905744e-02
2.212727667034383380e-02
2.312273989210498343e-02
2.353014173771151435e-02
2.436646563587101591e-02
2.451807944579012868e-02
2.455506769583024052e-02
2.463075485595516562e-02
2.420945585420235246e-02
2.365113392129519765e-02
2.321751382070089825e-02
2.179137122125099704e-02
2.075757182877104035e-02
1.945107473290216826e-02
1.619498986548828512e-02
1.535453377494396671e-02
1.104956268059515724e-02
5.967617622527388727e-03
5.819468009924718549e-03
-6.923407654639749872e-03
-7.124727671293898910e-03
-8.493084374405913961e-03
-1.236299936673564484e-02
-1.047768265078266939e-02
-9.273242100196135360e-03
-1.000711882513034834e-02
-4.411340244396371769e-03
-5.242287711795797639e-03
-5.184183701575291979e-03
-3.753551856775436124e-03
-4.149482509006896871e-03
-3.697272251619865280e-03
-3.623098174831280473e-03
-3.839315505211834002e-03
-3.739858990856644982e-03
-3.831035091838258348e-03
-3.970808937520293319e-03
-4.153785712374149369e-03
-4.180495639096008104e-03
-4.709243333565375951e-03
-4.688743206893936435e-03
-4.779883959660139077e-03
-4.922838769621227552e-03
-4.913099801528259328e-03
-4.982775232395608017e-03
-5.013849295360885833e-03
-5.023560505360261282e-03
-5.052914245892261777e-03
-5.060368576994435721e-03
-5.070127023163795328e-03
-5.080350824061101445e-03
-5.083809165078674586e-03
-5.089524184864303337e-03
-5.094028860124838985e-03
-5.096034086668148506e-03
-5.100699303696594987e-03
-5.104360944728368946e-03
-5.105224702133979650e-03
-5.115354414739908123e-03
-5.116057821443789969e-03
-5.121335266622694705e-03
-5.146434418608947930e-03
-5.129846169485900546e-03
-5.172833843387882914e-03
-5.204342716807082263e-03
-5.151675365995347401e-03
-5.344299844805671870e-03
-5.252632965295582317e-03
-5.276189360544385719e-03
-5.795070647274193701e-03
-5.100401075774282748e-03
-6.025615008380134051e-03
-6.340071527956069562e-03
