1.235084164806976803e+00
1.286952435840575948e+00
1.255531271964042794e+00
1.255033987912729687e+00
1.203927060241465785e+00
1.208438491071547771e+00
1.212342971528262758e+00
1.199501631693660642e+00
1.204416962945844327e+00
1.200449959171056902e+00
1.197713044677735095e+00
1.198239289871619873e+00
1.192012415935728376e+00
1.192379133114684242e+00
1.186365111006467021e+00
1.174395872151703601e+00
1.180716523577111765e+00
1.146737038539595188e+00
1.137834191512143489e+00
1.141574532539365583e+00
1.003882080299580926e+00
9.976035755179851749e-01
9.479796806852569535e-01
9.197985244423619866e-01
9.339596063785060576e-01
9.465600723357190383e-01
9.486534512800106622e-01
1.051041701174335374e+00
1.088856193809575101e+00
1.152948543916335167e+00
1.528035811261637011e+00
1.638972505553357273e+00
2.034993882835648638e+00
2.905750714417179470e+00
3.231223540897639523e+00
3.773937431595482561e+00
3.951954750541486927e+00
4.093336272451786328e+00
4.442546933508707774e+00
4.467995126590425414e+00
4.645844829161999812e+00
4.681287085855122321e+00
4.708484727463591035e+00
4.781992365365027808e+00
4.798466199552355427e+00
4.843104489077593833e+00
4.876757671841792430e+00
4.920866240138201064e+00
4.918333434047170272e+00
4.886663189684143482e+00
4.853409076573361070e+00
4.750878836338223721e+00
4.659914949089910330e+00
3.737840244014593249e+00
3.508956175804303523e+00
3.156364548281238136e+00
2.556966877955378692e+00
2.421887375063618730e+00
1.900403021058988617e+00
2.475292764707827775e+00
3.396491704734195149e+00
3.854767547853986009e+00
4.915158361572200540e+00
5.149875187754137329e+00
4.996493167904842103e+00
5.180841091787245389e+00
4.902917941530322565e+00
5.411491010284847469e+00
5.905670776102781794e+00
6.484709165105210893e+00
6.550857513921669373e+00
6.684105629278022320e+00
6.648655148753730870e+00
6.712487886898963474e+00
6.714172957596693081e+00
6.632627462756630621e+00
6.654312853750141699e+00
6.544822132113141677e+00
6.480698083903705609e+00
6.443360667640558148e+00
6.280844806288765625e+00
6.233381770475991956e+00
6.074701796317116376e+00
5.871738891056602405e+00
5.743473897992891430e+00
5.397789299821158515e+00
5.060069835546300077e+00
4.723599447688422437e+00
3.723903402790216255e+00
3.076591692710266557e+00
2.750940716486550919e+00
1.637230753043007470e+00
1.588455830465001828e+00
1.580305279801476726e+00
1.042459441585216418e+00
1.316585060302815302e+00
1.040774860874004837e+00
1.025241156362757255e+00
3.353690151709798783e+00
3.530370809427772816e+00
3.621992239796460566e+00
3.924695060930165180e+00
3.455027524095092506e+00
3.385016861538370225e+00
3.833205482055547453e+00
3.410381273948594583e+00
3.715033270663669285e+00
4.170399508880990425e+00
4.287520852500048107e+00
4.665519778178887300e+00
4.816095494930871190e+00
4.954498307040720917e+00
5.106158480455935234e+00
5.261114620709481215e+00
5.406551816941594701e+00
5.600718988872449344e+00
5.695373919880842628e+00
5.869854779478732354e+00
6.044433625833688595e+00
6.040864034597190013e+00
6.209559053313059351e+00
6.200581802974165946e+00
6.178832993384639316e+00
6.240690633911604834e+00
6.068745076395878790e+00
6.049873492352316973e+00
5.871290355881523482e+00
5.593568261104415740e+00
5.443831270126306521e+00
5.162530114021223859e+00
4.826575490423360648e+00
4.746721820844093109e+00
4.845997598393051220e+00
4.813535664983614737e+00
4.839449435989361170e+00
4.831823934637032636e+00
4.823225872199500941e+00
4.833789787708907326e+00
4.827453239636889215e+00
4.824219526468744412e+00
4.835773858971010419e+00
4.824504877374609535e+00
4.827258985679768521e+00
4.854579455523976961e+00
4.852780867418544197e+00
4.848392311196148441e+00
4.851042300980191513e+00
4.816960544233431563e+00
4.806678099343674404e+00
4.768002771918678384e+00
5.114645608367614393e+00
5.436867428215532705e+00
5.480653632987597668e+00
5.737129494010810404e+00
5.702231405041695567e+00
5.712642473575901825e+00
5.719503255010234710e+00
5.649559639234759345e+00
5.750596990197966996e+00
5.747682439614636429e+00
5.750565450970910319e+00
5.878809793175879150e+00
6.059784474241248553e+00
6.228184750226676059e+00
6.225638307874721278e+00
6.304545958818905227e+00
6.272612659766338084e+00
6.253474881334813773e+00
6.259380333330934576e+00
6.171845510895489717e+00
6.148603081879663534e+00
6.055805012321365588e+00
5.946909851199244201e+00
5.836826691263536482e+00
5.750453819558704716e+00
5.623831922074832512e+00
5.539008009006799682e+00
5.445199372198464616e+00
5.328768814802385734e+00
5.322178207244145476e+00
5.249269996988521036e+00
5.233186567354483287e+00
5.213901695078403620e+00
5.162048112473806682e+00
5.167536177222824989e+00
5.138606084220739056e+00
5.113488603102168462e+00
5.134211919780664601e+00
5.199908983811568852e+00
5.253155973297090497e+00
5.477168464908972467e+00
5.536309932494090091e+00
5.603513095216309914e+00
5.742485316466876100e+00
5.730437879686246738e+00
5.787026443015973243e+00
5.748403112059966347e+00
5.739698930133315002e+00
5.669207942327136429e+00
5.506184103472975266e+00
5.325320666304144801e+00
5.121928675819773069e+00
5.111862753480587607e+00
5.003153801424112146e+00
4.987647043224400001e+00
4.905366359987135993e+00
4.812012825717127740e+00
4.769626703530156497e+00
4.633954019020352533e+00
4.568139584209585102e+00
4.471612058030931536e+00
4.260645391013264671e+00
3.881948544689877600e+00
4.053921112073466837e+00
4.055089611120817672e+00
4.281882666139228633e+00
4.402483316036538419e+00
4.733679455523342128e+00
4.861978680065030645e+00
4.611855711952298265e+00
4.634766565206546396e+00
4.726008076772049371e+00
4.753651636177459672e+00
4.771757490342433350e+00
4.840856870372247656e+00
4.836166552980691868e+00
4.862593447503759769e+00
4.925933087750476780e+00
4.939548544910423722e+00
5.042356187583314941e+00
5.199310315523788972e+00
5.306867581695692060e+00
5.484605182689922032e+00
5.636605754441164073e+00
5.757347867914051065e+00
5.914524363413251606e+00
6.004207066780111290e+00
6.120124656231963556e+00
6.225901141816644113e+00
6.273096989344697505e+00
6.385867658717258699e+00
6.413874734102467556e+00
6.450952364011665274e+00
6.478789128386933882e+00
6.458970905881427527e+00
6.481129953231095975e+00
6.463235711015174800e+00
6.429504243787498297e+00
6.435433002857338991e+00
6.358725129664633435e+00
6.311685212293773439e+00
6.238982784037220952e+00
6.028196617946009361e+00
5.923405887883081533e+00
5.470404804180605929e+00
5.196765216544398491e+00
4.266583967650964482e+00
3.783919175685144687e+00
3.398421387666484605e+00
2.596984270830156927e+00
2.593849191503111218e+00
3.219649327204726408e+00
3.072118828786513323e+00
3.788430793166559063e+00
3.915385802712787910e+00
4.383200180215731656e+00
4.537631492760002772e+00
4.584002948390278220e+00
4.844552074740059666e+00
4.885900727337085137e+00
4.932270644564638040e+00
5.188961817901296847e+00
5.093210536684018130e+00
5.132702477653359630e+00
5.098730305720279077e+00
4.693092495116574447e+00
4.696604339072598222e+00
4.236338132843796345e+00
4.020469963022816451e+00
3.833171445249284659e+00
3.525003310629906128e+00
3.970825459252384171e+00
4.427842512431580779e+00
4.352938109596681926e+00
4.735929845921158510e+00
4.942264583469223815e+00
5.367280303522639073e+00
6.017279979361179976e+00
5.995125401835877277e+00
6.002925859253619656e+00
6.052327486345674856e+00
5.741770971884294639e+00
5.615304081375396272e+00
5.252949470864239245e+00
4.591644759365736128e+00
4.163458025460173850e+00
3.712179309421958617e+00
3.187204562100188543e+00
3.071420548048765298e+00
2.326237972782667196e+00
2.193087304392498549e+00
3.523870302822639466e+00
3.802643952475039946e+00
4.652581215484773658e+00
5.363558111479867385e+00
5.465826289871202448e+00
6.059796364158984261e+00
6.066459384747174610e+00
6.137066294513180864e+00
6.171470503342773917e+00
6.172741754155572913e+00
6.204984137176177583e+00
6.216766228997085086e+00
6.234033266102008142e+00
6.258569777291937086e+00
6.268650308808292770e+00
6.298876512515829695e+00
6.310239835823701959e+00
6.337395875655917443e+00
6.363290247278641232e+00
6.373534617416814818e+00
6.417482631687575712e+00
6.417684197498191523e+00
6.436601441673466262e+00
6.443691123159270617e+00
6.400272277917690822e+00
6.415455561915025307e+00
6.372823750181892066e+00
6.348669684048132034e+00
6.337356572340853589e+00
6.254815846748388530e+00
6.217653643898065852e+00
6.123312400652627829e+00
6.008176110739850806e+00
5.940702346718340188e+00
5.822308442340532686e+00
5.746130667466053055e+00
5.644940998235436602e+00
5.515611871145991607e+00
5.411323100324531232e+00
5.239482329783838210e+00
4.889694047246186059e+00
4.760753986927254822e+00
4.659656102094682950e+00
4.759437016333233572e+00
4.708847091292120979e+00
4.649168876001740891e+00
4.710636876559195940e+00
4.519159779783529451e+00
4.464046617185777777e+00
4.108353942649711321e+00
3.641044709129276580e+00
3.775474117166093713e+00
3.794114921158975307e+00
3.778583231544057064e+00
4.621147937872443379e+00
4.814560713670346992e+00
5.045414256493859995e+00
5.352107310645296323e+00
5.409394759494889016e+00
5.624989975720094293e+00
6.096044715101515798e+00
6.230079688032700957e+00
6.373775859387842857e+00
6.518770206919750621e+00
6.564418225920424455e+00
6.667350118474691278e+00
6.699705215008379788e+00
6.740758657424851918e+00
6.775484808557764360e+00
6.773263185368865180e+00
6.780684812773297487e+00
6.775351426185252990e+00
6.767837723130812222e+00
6.751364520045673778e+00
6.736059507754315057e+00
6.713032570800725907e+00
6.666477258724394339e+00
6.635725633847340710e+00
6.592139846982795426e+00
6.553281066943605460e+00
6.521612001069481579e+00
6.481392785144838520e+00
6.451632447505009083e+00
6.419112787186821656e+00
6.385223529575023704e+00
6.359439224613930186e+00
6.325783443338640843e+00
6.298144514142514083e+00
6.271545785216821933e+00
6.237303266506541100e+00
6.214980440727300603e+00
6.182021562883568855e+00
6.150558580467892611e+00
6.128747641798194756e+00
6.084763197270226520e+00
6.060599960951744691e+00
6.022417919063710379e+00
5.960981916613266485e+00
5.915828620702839657e+00
5.721055487904398440e+00
5.632024104570369616e+00
5.488134085645037352e+00
5.321691194031542338e+00
5.166617755737815010e+00
4.956459753836675475e+00
4.206229551194358152e+00
3.983491492120381228e+00
3.548573619909645593e+00
3.158149450318581408e+00
2.654247096573883802e+00
2.362258161338666618e+00
1.861387325132881854e+00
1.765402763279415810e+00
2.319225031033850470e+00
2.142084863026815000e+00
2.357311854084060077e+00
2.498770044543066504e+00
2.473708562065158656e+00
2.641853742032116426e+00
2.717483966063070078e+00
2.775191093939616493e+00
2.988102543103121178e+00
3.113333163010664428e+00
3.289783137113510669e+00
3.752676476044850773e+00
3.870738400484523112e+00
4.360148972709810167e+00
4.427496381837030981e+00
4.532197800451811531e+00
4.722402737507056969e+00
4.726730794777770583e+00
4.823244609380952674e+00
4.905194262419489526e+00
4.928361656860746010e+00
4.985198657984270199e+00
5.072274285760206780e+00
5.024984368519560540e+00
5.011429590183763771e+00
4.763321692340345415e+00
4.620732928554796892e+00
4.502475651517109156e+00
4.316226788189824859e+00
4.219299596287410914e+00
4.073455124311779585e+00
3.954355993135876712e+00
3.832643588191772199e+00
3.700036288529088502e+00
3.593426583515058503e+00
3.424302950334841444e+00
3.326325031868750060e+00
3.153189668125030654e+00
2.964697793269149617e+00
2.880702856595147132e+00
2.569365547576749620e+00
2.495121207741260783e+00
2.420129432365513811e+00
2.272778741326644703e+00
2.262149070434740228e+00
2.151268959093076472e+00
2.079326508178159116e+00
2.065383120897188007e+00
1.866799210716705737e+00
1.849586313213548383e+00
1.768904589080815271e+00
1.715217271118162801e+00
1.696380812359251200e+00
1.653496637534281444e+00
1.636980587968690060e+00
1.596790753966030874e+00
1.573113149038556813e+00
1.532692748167036489e+00
1.443414894521932501e+00
1.434138532576417990e+00
1.274034088178252366e+00
1.254490844311342057e+00
1.283170798774491139e+00
1.210551298653069763e+00
1.229359294008276482e+00
1.223032327831893085e+00
1.207811397472633219e+00
1.215017237689117513e+00
1.208034567692466643e+00
1.206559698170661443e+00
1.207324366767065227e+00
1.204685832909823562e+00
1.204891963028922097e+00
1.204452998167307110e+00
1.203626846180979593e+00
1.203702410070744744e+00
1.203307536879572703e+00
1.202596410553275597e+00
1.202937432335912771e+00
1.201829046793410072e+00
1.200834811248501888e+00
1.202153573483158322e+00
1.197070086030666669e+00
1.198749578709092933e+00
1.198560074298284039e+00
1.182951969962489969e+00
1.200997935531718186e+00
1.175649249823754960e+00
1.155873333344997311e+00
1.215381536231072701e+00
1.070627240897104704e+00
1.164994904191755998e+00
1.231098672087530543e+00
