7.356774243825153770e-01
7.959791145217496311e-01
7.654231243757136927e-01
7.643964410948976829e-01
7.191160096800961465e-01
7.241899601610505277e-01
7.286402108732144001e-01
7.140133753843247444e-01
7.196672094931265695e-01
7.150726695876850059e-01
7.119040576163299106e-01
7.125128565345560938e-01
7.052968976615193730e-01
7.057227169388974319e-01
6.987514274776501777e-01
6.848729764800152164e-01
6.922336538442156462e-01
6.526210545069603963e-01
6.420605636336554900e-01
6.466520930967898373e-01
4.738640468141491757e-01
4.666492873210162928e-01
4.086634829057892437e-01
3.759244797113892034e-01
3.923400757976061581e-01
4.069425355035115599e-01
4.093728512599902891e-01
5.280347242682063014e-01
5.724620429396860555e-01
6.469708140498511284e-01
1.083361033838952325e+00
1.211936168854202300e+00
1.663363146143244542e+00
2.673146863122600969e+00
3.049479931952624234e+00
3.675892587565057656e+00
3.881715577752868018e+00
4.045851219511303221e+00
4.449442766161985752e+00
4.479142522393374293e+00
4.681967221467914442e+00
4.723490797337007052e+00
4.754539694763631807e+00
4.839481783099191858e+00
4.858529423469276409e+00
4.909552294460311828e+00
4.947618464136735561e+00
4.998065311238061526e+00
4.995317129424144298e+00
4.960698564484991913e+00
4.921402895187343418e+00
4.803126480091632011e+00
4.698326528495586629e+00
3.635985218062326219e+00
3.371635915180360765e+00
2.962521111971343934e+00
2.269567818903719836e+00
2.114463928576209906e+00
1.512515560535388381e+00
2.175653718599854347e+00
3.239690867731875201e+00
3.768423712556492333e+00
4.993554532551960357e+00
5.264467164022699208e+00
5.089567536186799579e+00
5.306022633304873004e+00
4.988275119115797018e+00
5.575815934624342773e+00
6.141471625458952310e+00
6.812038765660668460e+00
6.884419408242230531e+00
7.022014047233246181e+00
6.980680029719505519e+00
7.052035608040701398e+00
7.050481260145454954e+00
6.962389990649844762e+00
6.986276334473316751e+00
6.864467942676917289e+00
6.794009653989307118e+00
6.750216721342374271e+00
6.569014529009672643e+00
6.513849395228315409e+00
6.331086279398792982e+00
6.106366872591437733e+00
5.958993751437964725e+00
5.554788809396925764e+00
5.169736508074884718e+00
4.779473290911302463e+00
3.617897314794513264e+00
2.868429603528511951e+00
2.491855913604033912e+00
1.210430177012620900e+00
1.153638058944034483e+00
1.142571526058582698e+00
5.195440084121216717e-01
8.387214857499968312e-01
5.189392059065055518e-01
4.998490669883935977e-01
3.186527146404082966e+00
3.389305360493636066e+00
3.497068257817223635e+00
3.849485972015628921e+00
3.308205040029901234e+00
3.227572002954341102e+00
3.745243864539752110e+00
3.257739178043664641e+00
3.610461078577079430e+00
4.135377813480582532e+00
4.269872848786544495e+00
4.710789104797132865e+00
4.887364714844561142e+00
5.045279415668606937e+00
5.223883450224391822e+00
5.401476861472220392e+00
5.567090895515632631e+00
5.799676339046509810e+00
5.905097907126876322e+00
6.093923862030345973e+00
6.288559957617978036e+00
6.283428117499589405e+00
6.470815640396505586e+00
6.462061623795647414e+00
6.438411196601539821e+00
6.511988907530268378e+00
6.318015981523745772e+00
6.300389023065011251e+00
6.102271998074892956e+00
5.783987419625646886e+00
5.606953771035776413e+00
5.285092782668867173e+00
4.900913947532249182e+00
4.807765534631438520e+00
4.916811395061189138e+00
4.875482433014603600e+00
4.905075842073731707e+00
4.896977590624435273e+00
4.886764428010563321e+00
4.899072543785923273e+00
4.891815399705924605e+00
4.888079403983002891e+00
4.901451135001839710e+00
4.888987726402914014e+00
4.891957606639047107e+00
4.923661890595560919e+00
4.921256125141929338e+00
4.916754994626468367e+00
4.919842806334262519e+00
4.881461644039305270e+00
4.873266654493487060e+00
4.830258885906459909e+00
5.229073011539564497e+00
5.595591282601107608e+00
5.645267697082233305e+00
5.939647048480272140e+00
5.900548626872589963e+00
5.906061114432469950e+00
5.927176705712888349e+00
5.846299760084754382e+00
5.963150053958074182e+00
5.960090198967736619e+00
5.975138614122337266e+00
6.119872943252016029e+00
6.308175380919740505e+00
6.495458826440672517e+00
6.492035087992015008e+00
6.579733065379619106e+00
6.546694849168481767e+00
6.524689907704819269e+00
6.534016719338978874e+00
6.435821321555024177e+00
6.409059596129625724e+00
6.306720694445470343e+00
6.176498635056810294e+00
6.049603809364988649e+00
5.948843073483524257e+00
5.806779724842789925e+00
5.712504971396515252e+00
5.605904031003870358e+00
5.477675647710685602e+00
5.464529922421144548e+00
5.380074545959735666e+00
5.359152437419922421e+00
5.335267858522542817e+00
5.277384214657478090e+00
5.283640066120818268e+00
5.251964490040988309e+00
5.228438653753373799e+00
5.252546811472466715e+00
5.334539534767095859e+00
5.395725245562640104e+00
5.640622636702059545e+00
5.705588484939977612e+00
5.788065064736475307e+00
5.944700951111152598e+00
5.935091054194645110e+00
5.997868363909650391e+00
5.955960924752226049e+00
5.939112058664303362e+00
5.852378294687380134e+00
5.670084591267347207e+00
5.471515711805877480e+00
5.242056173328474067e+00
5.222988573059749839e+00
5.096037935805302510e+00
5.074158964319255283e+00
4.981444062860966859e+00
4.874527337503780089e+00
4.828472922671283918e+00
4.676212515468367137e+00
4.598077457428737524e+00
4.488272919650701631e+00
4.241699639459313609e+00
3.803724600709311510e+00
4.001575344370050580e+00
4.001987344940929781e+00
4.264292812099655272e+00
4.403719519827518525e+00
4.786196723391190844e+00
4.934663029020396330e+00
4.647339428160900177e+00
4.674274644670564527e+00
4.778156797821009327e+00
4.809806554258768685e+00
4.830736061189958797e+00
4.910371539623016091e+00
4.905321466894675630e+00
4.936029908401737387e+00
5.009525903178295714e+00
5.028504345891559701e+00
5.150344076976002050e+00
5.330708341168810094e+00
5.460590804468917092e+00
5.661380598343714432e+00
5.830922534832000181e+00
5.966533908919663176e+00
6.145448300826489074e+00
6.246909853009953828e+00
6.379207568185987220e+00
6.500590220734753899e+00
6.552102117042457152e+00
6.680850867302315699e+00
6.710613571782055864e+00
6.750813864056907754e+00
6.781295144741563696e+00
6.758799401144324648e+00
6.783655483936453123e+00
6.762551563716543868e+00
6.725212065549034612e+00
6.731484697330868627e+00
6.645068524458506154e+00
6.595798039365483589e+00
6.514481394845996753e+00
6.283860860813451410e+00
6.168491143116253461e+00
5.644325309283702019e+00
5.328658731121272751e+00
4.246783327647436046e+00
3.689248678477585752e+00
3.243836231843831186e+00
2.316276805119988680e+00
2.311770897814688031e+00
3.034267059787665310e+00
2.863296314149393229e+00
3.695003059805660239e+00
3.842158645273811235e+00
4.381080398457775971e+00
4.559269486672875793e+00
4.612859262927291759e+00
4.914641624713054213e+00
4.962477908215583433e+00
5.016161902735293054e+00
5.310525940883216833e+00
5.198843683842159891e+00
5.243006103064041135e+00
5.205032598411111877e+00
4.740927062912217771e+00
4.744509809374732434e+00
4.212042256316715694e+00
3.962826781628013606e+00
3.746889238917947562e+00
3.390198193282476069e+00
3.904826632751651871e+00
4.432541819905606140e+00
4.347935804308520780e+00
4.793508150043426674e+00
5.031758747767877793e+00
5.520243444592759730e+00
6.262404934874027163e+00
6.233418662410084465e+00
6.239156378007361781e+00
6.293223861138445230e+00
5.940565353256296532e+00
5.800940751372082538e+00
5.391277938309812612e+00
4.629040924851518746e+00
4.130790914535522163e+00
3.607042694547228923e+00
2.999875499842336257e+00
2.866608980685548591e+00
2.005097695120792167e+00
1.850390465318919597e+00
3.387594108741443844e+00
3.709978047004850676e+00
4.693432252631096979e+00
5.518405204463033620e+00
5.636887615508401339e+00
6.306730586151999773e+00
6.313451555933865755e+00
6.399390346315819045e+00
6.438547766224605340e+00
6.437516679767936623e+00
6.473906002785133396e+00
6.486490708673437133e+00
6.505256252119942850e+00
6.533399411578829863e+00
6.544507646998064310e+00
6.578687488115196658e+00
6.591803354222586897e+00
6.622232600028893579e+00
6.650975504027362817e+00
6.662637995544576697e+00
6.710766395449142330e+00
6.710559983275651064e+00
6.732397079422881347e+00
6.740044740433183357e+00
6.693905961694460061e+00
6.710548925292743050e+00
6.662682634674864879e+00
6.635746734284237114e+00
6.621220991779842358e+00
6.529001475450002090e+00
6.487417556305700828e+00
6.382003197317809295e+00
6.256169207635982943e+00
6.178789439034257036e+00
6.039104589231188314e+00
5.953851256706784945e+00
5.838099072369032250e+00
5.690706058863972849e+00
5.577402569898890050e+00
5.382358431513970309e+00
4.970535976703509107e+00
4.824262787746038228e+00
4.705855241454800719e+00
4.815742128731614891e+00
4.756449605652013801e+00
4.687756699251416137e+00
4.758500367199763659e+00
4.538423961870407197e+00
4.474604138097008743e+00
4.063796590233215156e+00
3.524906977710779987e+00
3.680697791895751081e+00
3.702609322692033800e+00
3.684459727900347481e+00
4.658423535263453097e+00
4.882711839520208486e+00
5.146501927100683105e+00
5.502499079830080575e+00
5.581241148015468667e+00
5.826531268298138500e+00
6.350780685777454693e+00
6.501293510483696636e+00
6.663545522562778878e+00
6.826261015898002604e+00
6.876900144486286948e+00
6.990846763978727729e+00
7.027437668135142701e+00
7.072410336248049489e+00
7.112440514886215759e+00
7.109336582403383176e+00
7.118772002953258848e+00
7.113251393736085504e+00
7.103511550330866342e+00
7.087119091677909211e+00
7.069351533198134696e+00
7.043617488547688765e+00
6.997077796300920305e+00
6.962342533350718732e+00
6.916219725175216659e+00
6.873889956179914051e+00
6.837796458674563205e+00
6.793539477365404977e+00
6.759315374765802353e+00
6.722175942315753439e+00
6.683674320857953433e+00
6.653585733543801339e+00
6.615016964514055076e+00
6.583173978458641606e+00
6.552176117115606324e+00
6.513104456685169019e+00
6.487234557347218988e+00
6.449273439420685428e+00
6.414080315981564695e+00
6.388602579071750220e+00
6.339558334795984074e+00
6.313367886896549486e+00
6.269524658395971173e+00
6.203853388805190328e+00
6.152370315750577134e+00
5.926015495596454130e+00
5.824609189824670352e+00
5.659539641718362546e+00
5.468263523078451094e+00
5.295524862804667166e+00
5.051297372228172655e+00
4.177020524951630343e+00
3.918948152513342720e+00
3.414919729223165223e+00
2.962467315657186351e+00
2.380070262186850805e+00
2.042701950171248448e+00
1.463041017995580839e+00
1.351052571153022130e+00
1.990811182373261268e+00
1.785535814778047126e+00
2.034939106858709046e+00
2.198860950942367332e+00
2.169820397901408793e+00
2.364672692250179953e+00
2.452315584389113567e+00
2.519187291804575679e+00
2.765920508208815853e+00
2.911049848118052008e+00
3.115516906125346708e+00
3.653565666213462571e+00
3.790421051009142506e+00
4.354366892608963369e+00
4.431642531806544660e+00
4.552800211454400170e+00
4.773126179854605411e+00
4.778149848333020699e+00
4.890019855968657403e+00
4.984938100718542486e+00
5.011687103368315910e+00
5.077372152434225683e+00
5.175286717644017820e+00
5.118421722658808015e+00
5.099441546552511362e+00
4.818284383286927763e+00
4.655171211682262999e+00
4.520063170373671113e+00
4.304722388980475323e+00
4.192507712181657631e+00
4.023577733092647435e+00
3.885545812417760647e+00
3.744505508117273340e+00
3.590830726038522158e+00
3.467272617615553276e+00
3.271379358580372987e+00
3.157789669264094989e+00
2.957692544609650032e+00
2.740988977488375777e+00
2.644383582970759594e+00
2.293486771786477529e+00
2.206870479138745011e+00
2.118368944486050509e+00
1.947940529977142177e+00
1.935395049787756339e+00
1.807109496819492733e+00
1.723961538651371583e+00
1.707696223226506937e+00
1.485334911972886696e+00
1.465355864697347688e+00
1.372105087211066499e+00
1.310055791094193012e+00
1.288190795909135655e+00
1.238504676841525098e+00
1.219359659632304860e+00
1.172799300977908077e+00
1.145448962298580176e+00
1.098404396022897522e+00
9.958899057246577424e-01
9.857310237762201277e-01
7.903321296251756278e-01
7.675124265168826732e-01
7.994722748783922306e-01
7.229615514965107570e-01
7.445729425328228013e-01
7.372806558018804024e-01
7.197702504407150759e-01
7.280995974965490669e-01
7.200103229320955478e-01
7.183024257360448583e-01
7.191880970857004174e-01
7.161305478058791474e-01
7.163694222377292586e-01
7.158607295396121062e-01
7.149033579606001165e-01
7.149909238444481785e-01
7.145333314046987683e-01
7.137092541873029106e-01
7.141044415146590163e-01
7.128200080010765882e-01
7.116678524774433523e-01
7.131960656191593806e-01
7.073052457539404925e-01
7.092512133546301500e-01
7.090315059189074010e-01
6.909504375617985250e-01
7.118426965518558358e-01
6.825272212544432060e-01
6.599229931761491086e-01
7.282643815030190870e-01
5.663598533679178315e-01
6.870159322352717979e-01
7.594699886160181102e-01
