1.638657452390834064e-04
2.346054706400241936e-04
2.479476607586891378e-03
2.588452399872028485e-03
2.697506913418376649e-03
3.102507461348580006e-03
2.320458300329969730e-03
2.529567394554021759e-03
2.402616595510778056e-03
2.221354131052722097e-03
2.289454498469573572e-03
2.184858675851603874e-03
2.162481410845126534e-03
2.160862257302951887e-03
2.120579917440628282e-03
2.120672896398357113e-03
2.109824192170269442e-03
2.099662642252770467e-03
2.099887554156018316e-03
2.095449838551265848e-03
2.095836616716763388e-03
2.097294120522652603e-03
2.101105555220546435e-03
2.106611632167703155e-03
2.113457790980737949e-03
2.129216704725078388e-03
2.138768935628131921e-03
2.163156855099435116e-03
2.197837786035504708e-03
2.212382819874834407e-03
2.293853405159762722e-03
2.339291972691297152e-03
2.390564934297979664e-03
2.617259814570076573e-03
2.591460450877363514e-03
2.859473802756105909e-03
3.009228370011880153e-03
3.046950085830276139e-03
3.435844440543040380e-03
3.662396149362431332e-03
3.570512365798136651e-03
5.015024423811401642e-03
5.403338856315835666e-03
4.177469601684563778e-03
4.848372721057977314e-03
4.715841333610061581e-03
4.216798552865211845e-04
1.305102139112296160e-03
6.852978353270580344e-04
1.748738505399404842e-04
2.726600496293875818e-03
1.820458524089035249e-03
1.908119097885831606e-03
-3.101682006366268327e-03
-2.970393028841803069e-03
-2.729231623268216916e-03
-2.365601188672373460e-03
7.231939111105664545e-04
4.359064289387728358e-03
9.117571630324571713e-03
1.670732153818442478e-02
2.797944703041577857e-02
4.166122028764219359e-02
7.000988259831818217e-02
7.761140607392402746e-02
9.822350453723013852e-02
1.043878764991263003e-01
1.091185473795846933e-01
1.201203818703741044e-01
1.208009955203595970e-01
1.262828915163351495e-01
1.299902283455331709e-01
1.297664042609086854e-01
1.318170333726811638e-01
1.314365705679472196e-01
1.290239200295390243e-01
1.271969919227877721e-01
1.244898551119575647e-01
1.180034392553900996e-01
1.156992589231928825e-01
1.097907697734527982e-01
1.056389066843934910e-01
1.019086086467963920e-01
9.643931240173603259e-02
9.284345537004828897e-02
8.644959405627904159e-02
7.877940695816912364e-02
7.398081510841381103e-02
6.399418235941148336e-02
5.954616930042898326e-02
5.513675106429039019e-02
4.754702393984010927e-02
3.845042763798653396e-02
2.974162858207563334e-02
2.461784200718250895e-02
1.486755795454081097e-02
1.360529443971809221e-02
1.183623052560798389e-02
8.554848764904397079e-03
8.508588688631482655e-03
3.097330128254451465e-03
1.732318695162633456e-03
1.157542767298340436e-03
-6.394068534145118258e-04
-8.264394723127765560e-04
-1.713010624646524880e-03
-1.977342460082107383e-03
-3.358196504739551294e-03
-4.739505268320605078e-03
-6.783538315488804767e-03
-1.077953603510082084e-02
-1.288561968570420269e-02
-1.347106597650372245e-02
-1.240344115018523520e-02
-5.754306204403918101e-03
-1.441359560695121484e-04
6.838884494685175570e-03
1.615863263614337672e-02
1.572784076134847026e-02
1.746545862648237260e-02
1.780664953364782116e-02
1.266698288854155828e-02
1.218527245251775984e-02
1.317869002038270579e-02
1.119135891443047426e-02
1.079437779733919724e-02
1.050776748234348926e-02
9.427340518900239816e-03
9.477752798491646813e-03
8.119939196820614991e-03
7.931788893136042934e-03
6.217489008443266574e-03
5.245634437686111200e-03
4.051705065464320660e-03
-1.908755436930989913e-03
-5.694604155848916917e-03
-6.306757054966496273e-03
-9.294295144104305906e-03
-8.428995094397213894e-03
-8.001899348442757104e-03
-1.123233644050466128e-02
-8.582988381096041605e-03
-1.629903239417404212e-02
-2.292874754335412837e-02
-2.713879986398009050e-02
-4.331218994609523781e-02
-4.428143662748919296e-02
-5.356570549938187431e-02
-5.790050700183406451e-02
-5.516792614318049431e-02
-5.798287372369231168e-02
-5.695072592957740876e-02
-5.624562661487707976e-02
-5.789397494736270994e-02
-5.681217544130284097e-02
-5.756993429107010868e-02
-5.861537194909439974e-02
-5.827396320260447293e-02
-5.972077694769279549e-02
-6.082342056762961996e-02
-6.090116564457666998e-02
-6.345600355250229085e-02
-6.429188419837453261e-02
-6.535539255544310644e-02
-6.982470863316578291e-02
-7.064935518988507690e-02
-7.118055943342270486e-02
-7.222439635184924045e-02
-7.064941619310384502e-02
-6.849865195377348448e-02
-6.707327652281494523e-02
-6.214657878596655666e-02
-5.779976716717522001e-02
-5.413067871047956559e-02
-4.480035137939354650e-02
-4.083818663172003594e-02
-3.617145500405332531e-02
-2.963421843104759382e-02
-2.681500468846289426e-02
-2.158976742723227316e-02
-1.748149891928137828e-02
-1.609326147450552622e-02
-1.274552528379778969e-02
-4.750727649123886315e-03
-3.952964116006737853e-03
-4.332744991831930306e-03
-3.212616578112524168e-03
-5.799196455850199987e-03
-7.819925757031413391e-03
-9.880036091101711271e-03
-1.461945633417443061e-02
-1.509995221221357986e-02
-2.051739463454108417e-02
-1.809608183252317537e-02
-1.876359189985801756e-02
-1.698003533441675220e-02
-1.549207760838060624e-02
-1.379325183116373622e-02
-7.583815043960183411e-03
-9.366336730190627860e-03
5.730483377129303672e-04
2.215361590101243370e-03
-6.232448376520874182e-03
-2.797773894281620037e-03
1.012030439827609580e-03
1.756270129090094234e-04
1.973081855788926930e-03
2.731349051903586133e-03
2.773848567682418199e-03
3.774728342452876584e-03
3.876873974015843972e-03
4.131252643056203960e-03
4.481232372849725844e-03
4.646923408081714106e-03
4.980666303837887054e-03
5.254358493785803684e-03
5.451963670339867590e-03
6.077578746342324027e-03
6.250450736896514571e-03
6.897897632421034000e-03
8.060554415391588470e-03
7.920649572954159903e-03
1.039666004868555066e-02
1.132092802756644138e-02
1.021295630486146640e-02
1.124838569066789577e-02
1.113334034066108813e-02
9.344710552347292032e-03
1.159677506251240338e-02
9.418558352260218008e-03
9.305768912683204039e-03
1.215506932203621812e-02
1.564384647566106207e-02
1.497936563958969514e-02
1.573462543582696688e-02
1.449329217865873327e-02
1.330861803333064676e-02
1.546543068165223862e-02
1.299175862666494818e-02
1.461360840595585936e-02
1.442074945198236653e-02
9.665772572565064363e-03
1.143241005613896202e-02
7.451690139545870048e-03
6.496237729005828118e-03
7.604490906917740767e-03
4.309769413009202112e-03
5.256566110138507532e-03
4.657381649300860842e-03
-1.094211191859862731e-03
1.158339224176923048e-05
8.332417673566815336e-04
7.871842725711354931e-04
5.127841199526275012e-03
6.951827583470159173e-03
9.301154940422242529e-03
1.245594171546467697e-02
1.499651490019500780e-02
1.712537460362012140e-02
2.045356661943599150e-02
2.137834315282309550e-02
2.362047710400226597e-02
2.542052508608272712e-02
2.659567226514924707e-02
2.969763450412514841e-02
3.023588863130564214e-02
3.286077358396328335e-02
3.370369177850993103e-02
3.330012180840056374e-02
3.482177629633160382e-02
3.410692746652618096e-02
3.396807458228614379e-02
3.457257034308135191e-02
3.274329762986050857e-02
3.297542118163434427e-02
3.193030249882354565e-02
2.867543936615341710e-02
2.781446801357078530e-02
2.477868938928491291e-02
2.251712161517412450e-02
2.145037697286493808e-02
1.848909125691714991e-02
1.797640555500081352e-02
1.587598114920351841e-02
1.449675027138299169e-02
1.427440501975159835e-02
1.270027265736302889e-02
1.242478836153383150e-02
1.200389962326355205e-02
1.026480141448689494e-02
9.650822143484083862e-03
1.074653636782217994e-02
9.110923534942255361e-03
9.777172713765023421e-03
8.502523734289672147e-03
3.682209902417114215e-03
3.535080158471356603e-03
3.007103354606361321e-03
2.465129995608961525e-03
6.738784802654678233e-03
6.153939637386409041e-03
7.825697323127578028e-03
9.715302632074129460e-03
1.059433141134657162e-02
8.032816540448371734e-03
2.690085572515813015e-03
5.660488937126062926e-04
-8.193323448143828222e-03
-8.404425806977804114e-03
-1.155923129311016775e-02
-1.406732251887213986e-02
-7.140884746508821025e-03
-7.099481661955596608e-03
2.327054334742908581e-03
4.694128737705963693e-03
9.463174548632656211e-03
1.482280545007523022e-02
1.488251059722956078e-02
1.992445089786930301e-02
1.922571435930185355e-02
2.062781634665045508e-02
2.006925038998188734e-02
1.861274261690502863e-02
1.837213713378546900e-02
1.658542923936859315e-02
1.594086100675364340e-02
1.360533604401729414e-02
1.242070185908725373e-02
1.451204575232337146e-02
1.448866296373759778e-02
1.382163118954926259e-02
1.411194525452023202e-02
1.430135567760723592e-02
1.413525296077024901e-02
1.184289002764875830e-02
9.738752503493819379e-03
8.608160441331112397e-03
7.140940861765809888e-03
5.945564447272170226e-03
5.252206065246779916e-03
4.895542111587662844e-03
3.688642474451633586e-03
4.625044465834153400e-03
4.298961935161752304e-03
1.099213551913639716e-03
1.000495292232616695e-03
5.610636952372848344e-04
-4.992122668538097373e-04
-1.958988541816633763e-04
-2.251845807634926533e-03
2.340096863380472427e-03
4.189285079295892826e-03
5.360222521952116501e-03
5.896009088953713118e-03
6.655876216653426776e-03
4.620253324153766709e-03
5.068840761062279841e-03
2.706144550437607557e-03
9.379129569274353507e-04
1.240188998889022636e-03
-7.807387073493947741e-04
-5.618272554460941679e-04
-1.442229404230375685e-03
-3.312012968232738806e-03
-2.992761944955877901e-03
-5.217982103025962243e-03
-7.725474424319818401e-03
-9.504807503411361741e-03
-1.536217815895642332e-02
-1.771598110202348558e-02
-1.880668519573404363e-02
-2.238990673278173221e-02
-2.251823670016162710e-02
-2.584442378431068763e-02
-2.810312489187392557e-02
-2.974690045976506603e-02
-2.974209773087789152e-02
-3.242148296149569009e-02
-2.801659382326171857e-02
-2.884451798098773209e-02
-3.000576149475520787e-02
-2.834398741355013615e-02
-3.145151240065915260e-02
-2.937905737732604897e-02
-2.790183410842378767e-02
-2.786784966270166794e-02
-2.216718193563593092e-02
-2.001166506809575960e-02
-1.802770864326653719e-02
-1.476945171591669166e-02
-1.461687195521784929e-02
-1.298881148135459275e-02
-1.355863411526828100e-02
-1.204322239344600767e-02
-1.182998713706986081e-02
-1.590642754355768226e-02
-1.538290813272495325e-02
-1.815033451581778839e-02
-1.680115364300320893e-02
-9.197167527227004258e-03
-2.536128064199455554e-03
4.172807230558489566e-03
1.257947714680146892e-02
1.299532913687126943e-02
1.398912917834681593e-02
1.234210684776940181e-02
8.660789960018643041e-03
1.155250601376314572e-02
9.104492887407446625e-03
7.493492035229260516e-03
8.446893284064189295e-03
5.775130549106164898e-03
7.754137720304390274e-03
7.380208941501223419e-03
6.139479291508042301e-03
5.458845087778579908e-03
6.500762826279002891e-03
1.126556822152424871e-02
1.466772024626457165e-02
2.312089314475692867e-02
3.181027870417173914e-02
4.506450298126085663e-02
4.854378748952931089e-02
6.108788317490991548e-02
6.591213080498806165e-02
6.903137281614409038e-02
7.842449190048510210e-02
7.745296497275280800e-02
7.907764587686451352e-02
7.974138203608140130e-02
7.611805300511600980e-02
7.596940913034702647e-02
6.975633147365070674e-02
6.662237199282976252e-02
6.033161550487273900e-02
5.090927553375787507e-02
4.746003121094339444e-02
3.324844952668634668e-02
2.964131031292459306e-02
2.608004306714734044e-02
1.908418717018226310e-02
1.952583273583085102e-02
1.609914538731486641e-02
1.417358985943011594e-02
1.578498757270477282e-02
1.373594023194910432e-02
1.446595660216175132e-02
1.531428652942358470e-02
1.514093697310164681e-02
1.653280007429845655e-02
1.842765750036747321e-02
1.938957381739932900e-02
2.271615105553003236e-02
2.717248458123943874e-02
2.874826726905787416e-02
3.622000537350631572e-02
3.608575413449907621e-02
3.733203892968812998e-02
3.960963669683275484e-02
3.677434104252390312e-02
3.835095831130176658e-02
3.560886971988597854e-02
3.262637185198430378e-02
3.242838505764993745e-02
2.461722480094104964e-02
2.350235992441981545e-02
2.064194519203344999e-02
1.649226863519173691e-02
1.670367060223350297e-02
1.327752913118731594e-02
1.221393540832570006e-02
1.175274139380703096e-02
8.794204216740805768e-03
9.352009814024656378e-03
7.118620477920959734e-03
5.031587892840634450e-03
4.906698208536602185e-03
-5.892905330297169538e-04
-7.420341395855734913e-04
-7.936862694132214855e-04
-1.908139500034681732e-03
1.979507328498220737e-04
-5.704063251754625929e-04
3.053641297652700398e-03
2.500231970884401848e-03
9.460127416358278182e-04
1.484596897574830569e-03
-2.668561598121012637e-03
-4.174434941527534193e-03
-7.869458303722995721e-03
-1.377661681747548161e-02
-1.348912271398145825e-02
-1.288676652101620156e-02
-1.174151242839275959e-02
-8.450782819076385274e-03
-8.012580675041829775e-03
1.742532916512115311e-03
2.548296859553751334e-03
3.389635224127144145e-03
6.456643480292227621e-03
6.001086986991656033e-03
7.521279309796563041e-03
7.017636068262243787e-03
7.379597605967919832e-03
7.704547881560000304e-03
3.794094991620257720e-03
3.610362038872678286e-03
2.505581608915364526e-03
1.358044451885665263e-03
1.094226469390905060e-03
2.521260074345005298e-04
8.871655865129426043e-05
-7.842840767450749229e-04
-9.795155776646093191e-04
-8.587515543035376857e-04
-8.232320771158317544e-04
-5.617267398518302132e-04
-5.552057670851752403e-04
-5.097546783271415935e-04
-3.944728314894074242e-04
-5.366249307135632701e-04
-4.536442702510206271e-04
-4.573075558968831629e-04
-9.603844794622023616e-04
-9.907546262245769085e-04
-1.154691750645997625e-03
-1.300854836178093072e-03
-1.327800685093569405e-03
-1.415808433512378076e-03
-1.454457814669057837e-03
-1.479631494755169691e-03
-1.514108704578823574e-03
-1.527013883089634212e-03
-1.541989508301310884e-03
-1.553856542614026571e-03
-1.559704286037476122e-03
-1.566430579854546055e-03
-1.570451651147720864e-03
-1.572861627191489116e-03
-1.575208595767597615e-03
-1.576263655406897864e-03
-1.575885857895300331e-03
-1.576565353793944703e-03
-1.574695501619234952e-03
-1.571598336019947983e-03
-1.572277954077865069e-03
-1.562333802151633913e-03
-1.559747489431245965e-03
-1.557107324344203037e-03
-1.526616896758350257e-03
-1.541486836806129712e-03
-1.503345222602685098e-03
-1.449767762434453705e-03
-1.516812555724205347e-03
-1.314709683196287147e-03
-1.353964123832158755e-03
-1.400695268391110530e-03
-6.822891576950272695e-04
-6.425634838966238008e-04
