-8.190056945533508506e-04
-9.203298186758704803e-04
-3.492851600046712563e-04
-1.475542072777385154e-05
-1.157903955993382170e-03
-9.643242993299348809e-04
-2.346609448390646162e-03
-1.975090065843417182e-03
-2.166587240930359631e-03
-2.435137104258975997e-03
-2.149347849233302406e-03
-2.327368102674103392e-03
-2.291097360900982462e-03
-2.234892951061878599e-03
-2.295050991770157187e-03
-2.257730503331058583e-03
-2.261382928726887211e-03
-2.269846096893799684e-03
-2.257914538239867361e-03
-2.262312033304484434e-03
-2.259220408572844112e-03
-2.256780537452201130e-03
-2.253844167784677284e-03
-2.248063234463594171e-03
-2.246211417336074247e-03
-2.227942744353547666e-03
-2.222945201389312387e-03
-2.202987459627887400e-03
-2.148400877362149908e-03
-2.150094021959268135e-03
-2.014071373341592974e-03
-1.924475180114683511e-03
-1.831046994322176481e-03
-1.299691985854440138e-03
-1.319714605427047948e-03
-4.608283172435847412e-04
4.987613030453835370e-05
8.739829415001693124e-05
8.966798262690485683e-04
1.597528203600285905e-03
1.234800774258788467e-03
3.083932281395155173e-03
3.886407423411692569e-03
1.413508509998069335e-03
2.205610311230139960e-03
2.149293081438716918e-03
-5.191922884020773975e-03
-3.374271401512061314e-03
-5.661759097316670930e-03
-7.655278300222342382e-03
-5.410178266477542151e-03
-9.281159681519218427e-03
-1.005399363905764253e-02
-2.346573993553589810e-02
-2.615554702757370495e-02
-3.489570961355955431e-02
-3.999838147408100314e-02
-4.170618829788515225e-02
-4.784324883583900012e-02
-4.252846693326457761e-02
-4.259483572002319834e-02
-3.243766709232168144e-02
-1.426850161766679212e-02
1.178812774247523648e-02
2.032326546063262934e-02
3.752040027838596942e-02
4.216244323890225298e-02
4.693112283925474082e-02
5.649859234920006495e-02
5.645784288962384795e-02
6.326635551973716631e-02
6.719973648541811839e-02
6.806448233968349915e-02
7.462364065556637005e-02
7.537896519745206081e-02
7.814842538931401905e-02
8.229803158718689005e-02
8.153018599488381923e-02
8.403796856066235443e-02
8.464521809371727823e-02
8.198657727349639712e-02
8.401686215111767164e-02
8.023488400409031773e-02
7.834979366695996039e-02
7.727675330710830071e-02
7.033432611105187859e-02
6.683992368601680834e-02
6.251505144074484543e-02
5.497500388613760225e-02
5.279139266691301735e-02
4.934065847135912786e-02
4.435032812940507829e-02
3.425485614409880253e-02
2.632393280889998646e-02
2.114110684567014828e-02
1.068984745510602463e-02
1.021264728949828823e-02
8.091484313088580585e-03
3.807974170661798923e-03
4.785079388035939560e-03
-2.860324457510598876e-03
-3.953138273526309379e-03
-5.698316673189291783e-03
-8.893580555142655691e-03
-8.885979727585129745e-03
-1.091247352119599154e-02
-1.179494564908064799e-02
-1.450622616693702550e-02
-1.767361866650170310e-02
-2.120596238183560661e-02
-2.893669991721265974e-02
-3.212031573625452607e-02
-3.185033305033529299e-02
-2.824321455684126667e-02
-1.382875748964197161e-02
-2.862002491489015494e-03
8.075091386485237430e-03
2.492191388225656681e-02
2.453700583112428460e-02
2.896578420714404981e-02
3.173285637732256581e-02
2.367927100270355439e-02
2.442210948989521901e-02
2.406405339652371855e-02
1.879255414775894695e-02
1.808872712484051529e-02
1.676058346807143482e-02
1.319765925165541746e-02
1.344561303534596609e-02
1.082914573524431170e-02
1.028964573252351064e-02
7.718260553623000966e-03
5.691183320749869205e-03
4.550361152829882593e-03
-2.759737945941831330e-03
-6.658070115139679349e-03
-4.711300803791783863e-03
-7.835344719895068200e-03
-1.042848687044567804e-03
6.198998799924495401e-03
3.483163625613439583e-03
2.006181065822540063e-02
8.666727209075327301e-03
4.762393812360631203e-03
1.553168900182813226e-03
-2.498696113144337552e-02
-2.284315026083364591e-02
-3.910158116528671818e-02
-4.585518552248144669e-02
-4.202926229243356820e-02
-4.742049309291924974e-02
-4.542419949577038152e-02
-4.425943990751989715e-02
-4.651863550362456134e-02
-4.375287728097069367e-02
-4.444645249500519396e-02
-4.495764833257377691e-02
-4.350075158876024611e-02
-4.505899563081623704e-02
-4.549195176652916228e-02
-4.533587909748164335e-02
-4.806849583408783627e-02
-4.860227852033555812e-02
-5.008819913391528156e-02
-5.455255929709576512e-02
-5.578065108425991209e-02
-5.690321034112333365e-02
-5.819996482266180660e-02
-5.743542699122250461e-02
-5.535150081511513304e-02
-5.437774866510381583e-02
-5.032476040473508189e-02
-4.551683396575585683e-02
-4.333981277585682856e-02
-3.469597010097914824e-02
-3.080194652795539140e-02
-2.888362276391206671e-02
-2.166686521097163989e-02
-2.061149654777412119e-02
-1.715888688273200721e-02
-1.196901746483845785e-02
-1.324098270689200336e-02
-9.823148674142648251e-03
-9.460235853204737762e-04
-1.991793554329841093e-03
-1.822346712459571669e-03
-8.000538652500804654e-04
-5.839153089369580885e-03
-7.826300758617158251e-03
-1.223633655404095071e-02
-1.963885947899706233e-02
-1.999858424474340243e-02
-2.852391148788620615e-02
-2.413229240800127476e-02
-2.502114245242260948e-02
-2.055418328833312144e-02
-1.790992178535055768e-02
-1.497510670297728767e-02
-2.888636356480327443e-03
-8.780634817221216748e-03
4.852138722238399926e-03
8.107635297373634586e-03
-7.083530008163104949e-03
-9.867699519243787031e-04
2.688600847848053674e-03
-1.209111646510172998e-03
2.471399007089395035e-03
2.961612437674608547e-03
2.004620018080339669e-03
3.794514738752652067e-03
3.563334911000280453e-03
3.503132046016742881e-03
4.123233653101934966e-03
4.066409711433446872e-03
4.486106859419431575e-03
4.986877136061316530e-03
5.129034655813240716e-03
6.494493631874380564e-03
6.775387871579182861e-03
7.837792245355584483e-03
1.048722206044538918e-02
9.809843823290309572e-03
1.356059018765952764e-02
1.556974071112360997e-02
1.309214022410760611e-02
1.515090638105215382e-02
1.514940741158924374e-02
1.209364975916256066e-02
1.592657583984539299e-02
1.317842885710913438e-02
1.321264381488054113e-02
1.739099899587122008e-02
2.162126875575532542e-02
2.072374485042580150e-02
2.361998772385576206e-02
2.155902080486248040e-02
1.956147004533279402e-02
2.399940866062115832e-02
1.834593893180057333e-02
2.116390355118081060e-02
2.086171328241322870e-02
1.188759076971354460e-02
1.616111497790932716e-02
8.230104172270678864e-03
5.552793119597559598e-03
7.883322424827534161e-03
8.489025843173045142e-05
1.255648472056495506e-03
4.734782897735036362e-04
-1.001303185445156195e-02
-7.105696667434041082e-03
-6.154733412784683076e-03
-6.755815679753311882e-03
1.747103936681554002e-03
4.921030932666606988e-03
9.548091040173239605e-03
1.658066710119691228e-02
2.174578720324285216e-02
2.651054786338860256e-02
3.277998638140058180e-02
3.459377775574392494e-02
3.926943497712685749e-02
4.275216876426009283e-02
4.489571369132052542e-02
5.078046444660230113e-02
5.151602900740128582e-02
5.611924223205559670e-02
5.794499837929292796e-02
5.706959223377770785e-02
5.986396041230714060e-02
5.827427046746717215e-02
5.753270698622352936e-02
5.824453269532261362e-02
5.431000084769183056e-02
5.423686495998446960e-02
5.169587306169853153e-02
4.620849083195786855e-02
4.443951672047293661e-02
3.807850156297911542e-02
3.404860045433918958e-02
3.148311956387477017e-02
2.552857471794090644e-02
2.439438785005430821e-02
2.085602401088191421e-02
1.848609633235333630e-02
1.830186915451177676e-02
1.593359069428430461e-02
1.562128122856694563e-02
1.547166369098167127e-02
1.305706923530488422e-02
1.194244889463086726e-02
1.412559281923301061e-02
1.013086066375847548e-02
1.079775918883547209e-02
9.544644629223235713e-03
1.668346755552629814e-03
2.730973925735287727e-03
1.848196005232472742e-03
3.531889970230065205e-04
7.832717792747606600e-03
6.644161335133105285e-03
9.423404176913808064e-03
1.044506688720741629e-02
1.119743692769188843e-02
6.950784657097711094e-03
-9.916952473919065595e-04
-3.755866499150023897e-03
-2.091884210211493109e-02
-2.074825202511881156e-02
-2.690133841651487501e-02
-3.271591395436827115e-02
-1.868880956590839720e-02
-1.978740055369886466e-02
-3.324790411099087708e-04
5.825642580704442665e-03
1.539228840311985397e-02
2.628019851153987410e-02
2.538668097233601553e-02
3.407529389357238925e-02
3.215404223478064705e-02
3.442000715288107832e-02
3.270137330054599667e-02
3.027161933022222765e-02
2.991280103995963557e-02
2.590046645208064768e-02
2.516702569859693636e-02
2.178396276439869411e-02
1.935398484065374916e-02
2.187404331451270334e-02
2.057055300836967138e-02
2.031817794721329368e-02
2.067193843721466806e-02
1.998854069973274306e-02
1.978844260782250050e-02
1.664074101973668854e-02
1.356294557925206458e-02
1.148905443133235033e-02
8.970994871163481127e-03
6.716283589802293785e-03
4.893288426231624626e-03
4.266250271180550314e-03
1.627625873168693331e-03
2.266241383183415989e-03
1.486677482285572857e-03
-3.461608430549671135e-03
-2.996152417749945937e-03
-4.405367903451214324e-03
-5.503226938205065671e-03
-3.464616023776518738e-03
-6.509441305714040379e-03
6.569137066694592407e-04
4.732870613716643610e-03
6.355644854059432254e-03
8.899936802477345643e-03
1.064309271169308450e-02
7.954042638946681731e-03
1.012232045672130896e-02
6.626167404535963402e-03
4.184185997516440096e-03
5.399915910675340616e-03
1.214158897748211395e-03
2.015713388122745888e-03
7.346551446188395468e-04
-2.765488085284509463e-03
-1.602540678325022191e-03
-5.497836416495351097e-03
-8.908929549016663188e-03
-1.030337766896475583e-02
-1.800490190295528370e-02
-1.983589213731723130e-02
-1.983761966322628023e-02
-2.369738757974762869e-02
-2.113601525565328085e-02
-2.222770085706455775e-02
-2.310914094464244090e-02
-2.252209606351956300e-02
-2.286410907388692834e-02
-2.529175493803544061e-02
-2.184815285378494815e-02
-2.521526329482032605e-02
-2.710846480540655273e-02
-2.791886833374303267e-02
-3.621038659526700648e-02
-3.335651623944695804e-02
-3.467577037248475297e-02
-3.581837906898713980e-02
-2.840181678609596250e-02
-2.739781244823205966e-02
-2.437959337052876541e-02
-2.185465496617290670e-02
-2.210160769411973966e-02
-2.091334792113466040e-02
-2.423319538966337353e-02
-2.311147139557857833e-02
-2.495310504473965268e-02
-3.255403215431230263e-02
-3.083157308588199697e-02
-3.490228021288892257e-02
-3.156048686533537151e-02
-1.637897349506120537e-02
-4.133696630130917135e-03
5.776858115803132007e-03
2.122453199654658618e-02
2.087349715072205764e-02
2.443889656728969254e-02
2.408239132157780418e-02
1.662727294856976984e-02
2.069530209903376952e-02
1.406883687748280813e-02
9.105187638703410302e-03
1.001261104723012024e-02
2.787983503869512908e-03
4.274097852888043315e-03
2.325790594615061071e-03
-2.011679398430132795e-03
-2.376145790285282607e-03
-2.302188645325011895e-03
3.836128341010576395e-03
1.065126702300926709e-02
2.397579726769339531e-02
4.117417504629257430e-02
6.405370216416714224e-02
7.240527937207573428e-02
9.512495102186672991e-02
1.032958111772825927e-01
1.098542115037041828e-01
1.250941750921294171e-01
1.233495068589380572e-01
1.276666040664816704e-01
1.277749623612290664e-01
1.217237288282924657e-01
1.212136450244839098e-01
1.092164210384762996e-01
1.033374259523184568e-01
9.195975818850056493e-02
7.481461538371068920e-02
6.891493721793635896e-02
4.681726634249314123e-02
4.065561871328945281e-02
3.442948742317328281e-02
2.279500757391618795e-02
2.325004412533013959e-02
1.731740805511612288e-02
1.420513431927753964e-02
1.661294774506797550e-02
1.354662697651998204e-02
1.574358723920132180e-02
1.851007409332319081e-02
1.991526221456932366e-02
2.401149397909384253e-02
2.993988682713871058e-02
3.329166321860618782e-02
4.089223098531172967e-02
4.997634760734542131e-02
5.295359506052840781e-02
6.546083249467575527e-02
6.541891778841475713e-02
6.820733757654784402e-02
7.267171297665303564e-02
6.733214721838406969e-02
7.079169111043435991e-02
6.573103678151938356e-02
6.045885711801597673e-02
6.036079422382184534e-02
4.714445349270031393e-02
4.475536345961028672e-02
3.842559806630906766e-02
2.945522253381977276e-02
2.933604314257786186e-02
2.121976371748433149e-02
1.845124040426692966e-02
1.726908596104756097e-02
1.016909644703997521e-02
1.137323155230800242e-02
6.660032858724602468e-03
2.155815818841482628e-03
2.714405743444455333e-03
-6.625515983799284449e-03
-6.494205564521298921e-03
-6.963343745926801540e-03
-9.737675270610724257e-03
-4.539858458592671564e-03
-5.907033014215755211e-03
-2.132988194403949639e-04
-7.047248001751018481e-04
-3.141857847394905617e-03
-2.221633869488990123e-03
-9.142735309690416465e-03
-1.261426585187508213e-02
-1.860862226094901761e-02
-2.852615248615883795e-02
-2.853576009930720858e-02
-2.771174700405321448e-02
-2.570546798162248042e-02
-1.811890539035107550e-02
-1.712027312783093516e-02
-2.193897206690111307e-04
1.417206452388718781e-03
3.867583476983026819e-03
1.006119753427310061e-02
8.714805180450395025e-03
1.186762154891468461e-02
1.023857852547520667e-02
9.750365935814221674e-03
1.011681552673903209e-02
2.774298396979237805e-03
2.549021935615267825e-03
-2.556964455856181257e-04
-3.064838529952769453e-03
-3.752005098420365271e-03
-5.980501301174123881e-03
-6.480010034232448930e-03
-8.069791854823468724e-03
-8.548721981587691782e-03
-8.394419011473575748e-03
-8.569409033520958632e-03
-8.121745599665232060e-03
-8.146550942505150980e-03
-8.064375953256147991e-03
-7.796465754606770118e-03
-8.094819123556661056e-03
-7.989008380257955899e-03
-7.988858301118796287e-03
-8.860388245338626442e-03
-8.861429284876497919e-03
-9.220027327937672240e-03
-9.534853378521919789e-03
-9.590355173403355971e-03
-9.806051413687734766e-03
-9.896185686208498061e-03
-9.953319830447168032e-03
-1.003444659095237279e-02
-1.006137586318959706e-02
-1.009187441507564294e-02
-1.011598695808891592e-02
-1.012595165786899475e-02
-1.013758433064063796e-02
-1.014428232091279906e-02
-1.014771269654973947e-02
-1.015076599605798172e-02
-1.015290422535207113e-02
-1.015105715751488634e-02
-1.015168748767768248e-02
-1.015088660060801083e-02
-1.013961627322690177e-02
-1.014589474136835291e-02
-1.012800087186639490e-02
-1.010473967485397105e-02
-1.012805435608547105e-02
-1.003407360943942353e-02
-1.004292130210280611e-02
-1.002806059732206864e-02
-9.778277701418211856e-03
-9.955799815104538972e-03
-9.549729176050930635e-03
-9.483894668634468630e-03
-9.464020536939283038e-03
-8.332584992182732325e-03
-8.362349945395594966e-03
